0 5066
5 5059
10 5053
15 5044
20 5036
25 5029
30 5021
35 5014
40 5009
45 5003
50 4994
55 4986
60 4978
65 4970
70 4938
75 4935
80 4930
85 4925
90 4917
95 4907
100 4899
105 4767
110 4767
115 4767
120 4767
125 4767
130 4767
135 4767
140 4767
145 4767
150 4767
155 4761
160 4731
165 4731
170 4731
175 4693
180 4693
185 4693
190 4693
195 4693
200 4677
205 4677
210 4673
215 4666
220 4644
225 4638
230 4575
235 4571
240 4562
245 4562
250 4560
255 4554
260 4541
265 4535
270 4524
275 4514
280 4509
285 4502
290 4495
295 4486
300 4478
305 4473
310 4452
315 4438
320 4434
325 4426
330 4363
335 4348
340 4342
345 4334
350 4329
355 4321
360 4314
365 4308
370 4301
375 4301
380 4292
385 4286
390 4279
395 4252
400 4242
405 4236
410 4224
415 4224
420 4224
425 4215
430 4203
435 4195
440 4187
445 4178
450 4153
455 4135
460 4131
465 4126
470 4110
475 4100
480 4100
485 4100
490 4100
495 4084
500 4084
505 4079
510 4071
515 4065
520 4059
525 4055
530 4048
535 4041
540 4036
545 4030
550 3981
555 3976
560 3976
565 3976
570 3968
575 3943
580 3937
585 3930
590 3917
595 3911
600 3905
605 3898
610 3891
615 3854
620 3854
625 3853
630 3848
635 3842
640 3837
645 3627
650 3627
655 3627
660 3627
665 3627
670 3627
675 3627
680 3627
685 3627
690 3627
695 3610
700 3609
705 3606
710 3600
715 3595
720 3585
725 3565
730 3559
735 3552
740 3547
745 3540
750 3534
755 3527
760 3522
765 3515
770 3510
775 3504
780 3498
785 3482
790 3476
795 3471
800 3462
805 3456
810 3451
815 3442
820 3435
825 3429
830 3424
835 3417
840 3390
845 3182
850 3174
855 3167
860 3163
865 3158
870 3149
875 3143
880 3136
885 3128
890 3119
895 3112
900 3112
905 3112
910 3112
915 3112
920 3112
925 3108
930 3100
935 3095
940 3090
945 3081
950 3074
955 3068
960 3039
965 3039
970 3034
975 3028
980 3000
985 2994
990 2988
995 2982
1000 2967
1005 2960
1010 2951
1015 2938
1020 2931
1025 2921
1030 2913
1035 2894
1040 2889
1045 2882
1050 2876
1055 2836
1060 2829
1065 2824
1070 2817
1075 2798
1080 2793
1085 2787
1090 2779
1095 2766
1100 2703
1105 2693
1110 2693
1115 2693
1120 2680
1125 2676
1130 2636
1135 2636
1140 2636
1145 2636
1150 2628
1155 2617
1160 2598
1165 2578
1170 2464
1175 2464
1180 2464
1185 2464
1190 2464
1195 2464
1200 2464
1205 2464
1210 2464
1215 2464
1220 2464
1225 2464
1230 2464
1235 2464
1240 2464
1245 2464
1250 2464
1255 2464
1260 2464
1265 2464
1270 2464
1275 2464
1280 2464
1285 2464
1290 2464
1295 2464
1300 2464
1305 2462
1310 2453
1315 2450
1320 2450
1325 2450
1330 2450
1335 2450
1340 2450
1345 2450
1350 2448
1355 2443
1360 2421
1365 2421
1370 2414
1375 2410
1380 2403
1385 2395
1390 2387
1395 2379
1400 2367
1405 2354
1410 2348
1415 2343
1420 2337
1425 2332
1430 2321
1435 2314
1440 2303
1445 2292
1450 2286
1455 2280
1460 2274
1465 2261
1470 2261
1475 2227
1480 2220
1485 2215
1490 2209
1495 2200
1500 2194
1505 2187
1510 2174
1515 2173
1520 2166
1525 2159
1530 2150
1535 2142
1540 2133
1545 2125
1550 1975
1555 1967
1560 1958
1565 1947
1570 1943
1575 1936
1580 1928
1585 1923
1590 1913
1595 1905
1600 1887
1605 1814
1610 1814
1615 1814
1620 1814
1625 1814
1630 1805
1635 1792
1640 1787
1645 1770
1650 1761
1655 1750
1660 1744
1665 1739
1670 1682
1675 1673
1680 1668
1685 1640
1690 1640
1695 1640
1700 1640
1705 1640
1710 1640
1715 1629
1720 1622
1725 1617
1730 1612
1735 1603
1740 1597
1745 1588
1750 1581
1755 1575
1760 1570
1765 1562
1770 1556
1775 1549
1780 1543
1785 1534
1790 1494
1795 1489
1800 1481
1805 1433
1810 1426
1815 1426
1820 1426
1825 1426
1830 1420
1835 1418
1840 1418
1845 1418
1850 1411
1855 1405
1860 1398
1865 1393
1870 1384
1875 1376
1880 1371
1885 1367
1890 1361
1895 1350
1900 1343
1905 1327
1910 1327
1915 1327
1920 1327
1925 1327
1930 1327
1935 1327
1940 1327
1945 1327
1950 1327
1955 1327
1960 1327
1965 1326
1970 1325
1975 1325
1980 1325
1985 1325
1990 1325
1995 1325
2000 1325
2005 1323
2010 1317
2015 1293
2020 1286
2025 1281
2030 1097
2035 1092
2040 1067
2045 1061
2050 1012
2055 1012
2060 1012
2065 1012
2070 1012
2075 1009
2080 1009
2085 1004
2090 998
2095 993
2100 986
2105 981
2110 975
2115 967
2120 960
2125 952
2130 944
2135 934
2140 925
2145 919
2150 912
2155 902
2160 884
2165 861
2170 861
2175 861
2180 852
2185 845
2190 839
2195 816
2200 809
2205 786
2210 752
2215 723
2220 713
2225 692
2230 679
2235 670
2240 662
2245 652
2250 647
2255 645
2260 634
2265 627
2270 619
2275 607
2280 580
2285 578
2290 570
2295 570
2300 570
2305 570
2310 570
2315 570
2320 570
2325 570
2330 570
2335 570
2340 570
2345 570
2350 570
2355 570
2360 570
2365 570
2370 570
2375 570
2380 570
2385 570
2390 570
2395 570
2400 570
2405 565
2410 555
2415 548
2420 542
2425 474
2430 465
2435 465
2440 465
2445 465
2450 465
2455 465
2460 465
2465 454
2470 451
2475 439
2480 439
2485 432
2490 425
2495 400
2500 363
2505 339
2510 339
2515 339
2520 323
2525 323
2530 298
2535 298
2540 292
2545 284
2550 284
2555 284
2560 284
2565 284
2570 284
2575 269
2580 269
2585 269
2590 269
2595 269
2600 269
2605 269
2610 269
2615 269
2620 269
2625 269
2630 269
2635 269
2640 269
2645 269
2650 269
2655 269
2660 269
2665 269
2670 269
2675 269
2680 269
2685 269
2690 269
2695 269
2700 268
2705 254
2710 249
2715 236
2720 128
2725 128
2730 128
2735 128
2740 102
2745 102
2750 102
2755 102
2760 102
2765 102
2770 102
2775 102
2780 102
2785 102
2790 102
2795 102
2800 102
2805 102
2810 102
2815 102
2820 102
2825 102
2830 102
2835 102
2840 102
2845 102
2850 102
2855 102
2860 102
2865 102
2870 102
2875 102
2880 102
2885 102
2890 102
2895 100
2900 93
2905 86
2910 85
2915 85
2920 85
2925 85
2930 85
2935 85
2940 85
2945 85
2950 85
2955 85
2960 85
2965 71
2970 65
2975 65
2980 65
2985 65
2990 65
2995 59
3000 57
3005 57
3010 57
3015 57
3020 57
3025 57
3030 35
3035 35
3040 35
3045 35
3050 35
3055 35
3060 35
3065 35
3070 35
3075 31
3080 31
3085 31
3090 31
3095 31
3100 31
3105 24
3110 24
3115 24
3120 24
3125 24
3130 22
3135 21
3140 21
3145 21
3150 21
3155 21
3160 21
3165 21
3170 21
3175 20
3180 20
3185 20
3190 20
3195 20
3200 20
3205 20
3210 20
3215 20
3220 20
3225 20
3230 20
3235 20
3240 18
3245 18
3250 15
3255 15
