0 5066
5 5066
10 5066
15 5066
20 5066
25 5066
30 5066
35 5066
40 5066
45 5066
50 5066
55 5066
60 5066
65 5066
70 5065
75 5065
80 5058
85 5054
90 5054
95 5054
100 5054
105 5044
110 5044
115 5020
120 5016
125 5015
130 5014
135 5014
140 5014
145 5014
150 5014
155 5014
160 5014
165 5014
170 5014
175 5014
180 5014
185 5001
190 4984
195 4983
200 4966
205 4966
210 4958
215 4792
220 4792
225 4791
230 4790
235 4768
240 4764
245 4764
250 4751
255 4744
260 4719
265 4719
270 4650
275 4648
280 4648
285 4640
290 4630
295 4630
300 4624
305 4607
310 4606
315 4606
320 4519
325 4518
330 4482
335 4464
340 4464
345 4434
350 4417
355 4416
360 4416
365 4395
370 4392
375 4383
380 4383
385 4330
390 4329
395 4328
400 4322
405 4317
410 4308
415 4303
420 4295
425 4292
430 4289
435 4287
440 4272
445 4272
450 4259
455 4259
460 4253
465 4252
470 4249
475 4248
480 4242
485 4239
490 4232
495 4230
500 4230
505 4230
510 4227
515 4221
520 4218
525 4092
530 4072
535 4063
540 4053
545 4042
550 4033
555 3975
560 3970
565 3968
570 3968
575 3960
580 3942
585 3937
590 3932
595 3518
600 3513
605 3513
610 3513
615 3513
620 3513
625 3479
630 3475
635 3475
640 3439
645 3438
650 3411
655 3411
660 3405
665 3399
670 3393
675 3386
680 3377
685 3374
690 3348
695 3347
700 3340
705 3340
710 3336
715 3334
720 3330
725 3278
730 3276
735 3276
740 3259
745 3244
750 3235
755 3222
760 3210
765 3210
770 3210
775 3199
780 3195
785 3195
790 3160
795 3144
800 3144
805 3124
810 3103
815 3065
820 3065
825 3062
830 3061
835 3061
840 3055
845 3030
850 3025
855 3018
860 3017
865 3013
870 3011
875 3005
880 3005
885 2985
890 2983
895 2971
900 2961
905 2918
910 2916
915 2906
920 2897
925 2889
930 2870
935 2864
940 2863
945 2848
950 2840
955 2834
960 2828
965 2707
970 2703
975 2696
980 2692
985 2677
990 2607
995 2603
1000 2601
1005 2504
1010 2491
1015 2488
1020 2483
1025 2450
1030 2447
1035 2445
1040 2445
1045 2397
1050 2395
1055 2394
1060 2394
1065 2392
1070 2390
1075 2389
1080 2389
1085 2279
1090 2268
1095 2261
1100 2244
1105 2243
1110 2235
1115 2230
1120 2224
1125 2221
1130 2214
1135 2197
1140 2013
1145 2008
1150 2008
1155 2002
1160 2002
1165 1993
1170 1968
1175 1968
1180 1961
1185 1961
1190 1960
1195 1957
1200 1955
1205 1934
1210 1927
1215 1921
1220 1921
1225 1914
1230 1912
1235 1912
1240 1910
1245 1910
1250 1910
1255 1883
1260 1879
1265 1858
1270 1854
1275 1848
1280 1839
1285 1839
1290 1836
1295 1834
1300 1696
1305 1696
1310 1695
1315 1691
1320 1686
1325 1682
1330 1680
1335 1680
1340 1674
1345 1674
1350 1673
1355 1560
1360 1557
1365 1541
1370 1541
1375 1541
1380 1531
1385 1526
1390 1523
1395 1523
1400 1523
1405 1523
1410 1523
1415 1522
1420 1521
1425 1512
1430 1512
1435 1471
1440 1453
1445 1450
1450 1450
1455 1444
1460 1444
1465 1441
1470 1440
1475 1425
1480 1382
1485 1382
1490 1379
1495 1379
1500 1379
1505 1377
1510 1374
1515 1371
1520 1368
1525 1365
1530 1328
1535 1328
1540 1328
1545 1326
1550 1326
1555 1318
1560 1305
1565 1296
1570 1292
1575 1289
1580 1288
1585 1288
1590 1288
1595 1287
1600 1279
1605 1279
1610 1272
1615 1256
1620 1242
1625 1239
1630 1236
1635 1229
1640 1229
1645 1229
1650 1222
1655 1173
1660 1173
1665 1173
1670 1110
1675 1110
1680 1109
1685 1098
1690 1094
1695 1091
1700 1091
1705 1090
1710 1088
1715 1088
1720 1088
1725 1085
1730 1085
1735 1073
1740 1071
1745 1069
1750 1069
1755 1069
1760 1068
1765 1065
1770 1047
1775 1046
1780 1045
1785 1042
1790 1029
1795 1025
1800 1024
1805 1020
1810 1020
1815 1018
1820 1006
1825 1006
1830 1006
1835 1006
1840 1006
1845 1005
1850 1005
1855 1005
1860 1004
1865 1004
1870 1001
1875 990
1880 990
1885 989
1890 975
1895 974
1900 974
1905 974
1910 974
1915 973
1920 959
1925 959
1930 959
1935 949
1940 942
1945 942
1950 906
1955 906
1960 904
1965 894
1970 894
1975 891
1980 891
1985 889
1990 887
1995 887
2000 886
2005 886
2010 886
2015 885
2020 885
2025 885
2030 885
2035 853
2040 853
2045 853
2050 852
2055 852
2060 852
2065 852
2070 850
2075 850
2080 839
2085 838
2090 837
2095 829
2100 824
2105 824
2110 802
2115 797
2120 794
2125 794
2130 792
2135 792
2140 792
2145 789
2150 788
2155 788
2160 788
2165 787
2170 786
2175 784
2180 783
2185 783
2190 782
2195 782
2200 782
2205 781
2210 776
2215 774
2220 774
2225 770
2230 767
2235 767
2240 767
2245 767
2250 765
2255 762
2260 762
2265 744
2270 741
2275 741
2280 735
2285 727
2290 727
2295 727
2300 727
2305 701
2310 697
2315 696
2320 696
2325 695
2330 686
2335 684
2340 684
2345 684
2350 674
2355 664
2360 664
2365 660
2370 660
2375 658
2380 658
2385 658
2390 655
2395 649
2400 649
2405 648
2410 648
2415 647
2420 647
2425 645
2430 645
2435 645
2440 645
2445 645
2450 645
2455 645
2460 645
2465 645
2470 642
2475 642
2480 640
2485 640
2490 640
2495 639
2500 639
2505 639
2510 637
2515 637
2520 635
2525 633
2530 633
2535 621
2540 620
2545 551
2550 548
2555 535
2560 535
2565 535
2570 535
2575 535
2580 535
2585 535
2590 535
2595 535
2600 534
2605 531
2610 524
2615 524
2620 521
2625 521
2630 520
2635 520
2640 520
2645 516
2650 516
2655 513
2660 505
2665 505
2670 504
2675 500
2680 500
2685 500
2690 500
2695 500
2700 500
2705 500
2710 500
2715 500
2720 489
2725 489
2730 489
2735 489
2740 489
2745 489
2750 489
2755 489
2760 489
2765 486
2770 481
2775 472
2780 472
2785 471
2790 471
2795 471
2800 471
2805 471
2810 466
2815 465
2820 462
2825 462
2830 458
2835 437
2840 437
2845 424
2850 424
2855 424
2860 424
2865 418
2870 415
2875 415
2880 411
2885 389
2890 389
2895 388
2900 359
2905 358
2910 358
2915 358
2920 358
2925 358
2930 357
2935 357
2940 357
2945 357
2950 357
2955 357
2960 356
2965 356
2970 355
2975 355
2980 355
2985 355
2990 355
2995 355
3000 336
3005 333
3010 333
3015 333
3020 333
3025 331
3030 331
3035 331
3040 331
3045 331
3050 327
3055 327
3060 327
3065 313
3070 313
3075 313
3080 306
3085 306
3090 305
3095 303
3100 303
3105 300
3110 300
3115 300
3120 300
3125 300
3130 299
3135 299
3140 298
3145 298
3150 297
3155 297
3160 291
3165 291
3170 291
3175 291
3180 291
3185 291
3190 291
3195 291
3200 289
3205 289
3210 288
3215 288
3220 287
3225 287
3230 283
3235 283
3240 283
3245 283
3250 283
3255 283
3260 283
3265 283
3270 239
3275 239
3280 239
3285 239
3290 238
3295 238
3300 238
3305 238
3310 237
3315 237
3320 235
3325 235
3330 234
3335 234
3340 234
3345 232
3350 232
3355 232
3360 232
3365 232
3370 230
3375 230
3380 230
3385 230
3390 230
3395 230
3400 230
3405 229
3410 229
3415 226
3420 226
3425 218
3430 218
3435 218
3440 218
3445 218
3450 218
3455 218
3460 218
3465 217
3470 216
3475 216
3480 216
3485 216
3490 215
3495 214
3500 213
3505 213
3510 212
3515 211
3520 211
3525 211
3530 211
3535 211
3540 211
3545 209
3550 209
3555 209
3560 209
3565 209
3570 208
3575 208
3580 206
3585 206
3590 204
3595 204
3600 194
3605 194
3610 189
3615 182
3620 182
3625 182
3630 182
3635 181
3640 181
3645 181
3650 115
3655 115
3660 115
3665 115
3670 115
3675 115
3680 115
3685 111
3690 110
3695 110
3700 110
3705 110
3710 110
3715 110
3720 110
3725 110
3730 110
3735 110
3740 109
3745 109
3750 109
3755 109
3760 109
3765 109
3770 109
3775 109
3780 109
3785 109
3790 109
3795 109
3800 109
3805 107
3810 101
3815 101
3820 101
3825 101
3830 101
3835 101
3840 101
3845 101
3850 101
3855 101
3860 101
3865 100
3870 99
3875 99
3880 99
3885 99
3890 99
3895 99
3900 99
3905 99
3910 99
3915 98
3920 98
3925 98
3930 98
3935 98
3940 98
3945 98
3950 98
3955 95
3960 95
3965 94
3970 94
3975 94
3980 94
3985 94
3990 94
3995 94
4000 94
4005 93
4010 82
4015 77
4020 77
4025 77
4030 77
4035 77
4040 76
4045 74
4050 70
4055 70
4060 70
4065 70
4070 70
4075 70
4080 70
4085 70
4090 70
4095 70
4100 68
4105 50
4110 47
4115 47
4120 47
4125 47
4130 47
4135 47
4140 47
4145 47
4150 47
4155 47
4160 47
4165 47
4170 47
4175 47
4180 47
4185 46
4190 46
4195 46
4200 46
4205 46
4210 46
4215 46
4220 46
4225 46
4230 46
4235 46
4240 46
4245 46
4250 46
4255 46
4260 46
4265 46
4270 46
4275 46
4280 33
4285 33
4290 33
4295 33
4300 31
4305 31
4310 31
4315 31
4320 31
4325 31
4330 31
4335 31
4340 31
4345 31
4350 31
4355 31
4360 30
4365 30
4370 30
4375 30
4380 28
4385 28
4390 27
4395 27
4400 27
4405 27
4410 27
4415 27
4420 27
4425 27
4430 27
4435 27
4440 27
4445 27
4450 27
4455 26
4460 26
4465 26
4470 26
4475 26
4480 26
4485 26
4490 26
4495 26
4500 26
4505 26
4510 26
4515 26
4520 26
4525 26
4530 26
4535 26
4540 26
4545 22
4550 22
4555 22
4560 22
4565 22
4570 22
4575 21
4580 21
4585 21
4590 21
4595 21
4600 21
4605 21
4610 21
4615 21
4620 21
4625 21
4630 21
4635 21
4640 21
4645 21
4650 21
4655 21
4660 18
4665 16
4670 16
4675 16
4680 16
4685 16
4690 16
4695 16
4700 16
4705 16
4710 16
4715 16
4720 16
4725 16
4730 16
4735 16
4740 16
4745 16
4750 16
4755 16
4760 16
4765 16
4770 16
4775 16
4780 16
4785 16
4790 12
4795 12
4800 12
4805 12
4810 12
4815 12
4820 12
4825 12
4830 12
4835 12
4840 12
4845 11
4850 11
4855 11
4860 11
4865 11
4870 11
4875 11
4880 11
4885 11
4890 11
4895 11
4900 11
4905 11
4910 11
4915 11
4920 11
4925 11
4930 11
4935 11
4940 11
4945 11
4950 11
4955 11
4960 11
4965 11
4970 11
4975 11
4980 11
4985 11
4990 11
4995 11
5000 11
5005 11
5010 11
5015 11
5020 11
5025 11
5030 11
5035 11
5040 11
5045 11
5050 11
5055 11
5060 11
5065 11
5070 11
5075 11
5080 11
5085 11
5090 11
5095 11
5100 11
5105 11
5110 11
5115 11
5120 11
5125 11
5130 11
5135 11
5140 11
5145 11
5150 11
5155 11
5160 11
5165 11
5170 11
5175 11
5180 11
5185 11
5190 11
5195 11
5200 11
5205 11
5210 11
5215 11
5220 11
5225 11
5230 11
5235 11
5240 11
5245 11
5250 11
5255 11
5260 11
5265 11
5270 11
5275 11
5280 11
5285 11
5290 11
5295 11
5300 11
5305 11
5310 10
5315 10
5320 10
5325 10
5330 10
5335 10
5340 6
5345 6
5350 6
5355 6
5360 6
5365 6
5370 6
5375 6
5380 6
5385 6
5390 6
5395 6
5400 6
5405 6
5410 6
5415 6
5420 6
5425 6
5430 6
5435 6
5440 6
5445 6
5450 6
5455 6
5460 6
5465 6
5470 6
5475 6
5480 6
5485 5
5490 5
5495 5
5500 5
5505 5
5510 5
5515 5
5520 5
5525 5
5530 5
5535 5
5540 5
5545 5
5550 5
5555 5
5560 5
5565 5
5570 5
5575 5
5580 5
5585 5
5590 5
5595 5
5600 5
5605 5
5610 5
5615 5
5620 5
5625 5
5630 5
5635 5
5640 5
5645 5
5650 5
5655 5
5660 5
5665 5
5670 5
5675 5
5680 5
5685 5
5690 5
5695 5
5700 5
5705 5
5710 5
5715 5
5720 5
5725 5
5730 5
5735 5
5740 5
5745 5
5750 5
5755 5
5760 5
5765 5
5770 5
5775 5
5780 5
5785 5
5790 5
5795 5
5800 5
5805 5
5810 5
5815 5
5820 5
5825 5
5830 5
5835 5
5840 5
5845 5
5850 5
5855 5
5860 5
5865 5
5870 5
5875 5
5880 5
5885 5
5890 5
5895 5
5900 5
5905 5
5910 5
5915 5
5920 5
5925 5
5930 5
5935 4
5940 4
5945 4
5950 4
5955 4
5960 4
5965 4
5970 4
5975 4
5980 4
5985 4
5990 4
5995 4
6000 4
6005 4
6010 4
6015 3
6020 3
6025 3
6030 3
6035 3
6040 3
6045 3
6050 3
6055 3
6060 3
6065 3
6070 3
6075 3
6080 3
6085 3
6090 3
6095 3
6100 2
6105 2
6110 2
6115 2
6120 2
6125 2
6130 2
6135 2
6140 2
6145 2
6150 2
6155 2
6160 2
6165 1
