0 5066
5 5066
10 5065
15 5065
20 5065
25 5064
30 5064
35 5064
40 5063
45 5063
50 5057
55 5049
60 5049
65 5047
70 5047
75 5047
80 5047
85 5047
90 5024
95 4918
100 4918
105 4918
110 4915
115 4915
120 4884
125 4829
130 4827
135 4827
140 4826
145 4815
150 4815
155 4815
160 4803
165 4764
170 4698
175 4698
180 4698
185 4698
190 4682
195 4679
200 4666
205 4663
210 4663
215 4650
220 4646
225 4639
230 4638
235 4636
240 4631
245 4627
250 4627
255 4626
260 4625
265 4618
270 4618
275 4562
280 4519
285 4511
290 4498
295 4498
300 4479
305 4479
310 4479
315 4478
320 4464
325 4458
330 4450
335 4450
340 4450
345 4450
350 4445
355 4434
360 4429
365 4419
370 4410
375 4410
380 4407
385 4404
390 4392
395 4392
400 4387
405 4385
410 4379
415 4370
420 4363
425 4356
430 4339
435 4322
440 4322
445 4312
450 4302
455 4300
460 4299
465 4295
470 4277
475 4276
480 4268
485 4265
490 4263
495 4251
500 4235
505 4222
510 4220
515 4216
520 4215
525 4211
530 4209
535 4207
540 4165
545 4165
550 4164
555 4158
560 4139
565 4137
570 4134
575 4131
580 4120
585 4117
590 4107
595 4105
600 4080
605 4070
610 4055
615 4035
620 4027
625 4026
630 4008
635 4001
640 3990
645 3976
650 3976
655 3920
660 3901
665 3900
670 3882
675 3729
680 3692
685 3684
690 3682
695 3678
700 3671
705 3668
710 3664
715 3625
720 3620
725 3612
730 3593
735 3583
740 3583
745 3582
750 3575
755 3563
760 3563
765 3557
770 3527
775 3519
780 3518
785 3515
790 3510
795 3492
800 3457
805 3456
810 3442
815 3425
820 3418
825 3418
830 3418
835 3407
840 3382
845 3382
850 3382
855 3382
860 3378
865 3353
870 3350
875 3341
880 3341
885 3327
890 3324
895 3302
900 3290
905 3287
910 3287
915 3287
920 3281
925 3277
930 3193
935 3167
940 3152
945 3147
950 3146
955 3146
960 3145
965 3144
970 3122
975 3114
980 3107
985 3102
990 3045
995 3041
1000 3012
1005 2998
1010 2993
1015 2991
1020 2991
1025 2991
1030 2989
1035 2958
1040 2955
1045 2953
1050 2949
1055 2945
1060 2936
1065 2842
1070 2820
1075 2813
1080 2807
1085 2803
1090 2803
1095 2745
1100 2742
1105 2737
1110 2732
1115 2714
1120 2672
1125 2672
1130 2659
1135 2659
1140 2645
1145 2640
1150 2639
1155 2614
1160 2609
1165 2585
1170 2584
1175 2584
1180 2562
1185 2559
1190 2497
1195 2488
1200 2474
1205 2470
1210 2468
1215 2466
1220 2463
1225 2461
1230 2458
1235 2442
1240 2419
1245 2419
1250 2419
1255 2405
1260 2399
1265 2397
1270 2331
1275 2329
1280 2309
1285 2251
1290 2245
1295 2235
1300 2233
1305 2229
1310 2211
1315 2167
1320 2167
1325 2162
1330 2161
1335 2158
1340 2158
1345 1963
1350 1962
1355 1962
1360 1962
1365 1959
1370 1925
1375 1912
1380 1906
1385 1905
1390 1895
1395 1893
1400 1893
1405 1893
1410 1891
1415 1872
1420 1868
1425 1827
1430 1826
1435 1824
1440 1811
1445 1809
1450 1803
1455 1801
1460 1801
1465 1801
1470 1786
1475 1771
1480 1759
1485 1747
1490 1746
1495 1746
1500 1733
1505 1733
1510 1732
1515 1732
1520 1560
1525 1560
1530 1556
1535 1539
1540 1539
1545 1533
1550 1529
1555 1528
1560 1528
1565 1523
1570 1521
1575 1513
1580 1510
1585 1507
1590 1507
1595 1490
1600 1490
1605 1445
1610 1437
1615 1434
1620 1431
1625 1427
1630 1427
1635 1422
1640 1422
1645 1415
1650 1404
1655 1404
1660 1404
1665 1403
1670 1398
1675 1397
1680 1395
1685 1394
1690 1349
1695 1349
1700 1344
1705 1343
1710 1340
1715 1333
1720 1332
1725 1328
1730 1258
1735 1258
1740 1258
1745 1257
1750 1257
1755 1210
1760 1008
1765 1004
1770 1004
1775 1001
1780 997
1785 997
1790 997
1795 996
1800 996
1805 893
1810 893
1815 892
1820 892
1825 888
1830 884
1835 877
1840 873
1845 863
1850 848
1855 848
1860 845
1865 845
1870 837
1875 837
1880 836
1885 836
1890 828
1895 828
1900 826
1905 824
1910 820
1915 820
1920 809
1925 753
1930 744
1935 741
1940 741
1945 741
1950 741
1955 741
1960 741
1965 741
1970 738
1975 728
1980 728
1985 728
1990 728
1995 723
2000 723
2005 720
2010 718
2015 718
2020 687
2025 687
2030 687
2035 683
2040 666
2045 666
2050 666
2055 666
2060 635
2065 633
2070 632
2075 629
2080 629
2085 629
2090 629
2095 629
2100 607
2105 607
2110 607
2115 607
2120 607
2125 607
2130 607
2135 607
2140 605
2145 603
2150 603
2155 548
2160 544
2165 542
2170 542
2175 541
2180 541
2185 539
2190 539
2195 538
2200 538
2205 538
2210 534
2215 527
2220 525
2225 525
2230 525
2235 525
2240 525
2245 525
2250 525
2255 513
2260 513
2265 513
2270 513
2275 513
2280 513
2285 513
2290 509
2295 509
2300 509
2305 509
2310 509
2315 509
2320 509
2325 509
2330 508
2335 508
2340 508
2345 506
2350 506
2355 506
2360 506
2365 505
2370 502
2375 502
2380 502
2385 502
2390 502
2395 502
2400 500
2405 500
2410 498
2415 498
2420 498
2425 494
2430 416
2435 416
2440 408
2445 405
2450 403
2455 403
2460 402
2465 402
2470 399
2475 399
2480 398
2485 398
2490 397
2495 387
2500 387
2505 387
2510 387
2515 385
2520 385
2525 381
2530 371
2535 370
2540 370
2545 370
2550 369
2555 369
2560 369
2565 368
2570 367
2575 367
2580 367
2585 367
2590 348
2595 348
2600 348
2605 347
2610 344
2615 344
2620 344
2625 344
2630 344
2635 338
2640 338
2645 338
2650 338
2655 338
2660 338
2665 338
2670 338
2675 338
2680 338
2685 338
2690 338
2695 338
2700 333
2705 333
2710 333
2715 333
2720 309
2725 309
2730 309
2735 308
2740 308
2745 308
2750 307
2755 300
2760 298
2765 297
2770 297
2775 297
2780 295
2785 291
2790 291
2795 291
2800 291
2805 291
2810 291
2815 291
2820 291
2825 291
2830 287
2835 287
2840 285
2845 285
2850 184
2855 184
2860 184
2865 184
2870 184
2875 184
2880 181
2885 181
2890 181
2895 181
2900 179
2905 179
2910 179
2915 179
2920 151
2925 151
2930 146
2935 146
2940 146
2945 146
2950 133
2955 133
2960 133
2965 133
2970 133
2975 133
2980 133
2985 133
2990 133
2995 133
3000 133
3005 133
3010 133
3015 133
3020 133
3025 133
3030 133
3035 133
3040 133
3045 133
3050 133
3055 133
3060 133
3065 133
3070 133
3075 133
3080 133
3085 133
3090 133
3095 133
3100 133
3105 133
3110 133
3115 133
3120 125
3125 125
3130 125
3135 125
3140 125
3145 125
3150 125
3155 125
3160 125
3165 125
3170 125
3175 125
3180 125
3185 125
3190 125
3195 117
3200 112
3205 112
3210 112
3215 112
3220 112
3225 112
3230 112
3235 112
3240 112
3245 95
3250 95
3255 95
3260 95
3265 95
3270 93
3275 93
3280 92
3285 92
3290 92
3295 92
3300 92
3305 92
3310 90
3315 89
3320 89
3325 89
3330 89
3335 89
3340 89
3345 88
3350 88
3355 88
3360 88
3365 88
3370 88
3375 88
3380 87
3385 87
3390 87
3395 87
3400 86
3405 85
3410 85
3415 85
3420 85
3425 85
3430 85
3435 85
3440 83
3445 83
3450 83
3455 83
3460 83
3465 83
3470 83
3475 83
3480 82
3485 82
3490 82
3495 82
3500 82
3505 82
3510 76
3515 76
3520 76
3525 76
3530 65
3535 65
3540 65
3545 65
3550 65
3555 65
3560 64
3565 64
3570 51
3575 51
3580 51
3585 51
3590 51
3595 51
3600 51
3605 51
3610 51
3615 51
3620 51
3625 51
3630 50
3635 50
3640 50
3645 50
3650 49
3655 49
3660 49
3665 49
3670 49
3675 42
3680 42
3685 40
3690 40
3695 40
3700 40
3705 40
3710 40
3715 40
3720 24
3725 24
3730 24
3735 24
3740 24
3745 24
3750 24
3755 24
3760 24
3765 24
3770 23
3775 23
3780 23
3785 23
3790 23
3795 23
3800 23
3805 23
3810 23
3815 23
3820 23
3825 23
3830 23
3835 23
3840 23
3845 23
3850 23
3855 23
3860 23
3865 23
3870 23
3875 23
3880 23
3885 23
3890 23
3895 23
3900 23
3905 23
3910 23
3915 23
3920 23
3925 23
3930 23
3935 23
3940 19
3945 19
3950 19
3955 19
3960 19
3965 19
3970 19
3975 19
3980 19
3985 19
3990 19
3995 19
4000 19
4005 19
4010 19
4015 19
4020 19
4025 19
4030 19
4035 19
4040 19
4045 19
4050 19
4055 19
4060 19
4065 19
4070 19
4075 19
4080 19
4085 19
4090 19
4095 19
4100 19
4105 19
4110 19
4115 19
4120 19
4125 19
4130 19
4135 19
4140 19
4145 19
4150 19
4155 19
4160 19
4165 19
4170 19
4175 19
4180 19
4185 19
4190 19
4195 19
4200 19
4205 19
4210 19
4215 19
4220 19
4225 19
4230 19
4235 19
4240 19
4245 19
4250 19
4255 19
4260 19
4265 19
4270 19
4275 19
4280 19
4285 19
4290 19
4295 19
4300 19
4305 19
4310 19
4315 19
4320 19
4325 19
4330 19
4335 19
4340 19
4345 19
4350 19
4355 19
4360 19
4365 19
4370 19
4375 19
4380 19
4385 19
4390 19
4395 16
4400 16
4405 16
4410 16
4415 16
4420 16
4425 16
4430 16
4435 16
4440 16
4445 16
4450 16
4455 16
4460 16
4465 16
4470 16
4475 16
4480 16
4485 15
4490 15
4495 15
4500 15
4505 15
4510 15
4515 15
4520 15
4525 15
4530 15
4535 15
4540 15
4545 15
4550 15
4555 15
4560 15
4565 15
4570 15
4575 15
4580 15
4585 15
4590 15
4595 15
4600 15
4605 15
4610 15
4615 15
4620 15
4625 15
4630 15
4635 15
4640 15
4645 15
4650 15
4655 15
4660 15
4665 15
4670 15
4675 15
4680 15
4685 15
4690 15
4695 15
4700 15
4705 15
4710 15
4715 15
4720 15
4725 15
4730 15
4735 15
4740 15
4745 15
4750 15
4755 15
4760 15
4765 15
4770 15
4775 15
4780 15
4785 15
4790 15
4795 15
4800 15
4805 15
4810 15
4815 14
4820 12
4825 12
4830 12
4835 12
4840 12
4845 12
4850 12
4855 12
4860 12
4865 12
4870 12
4875 12
4880 12
4885 12
4890 12
4895 12
4900 12
4905 12
4910 12
4915 12
4920 12
4925 12
4930 12
4935 12
4940 12
4945 12
4950 12
4955 12
4960 12
4965 12
4970 12
4975 12
4980 12
4985 12
4990 12
4995 12
5000 12
5005 12
5010 12
5015 12
5020 12
5025 12
5030 12
5035 12
5040 12
5045 12
5050 12
5055 12
5060 12
5065 12
5070 11
5075 11
5080 11
5085 11
5090 11
5095 11
5100 11
5105 11
5110 11
5115 11
5120 11
5125 11
5130 11
5135 11
5140 11
5145 11
5150 11
5155 11
5160 11
5165 11
5170 11
5175 11
5180 11
5185 11
5190 11
5195 11
5200 11
5205 11
5210 11
5215 11
5220 11
5225 11
5230 11
5235 11
5240 11
5245 11
5250 11
5255 11
5260 11
5265 11
5270 6
5275 6
5280 6
5285 6
5290 6
5295 6
5300 6
5305 6
5310 6
5315 6
5320 6
5325 6
5330 6
5335 6
5340 6
5345 6
5350 6
5355 6
5360 6
5365 6
5370 6
5375 6
5380 6
5385 6
5390 6
5395 6
5400 6
5405 6
5410 6
5415 6
5420 6
5425 6
5430 6
5435 6
5440 6
5445 6
5450 6
5455 6
5460 6
5465 6
5470 6
5475 6
5480 6
5485 6
5490 6
5495 6
5500 6
5505 6
5510 6
5515 6
5520 6
5525 6
5530 6
5535 6
5540 6
5545 6
5550 6
5555 6
5560 6
5565 6
5570 6
5575 6
5580 6
5585 6
5590 6
5595 6
5600 6
5605 6
5610 6
5615 6
5620 6
5625 6
5630 6
5635 6
5640 6
5645 6
5650 6
5655 6
5660 6
5665 4
5670 4
5675 4
5680 4
5685 4
5690 4
5695 4
5700 4
5705 4
5710 4
5715 4
5720 4
5725 4
5730 4
5735 4
5740 4
5745 4
5750 4
5755 4
5760 4
5765 4
5770 4
5775 4
5780 4
5785 4
5790 4
5795 4
5800 4
5805 4
5810 4
5815 4
5820 4
5825 4
5830 4
5835 4
5840 4
5845 4
5850 4
5855 4
5860 4
5865 4
5870 4
5875 4
5880 4
5885 4
5890 4
5895 4
5900 4
5905 4
5910 4
5915 4
5920 3
5925 3
5930 3
5935 3
5940 3
5945 3
5950 3
5955 3
5960 3
5965 3
5970 3
5975 3
5980 3
5985 3
5990 3
5995 3
6000 3
6005 3
6010 3
6015 3
6020 3
6025 3
6030 3
6035 3
6040 3
6045 3
6050 3
6055 3
6060 3
6065 3
6070 2
6075 2
6080 2
6085 2
6090 2
6095 2
6100 2
6105 2
6110 2
6115 2
6120 2
6125 2
6130 2
6135 2
6140 2
6145 2
6150 2
6155 2
6160 2
6165 1
