0 5066
5 5060
10 5053
15 5048
20 5041
25 5032
30 5022
35 5016
40 5011
45 5004
50 4994
55 4985
60 4979
65 4843
70 4837
75 4829
80 4823
85 4818
90 4818
95 4818
100 4818
105 4818
110 4818
115 4818
120 4818
125 4818
130 4818
135 4818
140 4818
145 4816
150 4755
155 4753
160 4753
165 4728
170 4721
175 4714
180 4710
185 4710
190 4685
195 4677
200 4672
205 4666
210 4623
215 4585
220 4579
225 4573
230 4566
235 4553
240 4547
245 4540
250 4530
255 4524
260 4518
265 4513
270 4508
275 4492
280 4486
285 4473
290 4467
295 4462
300 4416
305 4416
310 4413
315 4391
320 4375
325 4307
330 4301
335 4296
340 4286
345 4285
350 4285
355 4285
360 4281
365 4274
370 4268
375 4230
380 4220
385 4214
390 4192
395 4185
400 4145
405 4145
410 4145
415 4140
420 4134
425 4126
430 4088
435 4067
440 4067
445 4055
450 4011
455 4011
460 4011
465 4011
470 4011
475 4011
480 4011
485 4011
490 4009
495 4001
500 3994
505 3994
510 3989
515 3981
520 3975
525 3970
530 3965
535 3960
540 3945
545 3931
550 3925
555 3918
560 3913
565 3908
570 3635
575 3635
580 3635
585 3635
590 3635
595 3635
600 3635
605 3634
610 3627
615 3621
620 3616
625 3611
630 3608
635 3608
640 3608
645 3608
650 3608
655 3608
660 3608
665 3608
670 3608
675 3608
680 3608
685 3608
690 3608
695 3607
700 3602
705 3596
710 3587
715 3568
720 3555
725 3550
730 3544
735 3538
740 3533
745 3526
750 3521
755 3516
760 3510
765 3505
770 3489
775 3483
780 3472
785 3461
790 3456
795 3450
800 3443
805 3438
810 3430
815 3424
820 3415
825 3409
830 3389
835 3378
840 3225
845 3208
850 3203
855 3201
860 3191
865 3185
870 3178
875 3171
880 3164
885 3159
890 3150
895 3150
900 3150
905 3150
910 3150
915 3149
920 3143
925 3138
930 3131
935 3127
940 3122
945 3114
950 3106
955 3095
960 3087
965 3078
970 3068
975 3061
980 3054
985 3038
990 3032
995 3020
1000 3003
1005 2997
1010 2986
1015 2980
1020 2974
1025 2968
1030 2961
1035 2956
1040 2950
1045 2931
1050 2925
1055 2918
1060 2913
1065 2901
1070 2896
1075 2881
1080 2865
1085 2852
1090 2792
1095 2783
1100 2781
1105 2781
1110 2765
1115 2760
1120 2740
1125 2725
1130 2725
1135 2725
1140 2718
1145 2710
1150 2689
1155 2689
1160 2472
1165 2472
1170 2472
1175 2472
1180 2472
1185 2472
1190 2472
1195 2472
1200 2472
1205 2472
1210 2472
1215 2472
1220 2472
1225 2472
1230 2472
1235 2472
1240 2472
1245 2472
1250 2472
1255 2472
1260 2472
1265 2472
1270 2472
1275 2472
1280 2472
1285 2472
1290 2472
1295 2472
1300 2467
1305 2461
1310 2448
1315 2448
1320 2448
1325 2448
1330 2448
1335 2448
1340 2448
1345 2446
1350 2439
1355 2434
1360 2429
1365 2422
1370 2415
1375 2409
1380 2394
1385 2386
1390 2378
1395 2369
1400 2361
1405 2355
1410 2347
1415 2342
1420 2336
1425 2329
1430 2319
1435 2288
1440 2276
1445 2271
1450 2198
1455 2193
1460 2188
1465 2182
1470 2161
1475 2137
1480 2127
1485 2122
1490 2117
1495 2110
1500 2103
1505 2083
1510 2083
1515 2078
1520 2072
1525 2065
1530 2052
1535 2046
1540 2038
1545 2033
1550 1974
1555 1947
1560 1942
1565 1932
1570 1922
1575 1919
1580 1914
1585 1908
1590 1903
1595 1897
1600 1812
1605 1812
1610 1812
1615 1812
1620 1812
1625 1812
1630 1812
1635 1797
1640 1792
1645 1785
1650 1773
1655 1768
1660 1754
1665 1745
1670 1735
1675 1730
1680 1723
1685 1714
1690 1667
1695 1658
1700 1649
1705 1626
1710 1626
1715 1626
1720 1626
1725 1626
1730 1626
1735 1626
1740 1613
1745 1602
1750 1597
1755 1592
1760 1585
1765 1579
1770 1573
1775 1564
1780 1556
1785 1552
1790 1541
1795 1535
1800 1531
1805 1508
1810 1496
1815 1487
1820 1480
1825 1443
1830 1443
1835 1443
1840 1439
1845 1437
1850 1433
1855 1433
1860 1433
1865 1425
1870 1419
1875 1406
1880 1404
1885 1395
1890 1388
1895 1374
1900 1367
1905 1355
1910 1349
1915 1325
1920 1325
1925 1325
1930 1325
1935 1325
1940 1325
1945 1325
1950 1325
1955 1325
1960 1325
1965 1325
1970 1325
1975 1325
1980 1325
1985 1325
1990 1325
1995 1325
2000 1325
2005 1325
2010 1325
2015 1325
2020 1325
2025 1325
2030 1313
2035 1306
2040 1118
2045 1117
2050 1107
2055 1099
2060 1082
2065 1033
2070 1033
2075 1033
2080 1033
2085 1033
2090 1031
2095 1029
2100 1021
2105 1012
2110 1006
2115 1001
2120 991
2125 981
2130 975
2135 968
2140 961
2145 953
2150 934
2155 934
2160 922
2165 916
2170 909
2175 902
2180 897
2185 882
2190 868
2195 868
2200 861
2205 849
2210 844
2215 837
2220 826
2225 821
2230 813
2235 788
2240 752
2245 696
2250 688
2255 664
2260 656
2265 649
2270 643
2275 629
2280 629
2285 627
2290 623
2295 615
2300 610
2305 608
2310 594
2315 588
2320 568
2325 568
2330 568
2335 568
2340 568
2345 568
2350 568
2355 568
2360 568
2365 568
2370 568
2375 568
2380 568
2385 568
2390 568
2395 568
2400 568
2405 568
2410 568
2415 568
2420 568
2425 568
2430 568
2435 568
2440 568
2445 563
2450 557
2455 550
2460 478
2465 475
2470 475
2475 475
2480 475
2485 475
2490 475
2495 475
2500 475
2505 475
2510 475
2515 464
2520 452
2525 451
2530 442
2535 442
2540 430
2545 398
2550 394
2555 247
2560 247
2565 235
2570 207
2575 207
2580 207
2585 207
2590 206
2595 206
2600 206
2605 206
2610 206
2615 206
2620 206
2625 206
2630 199
2635 199
2640 199
2645 199
2650 199
2655 199
2660 199
2665 199
2670 199
2675 199
2680 199
2685 199
2690 199
2695 199
2700 199
2705 199
2710 199
2715 199
2720 199
2725 199
2730 199
2735 199
2740 199
2745 199
2750 191
2755 183
2760 176
2765 169
2770 140
2775 128
2780 102
2785 102
2790 102
2795 102
2800 102
2805 102
2810 102
2815 102
2820 102
2825 102
2830 102
2835 102
2840 102
2845 102
2850 102
2855 102
2860 102
2865 102
2870 102
2875 102
2880 102
2885 102
2890 102
2895 102
2900 102
2905 102
2910 102
2915 102
2920 102
2925 102
2930 102
2935 102
2940 102
2945 102
2950 102
2955 93
2960 86
2965 85
2970 85
2975 85
2980 85
2985 85
2990 85
2995 85
3000 85
3005 85
3010 85
3015 85
3020 85
3025 85
3030 85
3035 85
3040 85
3045 83
3050 83
3055 83
3060 83
3065 82
3070 81
3075 55
3080 55
3085 39
3090 39
3095 39
3100 39
3105 39
3110 39
3115 37
3120 36
3125 36
3130 36
3135 36
3140 36
3145 36
3150 36
3155 36
3160 36
3165 36
3170 36
3175 31
3180 31
3185 31
3190 31
3195 31
3200 31
3205 31
3210 31
3215 31
3220 31
3225 31
3230 31
3235 31
3240 31
3245 31
3250 31
3255 31
3260 31
3265 31
3270 31
3275 31
3280 31
3285 31
3290 31
3295 31
3300 30
3305 30
3310 30
