0 5066
5 5061
10 5055
15 5048
20 5042
25 5029
30 5025
35 5015
40 5009
45 5002
50 4991
55 4981
60 4970
65 4964
70 4959
75 4903
80 4764
85 4758
90 4751
95 4742
100 4732
105 4731
110 4731
115 4731
120 4731
125 4731
130 4731
135 4731
140 4731
145 4731
150 4731
155 4731
160 4633
165 4633
170 4633
175 4633
180 4633
185 4633
190 4633
195 4633
200 4633
205 4629
210 4600
215 4506
220 4506
225 4506
230 4506
235 4506
240 4492
245 4482
250 4467
255 4461
260 4456
265 4449
270 4414
275 4408
280 4402
285 4397
290 4390
295 4384
300 4332
305 4332
310 4332
315 4331
320 4325
325 4319
330 4311
335 4278
340 4275
345 4275
350 4265
355 4259
360 4257
365 4248
370 4221
375 4218
380 4214
385 4208
390 4197
395 4184
400 4181
405 4172
410 4167
415 4139
420 4139
425 4139
430 4129
435 4119
440 4101
445 4091
450 4062
455 4062
460 4062
465 4062
470 4059
475 4052
480 4049
485 4049
490 4049
495 4043
500 4032
505 4029
510 4029
515 4024
520 4019
525 4011
530 4004
535 3998
540 3992
545 3984
550 3948
555 3936
560 3936
565 3931
570 3923
575 3639
580 3639
585 3639
590 3639
595 3639
600 3639
605 3639
610 3639
615 3639
620 3635
625 3630
630 3625
635 3617
640 3612
645 3612
650 3612
655 3612
660 3612
665 3612
670 3612
675 3612
680 3612
685 3612
690 3612
695 3612
700 3612
705 3609
710 3609
715 3609
720 3604
725 3599
730 3588
735 3568
740 3561
745 3556
750 3549
755 3544
760 3536
765 3531
770 3526
775 3512
780 3507
785 3501
790 3492
795 3486
800 3477
805 3471
810 3465
815 3460
820 3453
825 3447
830 3441
835 3108
840 3108
845 3108
850 3106
855 3086
860 3086
865 3083
870 3074
875 3068
880 3059
885 3022
890 3013
895 3005
900 3005
905 3005
910 3005
915 3005
920 3005
925 3005
930 3004
935 2998
940 2993
945 2985
950 2977
955 2971
960 2966
965 2960
970 2946
975 2941
980 2931
985 2926
990 2920
995 2905
1000 2897
1005 2885
1010 2876
1015 2863
1020 2850
1025 2844
1030 2830
1035 2824
1040 2817
1045 2808
1050 2803
1055 2798
1060 2792
1065 2786
1070 2779
1075 2681
1080 2673
1085 2657
1090 2657
1095 2650
1100 2640
1105 2614
1110 2614
1115 2614
1120 2614
1125 2614
1130 2607
1135 2602
1140 2602
1145 2564
1150 2564
1155 2564
1160 2564
1165 2552
1170 2544
1175 2526
1180 2526
1185 2489
1190 2489
1195 2489
1200 2489
1205 2489
1210 2489
1215 2489
1220 2489
1225 2489
1230 2489
1235 2489
1240 2489
1245 2489
1250 2489
1255 2489
1260 2489
1265 2489
1270 2489
1275 2489
1280 2489
1285 2489
1290 2489
1295 2489
1300 2489
1305 2489
1310 2489
1315 2489
1320 2485
1325 2480
1330 2464
1335 2464
1340 2464
1345 2464
1350 2464
1355 2464
1360 2464
1365 2464
1370 2464
1375 2460
1380 2453
1385 2430
1390 2427
1395 2421
1400 2414
1405 2405
1410 2395
1415 2387
1420 2379
1425 2372
1430 2364
1435 2360
1440 2345
1445 2339
1450 2333
1455 2326
1460 2320
1465 2285
1470 2273
1475 2266
1480 2258
1485 2253
1490 2248
1495 2238
1500 2236
1505 2228
1510 2223
1515 2214
1520 2182
1525 2178
1530 2170
1535 2159
1540 2156
1545 2150
1550 2140
1555 2132
1560 2124
1565 2116
1570 2109
1575 2103
1580 2037
1585 2032
1590 2024
1595 2018
1600 2009
1605 2004
1610 1993
1615 1989
1620 1984
1625 1954
1630 1945
1635 1938
1640 1926
1645 1921
1650 1908
1655 1908
1660 1905
1665 1900
1670 1882
1675 1863
1680 1854
1685 1847
1690 1836
1695 1829
1700 1751
1705 1745
1710 1740
1715 1714
1720 1714
1725 1714
1730 1714
1735 1714
1740 1714
1745 1714
1750 1714
1755 1695
1760 1686
1765 1681
1770 1675
1775 1670
1780 1661
1785 1649
1790 1640
1795 1634
1800 1626
1805 1616
1810 1575
1815 1567
1820 1559
1825 1551
1830 1514
1835 1514
1840 1514
1845 1514
1850 1504
1855 1500
1860 1500
1865 1481
1870 1476
1875 1476
1880 1475
1885 1466
1890 1457
1895 1447
1900 1442
1905 1436
1910 1436
1915 1436
1920 1434
1925 1428
1930 1419
1935 1400
1940 1400
1945 1398
1950 1391
1955 1326
1960 1326
1965 1326
1970 1326
1975 1326
1980 1326
1985 1326
1990 1326
1995 1326
2000 1326
2005 1326
2010 1326
2015 1326
2020 1323
2025 1323
2030 1323
2035 1323
2040 1323
2045 1323
2050 1315
2055 1302
2060 1109
2065 1109
2070 1021
2075 1021
2080 1021
2085 1021
2090 1021
2095 1021
2100 1021
2105 1021
2110 1019
2115 1016
2120 1010
2125 1004
2130 997
2135 992
2140 987
2145 979
2150 973
2155 967
2160 960
2165 954
2170 946
2175 940
2180 935
2185 923
2190 917
2195 911
2200 904
2205 896
2210 889
2215 872
2220 860
2225 853
2230 847
2235 836
2240 829
2245 821
2250 816
2255 808
2260 790
2265 763
2270 715
2275 709
2280 689
2285 679
2290 672
2295 662
2300 656
2305 650
2310 642
2315 640
2320 634
2325 629
2330 622
2335 613
2340 591
2345 591
2350 580
2355 580
2360 580
2365 580
2370 580
2375 580
2380 580
2385 580
2390 580
2395 580
2400 580
2405 580
2410 580
2415 580
2420 580
2425 580
2430 580
2435 580
2440 580
2445 574
2450 566
2455 563
2460 563
2465 561
2470 551
2475 543
2480 538
2485 249
2490 249
2495 249
2500 249
2505 249
2510 249
2515 249
2520 249
2525 249
2530 249
2535 249
2540 249
2545 249
2550 249
2555 249
2560 249
2565 249
2570 249
2575 249
2580 249
2585 249
2590 249
2595 232
2600 232
2605 232
2610 209
2615 209
2620 209
2625 209
2630 207
2635 207
2640 207
2645 207
2650 207
2655 207
2660 207
2665 207
2670 207
2675 207
2680 207
2685 207
2690 207
2695 207
2700 207
2705 207
2710 207
2715 207
2720 207
2725 207
2730 207
2735 207
2740 207
2745 207
2750 207
2755 207
2760 207
2765 207
2770 207
2775 207
2780 207
2785 207
2790 202
2795 196
2800 191
2805 137
2810 102
2815 102
2820 102
2825 102
2830 102
2835 102
2840 102
2845 102
2850 102
2855 102
2860 102
2865 102
2870 102
2875 102
2880 102
2885 102
2890 102
2895 102
2900 102
2905 102
2910 102
2915 102
2920 102
2925 102
2930 102
2935 102
2940 102
2945 102
2950 102
2955 102
2960 102
2965 102
2970 96
2975 83
2980 76
2985 76
2990 76
2995 76
3000 76
3005 76
3010 76
3015 76
3020 76
3025 76
3030 76
3035 76
3040 76
3045 76
3050 76
3055 76
3060 76
3065 76
3070 76
3075 76
3080 76
3085 74
3090 74
3095 71
3100 49
3105 46
3110 44
3115 44
3120 44
3125 44
3130 44
3135 44
3140 44
3145 44
3150 44
3155 44
3160 44
3165 44
3170 44
3175 44
3180 44
3185 44
3190 44
3195 29
3200 29
3205 29
3210 29
3215 29
3220 29
3225 29
3230 29
3235 29
3240 29
3245 29
3250 29
3255 29
3260 29
3265 29
3270 29
3275 29
3280 29
3285 29
3290 29
3295 29
3300 29
3305 29
3310 29
3315 20
3320 20
3325 20
3330 19
