0 5066
5 5060
10 5052
15 5046
20 5039
25 5032
30 5026
35 5021
40 5014
45 5007
50 5000
55 4989
60 4982
65 4976
70 4969
75 4939
80 4806
85 4801
90 4796
95 4790
100 4782
105 4774
110 4773
115 4773
120 4773
125 4773
130 4773
135 4773
140 4773
145 4773
150 4773
155 4773
160 4773
165 4766
170 4736
175 4736
180 4678
185 4677
190 4677
195 4677
200 4677
205 4677
210 4666
215 4657
220 4650
225 4609
230 4604
235 4584
240 4584
245 4582
250 4574
255 4563
260 4554
265 4546
270 4535
275 4529
280 4497
285 4486
290 4479
295 4474
300 4450
305 4428
310 4428
315 4419
320 4413
325 4408
330 4401
335 4389
340 4380
345 4380
350 4372
355 4367
360 4366
365 4359
370 4345
375 4303
380 4298
385 4291
390 4260
395 4260
400 4231
405 4222
410 4153
415 4141
420 4138
425 4133
430 4126
435 4114
440 4042
445 4042
450 4042
455 4042
460 4042
465 4042
470 4042
475 4040
480 4017
485 4010
490 4009
495 4004
500 3997
505 3989
510 3983
515 3974
520 3954
525 3949
530 3940
535 3929
540 3921
545 3596
550 3596
555 3596
560 3596
565 3596
570 3596
575 3596
580 3596
585 3596
590 3594
595 3589
600 3583
605 3578
610 3572
615 3569
620 3569
625 3569
630 3569
635 3569
640 3569
645 3569
650 3569
655 3569
660 3569
665 3569
670 3569
675 3567
680 3566
685 3566
690 3564
695 3553
700 3547
705 3540
710 3521
715 3516
720 3509
725 3503
730 3497
735 3491
740 3486
745 3481
750 3474
755 3469
760 3464
765 3458
770 3451
775 3442
780 3436
785 3430
790 3425
795 3419
800 3402
805 3394
810 3389
815 3383
820 3041
825 3041
830 3041
835 3031
840 3021
845 3010
850 3005
855 2999
860 2991
865 2987
870 2981
875 2968
880 2968
885 2968
890 2968
895 2968
900 2968
905 2968
910 2966
915 2959
920 2953
925 2946
930 2941
935 2936
940 2930
945 2925
950 2920
955 2911
960 2900
965 2889
970 2881
975 2877
980 2870
985 2864
990 2853
995 2843
1000 2837
1005 2815
1010 2815
1015 2804
1020 2797
1025 2788
1030 2778
1035 2774
1040 2769
1045 2756
1050 2741
1055 2723
1060 2717
1065 2708
1070 2669
1075 2669
1080 2669
1085 2667
1090 2653
1095 2653
1100 2640
1105 2638
1110 2609
1115 2609
1120 2571
1125 2571
1130 2563
1135 2561
1140 2555
1145 2555
1150 2519
1155 2519
1160 2519
1165 2519
1170 2510
1175 2502
1180 2481
1185 2481
1190 2446
1195 2446
1200 2446
1205 2446
1210 2446
1215 2446
1220 2446
1225 2446
1230 2446
1235 2446
1240 2446
1245 2446
1250 2446
1255 2446
1260 2446
1265 2446
1270 2446
1275 2446
1280 2446
1285 2446
1290 2446
1295 2446
1300 2446
1305 2446
1310 2446
1315 2442
1320 2436
1325 2420
1330 2420
1335 2420
1340 2420
1345 2420
1350 2420
1355 2420
1360 2420
1365 2417
1370 2392
1375 2389
1380 2389
1385 2385
1390 2380
1395 2372
1400 2361
1405 2353
1410 2343
1415 2334
1420 2329
1425 2324
1430 2319
1435 2312
1440 2306
1445 2298
1450 2292
1455 2272
1460 2266
1465 2194
1470 2183
1475 2178
1480 2154
1485 2146
1490 2139
1495 2133
1500 2127
1505 2122
1510 2106
1515 2102
1520 2097
1525 2075
1530 2075
1535 2067
1540 2062
1545 2056
1550 2047
1555 2038
1560 2032
1565 2021
1570 1999
1575 1992
1580 1985
1585 1977
1590 1971
1595 1963
1600 1955
1605 1946
1610 1939
1615 1921
1620 1915
1625 1900
1630 1899
1635 1878
1640 1870
1645 1870
1650 1865
1655 1856
1660 1844
1665 1837
1670 1821
1675 1815
1680 1807
1685 1798
1690 1793
1695 1786
1700 1724
1705 1716
1710 1706
1715 1681
1720 1681
1725 1681
1730 1681
1735 1681
1740 1681
1745 1591
1750 1586
1755 1577
1760 1568
1765 1561
1770 1555
1775 1546
1780 1535
1785 1528
1790 1519
1795 1513
1800 1504
1805 1501
1810 1479
1815 1422
1820 1412
1825 1408
1830 1401
1835 1395
1840 1395
1845 1395
1850 1395
1855 1392
1860 1389
1865 1380
1870 1380
1875 1380
1880 1378
1885 1369
1890 1365
1895 1361
1900 1351
1905 1344
1910 1343
1915 1336
1920 1328
1925 1318
1930 1312
1935 1306
1940 1306
1945 1306
1950 1306
1955 1306
1960 1306
1965 1306
1970 1306
1975 1306
1980 1306
1985 1306
1990 1306
1995 1306
2000 1306
2005 1306
2010 1306
2015 1306
2020 1306
2025 1306
2030 1289
2035 1283
2040 1092
2045 1092
2050 1081
2055 1059
2060 1059
2065 1053
2070 1047
2075 1027
2080 1024
2085 1016
2090 1016
2095 1012
2100 1004
2105 997
2110 991
2115 986
2120 977
2125 969
2130 964
2135 958
2140 952
2145 947
2150 942
2155 917
2160 910
2165 903
2170 897
2175 889
2180 874
2185 857
2190 853
2195 838
2200 830
2205 825
2210 818
2215 810
2220 793
2225 759
2230 754
2235 749
2240 722
2245 717
2250 708
2255 701
2260 694
2265 685
2270 685
2275 679
2280 669
2285 663
2290 654
2295 638
2300 633
2305 620
2310 620
2315 603
2320 603
2325 603
2330 603
2335 603
2340 603
2345 603
2350 603
2355 603
2360 603
2365 603
2370 603
2375 603
2380 603
2385 603
2390 603
2395 603
2400 603
2405 603
2410 603
2415 603
2420 603
2425 603
2430 603
2435 598
2440 584
2445 576
2450 514
2455 507
2460 507
2465 507
2470 502
2475 496
2480 496
2485 480
2490 480
2495 480
2500 480
2505 480
2510 478
2515 470
2520 463
2525 443
2530 442
2535 441
2540 433
2545 412
2550 395
2555 383
2560 357
2565 357
2570 340
2575 340
2580 310
2585 310
2590 310
2595 309
2600 289
2605 289
2610 289
2615 289
2620 289
2625 289
2630 289
2635 288
2640 288
2645 288
2650 288
2655 288
2660 288
2665 288
2670 288
2675 288
2680 288
2685 288
2690 288
2695 288
2700 288
2705 288
2710 288
2715 288
2720 288
2725 288
2730 288
2735 288
2740 288
2745 288
2750 288
2755 282
2760 276
2765 249
2770 217
2775 130
2780 130
2785 130
2790 129
2795 129
2800 129
2805 128
2810 125
2815 123
2820 123
2825 123
2830 123
2835 123
2840 123
2845 123
2850 123
2855 123
2860 123
2865 120
2870 117
2875 117
2880 117
2885 117
2890 117
2895 117
2900 117
2905 117
2910 117
2915 114
2920 112
2925 110
2930 102
2935 102
2940 90
2945 83
2950 83
2955 83
2960 83
2965 83
2970 83
2975 83
2980 83
2985 83
2990 83
2995 83
3000 83
3005 83
3010 83
3015 83
3020 83
3025 82
3030 82
3035 82
3040 82
3045 80
3050 78
3055 64
3060 58
3065 49
3070 49
3075 49
3080 49
3085 49
3090 49
3095 49
3100 49
3105 49
3110 49
3115 47
3120 47
3125 47
3130 47
3135 36
3140 29
3145 29
3150 25
3155 25
3160 25
3165 25
3170 25
3175 25
3180 25
3185 25
3190 25
3195 25
3200 25
3205 25
3210 25
3215 25
3220 25
3225 25
3230 25
3235 25
3240 25
3245 25
3250 25
3255 25
3260 25
3265 25
3270 25
3275 25
3280 25
3285 21
3290 21
3295 21
3300 21
