0 5066
5 5061
10 5056
15 5050
20 5042
25 5034
30 5029
35 5024
40 5018
45 5009
50 5001
55 4994
60 4988
65 4983
70 4826
75 4820
80 4811
85 4804
90 4794
95 4790
100 4790
105 4790
110 4790
115 4790
120 4790
125 4790
130 4790
135 4790
140 4790
145 4657
150 4657
155 4657
160 4657
165 4657
170 4657
175 4657
180 4657
185 4654
190 4648
195 4623
200 4614
205 4602
210 4602
215 4602
220 4598
225 4589
230 4583
235 4574
240 4562
245 4556
250 4551
255 4546
260 4514
265 4501
270 4494
275 4489
280 4465
285 4447
290 4443
295 4437
300 4430
305 4424
310 4418
315 4413
320 4403
325 4396
330 4393
335 4393
340 4388
345 4386
350 4378
355 4372
360 4364
365 4354
370 4345
375 4337
380 4308
385 4300
390 4246
395 4246
400 4229
405 4206
410 4206
415 4199
420 4194
425 4187
430 4187
435 4184
440 4177
445 4171
450 4171
455 4171
460 4162
465 4138
470 4131
475 4123
480 4117
485 4110
490 4103
495 4096
500 4087
505 4046
510 4042
515 4042
520 4034
525 4027
530 3674
535 3674
540 3674
545 3674
550 3674
555 3674
560 3674
565 3674
570 3674
575 3674
580 3671
585 3666
590 3661
595 3656
600 3651
605 3649
610 3649
615 3649
620 3649
625 3649
630 3649
635 3649
640 3649
645 3649
650 3649
655 3649
660 3646
665 3617
670 3613
675 3608
680 3601
685 3578
690 3571
695 3561
700 3556
705 3551
710 3545
715 3540
720 3535
725 3519
730 3512
735 3506
740 3501
745 3491
750 3452
755 3447
760 3442
765 3436
770 3430
775 3423
780 3416
785 3408
790 3401
795 3379
800 3371
805 3354
810 3332
815 3331
820 3323
825 3317
830 3312
835 3298
840 3290
845 3279
850 3276
855 3276
860 3276
865 3276
870 3276
875 3276
880 3276
885 3271
890 3265
895 3260
900 3251
905 3246
910 3239
915 3234
920 3212
925 3212
930 3212
935 3201
940 3195
945 3186
950 3180
955 3175
960 3170
965 3163
970 3141
975 3141
980 3135
985 3123
990 3116
995 3105
1000 3099
1005 3080
1010 3077
1015 3069
1020 3063
1025 3048
1030 3040
1035 3016
1040 2936
1045 2916
1050 2912
1055 2906
1060 2891
1065 2891
1070 2891
1075 2891
1080 2891
1085 2891
1090 2870
1095 2860
1100 2856
1105 2821
1110 2821
1115 2821
1120 2821
1125 2821
1130 2815
1135 2806
1140 2784
1145 2784
1150 2436
1155 2436
1160 2436
1165 2436
1170 2436
1175 2436
1180 2436
1185 2436
1190 2436
1195 2436
1200 2436
1205 2436
1210 2436
1215 2436
1220 2436
1225 2436
1230 2436
1235 2436
1240 2436
1245 2436
1250 2436
1255 2436
1260 2436
1265 2436
1270 2436
1275 2436
1280 2436
1285 2431
1290 2425
1295 2413
1300 2413
1305 2413
1310 2413
1315 2413
1320 2413
1325 2413
1330 2413
1335 2409
1340 2382
1345 2381
1350 2374
1355 2371
1360 2365
1365 2357
1370 2350
1375 2341
1380 2334
1385 2323
1390 2314
1395 2307
1400 2293
1405 2288
1410 2282
1415 2276
1420 2266
1425 2241
1430 2229
1435 2221
1440 2212
1445 2207
1450 2201
1455 2191
1460 2190
1465 2182
1470 2175
1475 2168
1480 2160
1485 2150
1490 2145
1495 2129
1500 2129
1505 2124
1510 2119
1515 2112
1520 2105
1525 2094
1530 2087
1535 2079
1540 2055
1545 2046
1550 2040
1555 2028
1560 2023
1565 2014
1570 2007
1575 2001
1580 1991
1585 1984
1590 1963
1595 1962
1600 1944
1605 1940
1610 1932
1615 1911
1620 1910
1625 1905
1630 1888
1635 1883
1640 1866
1645 1825
1650 1825
1655 1825
1660 1825
1665 1825
1670 1825
1675 1818
1680 1811
1685 1804
1690 1750
1695 1750
1700 1750
1705 1750
1710 1750
1715 1750
1720 1750
1725 1736
1730 1730
1735 1725
1740 1716
1745 1710
1750 1704
1755 1694
1760 1685
1765 1680
1770 1673
1775 1666
1780 1658
1785 1648
1790 1633
1795 1611
1800 1601
1805 1591
1810 1584
1815 1575
1820 1553
1825 1553
1830 1553
1835 1546
1840 1508
1845 1507
1850 1507
1855 1507
1860 1498
1865 1494
1870 1485
1875 1478
1880 1468
1885 1468
1890 1465
1895 1454
1900 1430
1905 1430
1910 1430
1915 1427
1920 1422
1925 1413
1930 1407
1935 1396
1940 1382
1945 1376
1950 1370
1955 1364
1960 1358
1965 1342
1970 1336
1975 1333
1980 1333
1985 1324
1990 1297
1995 1297
2000 1297
2005 1297
2010 1280
2015 1275
2020 1084
2025 1084
2030 996
2035 996
2040 996
2045 996
2050 996
2055 996
2060 996
2065 996
2070 994
2075 991
2080 985
2085 976
2090 970
2095 965
2100 955
2105 947
2110 941
2115 933
2120 926
2125 920
2130 896
2135 896
2140 889
2145 880
2150 874
2155 854
2160 837
2165 824
2170 824
2175 824
2180 820
2185 807
2190 801
2195 794
2200 789
2205 784
2210 765
2215 723
2220 684
2225 678
2230 653
2235 649
2240 643
2245 638
2250 631
2255 618
2260 604
2265 599
2270 597
2275 591
2280 587
2285 579
2290 574
2295 554
2300 554
2305 554
2310 554
2315 554
2320 554
2325 554
2330 554
2335 554
2340 554
2345 554
2350 554
2355 554
2360 554
2365 554
2370 554
2375 554
2380 554
2385 554
2390 554
2395 554
2400 554
2405 554
2410 554
2415 554
2420 554
2425 548
2430 538
2435 532
2440 455
2445 455
2450 454
2455 454
2460 454
2465 454
2470 454
2475 454
2480 454
2485 454
2490 436
2495 424
2500 422
2505 421
2510 417
2515 417
2520 411
2525 392
2530 376
2535 328
2540 228
2545 228
2550 228
2555 208
2560 208
2565 186
2570 186
2575 186
2580 186
2585 185
2590 185
2595 185
2600 185
2605 185
2610 185
2615 185
2620 185
2625 175
2630 175
2635 175
2640 175
2645 175
2650 175
2655 175
2660 175
2665 175
2670 175
2675 175
2680 175
2685 175
2690 175
2695 175
2700 175
2705 175
2710 175
2715 175
2720 175
2725 175
2730 175
2735 175
2740 175
2745 175
2750 173
2755 157
2760 151
2765 151
2770 151
2775 151
2780 151
2785 151
2790 102
2795 102
2800 102
2805 102
2810 102
2815 102
2820 102
2825 102
2830 102
2835 102
2840 102
2845 102
2850 102
2855 102
2860 102
2865 102
2870 102
2875 102
2880 102
2885 102
2890 102
2895 102
2900 102
2905 102
2910 102
2915 102
2920 102
2925 102
2930 102
2935 102
2940 102
2945 102
2950 102
2955 99
2960 92
2965 83
2970 76
2975 76
2980 76
2985 76
2990 76
2995 76
3000 76
3005 76
3010 76
3015 76
3020 76
3025 76
3030 76
3035 75
3040 72
3045 72
3050 72
3055 72
3060 72
3065 71
3070 68
3075 68
3080 68
3085 68
3090 68
3095 68
3100 68
3105 66
3110 66
3115 66
3120 66
3125 66
3130 66
3135 66
3140 66
3145 66
3150 60
3155 60
3160 60
3165 60
3170 59
3175 59
3180 59
3185 58
3190 54
3195 52
3200 52
3205 52
3210 52
3215 52
3220 52
3225 52
3230 52
3235 52
3240 52
3245 52
3250 52
3255 52
3260 52
3265 52
3270 52
3275 52
3280 51
3285 51
3290 51
3295 51
3300 51
3305 51
3310 32
3315 32
3320 32
3325 32
