0 5066
5 5059
10 5054
15 5047
20 5040
25 5034
30 5029
35 5022
40 5015
45 5008
50 5003
55 4996
60 4986
65 4980
70 4973
75 4944
80 4811
85 4805
90 4798
95 4792
100 4785
105 4784
110 4784
115 4784
120 4784
125 4784
130 4784
135 4784
140 4784
145 4784
150 4784
155 4784
160 4777
165 4745
170 4745
175 4742
180 4733
185 4726
190 4710
195 4710
200 4709
205 4678
210 4671
215 4649
220 4642
225 4633
230 4633
235 4633
240 4629
245 4620
250 4615
255 4606
260 4600
265 4594
270 4587
275 4565
280 4549
285 4541
290 4529
295 4522
300 4516
305 4509
310 4503
315 4496
320 4491
325 4476
330 4469
335 4462
340 4433
345 4425
350 4422
355 4422
360 4422
365 4417
370 4411
375 4386
380 4370
385 4337
390 4330
395 4310
400 4310
405 4303
410 4293
415 4227
420 4220
425 4210
430 4203
435 4180
440 4156
445 4156
450 4146
455 4140
460 4114
465 4114
470 4114
475 4114
480 4114
485 4114
490 4114
495 4111
500 4102
505 4097
510 4097
515 4093
520 4088
525 4082
530 4074
535 4064
540 4059
545 4009
550 4009
555 4007
560 4001
565 3647
570 3647
575 3647
580 3647
585 3647
590 3647
595 3647
600 3646
605 3640
610 3635
615 3629
620 3624
625 3624
630 3624
635 3624
640 3624
645 3624
650 3624
655 3624
660 3624
665 3624
670 3624
675 3624
680 3621
685 3621
690 3618
695 3613
700 3608
705 3602
710 3581
715 3574
720 3568
725 3561
730 3553
735 3548
740 3542
745 3536
750 3529
755 3523
760 3514
765 3506
770 3501
775 3493
780 3487
785 3482
790 3477
795 3469
800 3462
805 3455
810 3432
815 3095
820 3095
825 3095
830 3087
835 3079
840 3075
845 3070
850 3061
855 3051
860 3040
865 3035
870 3028
875 3021
880 3015
885 3015
890 3015
895 3015
900 3015
905 3015
910 3015
915 3010
920 3004
925 2999
930 2994
935 2988
940 2980
945 2973
950 2967
955 2958
960 2950
965 2944
970 2939
975 2934
980 2927
985 2913
990 2905
995 2899
1000 2890
1005 2876
1010 2875
1015 2868
1020 2861
1025 2854
1030 2838
1035 2825
1040 2823
1045 2818
1050 2811
1055 2784
1060 2778
1065 2770
1070 2765
1075 2656
1080 2643
1085 2635
1090 2628
1095 2619
1100 2602
1105 2602
1110 2602
1115 2602
1120 2602
1125 2595
1130 2588
1135 2587
1140 2549
1145 2549
1150 2549
1155 2549
1160 2546
1165 2535
1170 2514
1175 2514
1180 2514
1185 2473
1190 2473
1195 2473
1200 2473
1205 2473
1210 2473
1215 2473
1220 2473
1225 2473
1230 2473
1235 2473
1240 2473
1245 2473
1250 2473
1255 2473
1260 2473
1265 2473
1270 2473
1275 2473
1280 2473
1285 2473
1290 2473
1295 2473
1300 2473
1305 2473
1310 2468
1315 2460
1320 2459
1325 2459
1330 2459
1335 2459
1340 2459
1345 2459
1350 2457
1355 2452
1360 2432
1365 2428
1370 2421
1375 2414
1380 2408
1385 2401
1390 2394
1395 2390
1400 2374
1405 2369
1410 2361
1415 2352
1420 2347
1425 2341
1430 2336
1435 2327
1440 2320
1445 2298
1450 2288
1455 2274
1460 2198
1465 2193
1470 2187
1475 2180
1480 2154
1485 2147
1490 2140
1495 2137
1500 2116
1505 2112
1510 2106
1515 2101
1520 2086
1525 2085
1530 2077
1535 2069
1540 2060
1545 2052
1550 2044
1555 2032
1560 1950
1565 1950
1570 1944
1575 1937
1580 1927
1585 1924
1590 1912
1595 1905
1600 1787
1605 1787
1610 1787
1615 1787
1620 1787
1625 1787
1630 1787
1635 1787
1640 1787
1645 1782
1650 1763
1655 1756
1660 1749
1665 1736
1670 1731
1675 1724
1680 1717
1685 1703
1690 1697
1695 1659
1700 1652
1705 1623
1710 1623
1715 1623
1720 1623
1725 1623
1730 1623
1735 1623
1740 1622
1745 1616
1750 1611
1755 1602
1760 1595
1765 1589
1770 1584
1775 1579
1780 1570
1785 1567
1790 1562
1795 1552
1800 1544
1805 1538
1810 1530
1815 1521
1820 1485
1825 1479
1830 1472
1835 1461
1840 1454
1845 1431
1850 1431
1855 1431
1860 1431
1865 1424
1870 1422
1875 1420
1880 1415
1885 1412
1890 1410
1895 1404
1900 1392
1905 1387
1910 1381
1915 1375
1920 1374
1925 1371
1930 1358
1935 1341
1940 1329
1945 1324
1950 1323
1955 1323
1960 1323
1965 1323
1970 1323
1975 1323
1980 1323
1985 1323
1990 1323
1995 1323
2000 1323
2005 1323
2010 1323
2015 1323
2020 1323
2025 1323
2030 1323
2035 1323
2040 1323
2045 1323
2050 1310
2055 1305
2060 1113
2065 1113
2070 1100
2075 1091
2080 1075
2085 1075
2090 1067
2095 1063
2100 1045
2105 1042
2110 1029
2115 1026
2120 1020
2125 1015
2130 1008
2135 1003
2140 994
2145 987
2150 982
2155 973
2160 963
2165 954
2170 938
2175 928
2180 922
2185 913
2190 908
2195 900
2200 879
2205 879
2210 872
2215 856
2220 851
2225 846
2230 836
2235 814
2240 803
2245 783
2250 751
2255 740
2260 735
2265 730
2270 713
2275 703
2280 696
2285 690
2290 680
2295 669
2300 664
2305 654
2310 653
2315 644
2320 632
2325 609
2330 609
2335 598
2340 598
2345 598
2350 598
2355 598
2360 598
2365 598
2370 598
2375 598
2380 598
2385 598
2390 598
2395 598
2400 598
2405 598
2410 598
2415 598
2420 598
2425 598
2430 598
2435 591
2440 584
2445 577
2450 577
2455 573
2460 568
2465 561
2470 556
2475 552
2480 552
2485 552
2490 552
2495 552
2500 552
2505 552
2510 552
2515 552
2520 552
2525 549
2530 532
2535 532
2540 457
2545 456
2550 451
2555 439
2560 420
2565 414
2570 382
2575 382
2580 382
2585 362
2590 362
2595 339
2600 339
2605 332
2610 327
2615 325
2620 325
2625 325
2630 325
2635 325
2640 325
2645 312
2650 295
2655 295
2660 295
2665 289
2670 289
2675 289
2680 289
2685 289
2690 289
2695 289
2700 289
2705 289
2710 289
2715 289
2720 289
2725 289
2730 289
2735 289
2740 289
2745 289
2750 289
2755 289
2760 287
2765 280
2770 272
2775 265
2780 163
2785 163
2790 163
2795 163
2800 163
2805 131
2810 131
2815 111
2820 111
2825 109
2830 102
2835 102
2840 102
2845 102
2850 102
2855 102
2860 102
2865 102
2870 102
2875 102
2880 102
2885 102
2890 102
2895 102
2900 102
2905 102
2910 102
2915 102
2920 102
2925 102
2930 102
2935 102
2940 102
2945 102
2950 102
2955 102
2960 93
2965 93
2970 93
2975 93
2980 93
2985 93
2990 93
2995 93
3000 93
3005 93
3010 93
3015 93
3020 91
3025 90
3030 90
3035 90
3040 90
3045 88
3050 88
3055 88
3060 88
3065 88
3070 88
3075 75
3080 71
3085 69
3090 68
3095 68
3100 68
3105 68
3110 59
3115 59
3120 59
3125 55
3130 55
3135 55
3140 55
3145 55
3150 55
3155 30
3160 30
3165 29
3170 28
3175 28
3180 28
3185 28
3190 28
3195 28
3200 28
3205 28
3210 28
3215 28
3220 28
3225 28
3230 28
3235 28
3240 28
3245 28
3250 28
3255 28
3260 28
3265 28
3270 28
3275 28
3280 28
3285 28
3290 28
3295 18
3300 18
3305 18
3310 18
