0 5066
5 5059
10 5054
15 5047
20 5040
25 5033
30 5024
35 5017
40 5011
45 5004
50 4997
55 4989
60 4982
65 4975
70 4969
75 4810
80 4802
85 4797
90 4790
95 4783
100 4775
105 4775
110 4775
115 4775
120 4775
125 4775
130 4775
135 4775
140 4775
145 4775
150 4775
155 4774
160 4649
165 4649
170 4649
175 4649
180 4649
185 4649
190 4649
195 4649
200 4648
205 4640
210 4633
215 4590
220 4587
225 4576
230 4569
235 4562
240 4550
245 4541
250 4533
255 4524
260 4519
265 4510
270 4503
275 4492
280 4486
285 4464
290 4436
295 4436
300 4415
305 4401
310 4394
315 4387
320 4381
325 4349
330 4340
335 4334
340 4330
345 4330
350 4330
355 4325
360 4320
365 4311
370 4306
375 4293
380 4276
385 4266
390 4224
395 4187
400 4187
405 4180
410 4168
415 4160
420 4160
425 4148
430 4141
435 4130
440 4130
445 4130
450 4130
455 4130
460 4129
465 4111
470 4103
475 4101
480 4089
485 4082
490 4075
495 4068
500 4063
505 4057
510 4052
515 4007
520 4002
525 3995
530 3989
535 3982
540 3668
545 3668
550 3668
555 3668
560 3668
565 3668
570 3668
575 3668
580 3667
585 3661
590 3656
595 3650
600 3646
605 3646
610 3646
615 3646
620 3646
625 3646
630 3646
635 3646
640 3646
645 3646
650 3646
655 3612
660 3612
665 3611
670 3606
675 3593
680 3584
685 3565
690 3558
695 3551
700 3544
705 3538
710 3532
715 3523
720 3516
725 3511
730 3497
735 3490
740 3484
745 3478
750 3469
755 3463
760 3456
765 3451
770 3446
775 3439
780 3433
785 3423
790 3399
795 3387
800 3152
805 3142
810 3135
815 3134
820 3119
825 3114
830 3108
835 3095
840 3085
845 3079
850 3070
855 3065
860 3065
865 3065
870 3065
875 3065
880 3065
885 3064
890 3059
895 3054
900 3048
905 3043
910 3037
915 3030
920 3019
925 3007
930 2999
935 2983
940 2980
945 2974
950 2962
955 2952
960 2945
965 2921
970 2921
975 2917
980 2907
985 2899
990 2884
995 2878
1000 2862
1005 2854
1010 2845
1015 2829
1020 2821
1025 2813
1030 2731
1035 2708
1040 2707
1045 2698
1050 2679
1055 2679
1060 2679
1065 2679
1070 2679
1075 2662
1080 2654
1085 2637
1090 2620
1095 2620
1100 2620
1105 2620
1110 2607
1115 2600
1120 2581
1125 2581
1130 2451
1135 2451
1140 2451
1145 2451
1150 2451
1155 2451
1160 2451
1165 2451
1170 2451
1175 2451
1180 2451
1185 2451
1190 2451
1195 2451
1200 2451
1205 2451
1210 2451
1215 2451
1220 2451
1225 2451
1230 2451
1235 2451
1240 2451
1245 2451
1250 2451
1255 2451
1260 2447
1265 2442
1270 2439
1275 2439
1280 2439
1285 2439
1290 2439
1295 2439
1300 2439
1305 2436
1310 2430
1315 2425
1320 2401
1325 2394
1330 2389
1335 2383
1340 2375
1345 2368
1350 2359
1355 2351
1360 2339
1365 2330
1370 2313
1375 2306
1380 2300
1385 2294
1390 2285
1395 2262
1400 2251
1405 2235
1410 2160
1415 2155
1420 2149
1425 2139
1430 2115
1435 2107
1440 2102
1445 2094
1450 2083
1455 2069
1460 2059
1465 2055
1470 2046
1475 2037
1480 2029
1485 2024
1490 2015
1495 2007
1500 2001
1505 1995
1510 1967
1515 1967
1520 1961
1525 1951
1530 1944
1535 1937
1540 1930
1545 1923
1550 1804
1555 1804
1560 1804
1565 1804
1570 1804
1575 1804
1580 1804
1585 1804
1590 1804
1595 1801
1600 1796
1605 1789
1610 1773
1615 1736
1620 1730
1625 1724
1630 1719
1635 1713
1640 1704
1645 1699
1650 1682
1655 1675
1660 1669
1665 1662
1670 1645
1675 1641
1680 1641
1685 1641
1690 1641
1695 1641
1700 1631
1705 1624
1710 1615
1715 1610
1720 1605
1725 1599
1730 1593
1735 1584
1740 1575
1745 1569
1750 1562
1755 1551
1760 1543
1765 1526
1770 1519
1775 1506
1780 1497
1785 1490
1790 1482
1795 1475
1800 1437
1805 1437
1810 1437
1815 1437
1820 1430
1825 1424
1830 1424
1835 1424
1840 1424
1845 1419
1850 1413
1855 1406
1860 1403
1865 1393
1870 1388
1875 1385
1880 1385
1885 1382
1890 1370
1895 1364
1900 1347
1905 1347
1910 1347
1915 1347
1920 1347
1925 1347
1930 1347
1935 1347
1940 1347
1945 1347
1950 1347
1955 1347
1960 1347
1965 1347
1970 1347
1975 1344
1980 1303
1985 1303
1990 1303
1995 1303
2000 1303
2005 1295
2010 1290
2015 1285
2020 1089
2025 1089
2030 1075
2035 1065
2040 1049
2045 1047
2050 1041
2055 1037
2060 1020
2065 1016
2070 1010
2075 1006
2080 993
2085 988
2090 983
2095 977
2100 972
2105 966
2110 960
2115 951
2120 945
2125 939
2130 932
2135 925
2140 914
2145 897
2150 890
2155 884
2160 876
2165 869
2170 836
2175 824
2180 824
2185 824
2190 819
2195 811
2200 800
2205 792
2210 787
2215 766
2220 740
2225 674
2230 669
2235 663
2240 640
2245 635
2250 627
2255 613
2260 611
2265 602
2270 598
2275 592
2280 592
2285 588
2290 577
2295 567
2300 559
2305 543
2310 543
2315 543
2320 543
2325 543
2330 543
2335 543
2340 543
2345 543
2350 543
2355 543
2360 543
2365 543
2370 543
2375 543
2380 543
2385 543
2390 543
2395 543
2400 543
2405 543
2410 543
2415 543
2420 543
2425 543
2430 543
2435 527
2440 522
2445 459
2450 453
2455 451
2460 451
2465 451
2470 451
2475 451
2480 451
2485 451
2490 451
2495 451
2500 451
2505 449
2510 428
2515 425
2520 419
2525 419
2530 419
2535 411
2540 389
2545 366
2550 354
2555 341
2560 341
2565 324
2570 324
2575 301
2580 301
2585 301
2590 295
2595 286
2600 286
2605 286
2610 286
2615 286
2620 286
2625 286
2630 286
2635 174
2640 174
2645 174
2650 174
2655 174
2660 174
2665 174
2670 174
2675 174
2680 174
2685 174
2690 174
2695 174
2700 174
2705 174
2710 174
2715 174
2720 174
2725 174
2730 174
2735 174
2740 174
2745 174
2750 174
2755 174
2760 168
2765 161
2770 152
2775 132
2780 115
2785 115
2790 115
2795 102
2800 102
2805 102
2810 102
2815 102
2820 102
2825 102
2830 102
2835 102
2840 102
2845 102
2850 102
2855 102
2860 102
2865 102
2870 102
2875 102
2880 102
2885 102
2890 102
2895 102
2900 102
2905 102
2910 102
2915 102
2920 102
2925 102
2930 102
2935 102
2940 102
2945 91
2950 83
2955 83
2960 83
2965 83
2970 83
2975 83
2980 83
2985 83
2990 83
2995 83
3000 83
3005 83
3010 79
3015 79
3020 79
3025 79
3030 68
3035 65
3040 65
3045 65
3050 65
3055 65
3060 65
3065 65
3070 65
3075 55
3080 33
3085 31
3090 31
3095 31
3100 31
3105 31
3110 31
3115 31
3120 31
3125 31
3130 31
3135 31
3140 31
3145 31
3150 31
3155 31
3160 31
3165 31
3170 24
3175 24
3180 24
3185 24
3190 24
3195 24
3200 24
3205 24
3210 24
3215 24
3220 24
3225 24
3230 24
3235 24
3240 24
3245 24
3250 24
3255 24
3260 24
3265 24
3270 24
3275 24
3280 24
3285 24
3290 24
3295 24
3300 24
3305 24
3310 24
