0 5066
5 5060
10 5054
15 5049
20 5040
25 5034
30 5025
35 5017
40 5010
45 5001
50 4991
55 4983
60 4977
65 4948
70 4816
75 4809
80 4803
85 4797
90 4791
95 4783
100 4782
105 4782
110 4782
115 4782
120 4782
125 4782
130 4782
135 4782
140 4782
145 4782
150 4782
155 4782
160 4745
165 4744
170 4744
175 4710
180 4703
185 4697
190 4696
195 4696
200 4670
205 4643
210 4635
215 4617
220 4548
225 4548
230 4547
235 4541
240 4535
245 4529
250 4524
255 4514
260 4508
265 4500
270 4494
275 4463
280 4453
285 4448
290 4442
295 4437
300 4432
305 4420
310 4414
315 4408
320 4403
325 4381
330 4359
335 4300
340 4295
345 4288
350 4281
355 4277
360 4277
365 4277
370 4277
375 4274
380 4267
385 4248
390 4233
395 4200
400 4194
405 4182
410 4142
415 4142
420 4142
425 4122
430 4120
435 4107
440 4100
445 4100
450 4097
455 4090
460 4065
465 4058
470 4053
475 4053
480 4053
485 4053
490 4053
495 4052
500 4045
505 4020
510 4014
515 4013
520 4008
525 4003
530 3996
535 3990
540 3984
545 3973
550 3921
555 3917
560 3917
565 3912
570 3905
575 3620
580 3620
585 3620
590 3620
595 3620
600 3620
605 3620
610 3620
615 3620
620 3620
625 3617
630 3612
635 3606
640 3599
645 3594
650 3593
655 3593
660 3593
665 3593
670 3593
675 3593
680 3593
685 3593
690 3593
695 3593
700 3590
705 3584
710 3582
715 3579
720 3573
725 3568
730 3558
735 3540
740 3535
745 3527
750 3521
755 3516
760 3511
765 3506
770 3499
775 3493
780 3485
785 3480
790 3468
795 3463
800 3457
805 3452
810 3447
815 3442
820 3435
825 3429
830 3424
835 3417
840 3396
845 3062
850 3062
855 3060
860 3054
865 3050
870 3041
875 3033
880 3021
885 3015
890 3008
895 2989
900 2989
905 2989
910 2989
915 2989
920 2989
925 2989
930 2989
935 2986
940 2979
945 2974
950 2969
955 2964
960 2957
965 2951
970 2942
975 2937
980 2931
985 2921
990 2915
995 2907
1000 2901
1005 2895
1010 2888
1015 2878
1020 2872
1025 2845
1030 2841
1035 2837
1040 2829
1045 2823
1050 2814
1055 2808
1060 2787
1065 2785
1070 2775
1075 2768
1080 2754
1085 2748
1090 2712
1095 2712
1100 2712
1105 2708
1110 2699
1115 2679
1120 2679
1125 2627
1130 2612
1135 2606
1140 2606
1145 2598
1150 2590
1155 2590
1160 2553
1165 2553
1170 2553
1175 2553
1180 2543
1185 2537
1190 2516
1195 2499
1200 2499
1205 2499
1210 2499
1215 2499
1220 2499
1225 2499
1230 2499
1235 2499
1240 2493
1245 2486
1250 2486
1255 2486
1260 2486
1265 2486
1270 2486
1275 2486
1280 2486
1285 2486
1290 2486
1295 2486
1300 2486
1305 2486
1310 2486
1315 2486
1320 2486
1325 2472
1330 2463
1335 2463
1340 2463
1345 2463
1350 2463
1355 2463
1360 2463
1365 2460
1370 2455
1375 2450
1380 2443
1385 2428
1390 2422
1395 2414
1400 2407
1405 2399
1410 2392
1415 2385
1420 2378
1425 2362
1430 2356
1435 2336
1440 2334
1445 2328
1450 2323
1455 2315
1460 2289
1465 2277
1470 2266
1475 2258
1480 2251
1485 2244
1490 2236
1495 2225
1500 2221
1505 2215
1510 2209
1515 2183
1520 2183
1525 2177
1530 2168
1535 2154
1540 2151
1545 2143
1550 2138
1555 2131
1560 2125
1565 2116
1570 2109
1575 2095
1580 1466
1585 1466
1590 1466
1595 1466
1600 1466
1605 1466
1610 1466
1615 1466
1620 1466
1625 1466
1630 1466
1635 1466
1640 1466
1645 1466
1650 1466
1655 1466
1660 1466
1665 1466
1670 1466
1675 1466
1680 1466
1685 1466
1690 1466
1695 1466
1700 1466
1705 1466
1710 1466
1715 1466
1720 1466
1725 1466
1730 1466
1735 1466
1740 1466
1745 1466
1750 1454
1755 1448
1760 1443
1765 1434
1770 1427
1775 1419
1780 1412
1785 1399
1790 1399
1795 1399
1800 1399
1805 1399
1810 1399
1815 1399
1820 1399
1825 1399
1830 1399
1835 1399
1840 1399
1845 1399
1850 1399
1855 1399
1860 1393
1865 1393
1870 1393
1875 1392
1880 1382
1885 1378
1890 1370
1895 1361
1900 1347
1905 1347
1910 1347
1915 1303
1920 1303
1925 1303
1930 1303
1935 1301
1940 1301
1945 1301
1950 1301
1955 1301
1960 1301
1965 1301
1970 1301
1975 1301
1980 1301
1985 1301
1990 1301
1995 1301
2000 1301
2005 1301
2010 1301
2015 1298
2020 1298
2025 1298
2030 1298
2035 1298
2040 1281
2045 1275
2050 1085
2055 1083
2060 1071
2065 1052
2070 1052
2075 1001
2080 1001
2085 1001
2090 1001
2095 997
2100 997
2105 990
2110 982
2115 975
2120 970
2125 965
2130 957
2135 948
2140 939
2145 932
2150 926
2155 920
2160 914
2165 899
2170 891
2175 882
2180 867
2185 842
2190 832
2195 832
2200 829
2205 819
2210 809
2215 804
2220 799
2225 789
2230 779
2235 749
2240 675
2245 669
2250 664
2255 646
2260 641
2265 633
2270 617
2275 615
2280 615
2285 604
2290 600
2295 595
2300 590
2305 583
2310 568
2315 568
2320 568
2325 568
2330 568
2335 568
2340 568
2345 568
2350 568
2355 568
2360 568
2365 568
2370 568
2375 568
2380 568
2385 568
2390 568
2395 568
2400 568
2405 568
2410 568
2415 568
2420 568
2425 568
2430 559
2435 552
2440 542
2445 476
2450 239
2455 233
2460 233
2465 233
2470 233
2475 233
2480 233
2485 233
2490 233
2495 233
2500 233
2505 221
2510 221
2515 221
2520 221
2525 221
2530 221
2535 221
2540 221
2545 221
2550 221
2555 221
2560 199
2565 199
2570 177
2575 177
2580 177
2585 169
2590 164
2595 164
2600 164
2605 164
2610 164
2615 164
2620 164
2625 164
2630 164
2635 164
2640 164
2645 164
2650 164
2655 164
2660 164
2665 164
2670 164
2675 164
2680 164
2685 164
2690 164
2695 164
2700 164
2705 164
2710 164
2715 164
2720 164
2725 164
2730 164
2735 164
2740 164
2745 164
2750 164
2755 164
2760 160
2765 152
2770 143
2775 134
2780 107
2785 102
2790 102
2795 102
2800 102
2805 102
2810 102
2815 102
2820 102
2825 102
2830 102
2835 102
2840 102
2845 102
2850 102
2855 102
2860 102
2865 102
2870 102
2875 102
2880 102
2885 102
2890 102
2895 102
2900 102
2905 102
2910 102
2915 102
2920 102
2925 102
2930 102
2935 102
2940 102
2945 102
2950 102
2955 102
2960 102
2965 89
2970 81
2975 74
2980 74
2985 74
2990 74
2995 74
3000 74
3005 74
3010 74
3015 74
3020 74
3025 74
3030 70
3035 70
3040 70
3045 70
3050 70
3055 70
3060 70
3065 70
3070 65
3075 65
3080 52
3085 52
3090 40
3095 37
3100 34
3105 34
3110 34
3115 34
3120 34
3125 34
3130 34
3135 34
3140 34
3145 34
3150 34
3155 34
3160 34
3165 34
3170 22
3175 22
3180 22
3185 22
3190 22
3195 22
3200 22
3205 22
3210 22
3215 22
3220 22
3225 22
3230 22
3235 22
3240 22
3245 22
3250 22
3255 22
3260 22
3265 22
3270 22
3275 22
3280 22
3285 22
3290 22
3295 22
3300 22
3305 22
3310 22
3315 22
3320 22
