0 5066
5 5066
10 5066
15 5066
20 5066
25 5066
30 5066
35 5066
40 5066
45 5066
50 5066
55 5063
60 5063
65 5055
70 5053
75 5034
80 5034
85 5009
90 5009
95 4995
100 4992
105 4990
110 4990
115 4988
120 4988
125 4987
130 4987
135 4985
140 4921
145 4920
150 4898
155 4895
160 4892
165 4892
170 4887
175 4883
180 4883
185 4870
190 4870
195 4870
200 4839
205 4838
210 4838
215 4818
220 4723
225 4723
230 4716
235 4713
240 4700
245 4700
250 4691
255 4684
260 4684
265 4683
270 4664
275 4650
280 4641
285 4637
290 4635
295 4634
300 4634
305 4634
310 4626
315 4614
320 4608
325 4607
330 4604
335 4595
340 4595
345 4594
350 4594
355 4594
360 4594
365 4594
370 4564
375 4562
380 4561
385 4561
390 4559
395 4550
400 4547
405 4546
410 4531
415 4521
420 4513
425 4510
430 4508
435 4508
440 4500
445 4500
450 4479
455 4478
460 4473
465 4465
470 4460
475 4458
480 4456
485 4439
490 4439
495 4438
500 4438
505 4434
510 4430
515 4425
520 4415
525 4407
530 4399
535 4390
540 4357
545 4326
550 4323
555 4303
560 4302
565 4293
570 4292
575 4292
580 4282
585 4282
590 4279
595 4277
600 4242
605 4207
610 4202
615 4182
620 4177
625 4091
630 4074
635 3962
640 3922
645 3922
650 3920
655 3919
660 3919
665 3918
670 3912
675 3874
680 3873
685 3862
690 3862
695 3858
700 3841
705 3837
710 3790
715 3787
720 3787
725 3779
730 3775
735 3772
740 3766
745 3714
750 3712
755 3674
760 3668
765 3668
770 3663
775 3639
780 3632
785 3601
790 3596
795 3592
800 3590
805 3570
810 3537
815 3524
820 3523
825 3520
830 3520
835 3517
840 3505
845 3502
850 3501
855 3501
860 3490
865 3490
870 3490
875 3478
880 3266
885 3251
890 3250
895 3239
900 3235
905 3228
910 3146
915 2990
920 2971
925 2965
930 2962
935 2938
940 2933
945 2933
950 2932
955 2425
960 2339
965 2335
970 2327
975 2303
980 2299
985 2296
990 2295
995 2295
1000 2290
1005 2290
1010 2290
1015 2285
1020 2285
1025 2259
1030 2255
1035 2255
1040 2252
1045 2236
1050 2232
1055 2229
1060 2222
1065 2218
1070 2216
1075 2216
1080 2216
1085 2206
1090 2204
1095 2198
1100 2197
1105 2197
1110 2196
1115 2191
1120 2179
1125 2139
1130 2135
1135 2132
1140 2126
1145 2122
1150 2120
1155 2107
1160 2105
1165 2062
1170 2060
1175 1799
1180 1796
1185 1788
1190 1787
1195 1777
1200 1774
1205 1766
1210 1764
1215 1761
1220 1761
1225 1760
1230 1760
1235 1737
1240 1670
1245 1665
1250 1655
1255 1653
1260 1630
1265 1627
1270 1627
1275 1627
1280 1627
1285 1627
1290 1627
1295 1627
1300 1624
1305 1624
1310 1558
1315 1549
1320 1549
1325 1545
1330 1541
1335 1540
1340 1534
1345 1534
1350 1529
1355 1529
1360 1467
1365 1465
1370 1465
1375 1462
1380 1462
1385 1462
1390 1462
1395 1457
1400 1446
1405 1441
1410 1435
1415 1430
1420 1428
1425 1407
1430 1407
1435 1401
1440 1399
1445 1389
1450 1377
1455 1377
1460 1374
1465 1368
1470 1367
1475 1360
1480 1359
1485 1347
1490 1347
1495 1347
1500 1345
1505 1345
1510 1342
1515 1342
1520 1342
1525 1316
1530 1316
1535 1293
1540 1283
1545 1283
1550 1222
1555 1222
1560 1220
1565 1220
1570 1220
1575 1218
1580 1217
1585 1198
1590 1198
1595 1197
1600 1196
1605 1196
1610 1195
1615 1195
1620 1195
1625 1195
1630 1185
1635 1184
1640 1181
1645 1180
1650 1180
1655 1180
1660 1174
1665 1116
1670 1112
1675 1108
1680 1104
1685 1100
1690 1085
1695 1085
1700 1085
1705 1085
1710 1066
1715 1066
1720 1064
1725 1064
1730 1062
1735 1059
1740 1059
1745 1056
1750 1054
1755 1054
1760 1053
1765 1053
1770 1052
1775 1036
1780 1035
1785 1034
1790 1033
1795 1032
1800 1031
1805 1028
1810 1028
1815 1028
1820 1025
1825 1025
1830 882
1835 656
1840 656
1845 647
1850 647
1855 646
1860 646
1865 615
1870 615
1875 615
1880 615
1885 605
1890 605
1895 605
1900 605
1905 605
1910 605
1915 602
1920 602
1925 602
1930 600
1935 599
1940 579
1945 555
1950 555
1955 555
1960 555
1965 548
1970 548
1975 527
1980 527
1985 525
1990 524
1995 524
2000 524
2005 523
2010 523
2015 517
2020 517
2025 513
2030 473
2035 466
2040 465
2045 465
2050 464
2055 462
2060 462
2065 462
2070 461
2075 457
2080 432
2085 431
2090 430
2095 428
2100 428
2105 428
2110 425
2115 425
2120 421
2125 421
2130 421
2135 421
2140 419
2145 419
2150 418
2155 418
2160 418
2165 417
2170 417
2175 417
2180 417
2185 414
2190 414
2195 414
2200 413
2205 413
2210 413
2215 413
2220 412
2225 412
2230 412
2235 412
2240 412
2245 412
2250 412
2255 412
2260 412
2265 410
2270 410
2275 410
2280 410
2285 409
2290 405
2295 405
2300 405
2305 405
2310 405
2315 404
2320 397
2325 397
2330 397
2335 397
2340 397
2345 396
2350 396
2355 396
2360 396
2365 394
2370 394
2375 392
2380 392
2385 388
2390 388
2395 388
2400 388
2405 385
2410 384
2415 384
2420 384
2425 383
2430 383
2435 383
2440 381
2445 381
2450 381
2455 379
2460 377
2465 377
2470 375
2475 374
2480 374
2485 374
2490 374
2495 374
2500 373
2505 373
2510 373
2515 372
2520 372
2525 372
2530 369
2535 368
2540 363
2545 362
2550 361
2555 354
2560 354
2565 348
2570 348
2575 348
2580 339
2585 339
2590 339
2595 338
2600 335
2605 335
2610 335
2615 332
2620 332
2625 332
2630 332
2635 332
2640 332
2645 332
2650 332
2655 332
2660 318
2665 318
2670 315
2675 315
2680 315
2685 315
2690 315
2695 315
2700 312
2705 312
2710 312
2715 312
2720 312
2725 312
2730 312
2735 311
2740 305
2745 305
2750 292
2755 292
2760 291
2765 291
2770 291
2775 291
2780 277
2785 277
2790 277
2795 277
2800 277
2805 277
2810 276
2815 276
2820 276
2825 276
2830 274
2835 273
2840 273
2845 273
2850 273
2855 272
2860 272
2865 272
2870 272
2875 272
2880 272
2885 272
2890 272
2895 272
2900 272
2905 272
2910 272
2915 272
2920 263
2925 263
2930 261
2935 261
2940 258
2945 258
2950 258
2955 258
2960 258
2965 258
2970 258
2975 258
2980 258
2985 258
2990 255
2995 255
3000 255
3005 255
3010 255
3015 255
3020 255
3025 255
3030 255
3035 255
3040 255
3045 255
3050 255
3055 246
3060 246
3065 246
3070 231
3075 229
3080 228
3085 228
3090 228
3095 228
3100 228
3105 228
3110 228
3115 228
3120 228
3125 228
3130 226
3135 226
3140 226
3145 226
3150 226
3155 224
3160 224
3165 224
3170 224
3175 224
3180 223
3185 222
3190 222
3195 222
3200 222
3205 222
3210 222
3215 222
3220 222
3225 221
3230 221
3235 221
3240 221
3245 221
3250 221
3255 221
3260 221
3265 221
3270 219
3275 219
3280 219
3285 219
3290 219
3295 219
3300 218
3305 217
3310 217
3315 190
3320 189
3325 189
3330 189
3335 189
3340 189
3345 189
3350 188
3355 186
3360 186
3365 186
3370 186
3375 186
3380 175
3385 175
3390 175
3395 175
3400 175
3405 175
3410 174
3415 174
3420 174
3425 174
3430 174
3435 174
3440 174
3445 174
3450 174
3455 174
3460 171
3465 171
3470 171
3475 171
3480 171
3485 171
3490 167
3495 167
3500 167
3505 167
3510 164
3515 164
3520 164
3525 164
3530 164
3535 164
3540 164
3545 164
3550 163
3555 163
3560 163
3565 163
3570 162
3575 162
3580 162
3585 154
3590 154
3595 154
3600 154
3605 153
3610 153
3615 153
3620 153
3625 153
3630 153
3635 151
3640 151
3645 151
3650 145
3655 144
3660 144
3665 143
3670 143
3675 134
3680 134
3685 134
3690 134
3695 134
3700 134
3705 134
3710 134
3715 133
3720 133
3725 133
3730 133
3735 133
3740 133
3745 133
3750 133
3755 129
3760 129
3765 128
3770 128
3775 128
3780 128
3785 128
3790 128
3795 127
3800 127
3805 126
3810 126
3815 126
3820 126
3825 126
3830 126
3835 126
3840 126
3845 119
3850 119
3855 119
3860 119
3865 119
3870 118
3875 116
3880 116
3885 116
3890 116
3895 116
3900 116
3905 116
3910 116
3915 116
3920 116
3925 116
3930 109
3935 109
3940 105
3945 101
3950 101
3955 100
3960 99
3965 99
3970 99
3975 97
3980 97
3985 97
3990 97
3995 97
4000 97
4005 97
4010 97
4015 97
4020 94
4025 94
4030 94
4035 94
4040 94
4045 94
4050 93
4055 93
4060 93
4065 93
4070 93
4075 93
4080 93
4085 93
4090 89
4095 89
4100 88
4105 88
4110 88
4115 88
4120 88
4125 88
4130 88
4135 88
4140 83
4145 83
4150 83
4155 82
4160 82
4165 82
4170 82
4175 82
4180 82
4185 82
4190 82
4195 82
4200 82
4205 82
4210 82
4215 82
4220 82
4225 82
4230 82
4235 82
4240 82
4245 82
4250 82
4255 82
4260 82
4265 82
4270 82
4275 82
4280 82
4285 82
4290 82
4295 82
4300 82
4305 82
4310 82
4315 82
4320 82
4325 82
4330 82
4335 82
4340 82
4345 82
4350 82
4355 82
4360 81
4365 81
4370 81
4375 81
4380 81
4385 81
4390 81
4395 56
4400 56
4405 56
4410 54
4415 54
4420 54
4425 54
4430 54
4435 52
4440 52
4445 28
4450 28
4455 28
4460 28
4465 28
4470 28
4475 28
4480 28
4485 28
4490 28
4495 28
4500 28
4505 28
4510 28
4515 28
4520 28
4525 28
4530 28
4535 28
4540 28
4545 28
4550 28
4555 28
4560 28
4565 28
4570 28
4575 26
4580 26
4585 26
4590 26
4595 26
4600 26
4605 24
4610 24
4615 24
4620 24
4625 23
4630 23
4635 23
4640 23
4645 23
4650 23
4655 23
4660 17
4665 17
4670 17
4675 17
4680 17
4685 17
4690 17
4695 17
4700 17
4705 17
4710 17
4715 17
4720 17
4725 17
4730 17
4735 17
4740 17
4745 17
4750 17
4755 17
4760 17
4765 17
4770 17
4775 17
4780 17
4785 17
4790 17
4795 17
4800 17
4805 17
4810 17
4815 17
4820 17
4825 17
4830 14
4835 14
4840 14
4845 14
4850 14
4855 14
4860 14
4865 14
4870 14
4875 14
4880 14
4885 14
4890 14
4895 14
4900 14
4905 14
4910 14
4915 14
4920 14
4925 14
4930 14
4935 14
4940 14
4945 14
4950 14
4955 14
4960 14
4965 14
4970 14
4975 14
4980 14
4985 14
4990 14
4995 14
5000 14
5005 14
5010 14
5015 14
5020 14
5025 14
5030 14
5035 14
5040 14
5045 14
5050 14
5055 14
5060 14
5065 14
5070 14
5075 14
5080 14
5085 14
5090 14
5095 14
5100 14
5105 14
5110 14
5115 14
5120 14
5125 14
5130 14
5135 14
5140 14
5145 14
5150 14
5155 14
5160 14
5165 14
5170 14
5175 14
5180 14
5185 14
5190 14
5195 14
5200 14
5205 14
5210 14
5215 14
5220 14
5225 13
5230 13
5235 13
5240 13
5245 13
5250 13
5255 13
5260 13
5265 13
5270 13
5275 9
5280 9
5285 9
5290 9
5295 8
5300 8
5305 8
5310 8
5315 8
5320 8
5325 8
5330 8
5335 8
5340 8
5345 8
5350 8
5355 8
5360 8
5365 8
5370 8
5375 8
5380 8
5385 8
5390 8
5395 8
5400 8
5405 8
5410 8
5415 8
5420 8
5425 7
5430 7
5435 7
5440 7
5445 7
5450 7
5455 7
5460 7
5465 6
5470 6
5475 6
5480 6
5485 6
5490 6
5495 6
5500 6
5505 6
5510 6
5515 6
5520 6
5525 6
5530 6
5535 6
5540 6
5545 6
5550 6
5555 6
5560 6
5565 6
5570 6
5575 6
5580 6
5585 6
5590 6
5595 6
5600 6
5605 6
5610 6
5615 6
5620 6
5625 6
5630 6
5635 6
5640 6
5645 6
5650 6
5655 6
5660 6
5665 6
5670 6
5675 6
5680 6
5685 6
5690 6
5695 6
5700 6
5705 6
5710 6
5715 6
5720 6
5725 6
5730 6
5735 6
5740 6
5745 6
5750 6
5755 6
5760 6
5765 6
5770 6
5775 6
5780 6
5785 6
5790 5
5795 5
5800 5
5805 5
5810 5
5815 5
5820 5
5825 5
5830 5
5835 5
5840 5
5845 5
5850 5
5855 5
5860 5
5865 5
5870 5
5875 5
5880 5
5885 5
5890 5
5895 5
5900 5
5905 5
5910 5
5915 5
5920 5
5925 5
5930 5
5935 5
5940 5
5945 5
5950 5
5955 5
5960 5
5965 5
5970 5
5975 5
5980 5
5985 5
5990 4
5995 4
6000 4
6005 4
6010 4
6015 4
6020 4
6025 4
6030 4
6035 4
6040 4
6045 4
6050 3
6055 3
6060 3
6065 3
6070 3
6075 3
6080 3
6085 3
6090 3
6095 3
6100 3
6105 3
6110 3
6115 3
6120 3
6125 3
6130 3
6135 2
6140 2
6145 2
6150 2
6155 2
6160 2
6165 1
