0 5066
5 5066
10 5066
15 5066
20 5066
25 5066
30 5065
35 5065
40 5063
45 5063
50 5063
55 5063
60 5061
65 5061
70 5061
75 5061
80 5061
85 5055
90 5042
95 5031
100 5031
105 5029
110 5029
115 5029
120 5027
125 4864
130 4864
135 4863
140 4859
145 4859
150 4859
155 4859
160 4855
165 4855
170 4855
175 4849
180 4844
185 4815
190 4800
195 4779
200 4776
205 4774
210 4769
215 4769
220 4746
225 4618
230 4618
235 4618
240 4613
245 4604
250 4595
255 4594
260 4589
265 4588
270 4588
275 4584
280 4578
285 4578
290 4572
295 4572
300 4572
305 4572
310 4570
315 4570
320 4556
325 4545
330 4545
335 4538
340 4520
345 4488
350 4486
355 4485
360 4466
365 4457
370 4457
375 4456
380 4451
385 4451
390 4447
395 4447
400 4436
405 4436
410 4434
415 4433
420 4385
425 4385
430 4384
435 4363
440 4351
445 4327
450 4320
455 4278
460 4277
465 4275
470 4264
475 4264
480 4263
485 4262
490 4261
495 4246
500 4211
505 4205
510 4203
515 4182
520 4174
525 4132
530 4132
535 4094
540 4086
545 4086
550 4086
555 4083
560 4081
565 4068
570 4031
575 4005
580 3993
585 3985
590 3981
595 3981
600 3974
605 3968
610 3964
615 3964
620 3961
625 3946
630 3936
635 3923
640 3920
645 3916
650 3905
655 3905
660 3888
665 3886
670 3882
675 3873
680 3869
685 3866
690 3837
695 3822
700 3817
705 3811
710 3809
715 3795
720 3787
725 3772
730 3771
735 3756
740 3756
745 3698
750 3689
755 3683
760 3668
765 3661
770 3661
775 3661
780 3657
785 3651
790 3646
795 3644
800 3640
805 3624
810 3619
815 3590
820 3577
825 3567
830 3545
835 3514
840 3502
845 3483
850 3479
855 3465
860 3464
865 3460
870 3451
875 3450
880 3440
885 3437
890 3433
895 3432
900 3429
905 3415
910 3415
915 3393
920 2437
925 2437
930 2436
935 2418
940 2413
945 2411
950 2410
955 2401
960 2387
965 2041
970 2040
975 2039
980 2038
985 2033
990 2032
995 2016
1000 2014
1005 1998
1010 1985
1015 1969
1020 1967
1025 1966
1030 1961
1035 1961
1040 1959
1045 1952
1050 1952
1055 1946
1060 1941
1065 1941
1070 1941
1075 1935
1080 1923
1085 1922
1090 1922
1095 1910
1100 1910
1105 1910
1110 1905
1115 1899
1120 1899
1125 1899
1130 1899
1135 1894
1140 1887
1145 1870
1150 1867
1155 1850
1160 1849
1165 1845
1170 1752
1175 1752
1180 1733
1185 1733
1190 1733
1195 1733
1200 1723
1205 1714
1210 1701
1215 1697
1220 1696
1225 1695
1230 1689
1235 1670
1240 1669
1245 1664
1250 1608
1255 1587
1260 1586
1265 1586
1270 1582
1275 1580
1280 1578
1285 1571
1290 1568
1295 1557
1300 1555
1305 1555
1310 1547
1315 1523
1320 1523
1325 1510
1330 1504
1335 1496
1340 1491
1345 1491
1350 1490
1355 1490
1360 1490
1365 1489
1370 1489
1375 1488
1380 1468
1385 1468
1390 1457
1395 1457
1400 1456
1405 1456
1410 1452
1415 1443
1420 1388
1425 1386
1430 1384
1435 1383
1440 1374
1445 1374
1450 1370
1455 1368
1460 1348
1465 1345
1470 1345
1475 1345
1480 1345
1485 1338
1490 1333
1495 1330
1500 1326
1505 1326
1510 1317
1515 1312
1520 1302
1525 1302
1530 1284
1535 1079
1540 1077
1545 1077
1550 1077
1555 1076
1560 1075
1565 1074
1570 1065
1575 1065
1580 1065
1585 1058
1590 1055
1595 1055
1600 1047
1605 1047
1610 1047
1615 1038
1620 1034
1625 1034
1630 1029
1635 1026
1640 1023
1645 1023
1650 1008
1655 1008
1660 1008
1665 1008
1670 977
1675 973
1680 969
1685 969
1690 967
1695 967
1700 967
1705 967
1710 967
1715 962
1720 962
1725 959
1730 959
1735 959
1740 959
1745 959
1750 958
1755 958
1760 941
1765 937
1770 934
1775 933
1780 915
1785 915
1790 915
1795 911
1800 911
1805 906
1810 906
1815 906
1820 906
1825 906
1830 906
1835 904
1840 904
1845 904
1850 904
1855 903
1860 900
1865 896
1870 896
1875 896
1880 896
1885 889
1890 889
1895 889
1900 889
1905 883
1910 878
1915 878
1920 873
1925 869
1930 869
1935 869
1940 865
1945 865
1950 864
1955 864
1960 861
1965 860
1970 857
1975 857
1980 855
1985 854
1990 854
1995 854
2000 853
2005 837
2010 837
2015 832
2020 832
2025 797
2030 793
2035 791
2040 791
2045 791
2050 787
2055 776
2060 774
2065 773
2070 773
2075 771
2080 769
2085 769
2090 769
2095 768
2100 764
2105 763
2110 763
2115 762
2120 758
2125 758
2130 758
2135 756
2140 756
2145 754
2150 748
2155 743
2160 735
2165 734
2170 734
2175 734
2180 734
2185 732
2190 727
2195 721
2200 721
2205 721
2210 721
2215 716
2220 716
2225 716
2230 716
2235 715
2240 711
2245 711
2250 711
2255 711
2260 695
2265 695
2270 692
2275 692
2280 692
2285 691
2290 690
2295 685
2300 682
2305 679
2310 677
2315 677
2320 677
2325 675
2330 675
2335 672
2340 667
2345 663
2350 663
2355 663
2360 663
2365 663
2370 662
2375 662
2380 662
2385 661
2390 660
2395 659
2400 659
2405 659
2410 657
2415 636
2420 636
2425 636
2430 636
2435 600
2440 596
2445 595
2450 595
2455 594
2460 593
2465 593
2470 589
2475 589
2480 589
2485 588
2490 542
2495 542
2500 529
2505 529
2510 529
2515 528
2520 525
2525 512
2530 512
2535 512
2540 511
2545 510
2550 510
2555 510
2560 510
2565 510
2570 510
2575 510
2580 510
2585 482
2590 482
2595 478
2600 478
2605 478
2610 474
2615 471
2620 471
2625 471
2630 471
2635 471
2640 471
2645 471
2650 471
2655 468
2660 468
2665 468
2670 464
2675 464
2680 419
2685 418
2690 417
2695 417
2700 381
2705 381
2710 378
2715 378
2720 373
2725 373
2730 373
2735 373
2740 373
2745 373
2750 373
2755 372
2760 371
2765 371
2770 369
2775 369
2780 369
2785 369
2790 369
2795 369
2800 365
2805 365
2810 364
2815 364
2820 364
2825 355
2830 353
2835 353
2840 348
2845 348
2850 348
2855 344
2860 344
2865 344
2870 327
2875 325
2880 325
2885 324
2890 324
2895 324
2900 324
2905 324
2910 324
2915 323
2920 323
2925 323
2930 323
2935 323
2940 322
2945 322
2950 322
2955 322
2960 319
2965 319
2970 319
2975 318
2980 318
2985 318
2990 318
2995 318
3000 316
3005 316
3010 316
3015 316
3020 316
3025 316
3030 315
3035 315
3040 315
3045 315
3050 303
3055 303
3060 303
3065 303
3070 303
3075 303
3080 297
3085 297
3090 294
3095 293
3100 293
3105 243
3110 243
3115 243
3120 235
3125 234
3130 234
3135 234
3140 234
3145 233
3150 233
3155 233
3160 233
3165 225
3170 224
3175 223
3180 219
3185 218
3190 218
3195 215
3200 215
3205 215
3210 214
3215 214
3220 214
3225 214
3230 214
3235 214
3240 214
3245 214
3250 213
3255 213
3260 213
3265 213
3270 201
3275 199
3280 199
3285 199
3290 199
3295 199
3300 198
3305 198
3310 195
3315 194
3320 194
3325 194
3330 194
3335 176
3340 169
3345 169
3350 168
3355 168
3360 166
3365 166
3370 166
3375 166
3380 166
3385 162
3390 162
3395 162
3400 162
3405 156
3410 156
3415 156
3420 149
3425 149
3430 149
3435 148
3440 148
3445 148
3450 139
3455 139
3460 139
3465 139
3470 139
3475 139
3480 139
3485 139
3490 139
3495 139
3500 139
3505 139
3510 139
3515 139
3520 119
3525 119
3530 119
3535 119
3540 119
3545 119
3550 119
3555 119
3560 119
3565 119
3570 119
3575 119
3580 117
3585 117
3590 117
3595 117
3600 116
3605 116
3610 116
3615 116
3620 115
3625 115
3630 114
3635 114
3640 114
3645 110
3650 110
3655 110
3660 110
3665 110
3670 110
3675 109
3680 109
3685 109
3690 109
3695 108
3700 108
3705 108
3710 108
3715 108
3720 108
3725 108
3730 108
3735 108
3740 96
3745 94
3750 94
3755 94
3760 94
3765 94
3770 94
3775 94
3780 94
3785 94
3790 94
3795 94
3800 94
3805 94
3810 94
3815 94
3820 94
3825 94
3830 94
3835 52
3840 52
3845 52
3850 52
3855 52
3860 52
3865 52
3870 52
3875 51
3880 51
3885 51
3890 51
3895 51
3900 51
3905 51
3910 51
3915 51
3920 51
3925 51
3930 51
3935 51
3940 51
3945 51
3950 51
3955 51
3960 51
3965 51
3970 51
3975 51
3980 51
3985 51
3990 51
3995 51
4000 51
4005 51
4010 51
4015 51
4020 51
4025 51
4030 51
4035 51
4040 51
4045 51
4050 51
4055 51
4060 51
4065 51
4070 49
4075 49
4080 49
4085 49
4090 49
4095 49
4100 49
4105 49
4110 49
4115 49
4120 49
4125 49
4130 49
4135 49
4140 49
4145 49
4150 49
4155 49
4160 49
4165 49
4170 49
4175 49
4180 49
4185 49
4190 49
4195 49
4200 49
4205 49
4210 49
4215 49
4220 49
4225 49
4230 49
4235 49
4240 49
4245 49
4250 49
4255 49
4260 49
4265 49
4270 49
4275 49
4280 49
4285 27
4290 27
4295 27
4300 27
4305 27
4310 27
4315 27
4320 27
4325 27
4330 27
4335 27
4340 27
4345 27
4350 27
4355 27
4360 26
4365 26
4370 26
4375 22
4380 22
4385 22
4390 22
4395 22
4400 22
4405 22
4410 22
4415 22
4420 22
4425 22
4430 22
4435 22
4440 22
4445 21
4450 21
4455 21
4460 21
4465 21
4470 21
4475 20
4480 20
4485 20
4490 20
4495 20
4500 20
4505 19
4510 19
4515 19
4520 19
4525 19
4530 19
4535 19
4540 19
4545 19
4550 18
4555 18
4560 18
4565 18
4570 18
4575 18
4580 18
4585 18
4590 18
4595 18
4600 18
4605 18
4610 18
4615 18
4620 18
4625 18
4630 18
4635 18
4640 18
4645 18
4650 18
4655 18
4660 18
4665 18
4670 18
4675 17
4680 17
4685 17
4690 17
4695 17
4700 17
4705 17
4710 17
4715 17
4720 17
4725 17
4730 17
4735 17
4740 17
4745 17
4750 17
4755 17
4760 17
4765 17
4770 17
4775 17
4780 17
4785 17
4790 17
4795 17
4800 17
4805 17
4810 17
4815 17
4820 16
4825 16
4830 16
4835 16
4840 16
4845 16
4850 16
4855 16
4860 16
4865 16
4870 16
4875 16
4880 16
4885 16
4890 16
4895 16
4900 16
4905 16
4910 16
4915 16
4920 16
4925 16
4930 16
4935 16
4940 15
4945 15
4950 15
4955 15
4960 15
4965 15
4970 15
4975 15
4980 15
4985 15
4990 15
4995 15
5000 15
5005 15
5010 15
5015 15
5020 15
5025 15
5030 15
5035 15
5040 15
5045 15
5050 15
5055 15
5060 15
5065 15
5070 15
5075 15
5080 15
5085 15
5090 15
5095 15
5100 15
5105 15
5110 15
5115 15
5120 15
5125 15
5130 15
5135 15
5140 15
5145 15
5150 15
5155 15
5160 15
5165 15
5170 14
5175 14
5180 13
5185 13
5190 13
5195 13
5200 13
5205 13
5210 13
5215 13
5220 13
5225 13
5230 13
5235 13
5240 13
5245 13
5250 13
5255 13
5260 13
5265 13
5270 13
5275 13
5280 13
5285 13
5290 13
5295 13
5300 13
5305 13
5310 13
5315 13
5320 13
5325 13
5330 12
5335 12
5340 12
5345 12
5350 12
5355 12
5360 12
5365 12
5370 12
5375 12
5380 12
5385 12
5390 12
5395 12
5400 12
5405 12
5410 12
5415 12
5420 8
5425 8
5430 8
5435 8
5440 8
5445 8
5450 8
5455 8
5460 8
5465 8
5470 8
5475 7
5480 7
5485 7
5490 7
5495 7
5500 7
5505 7
5510 6
5515 6
5520 6
5525 6
5530 6
5535 6
5540 6
5545 6
5550 6
5555 6
5560 6
5565 6
5570 6
5575 5
5580 5
5585 5
5590 5
5595 5
5600 5
5605 5
5610 5
5615 5
5620 5
5625 5
5630 5
5635 5
5640 5
5645 5
5650 5
5655 5
5660 5
5665 5
5670 5
5675 5
5680 5
5685 5
5690 5
5695 5
5700 5
5705 5
5710 5
5715 5
5720 5
5725 5
5730 5
5735 5
5740 5
5745 5
5750 5
5755 5
5760 5
5765 5
5770 5
5775 5
5780 5
5785 5
5790 5
5795 5
5800 5
5805 5
5810 5
5815 5
5820 5
5825 5
5830 5
5835 5
5840 5
5845 5
5850 5
5855 5
5860 5
5865 5
5870 5
5875 5
5880 5
5885 5
5890 4
5895 4
5900 4
5905 4
5910 4
5915 4
5920 4
5925 4
5930 4
5935 4
5940 4
5945 4
5950 4
5955 4
5960 4
5965 4
5970 4
5975 4
5980 4
5985 4
5990 4
5995 4
6000 4
6005 4
6010 4
6015 4
6020 4
6025 4
6030 4
6035 3
6040 3
6045 3
6050 3
6055 3
6060 3
6065 3
6070 3
6075 3
6080 3
6085 3
6090 3
6095 3
6100 3
6105 3
6110 3
6115 2
6120 2
6125 2
6130 2
6135 2
6140 2
6145 2
6150 2
6155 2
6160 2
6165 1
