0 5066
5 5066
10 5066
15 5066
20 4905
25 4905
30 4905
35 4905
40 4905
45 4905
50 4905
55 4905
60 4905
65 4905
70 4905
75 4902
80 4902
85 4897
90 4897
95 4896
100 4895
105 4895
110 4890
115 4890
120 4890
125 4888
130 4826
135 4826
140 4822
145 4822
150 4819
155 4809
160 4809
165 4808
170 4808
175 4805
180 4803
185 4796
190 4782
195 4777
200 4777
205 4777
210 4773
215 4773
220 4773
225 4758
230 4758
235 4756
240 4752
245 4752
250 4746
255 4744
260 4744
265 4743
270 4739
275 4737
280 4702
285 4692
290 4692
295 4684
300 4684
305 4682
310 4682
315 4680
320 4678
325 4677
330 4677
335 4642
340 4642
345 4641
350 4640
355 4622
360 4622
365 4622
370 4615
375 4614
380 4524
385 4522
390 4518
395 4518
400 4518
405 4503
410 4492
415 4492
420 4486
425 4486
430 4366
435 4363
440 4346
445 4340
450 4326
455 4325
460 4290
465 4290
470 4271
475 4264
480 4257
485 4240
490 4234
495 4180
500 4180
505 4176
510 4165
515 4127
520 4118
525 4109
530 4109
535 4109
540 4069
545 4062
550 4060
555 4031
560 4028
565 4028
570 4014
575 3991
580 3990
585 3985
590 3976
595 3968
600 3952
605 3946
610 3939
615 3930
620 3926
625 3918
630 3897
635 3897
640 3894
645 3877
650 3871
655 3855
660 3853
665 3838
670 3836
675 3821
680 3798
685 3787
690 3781
695 3772
700 3765
705 3756
710 3750
715 3729
720 3723
725 3722
730 3689
735 3689
740 3689
745 3685
750 3664
755 3662
760 3659
765 3648
770 3646
775 3645
780 3636
785 3624
790 3618
795 3618
800 3616
805 3608
810 3600
815 3595
820 3589
825 3582
830 3572
835 3559
840 3558
845 3556
850 3320
855 3318
860 3308
865 3308
870 3300
875 3299
880 3296
885 3290
890 3282
895 3271
900 3269
905 3269
910 3246
915 3221
920 3213
925 3210
930 3190
935 3156
940 3113
945 3097
950 3093
955 3072
960 3052
965 3049
970 3044
975 3044
980 3031
985 3024
990 3013
995 3013
1000 3005
1005 3004
1010 2994
1015 2983
1020 2966
1025 2955
1030 2953
1035 2953
1040 2949
1045 2945
1050 2940
1055 2929
1060 2898
1065 2884
1070 2857
1075 2852
1080 2851
1085 2814
1090 2814
1095 2457
1100 2450
1105 2418
1110 2414
1115 2414
1120 2414
1125 2408
1130 2402
1135 2387
1140 2385
1145 2370
1150 1873
1155 1867
1160 1864
1165 1855
1170 1852
1175 1847
1180 1844
1185 1842
1190 1842
1195 1841
1200 1838
1205 1838
1210 1836
1215 1836
1220 1817
1225 1817
1230 1814
1235 1809
1240 1809
1245 1802
1250 1802
1255 1802
1260 1800
1265 1788
1270 1566
1275 1564
1280 1564
1285 1564
1290 1562
1295 1549
1300 1549
1305 1545
1310 1336
1315 1336
1320 1336
1325 1336
1330 1330
1335 1322
1340 1321
1345 1320
1350 1319
1355 1317
1360 1317
1365 1299
1370 1299
1375 1299
1380 1289
1385 1284
1390 1283
1395 1280
1400 1277
1405 1273
1410 1270
1415 1270
1420 1212
1425 1212
1430 1210
1435 1210
1440 1210
1445 1209
1450 1116
1455 1114
1460 1113
1465 1113
1470 1111
1475 1111
1480 1110
1485 1087
1490 1083
1495 1068
1500 942
1505 941
1510 937
1515 935
1520 935
1525 935
1530 934
1535 934
1540 933
1545 933
1550 932
1555 912
1560 909
1565 909
1570 909
1575 909
1580 907
1585 906
1590 904
1595 904
1600 904
1605 902
1610 901
1615 890
1620 890
1625 890
1630 885
1635 885
1640 880
1645 880
1650 880
1655 878
1660 871
1665 870
1670 870
1675 870
1680 869
1685 864
1690 863
1695 861
1700 860
1705 860
1710 860
1715 759
1720 759
1725 758
1730 758
1735 758
1740 758
1745 758
1750 744
1755 744
1760 744
1765 744
1770 742
1775 740
1780 740
1785 740
1790 740
1795 738
1800 738
1805 734
1810 734
1815 734
1820 732
1825 732
1830 715
1835 709
1840 709
1845 667
1850 667
1855 654
1860 654
1865 654
1870 654
1875 649
1880 631
1885 624
1890 570
1895 570
1900 570
1905 570
1910 570
1915 569
1920 567
1925 559
1930 559
1935 559
1940 559
1945 559
1950 559
1955 559
1960 559
1965 559
1970 559
1975 555
1980 554
1985 554
1990 554
1995 554
2000 553
2005 553
2010 549
2015 549
2020 549
2025 549
2030 461
2035 461
2040 461
2045 461
2050 460
2055 460
2060 460
2065 460
2070 460
2075 457
2080 457
2085 457
2090 457
2095 457
2100 456
2105 456
2110 456
2115 456
2120 456
2125 456
2130 452
2135 452
2140 452
2145 452
2150 452
2155 449
2160 449
2165 449
2170 449
2175 446
2180 446
2185 445
2190 445
2195 445
2200 443
2205 443
2210 431
2215 431
2220 430
2225 430
2230 430
2235 430
2240 430
2245 428
2250 428
2255 428
2260 428
2265 426
2270 425
2275 424
2280 424
2285 424
2290 423
2295 423
2300 423
2305 423
2310 423
2315 423
2320 423
2325 417
2330 417
2335 415
2340 409
2345 409
2350 407
2355 406
2360 406
2365 406
2370 404
2375 403
2380 403
2385 403
2390 402
2395 383
2400 383
2405 383
2410 383
2415 383
2420 383
2425 368
2430 368
2435 368
2440 368
2445 368
2450 357
2455 355
2460 355
2465 352
2470 352
2475 352
2480 352
2485 351
2490 351
2495 351
2500 351
2505 351
2510 351
2515 346
2520 346
2525 342
2530 342
2535 342
2540 342
2545 342
2550 342
2555 342
2560 342
2565 336
2570 336
2575 334
2580 334
2585 334
2590 334
2595 334
2600 334
2605 334
2610 332
2615 332
2620 331
2625 331
2630 331
2635 331
2640 328
2645 328
2650 325
2655 325
2660 324
2665 322
2670 322
2675 322
2680 322
2685 322
2690 322
2695 322
2700 322
2705 322
2710 322
2715 317
2720 317
2725 317
2730 317
2735 317
2740 316
2745 316
2750 316
2755 316
2760 316
2765 314
2770 314
2775 314
2780 314
2785 314
2790 314
2795 314
2800 314
2805 314
2810 299
2815 299
2820 299
2825 295
2830 294
2835 292
2840 292
2845 292
2850 292
2855 291
2860 291
2865 291
2870 291
2875 291
2880 291
2885 290
2890 287
2895 285
2900 285
2905 285
2910 285
2915 285
2920 285
2925 285
2930 283
2935 278
2940 278
2945 274
2950 274
2955 274
2960 274
2965 274
2970 273
2975 273
2980 273
2985 273
2990 273
2995 273
3000 273
3005 271
3010 267
3015 267
3020 267
3025 267
3030 267
3035 267
3040 267
3045 267
3050 267
3055 267
3060 267
3065 264
3070 264
3075 264
3080 264
3085 264
3090 264
3095 264
3100 264
3105 264
3110 264
3115 264
3120 264
3125 264
3130 264
3135 261
3140 261
3145 261
3150 261
3155 260
3160 260
3165 260
3170 260
3175 260
3180 260
3185 256
3190 256
3195 243
3200 243
3205 243
3210 240
3215 240
3220 240
3225 240
3230 236
3235 236
3240 236
3245 236
3250 236
3255 236
3260 236
3265 234
3270 228
3275 228
3280 228
3285 228
3290 228
3295 228
3300 226
3305 226
3310 226
3315 226
3320 219
3325 219
3330 217
3335 216
3340 216
3345 215
3350 215
3355 215
3360 215
3365 215
3370 215
3375 215
3380 214
3385 214
3390 212
3395 212
3400 212
3405 211
3410 210
3415 210
3420 210
3425 202
3430 202
3435 202
3440 202
3445 202
3450 202
3455 200
3460 196
3465 196
3470 196
3475 196
3480 196
3485 196
3490 196
3495 196
3500 189
3505 189
3510 189
3515 187
3520 187
3525 187
3530 187
3535 187
3540 187
3545 187
3550 187
3555 187
3560 184
3565 183
3570 182
3575 182
3580 177
3585 177
3590 177
3595 177
3600 177
3605 177
3610 177
3615 177
3620 177
3625 177
3630 176
3635 176
3640 176
3645 176
3650 176
3655 175
3660 175
3665 175
3670 175
3675 175
3680 173
3685 173
3690 173
3695 173
3700 172
3705 172
3710 172
3715 172
3720 172
3725 172
3730 172
3735 172
3740 169
3745 169
3750 169
3755 169
3760 169
3765 169
3770 169
3775 168
3780 168
3785 167
3790 91
3795 91
3800 91
3805 91
3810 91
3815 91
3820 91
3825 90
3830 81
3835 81
3840 81
3845 81
3850 81
3855 81
3860 81
3865 81
3870 69
3875 68
3880 68
3885 68
3890 68
3895 68
3900 68
3905 68
3910 68
3915 68
3920 68
3925 68
3930 68
3935 67
3940 67
3945 67
3950 67
3955 67
3960 67
3965 67
3970 67
3975 67
3980 67
3985 67
3990 67
3995 67
4000 57
4005 57
4010 57
4015 57
4020 57
4025 57
4030 57
4035 57
4040 57
4045 57
4050 57
4055 57
4060 57
4065 56
4070 56
4075 51
4080 51
4085 51
4090 51
4095 51
4100 51
4105 51
4110 51
4115 51
4120 51
4125 51
4130 51
4135 51
4140 51
4145 51
4150 51
4155 51
4160 51
4165 51
4170 51
4175 50
4180 50
4185 50
4190 50
4195 50
4200 50
4205 50
4210 48
4215 48
4220 48
4225 46
4230 46
4235 46
4240 46
4245 46
4250 46
4255 46
4260 46
4265 46
4270 46
4275 46
4280 46
4285 46
4290 46
4295 46
4300 46
4305 46
4310 46
4315 41
4320 41
4325 41
4330 41
4335 41
4340 41
4345 41
4350 41
4355 41
4360 41
4365 41
4370 41
4375 41
4380 39
4385 39
4390 39
4395 39
4400 39
4405 38
4410 38
4415 38
4420 38
4425 38
4430 38
4435 36
4440 36
4445 36
4450 36
4455 36
4460 36
4465 36
4470 36
4475 36
4480 36
4485 36
4490 36
4495 36
4500 36
4505 36
4510 36
4515 36
4520 36
4525 36
4530 35
4535 35
4540 35
4545 35
4550 35
4555 35
4560 34
4565 34
4570 34
4575 34
4580 34
4585 34
4590 34
4595 34
4600 34
4605 34
4610 34
4615 34
4620 34
4625 34
4630 34
4635 34
4640 34
4645 34
4650 34
4655 34
4660 34
4665 34
4670 34
4675 34
4680 34
4685 34
4690 34
4695 34
4700 34
4705 34
4710 33
4715 33
4720 33
4725 33
4730 33
4735 33
4740 29
4745 29
4750 29
4755 25
4760 25
4765 25
4770 25
4775 25
4780 25
4785 25
4790 25
4795 25
4800 25
4805 22
4810 20
4815 20
4820 19
4825 19
4830 19
4835 19
4840 19
4845 19
4850 19
4855 19
4860 19
4865 19
4870 19
4875 19
4880 19
4885 19
4890 19
4895 19
4900 19
4905 18
4910 18
4915 18
4920 18
4925 18
4930 18
4935 18
4940 18
4945 18
4950 18
4955 18
4960 18
4965 18
4970 18
4975 17
4980 17
4985 17
4990 17
4995 17
5000 16
5005 16
5010 12
5015 12
5020 12
5025 12
5030 12
5035 12
5040 12
5045 12
5050 12
5055 12
5060 12
5065 12
5070 12
5075 12
5080 12
5085 12
5090 12
5095 12
5100 12
5105 12
5110 12
5115 12
5120 12
5125 12
5130 12
5135 12
5140 12
5145 12
5150 12
5155 12
5160 12
5165 12
5170 12
5175 12
5180 12
5185 12
5190 12
5195 12
5200 12
5205 12
5210 12
5215 12
5220 12
5225 12
5230 12
5235 12
5240 12
5245 12
5250 12
5255 12
5260 12
5265 12
5270 12
5275 12
5280 9
5285 9
5290 9
5295 9
5300 9
5305 9
5310 9
5315 9
5320 9
5325 9
5330 9
5335 9
5340 9
5345 9
5350 9
5355 9
5360 9
5365 9
5370 9
5375 9
5380 9
5385 9
5390 9
5395 9
5400 9
5405 9
5410 9
5415 9
5420 9
5425 9
5430 9
5435 9
5440 9
5445 9
5450 9
5455 9
5460 9
5465 9
5470 9
5475 9
5480 9
5485 9
5490 9
5495 9
5500 9
5505 9
5510 9
5515 9
5520 9
5525 9
5530 9
5535 9
5540 9
5545 9
5550 9
5555 9
5560 9
5565 9
5570 9
5575 9
5580 9
5585 9
5590 9
5595 9
5600 9
5605 9
5610 9
5615 9
5620 9
5625 9
5630 8
5635 8
5640 8
5645 8
5650 8
5655 8
5660 7
5665 7
5670 7
5675 7
5680 7
5685 7
5690 7
5695 7
5700 7
5705 7
5710 6
5715 5
5720 5
5725 5
5730 5
5735 5
5740 5
5745 5
5750 5
5755 5
5760 5
5765 5
5770 5
5775 5
5780 5
5785 4
5790 4
5795 4
5800 4
5805 4
5810 4
5815 4
5820 4
5825 4
5830 4
5835 4
5840 4
5845 4
5850 4
5855 4
5860 4
5865 4
5870 4
5875 4
5880 4
5885 4
5890 4
5895 4
5900 4
5905 4
5910 4
5915 4
5920 4
5925 4
5930 4
5935 4
5940 4
5945 4
5950 4
5955 4
5960 4
5965 4
5970 4
5975 4
5980 4
5985 4
5990 4
5995 4
6000 4
6005 4
6010 4
6015 4
6020 4
6025 4
6030 4
6035 4
6040 4
6045 4
6050 4
6055 3
6060 3
6065 3
6070 3
6075 3
6080 3
6085 3
6090 2
6095 2
6100 2
6105 2
6110 2
6115 2
6120 2
6125 2
6130 2
6135 2
6140 2
6145 2
6150 2
6155 2
6160 2
6165 1
