0 5066
5 5060
10 5053
15 5047
20 5041
25 5033
30 5030
35 5020
40 5013
45 5003
50 4991
55 4983
60 4977
65 4972
70 4941
75 4936
80 4931
85 4924
90 4913
95 4781
100 4781
105 4781
110 4781
115 4781
120 4781
125 4781
130 4781
135 4781
140 4781
145 4781
150 4747
155 4745
160 4745
165 4743
170 4734
175 4726
180 4723
185 4707
190 4705
195 4699
200 4674
205 4668
210 4661
215 4650
220 4650
225 4650
230 4644
235 4634
240 4625
245 4613
250 4609
255 4604
260 4597
265 4591
270 4560
275 4551
280 4540
285 4530
290 4525
295 4520
300 4467
305 4467
310 4467
315 4443
320 4423
325 4418
330 4413
335 4385
340 4372
345 4372
350 4372
355 4372
360 4372
365 4371
370 4364
375 4357
380 4351
385 4246
390 4236
395 4214
400 4214
405 4197
410 4157
415 4156
420 4156
425 4147
430 4137
435 4126
440 4063
445 4063
450 4063
455 4063
460 4063
465 4063
470 4063
475 4063
480 4059
485 4049
490 4044
495 4041
500 4039
505 4034
510 4028
515 4023
520 4017
525 4010
530 4000
535 3965
540 3948
545 3948
550 3945
555 3940
560 3612
565 3612
570 3612
575 3612
580 3612
585 3612
590 3612
595 3612
600 3612
605 3612
610 3610
615 3605
620 3600
625 3594
630 3592
635 3592
640 3592
645 3592
650 3592
655 3592
660 3592
665 3592
670 3592
675 3592
680 3592
685 3592
690 3589
695 3589
700 3585
705 3572
710 3567
715 3559
720 3539
725 3529
730 3521
735 3516
740 3511
745 3500
750 3495
755 3490
760 3484
765 3470
770 3462
775 3456
780 3445
785 3440
790 3435
795 3429
800 3424
805 3409
810 3402
815 3395
820 3384
825 3377
830 3371
835 3323
840 3316
845 3312
850 3307
855 3299
860 3293
865 3287
870 3282
875 3274
880 3266
885 3265
890 3265
895 3265
900 3265
905 3265
910 3265
915 3265
920 3263
925 3257
930 3251
935 3246
940 3236
945 3233
950 3227
955 3222
960 3195
965 3195
970 3181
975 3175
980 3170
985 3161
990 3153
995 3137
1000 3115
1005 3115
1010 3112
1015 3107
1020 3099
1025 3094
1030 3088
1035 3075
1040 3055
1045 3054
1050 3046
1055 3032
1060 3026
1065 3021
1070 3014
1075 3003
1080 2992
1085 2980
1090 2973
1095 2946
1100 2902
1105 2852
1110 2852
1115 2852
1120 2844
1125 2838
1130 2836
1135 2799
1140 2799
1145 2799
1150 2799
1155 2799
1160 2795
1165 2789
1170 2783
1175 2764
1180 2764
1185 2475
1190 2475
1195 2475
1200 2475
1205 2475
1210 2475
1215 2475
1220 2475
1225 2475
1230 2475
1235 2475
1240 2475
1245 2475
1250 2475
1255 2475
1260 2475
1265 2475
1270 2475
1275 2475
1280 2475
1285 2475
1290 2475
1295 2475
1300 2475
1305 2475
1310 2475
1315 2471
1320 2462
1325 2462
1330 2462
1335 2462
1340 2462
1345 2462
1350 2462
1355 2462
1360 2462
1365 2456
1370 2432
1375 2430
1380 2430
1385 2422
1390 2417
1395 2399
1400 2394
1405 2386
1410 2382
1415 2370
1420 2363
1425 2358
1430 2351
1435 2345
1440 2339
1445 2334
1450 2308
1455 2303
1460 2289
1465 2283
1470 2274
1475 2268
1480 2262
1485 2256
1490 2248
1495 2235
1500 2229
1505 2221
1510 2221
1515 2214
1520 2206
1525 2190
1530 2189
1535 2183
1540 2178
1545 2172
1550 2163
1555 2155
1560 2149
1565 2141
1570 2134
1575 2110
1580 2104
1585 2099
1590 2094
1595 2081
1600 2075
1605 2069
1610 2061
1615 2051
1620 2044
1625 2034
1630 2022
1635 2021
1640 2015
1645 2003
1650 1989
1655 1975
1660 1961
1665 1945
1670 1904
1675 1904
1680 1904
1685 1903
1690 1903
1695 1903
1700 1864
1705 1857
1710 1852
1715 1822
1720 1822
1725 1822
1730 1822
1735 1822
1740 1822
1745 1822
1750 1811
1755 1805
1760 1792
1765 1787
1770 1781
1775 1776
1780 1771
1785 1761
1790 1750
1795 1739
1800 1734
1805 1724
1810 1713
1815 1707
1820 1702
1825 1693
1830 1686
1835 1674
1840 1618
1845 1618
1850 1618
1855 1618
1860 1612
1865 1611
1870 1594
1875 1594
1880 1594
1885 1590
1890 1580
1895 1576
1900 1565
1905 1559
1910 1555
1915 1549
1920 1540
1925 1528
1930 1525
1935 1507
1940 1507
1945 1507
1950 1505
1955 1429
1960 1429
1965 1429
1970 1429
1975 1429
1980 1429
1985 1429
1990 1428
1995 1423
2000 1401
2005 1340
2010 1340
2015 1340
2020 1340
2025 1340
2030 1340
2035 1340
2040 1322
2045 1317
2050 1126
2055 1035
2060 1035
2065 1035
2070 1035
2075 1035
2080 1035
2085 1035
2090 1035
2095 1035
2100 1030
2105 1029
2110 1019
2115 1013
2120 1006
2125 1001
2130 992
2135 987
2140 982
2145 976
2150 966
2155 959
2160 940
2165 932
2170 927
2175 919
2180 896
2185 884
2190 861
2195 861
2200 861
2205 861
2210 855
2215 849
2220 842
2225 836
2230 813
2235 803
2240 785
2245 742
2250 727
2255 720
2260 697
2265 689
2270 680
2275 674
2280 669
2285 656
2290 652
2295 648
2300 642
2305 638
2310 635
2315 623
2320 606
2325 601
2330 601
2335 601
2340 601
2345 601
2350 601
2355 601
2360 601
2365 601
2370 601
2375 601
2380 601
2385 601
2390 601
2395 601
2400 601
2405 601
2410 601
2415 601
2420 601
2425 601
2430 601
2435 601
2440 601
2445 601
2450 598
2455 589
2460 580
2465 573
2470 570
2475 567
2480 561
2485 561
2490 561
2495 561
2500 561
2505 561
2510 561
2515 555
2520 543
2525 536
2530 530
2535 530
2540 508
2545 422
2550 407
2555 365
2560 365
2565 363
2570 341
2575 341
2580 300
2585 300
2590 292
2595 290
2600 283
2605 283
2610 283
2615 283
2620 283
2625 283
2630 283
2635 182
2640 182
2645 182
2650 182
2655 182
2660 182
2665 182
2670 182
2675 182
2680 182
2685 182
2690 182
2695 182
2700 182
2705 182
2710 182
2715 182
2720 182
2725 182
2730 182
2735 182
2740 182
2745 182
2750 182
2755 182
2760 181
2765 173
2770 167
2775 156
2780 109
2785 109
2790 109
2795 109
2800 102
2805 102
2810 102
2815 102
2820 102
2825 102
2830 102
2835 102
2840 102
2845 102
2850 102
2855 102
2860 102
2865 102
2870 102
2875 102
2880 102
2885 102
2890 102
2895 102
2900 102
2905 102
2910 102
2915 102
2920 102
2925 102
2930 102
2935 102
2940 102
2945 95
2950 86
2955 70
2960 70
2965 70
2970 70
2975 70
2980 70
2985 70
2990 70
2995 70
3000 70
3005 63
3010 56
3015 56
3020 56
3025 56
3030 48
3035 48
3040 48
3045 48
3050 48
3055 48
3060 48
3065 48
3070 40
3075 30
3080 30
3085 30
3090 30
3095 30
3100 30
3105 30
3110 30
3115 30
3120 30
3125 30
3130 30
3135 30
3140 30
3145 30
3150 30
3155 30
3160 30
3165 30
3170 30
3175 30
3180 30
3185 30
3190 30
3195 30
3200 30
3205 30
3210 29
3215 29
3220 29
3225 29
3230 29
3235 29
3240 29
3245 29
3250 29
3255 29
3260 29
3265 29
3270 29
3275 29
3280 29
3285 29
3290 29
3295 29
3300 29
3305 29
