0 5066
5 5066
10 5066
15 5066
20 5066
25 5063
30 5063
35 5063
40 5063
45 5063
50 5063
55 5054
60 5054
65 5040
70 5040
75 5040
80 5040
85 5040
90 5040
95 5040
100 5040
105 5040
110 5035
115 5035
120 5035
125 5035
130 5023
135 5023
140 5023
145 5023
150 5019
155 5013
160 5013
165 5013
170 5013
175 5006
180 5006
185 5001
190 4989
195 4989
200 4989
205 4979
210 4979
215 4944
220 4889
225 4889
230 4872
235 4860
240 4858
245 4857
250 4848
255 4833
260 4833
265 4831
270 4813
275 4804
280 4795
285 4795
290 4794
295 4794
300 4785
305 4782
310 4726
315 4707
320 4700
325 4697
330 4677
335 4670
340 4670
345 4666
350 4650
355 4650
360 4645
365 4644
370 4644
375 4639
380 4624
385 4623
390 4623
395 4623
400 4462
405 4460
410 4454
415 4454
420 4454
425 4454
430 4450
435 4446
440 4444
445 4434
450 4433
455 4420
460 4420
465 4417
470 4416
475 4401
480 4381
485 4381
490 4381
495 4380
500 4374
505 4373
510 4372
515 4367
520 4366
525 4361
530 4342
535 4337
540 4332
545 4332
550 4327
555 4323
560 4310
565 4306
570 4295
575 4290
580 4288
585 4284
590 4284
595 4270
600 4269
605 4244
610 4237
615 4236
620 3994
625 3989
630 3970
635 3969
640 3962
645 3957
650 3934
655 3928
660 3928
665 3928
670 3923
675 3896
680 3887
685 3802
690 3773
695 3771
700 3700
705 3698
710 3663
715 3661
720 3659
725 3659
730 3658
735 3384
740 3384
745 3381
750 3353
755 3344
760 3338
765 3326
770 3306
775 3305
780 3285
785 3276
790 3269
795 3266
800 3255
805 3253
810 3253
815 3247
820 3235
825 3230
830 3219
835 3129
840 3118
845 3054
850 3050
855 3032
860 3021
865 3021
870 3021
875 3021
880 3013
885 3013
890 3006
895 3006
900 3001
905 2999
910 2999
915 2997
920 2996
925 2977
930 2967
935 2953
940 2944
945 2944
950 2940
955 2910
960 2907
965 2887
970 2277
975 2276
980 2272
985 2220
990 2205
995 2204
1000 2203
1005 2199
1010 2199
1015 2185
1020 2179
1025 2179
1030 2176
1035 2176
1040 2176
1045 2170
1050 2143
1055 2136
1060 2120
1065 2120
1070 2117
1075 2117
1080 2117
1085 2113
1090 2113
1095 2110
1100 2109
1105 2109
1110 2106
1115 2101
1120 2100
1125 2100
1130 2079
1135 2075
1140 2070
1145 2067
1150 2067
1155 2067
1160 2067
1165 2058
1170 2052
1175 2050
1180 2050
1185 2050
1190 2037
1195 2036
1200 2024
1205 2009
1210 2001
1215 1914
1220 1912
1225 1912
1230 1869
1235 1866
1240 1842
1245 1842
1250 1834
1255 1796
1260 1796
1265 1785
1270 1785
1275 1778
1280 1778
1285 1771
1290 1766
1295 1766
1300 1755
1305 1671
1310 1669
1315 1665
1320 1649
1325 1646
1330 1631
1335 1628
1340 1624
1345 1579
1350 1573
1355 1573
1360 1572
1365 1509
1370 1508
1375 1508
1380 1508
1385 1508
1390 1507
1395 1507
1400 1507
1405 1501
1410 1473
1415 1472
1420 1465
1425 1462
1430 1459
1435 1435
1440 1287
1445 1183
1450 1183
1455 1183
1460 1179
1465 1159
1470 1159
1475 1159
1480 1159
1485 1156
1490 1156
1495 1150
1500 1150
1505 1150
1510 1149
1515 1143
1520 1143
1525 1138
1530 1138
1535 1138
1540 1137
1545 1132
1550 1132
1555 1103
1560 1091
1565 1090
1570 1082
1575 1009
1580 1009
1585 1007
1590 1007
1595 1006
1600 1005
1605 996
1610 993
1615 993
1620 992
1625 992
1630 992
1635 990
1640 990
1645 990
1650 990
1655 983
1660 983
1665 983
1670 981
1675 980
1680 980
1685 978
1690 978
1695 976
1700 972
1705 972
1710 971
1715 960
1720 960
1725 960
1730 960
1735 959
1740 954
1745 954
1750 953
1755 949
1760 946
1765 946
1770 941
1775 941
1780 931
1785 915
1790 913
1795 912
1800 909
1805 896
1810 890
1815 890
1820 875
1825 875
1830 873
1835 872
1840 869
1845 842
1850 841
1855 839
1860 838
1865 838
1870 825
1875 823
1880 821
1885 814
1890 813
1895 811
1900 766
1905 766
1910 764
1915 762
1920 736
1925 727
1930 727
1935 718
1940 718
1945 717
1950 717
1955 716
1960 700
1965 700
1970 700
1975 700
1980 700
1985 698
1990 695
1995 694
2000 694
2005 694
2010 694
2015 688
2020 688
2025 688
2030 688
2035 688
2040 688
2045 688
2050 687
2055 682
2060 682
2065 677
2070 677
2075 677
2080 677
2085 672
2090 672
2095 658
2100 658
2105 658
2110 652
2115 599
2120 593
2125 593
2130 593
2135 589
2140 589
2145 589
2150 585
2155 569
2160 554
2165 536
2170 533
2175 527
2180 526
2185 526
2190 525
2195 524
2200 522
2205 522
2210 522
2215 519
2220 519
2225 519
2230 518
2235 518
2240 518
2245 517
2250 503
2255 502
2260 502
2265 502
2270 502
2275 502
2280 502
2285 502
2290 502
2295 502
2300 501
2305 500
2310 500
2315 498
2320 498
2325 498
2330 496
2335 484
2340 482
2345 482
2350 478
2355 478
2360 476
2365 476
2370 476
2375 475
2380 475
2385 470
2390 467
2395 464
2400 464
2405 461
2410 461
2415 461
2420 460
2425 460
2430 460
2435 458
2440 458
2445 458
2450 457
2455 457
2460 457
2465 457
2470 457
2475 457
2480 457
2485 457
2490 457
2495 457
2500 457
2505 452
2510 452
2515 452
2520 452
2525 451
2530 450
2535 450
2540 450
2545 448
2550 448
2555 447
2560 444
2565 443
2570 443
2575 443
2580 443
2585 440
2590 440
2595 438
2600 437
2605 437
2610 437
2615 437
2620 437
2625 433
2630 433
2635 433
2640 433
2645 430
2650 429
2655 423
2660 423
2665 420
2670 418
2675 418
2680 418
2685 417
2690 417
2695 417
2700 417
2705 417
2710 417
2715 416
2720 411
2725 411
2730 410
2735 410
2740 410
2745 409
2750 409
2755 409
2760 408
2765 408
2770 402
2775 400
2780 393
2785 388
2790 388
2795 388
2800 382
2805 369
2810 368
2815 367
2820 367
2825 367
2830 367
2835 366
2840 366
2845 346
2850 346
2855 345
2860 344
2865 341
2870 341
2875 341
2880 341
2885 341
2890 337
2895 324
2900 323
2905 323
2910 322
2915 321
2920 320
2925 320
2930 320
2935 320
2940 320
2945 320
2950 320
2955 319
2960 317
2965 317
2970 317
2975 317
2980 317
2985 314
2990 313
2995 313
3000 313
3005 313
3010 313
3015 313
3020 313
3025 313
3030 313
3035 313
3040 310
3045 310
3050 310
3055 310
3060 310
3065 301
3070 300
3075 297
3080 297
3085 297
3090 297
3095 297
3100 297
3105 297
3110 297
3115 293
3120 293
3125 293
3130 293
3135 280
3140 280
3145 279
3150 278
3155 278
3160 278
3165 278
3170 277
3175 277
3180 277
3185 276
3190 276
3195 276
3200 276
3205 276
3210 276
3215 276
3220 276
3225 276
3230 276
3235 276
3240 276
3245 276
3250 268
3255 268
3260 268
3265 263
3270 263
3275 261
3280 260
3285 257
3290 257
3295 253
3300 253
3305 253
3310 253
3315 253
3320 253
3325 253
3330 253
3335 251
3340 251
3345 250
3350 250
3355 249
3360 249
3365 249
3370 249
3375 249
3380 248
3385 248
3390 244
3395 244
3400 244
3405 244
3410 239
3415 238
3420 238
3425 230
3430 230
3435 230
3440 230
3445 230
3450 230
3455 228
3460 228
3465 227
3470 227
3475 227
3480 227
3485 227
3490 227
3495 203
3500 174
3505 174
3510 174
3515 174
3520 174
3525 174
3530 174
3535 174
3540 174
3545 172
3550 172
3555 171
3560 170
3565 170
3570 170
3575 170
3580 170
3585 170
3590 170
3595 169
3600 169
3605 169
3610 169
3615 169
3620 169
3625 169
3630 169
3635 169
3640 169
3645 169
3650 169
3655 169
3660 169
3665 169
3670 169
3675 168
3680 166
3685 166
3690 166
3695 166
3700 166
3705 165
3710 165
3715 165
3720 165
3725 165
3730 165
3735 165
3740 165
3745 165
3750 165
3755 165
3760 165
3765 165
3770 165
3775 165
3780 165
3785 107
3790 107
3795 107
3800 107
3805 107
3810 107
3815 107
3820 107
3825 107
3830 107
3835 107
3840 105
3845 94
3850 93
3855 93
3860 87
3865 87
3870 87
3875 87
3880 48
3885 48
3890 45
3895 45
3900 45
3905 45
3910 45
3915 45
3920 45
3925 45
3930 45
3935 45
3940 45
3945 45
3950 45
3955 45
3960 44
3965 44
3970 44
3975 44
3980 43
3985 43
3990 43
3995 43
4000 43
4005 43
4010 43
4015 43
4020 43
4025 43
4030 43
4035 43
4040 43
4045 43
4050 43
4055 43
4060 43
4065 43
4070 43
4075 43
4080 43
4085 43
4090 43
4095 43
4100 43
4105 43
4110 42
4115 42
4120 42
4125 42
4130 42
4135 42
4140 42
4145 42
4150 42
4155 42
4160 42
4165 42
4170 42
4175 42
4180 42
4185 42
4190 42
4195 42
4200 41
4205 41
4210 41
4215 41
4220 41
4225 41
4230 41
4235 41
4240 41
4245 41
4250 41
4255 41
4260 41
4265 41
4270 41
4275 41
4280 41
4285 41
4290 41
4295 41
4300 41
4305 41
4310 41
4315 41
4320 41
4325 41
4330 41
4335 41
4340 41
4345 41
4350 41
4355 41
4360 41
4365 41
4370 41
4375 41
4380 41
4385 41
4390 41
4395 41
4400 41
4405 41
4410 41
4415 41
4420 41
4425 41
4430 41
4435 41
4440 41
4445 41
4450 41
4455 41
4460 41
4465 41
4470 41
4475 41
4480 41
4485 41
4490 41
4495 41
4500 41
4505 41
4510 41
4515 41
4520 41
4525 40
4530 40
4535 40
4540 40
4545 40
4550 40
4555 40
4560 40
4565 40
4570 40
4575 40
4580 40
4585 40
4590 40
4595 40
4600 40
4605 40
4610 40
4615 40
4620 40
4625 34
4630 34
4635 28
4640 28
4645 28
4650 28
4655 28
4660 28
4665 28
4670 28
4675 28
4680 28
4685 28
4690 28
4695 28
4700 28
4705 28
4710 28
4715 28
4720 28
4725 28
4730 28
4735 28
4740 28
4745 28
4750 28
4755 28
4760 28
4765 28
4770 28
4775 28
4780 28
4785 28
4790 28
4795 28
4800 28
4805 27
4810 27
4815 25
4820 25
4825 25
4830 25
4835 25
4840 25
4845 25
4850 25
4855 25
4860 25
4865 25
4870 25
4875 25
4880 25
4885 23
4890 23
4895 23
4900 23
4905 23
4910 23
4915 23
4920 23
4925 23
4930 13
4935 13
4940 13
4945 13
4950 13
4955 13
4960 13
4965 13
4970 13
4975 13
4980 13
4985 13
4990 13
4995 13
5000 13
5005 13
5010 10
5015 10
5020 10
5025 10
5030 10
5035 10
5040 10
5045 10
5050 10
5055 10
5060 10
5065 10
5070 10
5075 10
5080 10
5085 10
5090 9
5095 9
5100 9
5105 9
5110 9
5115 9
5120 9
5125 9
5130 9
5135 9
5140 9
5145 9
5150 9
5155 9
5160 9
5165 9
5170 9
5175 9
5180 9
5185 9
5190 9
5195 9
5200 9
5205 9
5210 9
5215 9
5220 9
5225 9
5230 9
5235 9
5240 9
5245 9
5250 9
5255 9
5260 9
5265 9
5270 9
5275 9
5280 9
5285 9
5290 9
5295 9
5300 9
5305 9
5310 9
5315 9
5320 9
5325 9
5330 9
5335 9
5340 9
5345 9
5350 9
5355 9
5360 9
5365 9
5370 9
5375 9
5380 9
5385 9
5390 9
5395 9
5400 9
5405 9
5410 9
5415 9
5420 9
5425 9
5430 9
5435 9
5440 9
5445 9
5450 9
5455 9
5460 9
5465 9
5470 9
5475 9
5480 9
5485 9
5490 9
5495 9
5500 8
5505 8
5510 8
5515 8
5520 8
5525 8
5530 8
5535 8
5540 8
5545 8
5550 8
5555 8
5560 8
5565 8
5570 8
5575 8
5580 8
5585 8
5590 8
5595 8
5600 8
5605 8
5610 8
5615 8
5620 8
5625 8
5630 8
5635 8
5640 8
5645 8
5650 8
5655 8
5660 8
5665 8
5670 7
5675 7
5680 7
5685 7
5690 7
5695 7
5700 7
5705 7
5710 5
5715 5
5720 5
5725 5
5730 5
5735 5
5740 5
5745 5
5750 5
5755 5
5760 5
5765 5
5770 5
5775 5
5780 4
5785 4
5790 4
5795 4
5800 4
5805 4
5810 4
5815 4
5820 4
5825 4
5830 4
5835 4
5840 4
5845 4
5850 4
5855 4
5860 4
5865 4
5870 4
5875 4
5880 4
5885 4
5890 4
5895 4
5900 4
5905 4
5910 4
5915 4
5920 4
5925 4
5930 4
5935 3
5940 3
5945 3
5950 3
5955 3
5960 3
5965 3
5970 3
5975 3
5980 3
5985 3
5990 3
5995 3
6000 3
6005 3
6010 3
6015 3
6020 3
6025 3
6030 3
6035 3
6040 3
6045 3
6050 3
6055 3
6060 3
6065 3
6070 3
6075 3
6080 3
6085 3
6090 3
6095 3
6100 3
6105 2
6110 2
6115 2
6120 2
6125 2
6130 2
6135 2
6140 2
6145 2
6150 2
6155 2
6160 2
6165 1
