0 5066
5 5059
10 5052
15 5046
20 5035
25 5030
30 5023
35 5014
40 5008
45 4998
50 4990
55 4982
60 4975
65 4966
70 4960
75 4902
80 4770
85 4673
90 4667
95 4660
100 4648
105 4646
110 4646
115 4646
120 4646
125 4646
130 4646
135 4646
140 4646
145 4646
150 4646
155 4646
160 4638
165 4638
170 4638
175 4638
180 4638
185 4638
190 4638
195 4638
200 4638
205 4634
210 4610
215 4564
220 4517
225 4517
230 4517
235 4517
240 4511
245 4499
250 4489
255 4483
260 4469
265 4461
270 4442
275 4435
280 4426
285 4418
290 4411
295 4360
300 4356
305 4356
310 4352
315 4336
320 4330
325 4325
330 4317
335 4286
340 4276
345 4276
350 4276
355 4273
360 4268
365 4263
370 4250
375 4236
380 4230
385 4221
390 4215
395 4210
400 4182
405 4182
410 4181
415 4171
420 4163
425 4144
430 4144
435 4128
440 4123
445 4117
450 4117
455 4115
460 4108
465 4102
470 4072
475 4071
480 4062
485 4050
490 4044
495 4037
500 4031
505 4025
510 4017
515 4011
520 4005
525 3987
530 3980
535 3973
540 3967
545 3962
550 3668
555 3668
560 3668
565 3668
570 3668
575 3668
580 3668
585 3668
590 3668
595 3668
600 3668
605 3662
610 3657
615 3651
620 3644
625 3643
630 3643
635 3643
640 3643
645 3643
650 3643
655 3643
660 3643
665 3643
670 3643
675 3643
680 3638
685 3626
690 3626
695 3614
700 3609
705 3601
710 3578
715 3569
720 3564
725 3558
730 3550
735 3543
740 3538
745 3532
750 3526
755 3521
760 3515
765 3510
770 3486
775 3477
780 3469
785 3464
790 3459
795 3451
800 3444
805 3435
810 3416
815 3092
820 3092
825 3088
830 3081
835 3075
840 3070
845 3062
850 3049
855 3043
860 3035
865 3030
870 3021
875 3021
880 3021
885 3021
890 3021
895 3021
900 3018
905 3012
910 3007
915 3002
920 2997
925 2991
930 2986
935 2981
940 2974
945 2959
950 2954
955 2946
960 2939
965 2933
970 2921
975 2906
980 2897
985 2881
990 2874
995 2869
1000 2863
1005 2853
1010 2844
1015 2829
1020 2824
1025 2818
1030 2811
1035 2795
1040 2789
1045 2784
1050 2779
1055 2746
1060 2746
1065 2746
1070 2744
1075 2738
1080 2730
1085 2668
1090 2653
1095 2619
1100 2619
1105 2611
1110 2605
1115 2603
1120 2585
1125 2583
1130 2575
1135 2566
1140 2555
1145 2536
1150 2536
1155 2536
1160 2498
1165 2498
1170 2498
1175 2498
1180 2498
1185 2498
1190 2498
1195 2498
1200 2498
1205 2498
1210 2498
1215 2498
1220 2498
1225 2498
1230 2498
1235 2498
1240 2498
1245 2498
1250 2498
1255 2498
1260 2498
1265 2498
1270 2498
1275 2498
1280 2498
1285 2498
1290 2498
1295 2496
1300 2490
1305 2474
1310 2474
1315 2474
1320 2474
1325 2474
1330 2474
1335 2474
1340 2474
1345 2474
1350 2472
1355 2442
1360 2439
1365 2439
1370 2431
1375 2426
1380 2419
1385 2412
1390 2405
1395 2396
1400 2388
1405 2381
1410 2374
1415 2365
1420 2359
1425 2354
1430 2346
1435 2340
1440 2327
1445 2305
1450 2294
1455 2283
1460 2211
1465 2203
1470 2197
1475 2184
1480 2184
1485 2155
1490 2124
1495 2117
1500 2107
1505 2099
1510 2099
1515 2092
1520 2084
1525 2078
1530 2073
1535 2067
1540 2062
1545 2052
1550 2042
1555 1983
1560 1949
1565 1946
1570 1940
1575 1934
1580 1922
1585 1917
1590 1909
1595 1901
1600 1891
1605 1883
1610 1807
1615 1807
1620 1807
1625 1807
1630 1807
1635 1797
1640 1791
1645 1785
1650 1774
1655 1766
1660 1752
1665 1711
1670 1711
1675 1711
1680 1711
1685 1711
1690 1660
1695 1651
1700 1646
1705 1621
1710 1621
1715 1621
1720 1621
1725 1621
1730 1621
1735 1621
1740 1612
1745 1607
1750 1597
1755 1592
1760 1585
1765 1580
1770 1572
1775 1564
1780 1555
1785 1550
1790 1542
1795 1532
1800 1525
1805 1516
1810 1497
1815 1437
1820 1432
1825 1423
1830 1418
1835 1411
1840 1411
1845 1411
1850 1411
1855 1404
1860 1403
1865 1400
1870 1400
1875 1400
1880 1400
1885 1394
1890 1377
1895 1366
1900 1361
1905 1353
1910 1348
1915 1348
1920 1333
1925 1320
1930 1300
1935 1300
1940 1300
1945 1300
1950 1287
1955 1285
1960 1285
1965 1285
1970 1285
1975 1285
1980 1285
1985 1285
1990 1285
1995 1285
2000 1285
2005 1285
2010 1285
2015 1285
2020 1285
2025 1285
2030 1285
2035 1277
2040 1264
2045 1259
2050 1077
2055 987
2060 987
2065 987
2070 987
2075 987
2080 987
2085 987
2090 987
2095 984
2100 984
2105 978
2110 967
2115 961
2120 956
2125 948
2130 942
2135 936
2140 929
2145 920
2150 912
2155 897
2160 897
2165 891
2170 885
2175 878
2180 865
2185 845
2190 833
2195 833
2200 833
2205 823
2210 816
2215 808
2220 795
2225 766
2230 746
2235 732
2240 707
2245 700
2250 695
2255 677
2260 662
2265 655
2270 647
2275 642
2280 634
2285 631
2290 626
2295 621
2300 593
2305 593
2310 570
2315 570
2320 570
2325 570
2330 570
2335 570
2340 570
2345 570
2350 570
2355 570
2360 570
2365 570
2370 570
2375 570
2380 570
2385 570
2390 570
2395 570
2400 570
2405 570
2410 570
2415 561
2420 552
2425 550
2430 550
2435 547
2440 536
2445 531
2450 460
2455 456
2460 456
2465 447
2470 446
2475 441
2480 441
2485 441
2490 441
2495 441
2500 441
2505 440
2510 421
2515 417
2520 410
2525 410
2530 410
2535 402
2540 389
2545 369
2550 364
2555 307
2560 307
2565 288
2570 288
2575 263
2580 263
2585 263
2590 263
2595 262
2600 262
2605 262
2610 262
2615 262
2620 262
2625 262
2630 262
2635 162
2640 162
2645 162
2650 162
2655 162
2660 162
2665 162
2670 162
2675 162
2680 162
2685 162
2690 162
2695 162
2700 162
2705 162
2710 162
2715 162
2720 162
2725 162
2730 162
2735 162
2740 162
2745 162
2750 162
2755 162
2760 155
2765 147
2770 141
2775 123
2780 103
2785 102
2790 102
2795 102
2800 102
2805 102
2810 102
2815 102
2820 102
2825 102
2830 102
2835 102
2840 102
2845 102
2850 102
2855 102
2860 102
2865 102
2870 102
2875 102
2880 102
2885 102
2890 102
2895 102
2900 102
2905 102
2910 102
2915 102
2920 102
2925 102
2930 102
2935 102
2940 102
2945 102
2950 102
2955 102
2960 101
2965 89
2970 83
2975 81
2980 81
2985 81
2990 81
2995 81
3000 81
3005 81
3010 81
3015 81
3020 81
3025 74
3030 69
3035 69
3040 69
3045 69
3050 69
3055 69
3060 69
3065 69
3070 69
3075 68
3080 53
3085 53
3090 53
3095 23
3100 23
3105 23
3110 23
3115 23
3120 23
3125 23
3130 23
3135 23
3140 23
3145 23
3150 23
3155 23
3160 23
3165 23
3170 16
3175 13
3180 13
3185 13
3190 13
3195 13
3200 13
3205 13
3210 13
3215 13
3220 13
3225 13
3230 13
3235 13
3240 13
3245 13
3250 13
3255 13
3260 13
3265 13
3270 13
3275 13
3280 13
3285 13
3290 13
3295 13
3300 13
3305 13
3310 13
