0 5066
5 5060
10 5054
15 5046
20 5039
25 5032
30 5024
35 5019
40 5013
45 5005
50 4994
55 4986
60 4980
65 4975
70 4918
75 4786
80 4781
85 4680
90 4674
95 4669
100 4665
105 4665
110 4665
115 4665
120 4665
125 4665
130 4665
135 4665
140 4665
145 4665
150 4665
155 4659
160 4656
165 4656
170 4656
175 4656
180 4656
185 4656
190 4656
195 4656
200 4656
205 4646
210 4620
215 4613
220 4605
225 4605
230 4601
235 4596
240 4584
245 4578
250 4561
255 4553
260 4518
265 4508
270 4499
275 4492
280 4486
285 4479
290 4473
295 4467
300 4461
305 4453
310 4443
315 4438
320 4430
325 4425
330 4425
335 4413
340 4381
345 4373
350 4366
355 4356
360 4345
365 4338
370 4320
375 4319
380 4312
385 4307
390 4238
395 4238
400 4229
405 4220
410 4211
415 4202
420 4155
425 4155
430 4146
435 4143
440 4143
445 4143
450 4143
455 4141
460 4116
465 4110
470 4098
475 4096
480 4091
485 4086
490 4076
495 4070
500 4062
505 4027
510 4006
515 4006
520 4001
525 3996
530 3648
535 3648
540 3648
545 3648
550 3648
555 3648
560 3648
565 3648
570 3648
575 3648
580 3644
585 3637
590 3631
595 3626
600 3621
605 3621
610 3621
615 3621
620 3621
625 3621
630 3621
635 3621
640 3621
645 3621
650 3621
655 3618
660 3618
665 3617
670 3611
675 3606
680 3598
685 3576
690 3571
695 3565
700 3560
705 3553
710 3548
715 3540
720 3533
725 3528
730 3521
735 3507
740 3501
745 3496
750 3491
755 3483
760 3477
765 3472
770 3466
775 3460
780 3455
785 3449
790 3443
795 3435
800 3415
805 3071
810 3071
815 3071
820 3055
825 3054
830 3047
835 3040
840 3022
845 3015
850 3006
855 3000
860 3000
865 3000
870 3000
875 3000
880 3000
885 3000
890 3000
895 2995
900 2989
905 2984
910 2978
915 2970
920 2965
925 2958
930 2931
935 2931
940 2929
945 2921
950 2914
955 2905
960 2900
965 2892
970 2884
975 2874
980 2868
985 2850
990 2845
995 2840
1000 2831
1005 2796
1010 2787
1015 2780
1020 2771
1025 2768
1030 2762
1035 2757
1040 2752
1045 2733
1050 2728
1055 2722
1060 2715
1065 2707
1070 2689
1075 2683
1080 2673
1085 2660
1090 2653
1095 2584
1100 2550
1105 2550
1110 2550
1115 2540
1120 2533
1125 2532
1130 2494
1135 2494
1140 2494
1145 2494
1150 2491
1155 2485
1160 2478
1165 2460
1170 2460
1175 2442
1180 2442
1185 2442
1190 2442
1195 2442
1200 2442
1205 2442
1210 2442
1215 2437
1220 2424
1225 2424
1230 2424
1235 2424
1240 2424
1245 2424
1250 2424
1255 2424
1260 2424
1265 2424
1270 2424
1275 2424
1280 2424
1285 2424
1290 2424
1295 2424
1300 2415
1305 2408
1310 2408
1315 2408
1320 2408
1325 2408
1330 2408
1335 2408
1340 2408
1345 2405
1350 2376
1355 2376
1360 2370
1365 2365
1370 2359
1375 2351
1380 2344
1385 2337
1390 2332
1395 2317
1400 2311
1405 2304
1410 2290
1415 2285
1420 2278
1425 2273
1430 2264
1435 2241
1440 2220
1445 2213
1450 2208
1455 2202
1460 2197
1465 2182
1470 2182
1475 2182
1480 2176
1485 2170
1490 2164
1495 2147
1500 2141
1505 2135
1510 2130
1515 2123
1520 2118
1525 2111
1530 2103
1535 2095
1540 2085
1545 2080
1550 2069
1555 2053
1560 2048
1565 2039
1570 2032
1575 2021
1580 2012
1585 2000
1590 1993
1595 1902
1600 1902
1605 1902
1610 1902
1615 1902
1620 1902
1625 1888
1630 1880
1635 1867
1640 1858
1645 1844
1650 1807
1655 1807
1660 1807
1665 1806
1670 1806
1675 1803
1680 1757
1685 1751
1690 1746
1695 1722
1700 1722
1705 1722
1710 1722
1715 1722
1720 1722
1725 1708
1730 1703
1735 1698
1740 1689
1745 1683
1750 1675
1755 1670
1760 1658
1765 1653
1770 1644
1775 1638
1780 1631
1785 1620
1790 1614
1795 1607
1800 1600
1805 1595
1810 1586
1815 1526
1820 1526
1825 1526
1830 1526
1835 1522
1840 1517
1845 1516
1850 1516
1855 1516
1860 1512
1865 1500
1870 1493
1875 1486
1880 1485
1885 1485
1890 1470
1895 1465
1900 1442
1905 1442
1910 1442
1915 1431
1920 1421
1925 1415
1930 1407
1935 1390
1940 1384
1945 1369
1950 1367
1955 1367
1960 1326
1965 1323
1970 1323
1975 1323
1980 1323
1985 1323
1990 1322
1995 1310
2000 1109
2005 1109
2010 1021
2015 1021
2020 1021
2025 1021
2030 1021
2035 1021
2040 1021
2045 1021
2050 1021
2055 1018
2060 1017
2065 1017
2070 1011
2075 1004
2080 998
2085 993
2090 988
2095 982
2100 967
2105 962
2110 952
2115 930
2120 930
2125 923
2130 915
2135 903
2140 886
2145 863
2150 852
2155 852
2160 852
2165 850
2170 840
2175 834
2180 828
2185 823
2190 801
2195 794
2200 779
2205 757
2210 743
2215 736
2220 713
2225 699
2230 693
2235 667
2240 665
2245 662
2250 655
2255 649
2260 647
2265 628
2270 623
2275 616
2280 597
2285 597
2290 597
2295 597
2300 597
2305 597
2310 597
2315 597
2320 597
2325 597
2330 597
2335 597
2340 597
2345 597
2350 597
2355 597
2360 597
2365 597
2370 597
2375 597
2380 597
2385 597
2390 597
2395 597
2400 597
2405 597
2410 588
2415 583
2420 573
2425 503
2430 254
2435 248
2440 246
2445 246
2450 246
2455 243
2460 243
2465 243
2470 243
2475 243
2480 243
2485 243
2490 243
2495 243
2500 243
2505 243
2510 243
2515 243
2520 243
2525 243
2530 243
2535 224
2540 224
2545 201
2550 201
2555 194
2560 194
2565 194
2570 194
2575 194
2580 194
2585 194
2590 194
2595 194
2600 194
2605 194
2610 194
2615 194
2620 194
2625 194
2630 194
2635 194
2640 194
2645 194
2650 194
2655 194
2660 194
2665 194
2670 194
2675 194
2680 194
2685 194
2690 194
2695 194
2700 194
2705 194
2710 194
2715 194
2720 194
2725 194
2730 194
2735 193
2740 179
2745 171
2750 163
2755 152
2760 152
2765 152
2770 152
2775 123
2780 102
2785 102
2790 102
2795 102
2800 102
2805 102
2810 102
2815 102
2820 102
2825 102
2830 102
2835 102
2840 102
2845 102
2850 102
2855 102
2860 102
2865 102
2870 102
2875 102
2880 102
2885 102
2890 102
2895 102
2900 102
2905 102
2910 102
2915 102
2920 102
2925 102
2930 99
2935 92
2940 86
2945 84
2950 84
2955 84
2960 84
2965 84
2970 84
2975 84
2980 84
2985 84
2990 84
2995 84
3000 84
3005 84
3010 84
3015 84
3020 84
3025 82
3030 82
3035 82
3040 82
3045 81
3050 80
3055 75
3060 61
3065 54
3070 54
3075 54
3080 54
3085 54
3090 54
3095 54
3100 51
3105 51
3110 47
3115 47
3120 47
3125 47
3130 47
3135 40
3140 28
3145 28
3150 28
3155 28
3160 28
3165 26
3170 26
3175 26
3180 26
3185 26
3190 26
3195 26
3200 26
3205 26
3210 26
3215 26
3220 26
3225 26
3230 26
3235 26
3240 26
3245 26
3250 26
3255 23
3260 23
3265 23
3270 23
3275 23
3280 23
3285 23
3290 23
3295 23
