0 5066
5 5061
10 5053
15 5044
20 5036
25 5029
30 5023
35 5015
40 5008
45 5002
50 4996
55 4985
60 4979
65 4974
70 4916
75 4784
80 4778
85 4681
90 4672
95 4666
100 4660
105 4660
110 4660
115 4660
120 4660
125 4660
130 4660
135 4660
140 4660
145 4660
150 4660
155 4659
160 4654
165 4654
170 4654
175 4654
180 4654
185 4654
190 4654
195 4654
200 4652
205 4646
210 4638
215 4588
220 4553
225 4543
230 4538
235 4530
240 4525
245 4514
250 4506
255 4499
260 4489
265 4480
270 4475
275 4442
280 4436
285 4429
290 4422
295 4417
300 4393
305 4385
310 4380
315 4350
320 4344
325 4329
330 4323
335 4317
340 4311
345 4301
350 4297
355 4297
360 4294
365 4292
370 4285
375 4256
380 4255
385 4251
390 4243
395 4231
400 4211
405 4211
410 4207
415 4170
420 4161
425 4155
430 4151
435 4121
440 4100
445 4099
450 4092
455 4049
460 4049
465 4049
470 4049
475 4049
480 4049
485 4049
490 4049
495 4049
500 4042
505 4034
510 4029
515 4013
520 4013
525 4006
530 3999
535 3992
540 3984
545 3977
550 3926
555 3922
560 3922
565 3919
570 3621
575 3621
580 3621
585 3621
590 3621
595 3621
600 3621
605 3621
610 3621
615 3619
620 3613
625 3607
630 3602
635 3593
640 3591
645 3591
650 3591
655 3591
660 3591
665 3591
670 3591
675 3591
680 3591
685 3591
690 3591
695 3588
700 3588
705 3586
710 3580
715 3560
720 3553
725 3546
730 3541
735 3536
740 3529
745 3523
750 3518
755 3512
760 3507
765 3491
770 3482
775 3477
780 3463
785 3457
790 3451
795 3446
800 3441
805 3435
810 3428
815 3422
820 3401
825 3395
830 3084
835 3084
840 3075
845 3067
850 3058
855 3050
860 3041
865 3034
870 3029
875 3022
880 3014
885 3005
890 3005
895 3005
900 3005
905 3005
910 3005
915 3001
920 2994
925 2988
930 2983
935 2976
940 2969
945 2964
950 2939
955 2939
960 2937
965 2922
970 2915
975 2910
980 2897
985 2883
990 2868
995 2860
1000 2854
1005 2849
1010 2845
1015 2840
1020 2787
1025 2775
1030 2766
1035 2757
1040 2747
1045 2742
1050 2724
1055 2718
1060 2711
1065 2576
1070 2576
1075 2576
1080 2576
1085 2558
1090 2545
1095 2545
1100 2545
1105 2545
1110 2537
1115 2535
1120 2529
1125 2529
1130 2492
1135 2492
1140 2492
1145 2492
1150 2492
1155 2484
1160 2475
1165 2456
1170 2456
1175 2423
1180 2423
1185 2423
1190 2423
1195 2423
1200 2423
1205 2423
1210 2423
1215 2423
1220 2423
1225 2423
1230 2423
1235 2423
1240 2423
1245 2423
1250 2423
1255 2423
1260 2423
1265 2423
1270 2423
1275 2423
1280 2423
1285 2423
1290 2423
1295 2423
1300 2420
1305 2411
1310 2395
1315 2395
1320 2395
1325 2395
1330 2395
1335 2395
1340 2395
1345 2395
1350 2368
1355 2367
1360 2360
1365 2356
1370 2351
1375 2341
1380 2333
1385 2324
1390 2319
1395 2304
1400 2297
1405 2275
1410 2270
1415 2257
1420 2234
1425 2223
1430 2215
1435 2207
1440 2202
1445 2196
1450 2187
1455 2187
1460 2178
1465 2172
1470 2168
1475 2161
1480 2157
1485 2133
1490 2133
1495 2128
1500 2122
1505 2114
1510 2109
1515 2098
1520 2092
1525 2086
1530 2072
1535 2053
1540 2049
1545 2044
1550 2035
1555 2030
1560 2021
1565 2016
1570 2003
1575 1995
1580 1978
1585 1972
1590 1961
1595 1951
1600 1945
1605 1906
1610 1900
1615 1899
1620 1892
1625 1878
1630 1870
1635 1855
1640 1814
1645 1814
1650 1814
1655 1814
1660 1812
1665 1804
1670 1733
1675 1733
1680 1733
1685 1733
1690 1733
1695 1733
1700 1731
1705 1725
1710 1720
1715 1715
1720 1709
1725 1702
1730 1697
1735 1688
1740 1680
1745 1672
1750 1663
1755 1652
1760 1645
1765 1640
1770 1621
1775 1614
1780 1607
1785 1600
1790 1587
1795 1582
1800 1541
1805 1541
1810 1541
1815 1535
1820 1535
1825 1532
1830 1532
1835 1532
1840 1526
1845 1517
1850 1513
1855 1504
1860 1496
1865 1490
1870 1490
1875 1490
1880 1483
1885 1479
1890 1442
1895 1442
1900 1442
1905 1442
1910 1376
1915 1376
1920 1376
1925 1376
1930 1376
1935 1376
1940 1376
1945 1376
1950 1376
1955 1376
1960 1376
1965 1371
1970 1371
1975 1360
1980 1350
1985 1323
1990 1320
1995 1320
2000 1302
2005 1296
2010 1106
2015 1014
2020 1014
2025 1014
2030 1014
2035 1014
2040 1014
2045 1014
2050 1014
2055 1014
2060 1011
2065 1011
2070 1005
2075 1000
2080 994
2085 989
2090 982
2095 975
2100 969
2105 964
2110 957
2115 951
2120 943
2125 938
2130 931
2135 914
2140 909
2145 901
2150 892
2155 877
2160 870
2165 844
2170 844
2175 844
2180 835
2185 824
2190 819
2195 811
2200 789
2205 780
2210 774
2215 742
2220 713
2225 705
2230 700
2235 682
2240 675
2245 668
2250 662
2255 650
2260 649
2265 641
2270 632
2275 630
2280 610
2285 604
2290 579
2295 579
2300 579
2305 579
2310 579
2315 579
2320 579
2325 579
2330 579
2335 579
2340 579
2345 579
2350 579
2355 579
2360 579
2365 579
2370 579
2375 579
2380 579
2385 579
2390 579
2395 579
2400 579
2405 577
2410 571
2415 566
2420 559
2425 553
2430 548
2435 548
2440 548
2445 548
2450 548
2455 548
2460 543
2465 543
2470 543
2475 543
2480 531
2485 511
2490 510
2495 508
2500 507
2505 503
2510 497
2515 485
2520 379
2525 368
2530 349
2535 349
2540 349
2545 316
2550 316
2555 316
2560 316
2565 313
2570 313
2575 313
2580 313
2585 313
2590 313
2595 313
2600 313
2605 305
2610 299
2615 299
2620 299
2625 299
2630 281
2635 280
2640 280
2645 280
2650 280
2655 280
2660 280
2665 280
2670 280
2675 280
2680 280
2685 280
2690 280
2695 280
2700 280
2705 280
2710 280
2715 280
2720 280
2725 280
2730 280
2735 277
2740 270
2745 265
2750 255
2755 218
2760 197
2765 194
2770 154
2775 154
2780 154
2785 154
2790 154
2795 154
2800 154
2805 153
2810 152
2815 152
2820 152
2825 152
2830 152
2835 152
2840 152
2845 152
2850 152
2855 152
2860 152
2865 141
2870 141
2875 141
2880 141
2885 141
2890 141
2895 141
2900 141
2905 141
2910 141
2915 139
2920 136
2925 117
2930 117
2935 117
2940 117
2945 117
2950 117
2955 117
2960 117
2965 117
2970 117
2975 117
2980 117
2985 117
2990 116
2995 116
3000 116
3005 116
3010 116
3015 116
3020 116
3025 113
3030 110
3035 110
3040 110
3045 110
3050 109
3055 109
3060 104
3065 92
3070 79
3075 66
3080 66
3085 66
3090 66
3095 66
3100 66
3105 66
3110 66
3115 66
3120 66
3125 65
3130 65
3135 65
3140 65
3145 65
3150 32
3155 32
3160 32
3165 32
3170 31
3175 31
3180 31
3185 31
3190 31
3195 31
3200 31
3205 31
3210 31
3215 31
3220 31
3225 31
3230 31
3235 31
3240 31
3245 31
3250 31
3255 24
3260 24
3265 24
3270 24
3275 24
3280 24
3285 24
3290 24
3295 24
