0 5066
5 5060
10 5053
15 5046
20 5041
25 5028
30 5023
35 5014
40 5007
45 5000
50 4993
55 4986
60 4979
65 4974
70 4916
75 4910
80 4905
85 4898
90 4893
95 4886
100 4754
105 4754
110 4754
115 4754
120 4754
125 4754
130 4754
135 4754
140 4754
145 4754
150 4754
155 4653
160 4653
165 4653
170 4653
175 4653
180 4653
185 4653
190 4653
195 4653
200 4645
205 4618
210 4610
215 4605
220 4596
225 4596
230 4594
235 4581
240 4576
245 4560
250 4556
255 4551
260 4545
265 4521
270 4506
275 4496
280 4490
285 4481
290 4476
295 4470
300 4441
305 4441
310 4434
315 4427
320 4421
325 4394
330 4386
335 4386
340 4381
345 4375
350 4374
355 4365
360 4359
365 4352
370 4339
375 4334
380 4317
385 4317
390 4292
395 4286
400 4269
405 4269
410 4259
415 4243
420 4221
425 4209
430 4200
435 4159
440 4159
445 4159
450 4154
455 4146
460 4146
465 4144
470 4135
475 4119
480 4114
485 4106
490 4101
495 4094
500 4088
505 4082
510 4075
515 4068
520 4062
525 4041
530 4033
535 4019
540 4012
545 3664
550 3664
555 3664
560 3664
565 3664
570 3664
575 3664
580 3664
585 3663
590 3655
595 3650
600 3645
605 3641
610 3641
615 3641
620 3641
625 3641
630 3641
635 3641
640 3641
645 3641
650 3641
655 3641
660 3641
665 3638
670 3638
675 3633
680 3628
685 3605
690 3597
695 3591
700 3583
705 3576
710 3571
715 3562
720 3557
725 3552
730 3547
735 3540
740 3534
745 3500
750 3494
755 3489
760 3483
765 3478
770 3472
775 3465
780 3458
785 3453
790 3430
795 3424
800 3418
805 3411
810 3401
815 3393
820 3388
825 3379
830 3372
835 3365
840 3358
845 3356
850 3350
855 3345
860 3340
865 3336
870 3336
875 3336
880 3336
885 3336
890 3336
895 3336
900 3334
905 3328
910 3323
915 3318
920 3307
925 3303
930 3297
935 3291
940 3285
945 3279
950 3266
955 3261
960 3251
965 3240
970 3235
975 3227
980 3215
985 3206
990 3201
995 3181
1000 3181
1005 3177
1010 3163
1015 3157
1020 3151
1025 3143
1030 3137
1035 3131
1040 3119
1045 3113
1050 3106
1055 3061
1060 3056
1065 3048
1070 2966
1075 2958
1080 2951
1085 2940
1090 2932
1095 2926
1100 2926
1105 2926
1110 2926
1115 2925
1120 2903
1125 2897
1130 2859
1135 2859
1140 2859
1145 2859
1150 2859
1155 2853
1160 2846
1165 2841
1170 2825
1175 2825
1180 2467
1185 2451
1190 2451
1195 2451
1200 2451
1205 2451
1210 2451
1215 2451
1220 2451
1225 2451
1230 2451
1235 2451
1240 2451
1245 2451
1250 2451
1255 2451
1260 2451
1265 2451
1270 2451
1275 2451
1280 2451
1285 2451
1290 2451
1295 2451
1300 2451
1305 2451
1310 2451
1315 2450
1320 2443
1325 2437
1330 2437
1335 2437
1340 2437
1345 2437
1350 2437
1355 2437
1360 2437
1365 2431
1370 2422
1375 2406
1380 2389
1385 2384
1390 2371
1395 2361
1400 2354
1405 2350
1410 2337
1415 2326
1420 2308
1425 2306
1430 2301
1435 2295
1440 2286
1445 2256
1450 2243
1455 2238
1460 2231
1465 2225
1470 2211
1475 2197
1480 2188
1485 2180
1490 2175
1495 2166
1500 2147
1505 2141
1510 2132
1515 2116
1520 2116
1525 2110
1530 2101
1535 2095
1540 2084
1545 2077
1550 2070
1555 2046
1560 2046
1565 2038
1570 2027
1575 2017
1580 2011
1585 2002
1590 1996
1595 1974
1600 1968
1605 1952
1610 1952
1615 1944
1620 1928
1625 1917
1630 1917
1635 1909
1640 1903
1645 1891
1650 1885
1655 1869
1660 1862
1665 1850
1670 1843
1675 1834
1680 1626
1685 1617
1690 1611
1695 1584
1700 1584
1705 1584
1710 1584
1715 1584
1720 1584
1725 1576
1730 1569
1735 1564
1740 1558
1745 1549
1750 1543
1755 1536
1760 1531
1765 1526
1770 1514
1775 1506
1780 1498
1785 1490
1790 1484
1795 1473
1800 1459
1805 1452
1810 1445
1815 1438
1820 1431
1825 1425
1830 1418
1835 1380
1840 1380
1845 1380
1850 1376
1855 1372
1860 1370
1865 1370
1870 1369
1875 1361
1880 1353
1885 1347
1890 1340
1895 1334
1900 1334
1905 1334
1910 1329
1915 1318
1920 1303
1925 1303
1930 1301
1935 1301
1940 1301
1945 1301
1950 1301
1955 1301
1960 1301
1965 1301
1970 1301
1975 1301
1980 1301
1985 1301
1990 1301
1995 1301
2000 1301
2005 1301
2010 1301
2015 1301
2020 1301
2025 1301
2030 1282
2035 1276
2040 1089
2045 1089
2050 1081
2055 1054
2060 1049
2065 1049
2070 1041
2075 1035
2080 1020
2085 1018
2090 1016
2095 998
2100 993
2105 986
2110 980
2115 975
2120 969
2125 964
2130 958
2135 952
2140 946
2145 936
2150 929
2155 923
2160 908
2165 902
2170 895
2175 887
2180 872
2185 855
2190 846
2195 846
2200 831
2205 822
2210 816
2215 808
2220 803
2225 786
2230 763
2235 750
2240 729
2245 707
2250 702
2255 697
2260 689
2265 677
2270 675
2275 675
2280 665
2285 661
2290 655
2295 647
2300 629
2305 626
2310 605
2315 605
2320 584
2325 584
2330 584
2335 584
2340 584
2345 584
2350 584
2355 584
2360 584
2365 584
2370 584
2375 584
2380 584
2385 584
2390 584
2395 584
2400 584
2405 584
2410 584
2415 584
2420 584
2425 584
2430 584
2435 581
2440 571
2445 563
2450 558
2455 489
2460 254
2465 254
2470 254
2475 254
2480 246
2485 244
2490 244
2495 244
2500 242
2505 233
2510 233
2515 233
2520 233
2525 233
2530 233
2535 233
2540 233
2545 233
2550 233
2555 233
2560 218
2565 218
2570 192
2575 192
2580 192
2585 187
2590 174
2595 174
2600 174
2605 174
2610 174
2615 174
2620 174
2625 174
2630 173
2635 173
2640 173
2645 173
2650 173
2655 173
2660 173
2665 173
2670 173
2675 173
2680 173
2685 173
2690 173
2695 173
2700 173
2705 173
2710 173
2715 173
2720 173
2725 173
2730 173
2735 173
2740 173
2745 173
2750 168
2755 162
2760 157
2765 157
2770 157
2775 157
2780 157
2785 157
2790 102
2795 102
2800 102
2805 102
2810 102
2815 102
2820 102
2825 102
2830 102
2835 102
2840 102
2845 102
2850 102
2855 102
2860 102
2865 102
2870 102
2875 102
2880 102
2885 102
2890 102
2895 102
2900 102
2905 102
2910 102
2915 102
2920 102
2925 102
2930 102
2935 102
2940 102
2945 98
2950 89
2955 83
2960 83
2965 83
2970 83
2975 83
2980 83
2985 83
2990 83
2995 83
3000 83
3005 83
3010 77
3015 77
3020 77
3025 77
3030 76
3035 76
3040 76
3045 76
3050 76
3055 73
3060 73
3065 72
3070 65
3075 65
3080 64
3085 44
3090 44
3095 44
3100 43
3105 43
3110 43
3115 43
3120 43
3125 43
3130 43
3135 43
3140 43
3145 43
3150 43
3155 43
3160 43
3165 43
3170 43
3175 43
3180 43
3185 43
3190 43
3195 43
3200 43
3205 43
3210 43
3215 43
3220 43
3225 43
3230 43
3235 43
3240 43
3245 43
3250 43
3255 43
3260 43
3265 43
3270 43
3275 43
3280 43
3285 24
3290 24
3295 24
3300 24
