0 5066
5 5066
10 5066
15 5065
20 5065
25 5062
30 5062
35 5059
40 5059
45 5059
50 5058
55 5058
60 5058
65 5058
70 5045
75 5045
80 5043
85 5043
90 5043
95 5043
100 5043
105 5043
110 5039
115 5033
120 5027
125 5016
130 5016
135 5015
140 5015
145 4852
150 4852
155 4852
160 4852
165 4852
170 4834
175 4808
180 4807
185 4807
190 4807
195 4802
200 4787
205 4779
210 4772
215 4766
220 4764
225 4764
230 4754
235 4750
240 4748
245 4748
250 4746
255 4726
260 4726
265 4725
270 4723
275 4719
280 4719
285 4718
290 4712
295 4700
300 4696
305 4696
310 4696
315 4647
320 4640
325 4638
330 4616
335 4615
340 4615
345 4599
350 4597
355 4575
360 4568
365 4561
370 4559
375 4539
380 4537
385 4529
390 4529
395 4529
400 4529
405 4464
410 4447
415 4436
420 4435
425 4397
430 4396
435 4396
440 4394
445 4384
450 4384
455 4379
460 4373
465 4372
470 4367
475 4362
480 4359
485 4355
490 4354
495 4339
500 4338
505 4338
510 4333
515 4321
520 4316
525 4315
530 4314
535 4307
540 4266
545 4256
550 4249
555 4249
560 4227
565 4222
570 4221
575 4214
580 4205
585 4179
590 4178
595 4177
600 4163
605 4161
610 4158
615 4135
620 4126
625 4120
630 4086
635 4086
640 4084
645 4076
650 4066
655 4056
660 4051
665 4035
670 3972
675 3965
680 3960
685 3860
690 3842
695 3825
700 3707
705 3703
710 3702
715 3695
720 3679
725 3661
730 3656
735 3638
740 3638
745 3629
750 3629
755 3626
760 3610
765 3591
770 3587
775 3546
780 3545
785 3543
790 3535
795 3525
800 3515
805 3512
810 3459
815 3449
820 3447
825 3433
830 3428
835 3422
840 3400
845 3399
850 3397
855 3393
860 3392
865 3391
870 3380
875 3318
880 3297
885 3296
890 3293
895 3276
900 3264
905 3255
910 3254
915 3248
920 3248
925 3238
930 3236
935 3219
940 3209
945 3208
950 3205
955 3193
960 3180
965 3171
970 3163
975 3159
980 3153
985 3153
990 3120
995 3112
1000 3101
1005 3101
1010 2351
1015 2351
1020 2349
1025 2329
1030 2329
1035 2313
1040 2305
1045 2297
1050 2293
1055 2292
1060 2282
1065 2271
1070 2251
1075 1925
1080 1906
1085 1900
1090 1900
1095 1888
1100 1887
1105 1886
1110 1886
1115 1871
1120 1857
1125 1837
1130 1835
1135 1834
1140 1761
1145 1761
1150 1757
1155 1757
1160 1749
1165 1742
1170 1738
1175 1726
1180 1719
1185 1716
1190 1714
1195 1714
1200 1712
1205 1710
1210 1704
1215 1700
1220 1636
1225 1636
1230 1587
1235 1585
1240 1581
1245 1563
1250 1559
1255 1555
1260 1547
1265 1542
1270 1500
1275 1498
1280 1487
1285 1480
1290 1480
1295 1476
1300 1476
1305 1476
1310 1475
1315 1465
1320 1465
1325 1465
1330 1459
1335 1439
1340 1406
1345 1399
1350 1397
1355 1394
1360 1357
1365 1357
1370 1357
1375 1335
1380 1298
1385 1298
1390 1286
1395 1284
1400 1284
1405 1282
1410 1252
1415 1238
1420 1236
1425 1236
1430 1236
1435 1235
1440 1235
1445 1229
1450 1229
1455 1227
1460 1222
1465 1222
1470 1157
1475 1157
1480 1157
1485 1073
1490 1072
1495 1067
1500 1067
1505 1062
1510 1062
1515 1056
1520 1055
1525 1049
1530 1049
1535 1049
1540 1049
1545 1049
1550 1046
1555 1046
1560 989
1565 989
1570 989
1575 989
1580 989
1585 988
1590 988
1595 988
1600 988
1605 981
1610 981
1615 981
1620 981
1625 974
1630 974
1635 968
1640 968
1645 967
1650 963
1655 963
1660 962
1665 959
1670 957
1675 956
1680 956
1685 956
1690 909
1695 909
1700 906
1705 905
1710 904
1715 902
1720 902
1725 902
1730 901
1735 901
1740 901
1745 901
1750 901
1755 830
1760 825
1765 808
1770 803
1775 803
1780 801
1785 801
1790 794
1795 773
1800 772
1805 766
1810 764
1815 764
1820 764
1825 764
1830 764
1835 761
1840 760
1845 760
1850 758
1855 757
1860 757
1865 756
1870 751
1875 751
1880 751
1885 750
1890 746
1895 742
1900 742
1905 742
1910 738
1915 738
1920 733
1925 729
1930 729
1935 728
1940 671
1945 671
1950 671
1955 636
1960 636
1965 636
1970 634
1975 634
1980 633
1985 631
1990 626
1995 625
2000 625
2005 619
2010 615
2015 615
2020 613
2025 613
2030 586
2035 586
2040 586
2045 586
2050 586
2055 579
2060 559
2065 559
2070 559
2075 558
2080 558
2085 558
2090 558
2095 558
2100 552
2105 552
2110 552
2115 544
2120 541
2125 540
2130 540
2135 540
2140 536
2145 536
2150 526
2155 526
2160 526
2165 526
2170 523
2175 446
2180 446
2185 446
2190 424
2195 423
2200 422
2205 419
2210 418
2215 418
2220 418
2225 418
2230 418
2235 418
2240 418
2245 418
2250 418
2255 418
2260 418
2265 418
2270 416
2275 415
2280 415
2285 415
2290 414
2295 414
2300 414
2305 410
2310 401
2315 401
2320 401
2325 401
2330 401
2335 398
2340 398
2345 398
2350 397
2355 396
2360 396
2365 396
2370 396
2375 396
2380 396
2385 396
2390 396
2395 396
2400 396
2405 396
2410 396
2415 396
2420 371
2425 371
2430 371
2435 371
2440 367
2445 367
2450 367
2455 367
2460 364
2465 360
2470 360
2475 360
2480 358
2485 358
2490 358
2495 358
2500 358
2505 355
2510 355
2515 355
2520 355
2525 345
2530 345
2535 345
2540 345
2545 345
2550 345
2555 345
2560 345
2565 345
2570 331
2575 330
2580 330
2585 330
2590 330
2595 328
2600 325
2605 325
2610 325
2615 325
2620 320
2625 318
2630 318
2635 318
2640 318
2645 318
2650 318
2655 316
2660 316
2665 316
2670 316
2675 316
2680 316
2685 316
2690 315
2695 315
2700 304
2705 304
2710 304
2715 304
2720 297
2725 297
2730 297
2735 297
2740 293
2745 293
2750 293
2755 292
2760 292
2765 263
2770 263
2775 263
2780 263
2785 263
2790 262
2795 262
2800 262
2805 262
2810 262
2815 261
2820 261
2825 261
2830 261
2835 259
2840 245
2845 245
2850 245
2855 245
2860 245
2865 245
2870 245
2875 245
2880 245
2885 245
2890 245
2895 245
2900 245
2905 245
2910 245
2915 245
2920 245
2925 245
2930 245
2935 245
2940 245
2945 245
2950 245
2955 245
2960 245
2965 245
2970 245
2975 245
2980 244
2985 244
2990 244
2995 223
3000 223
3005 223
3010 222
3015 222
3020 220
3025 220
3030 220
3035 220
3040 220
3045 220
3050 220
3055 220
3060 220
3065 220
3070 220
3075 220
3080 220
3085 220
3090 220
3095 219
3100 219
3105 219
3110 219
3115 219
3120 219
3125 219
3130 217
3135 196
3140 188
3145 170
3150 170
3155 170
3160 170
3165 170
3170 156
3175 156
3180 156
3185 156
3190 156
3195 156
3200 156
3205 156
3210 151
3215 151
3220 151
3225 151
3230 151
3235 151
3240 151
3245 151
3250 151
3255 151
3260 151
3265 151
3270 151
3275 151
3280 151
3285 148
3290 148
3295 148
3300 148
3305 148
3310 148
3315 146
3320 146
3325 146
3330 146
3335 146
3340 146
3345 145
3350 145
3355 137
3360 137
3365 137
3370 137
3375 137
3380 137
3385 137
3390 137
3395 137
3400 137
3405 137
3410 137
3415 137
3420 137
3425 137
3430 137
3435 137
3440 137
3445 137
3450 137
3455 137
3460 137
3465 137
3470 137
3475 129
3480 129
3485 129
3490 129
3495 129
3500 129
3505 117
3510 117
3515 117
3520 117
3525 114
3530 114
3535 114
3540 114
3545 114
3550 114
3555 114
3560 114
3565 114
3570 114
3575 114
3580 114
3585 114
3590 114
3595 113
3600 113
3605 113
3610 113
3615 113
3620 113
3625 113
3630 113
3635 113
3640 113
3645 113
3650 113
3655 113
3660 113
3665 113
3670 113
3675 108
3680 108
3685 108
3690 108
3695 108
3700 107
3705 107
3710 107
3715 107
3720 107
3725 107
3730 107
3735 107
3740 107
3745 107
3750 107
3755 106
3760 106
3765 106
3770 104
3775 90
3780 90
3785 89
3790 89
3795 89
3800 89
3805 89
3810 87
3815 87
3820 87
3825 87
3830 85
3835 84
3840 84
3845 84
3850 84
3855 83
3860 83
3865 83
3870 81
3875 81
3880 81
3885 81
3890 81
3895 79
3900 79
3905 79
3910 79
3915 78
3920 78
3925 78
3930 78
3935 78
3940 78
3945 78
3950 78
3955 78
3960 78
3965 78
3970 78
3975 78
3980 78
3985 78
3990 78
3995 78
4000 74
4005 53
4010 53
4015 53
4020 53
4025 53
4030 52
4035 52
4040 52
4045 52
4050 52
4055 52
4060 52
4065 52
4070 50
4075 50
4080 50
4085 50
4090 50
4095 50
4100 50
4105 50
4110 50
4115 50
4120 50
4125 50
4130 50
4135 50
4140 47
4145 47
4150 47
4155 47
4160 47
4165 47
4170 47
4175 42
4180 42
4185 42
4190 42
4195 42
4200 42
4205 42
4210 42
4215 42
4220 41
4225 41
4230 41
4235 41
4240 41
4245 41
4250 41
4255 41
4260 41
4265 41
4270 41
4275 28
4280 28
4285 28
4290 28
4295 28
4300 28
4305 28
4310 28
4315 28
4320 28
4325 28
4330 28
4335 28
4340 28
4345 28
4350 28
4355 28
4360 28
4365 28
4370 28
4375 28
4380 28
4385 28
4390 28
4395 28
4400 25
4405 25
4410 25
4415 25
4420 25
4425 25
4430 17
4435 17
4440 17
4445 17
4450 17
4455 17
4460 17
4465 17
4470 17
4475 17
4480 17
4485 17
4490 17
4495 17
4500 17
4505 17
4510 17
4515 17
4520 17
4525 17
4530 17
4535 17
4540 15
4545 15
4550 15
4555 15
4560 15
4565 15
4570 15
4575 15
4580 15
4585 15
4590 15
4595 15
4600 15
4605 15
4610 15
4615 15
4620 15
4625 14
4630 14
4635 14
4640 14
4645 14
4650 14
4655 14
4660 14
4665 14
4670 14
4675 14
4680 14
4685 14
4690 14
4695 14
4700 14
4705 14
4710 13
4715 13
4720 13
4725 13
4730 13
4735 11
4740 11
4745 11
4750 11
4755 11
4760 11
4765 11
4770 11
4775 11
4780 11
4785 11
4790 11
4795 11
4800 11
4805 11
4810 11
4815 11
4820 11
4825 11
4830 11
4835 11
4840 11
4845 11
4850 11
4855 11
4860 11
4865 11
4870 11
4875 11
4880 11
4885 11
4890 11
4895 11
4900 11
4905 11
4910 11
4915 11
4920 11
4925 11
4930 11
4935 11
4940 11
4945 11
4950 11
4955 11
4960 11
4965 11
4970 9
4975 9
4980 9
4985 9
4990 9
4995 9
5000 9
5005 9
5010 9
5015 9
5020 9
5025 9
5030 9
5035 9
5040 9
5045 9
5050 9
5055 9
5060 9
5065 9
5070 9
5075 9
5080 9
5085 9
5090 9
5095 9
5100 9
5105 9
5110 9
5115 9
5120 9
5125 9
5130 9
5135 9
5140 9
5145 9
5150 9
5155 9
5160 9
5165 9
5170 9
5175 8
5180 8
5185 8
5190 8
5195 7
5200 7
5205 6
5210 6
5215 6
5220 6
5225 6
5230 6
5235 6
5240 6
5245 6
5250 6
5255 6
5260 6
5265 6
5270 6
5275 6
5280 6
5285 6
5290 6
5295 6
5300 6
5305 6
5310 6
5315 6
5320 6
5325 6
5330 6
5335 6
5340 6
5345 6
5350 6
5355 6
5360 6
5365 6
5370 6
5375 6
5380 6
5385 6
5390 6
5395 6
5400 6
5405 6
5410 6
5415 6
5420 6
5425 6
5430 6
5435 6
5440 6
5445 6
5450 6
5455 6
5460 6
5465 6
5470 6
5475 6
5480 5
5485 5
5490 5
5495 5
5500 5
5505 5
5510 5
5515 5
5520 5
5525 5
5530 5
5535 5
5540 5
5545 5
5550 5
5555 5
5560 5
5565 5
5570 5
5575 5
5580 5
5585 5
5590 5
5595 5
5600 5
5605 5
5610 5
5615 5
5620 5
5625 5
5630 5
5635 5
5640 5
5645 5
5650 5
5655 5
5660 5
5665 5
5670 5
5675 5
5680 5
5685 5
5690 5
5695 4
5700 4
5705 4
5710 4
5715 4
5720 4
5725 4
5730 4
5735 4
5740 4
5745 4
5750 4
5755 4
5760 4
5765 4
5770 4
5775 4
5780 4
5785 4
5790 4
5795 4
5800 4
5805 4
5810 4
5815 4
5820 4
5825 4
5830 4
5835 4
5840 4
5845 4
5850 4
5855 4
5860 4
5865 4
5870 4
5875 4
5880 4
5885 4
5890 4
5895 4
5900 4
5905 4
5910 4
5915 4
5920 4
5925 4
5930 4
5935 3
5940 3
5945 3
5950 3
5955 3
5960 3
5965 3
5970 3
5975 3
5980 3
5985 3
5990 3
5995 3
6000 3
6005 3
6010 3
6015 3
6020 3
6025 3
6030 3
6035 3
6040 3
6045 3
6050 3
6055 3
6060 3
6065 3
6070 3
6075 3
6080 3
6085 3
6090 3
6095 3
6100 3
6105 2
6110 2
6115 2
6120 2
6125 2
6130 2
6135 2
6140 2
6145 2
6150 2
6155 2
6160 2
6165 1
