0 5066
5 5060
10 5053
15 5048
20 5031
25 5026
30 5018
35 5011
40 5006
45 4998
50 4991
55 4985
60 4976
65 4969
70 4937
75 4804
80 4798
85 4791
90 4786
95 4777
100 4776
105 4776
110 4776
115 4776
120 4776
125 4776
130 4776
135 4776
140 4776
145 4776
150 4776
155 4776
160 4769
165 4768
170 4768
175 4761
180 4756
185 4750
190 4748
195 4731
200 4731
205 4725
210 4717
215 4712
220 4705
225 4667
230 4657
235 4644
240 4643
245 4636
250 4631
255 4625
260 4617
265 4610
270 4604
275 4586
280 4577
285 4569
290 4562
295 4557
300 4552
305 4520
310 4520
315 4519
320 4497
325 4489
330 4411
335 4404
340 4378
345 4347
350 4338
355 4338
360 4338
365 4334
370 4331
375 4322
380 4308
385 4296
390 4157
395 4144
400 4125
405 4125
410 4125
415 4125
420 4125
425 4109
430 4097
435 4097
440 4081
445 4036
450 4036
455 4036
460 4036
465 4036
470 4036
475 4032
480 4018
485 4002
490 3999
495 3994
500 3988
505 3980
510 3973
515 3953
520 3947
525 3939
530 3640
535 3640
540 3640
545 3640
550 3640
555 3640
560 3640
565 3640
570 3640
575 3640
580 3633
585 3628
590 3620
595 3616
600 3616
605 3616
610 3616
615 3616
620 3616
625 3616
630 3616
635 3616
640 3616
645 3615
650 3615
655 3615
660 3603
665 3595
670 3587
675 3564
680 3558
685 3552
690 3545
695 3538
700 3531
705 3526
710 3521
715 3516
720 3502
725 3493
730 3485
735 3474
740 3468
745 3461
750 3452
755 3446
760 3428
765 3421
770 3413
775 3393
780 3054
785 3054
790 3054
795 3053
800 3046
805 3041
810 3035
815 3028
820 3022
825 3012
830 3005
835 2999
840 2993
845 2991
850 2991
855 2991
860 2991
865 2991
870 2991
875 2988
880 2983
885 2978
890 2972
895 2961
900 2955
905 2950
910 2923
915 2923
920 2918
925 2912
930 2903
935 2898
940 2893
945 2876
950 2870
955 2864
960 2858
965 2839
970 2839
975 2833
980 2825
985 2813
990 2803
995 2792
1000 2781
1005 2776
1010 2769
1015 2757
1020 2752
1025 2746
1030 2733
1035 2606
1040 2606
1045 2600
1050 2591
1055 2574
1060 2574
1065 2574
1070 2574
1075 2574
1080 2567
1085 2565
1090 2559
1095 2542
1100 2522
1105 2522
1110 2522
1115 2522
1120 2520
1125 2513
1130 2506
1135 2484
1140 2484
1145 2446
1150 2446
1155 2446
1160 2446
1165 2446
1170 2446
1175 2446
1180 2446
1185 2446
1190 2446
1195 2446
1200 2446
1205 2446
1210 2446
1215 2446
1220 2446
1225 2446
1230 2446
1235 2446
1240 2446
1245 2446
1250 2446
1255 2446
1260 2446
1265 2446
1270 2446
1275 2442
1280 2433
1285 2419
1290 2419
1295 2419
1300 2419
1305 2419
1310 2419
1315 2419
1320 2419
1325 2414
1330 2408
1335 2388
1340 2381
1345 2377
1350 2370
1355 2363
1360 2355
1365 2345
1370 2334
1375 2324
1380 2318
1385 2300
1390 2295
1395 2288
1400 2283
1405 2277
1410 2252
1415 2231
1420 2225
1425 2149
1430 2142
1435 2137
1440 2125
1445 2103
1450 2101
1455 2092
1460 2087
1465 2077
1470 2071
1475 2068
1480 2060
1485 2042
1490 2042
1495 2033
1500 2024
1505 2019
1510 2013
1515 1999
1520 1987
1525 1933
1530 1915
1535 1911
1540 1902
1545 1888
1550 1883
1555 1871
1560 1866
1565 1861
1570 1831
1575 1825
1580 1817
1585 1799
1590 1768
1595 1768
1600 1764
1605 1741
1610 1735
1615 1683
1620 1647
1625 1647
1630 1647
1635 1647
1640 1646
1645 1630
1650 1621
1655 1615
1660 1588
1665 1588
1670 1588
1675 1588
1680 1588
1685 1588
1690 1576
1695 1571
1700 1566
1705 1557
1710 1551
1715 1542
1720 1537
1725 1523
1730 1516
1735 1509
1740 1498
1745 1492
1750 1487
1755 1471
1760 1443
1765 1436
1770 1428
1775 1415
1780 1392
1785 1392
1790 1392
1795 1383
1800 1380
1805 1379
1810 1379
1815 1379
1820 1379
1825 1374
1830 1367
1835 1361
1840 1352
1845 1338
1850 1332
1855 1332
1860 1332
1865 1324
1870 1317
1875 1311
1880 1297
1885 1297
1890 1297
1895 1297
1900 1281
1905 1281
1910 1281
1915 1281
1920 1281
1925 1281
1930 1281
1935 1281
1940 1281
1945 1281
1950 1281
1955 1281
1960 1281
1965 1281
1970 1281
1975 1281
1980 1281
1985 1281
1990 1264
1995 1259
2000 1254
2005 1069
2010 1068
2015 1057
2020 1033
2025 1033
2030 1026
2035 1021
2040 1003
2045 998
2050 981
2055 980
2060 975
2065 970
2070 964
2075 956
2080 948
2085 942
2090 933
2095 924
2100 916
2105 910
2110 905
2115 891
2120 886
2125 877
2130 868
2135 851
2140 842
2145 820
2150 820
2155 820
2160 810
2165 803
2170 797
2175 792
2180 786
2185 745
2190 723
2195 711
2200 703
2205 680
2210 675
2215 669
2220 663
2225 657
2230 644
2235 632
2240 625
2245 620
2250 614
2255 611
2260 610
2265 599
2270 585
2275 561
2280 561
2285 540
2290 540
2295 540
2300 540
2305 540
2310 540
2315 540
2320 540
2325 540
2330 540
2335 540
2340 540
2345 540
2350 540
2355 540
2360 540
2365 540
2370 540
2375 540
2380 540
2385 540
2390 539
2395 529
2400 522
2405 515
2410 447
2415 442
2420 442
2425 438
2430 438
2435 438
2440 438
2445 438
2450 438
2455 438
2460 438
2465 438
2470 409
2475 409
2480 406
2485 400
2490 400
2495 392
2500 386
2505 357
2510 324
2515 211
2520 211
2525 195
2530 195
2535 171
2540 171
2545 171
2550 171
2555 170
2560 170
2565 170
2570 170
2575 170
2580 170
2585 170
2590 163
2595 163
2600 163
2605 163
2610 163
2615 163
2620 163
2625 163
2630 163
2635 163
2640 163
2645 163
2650 163
2655 163
2660 163
2665 163
2670 163
2675 163
2680 163
2685 163
2690 163
2695 163
2700 163
2705 163
2710 163
2715 163
2720 158
2725 151
2730 145
2735 136
2740 119
2745 102
2750 102
2755 102
2760 102
2765 102
2770 102
2775 102
2780 102
2785 102
2790 102
2795 102
2800 102
2805 102
2810 102
2815 102
2820 102
2825 102
2830 102
2835 102
2840 102
2845 102
2850 102
2855 102
2860 102
2865 102
2870 102
2875 102
2880 102
2885 102
2890 102
2895 102
2900 102
2905 102
2910 102
2915 102
2920 97
2925 84
2930 75
2935 71
2940 71
2945 71
2950 71
2955 71
2960 71
2965 71
2970 71
2975 71
2980 71
2985 71
2990 71
2995 71
3000 71
3005 71
3010 71
3015 70
3020 70
3025 70
3030 70
3035 68
3040 68
3045 68
3050 56
3055 51
3060 35
3065 31
3070 30
3075 30
3080 30
3085 30
3090 30
3095 30
3100 30
3105 30
3110 30
3115 30
3120 30
3125 30
3130 29
3135 23
3140 22
3145 22
3150 22
3155 22
3160 22
3165 22
3170 22
3175 22
3180 22
3185 22
3190 22
3195 22
3200 22
3205 22
3210 22
3215 22
3220 22
3225 22
3230 22
3235 22
3240 21
3245 21
3250 21
3255 21
3260 21
3265 21
3270 21
3275 21
3280 21
3285 21
3290 21
