0 5066
5 5066
10 5066
15 5066
20 5066
25 5066
30 5066
35 5066
40 5066
45 5066
50 5066
55 5066
60 5051
65 5050
70 5050
75 5050
80 5046
85 5045
90 5035
95 5035
100 5035
105 5035
110 5011
115 5011
120 5011
125 5011
130 5011
135 5005
140 5005
145 5005
150 5003
155 4993
160 4993
165 4993
170 4988
175 4981
180 4977
185 4970
190 4970
195 4960
200 4960
205 4958
210 4958
215 4875
220 4869
225 4869
230 4869
235 4848
240 4834
245 4828
250 4828
255 4828
260 4827
265 4807
270 4745
275 4745
280 4738
285 4738
290 4721
295 4721
300 4719
305 4709
310 4708
315 4677
320 4668
325 4657
330 4657
335 4647
340 4641
345 4641
350 4637
355 4626
360 4609
365 4605
370 4605
375 4597
380 4597
385 4597
390 4512
395 4506
400 4478
405 4478
410 4477
415 4468
420 4468
425 4468
430 4466
435 4461
440 4461
445 4461
450 4453
455 4453
460 4451
465 4439
470 4439
475 4430
480 4309
485 4307
490 4263
495 4258
500 4257
505 4257
510 4250
515 4215
520 4205
525 4204
530 4204
535 4138
540 4138
545 4131
550 4130
555 4130
560 4125
565 4110
570 4103
575 4100
580 4099
585 4088
590 4082
595 4082
600 4082
605 4077
610 4052
615 4046
620 3976
625 3975
630 3974
635 3974
640 3963
645 3959
650 3950
655 3946
660 3819
665 3819
670 3818
675 3805
680 3797
685 3767
690 3763
695 3763
700 3757
705 3755
710 3746
715 3705
720 3702
725 3699
730 3670
735 3666
740 3666
745 3666
750 3659
755 3649
760 3649
765 3636
770 3594
775 3588
780 3580
785 3568
790 3566
795 3557
800 3553
805 3542
810 3532
815 3526
820 3526
825 3524
830 3521
835 3496
840 3426
845 3423
850 3376
855 3376
860 3373
865 3369
870 3367
875 3171
880 3171
885 3146
890 3125
895 3125
900 3125
905 3097
910 3097
915 3097
920 3076
925 3069
930 3057
935 3052
940 3051
945 3047
950 2730
955 2715
960 2677
965 2665
970 2665
975 2654
980 2627
985 2627
990 2626
995 2621
1000 2601
1005 2601
1010 2599
1015 2599
1020 2599
1025 2592
1030 2583
1035 2583
1040 2561
1045 2560
1050 2547
1055 2547
1060 2538
1065 2527
1070 2512
1075 2474
1080 2447
1085 2436
1090 2350
1095 2350
1100 2346
1105 2344
1110 2341
1115 2340
1120 2338
1125 2332
1130 2115
1135 2102
1140 2091
1145 1902
1150 1900
1155 1900
1160 1898
1165 1898
1170 1893
1175 1888
1180 1888
1185 1888
1190 1888
1195 1888
1200 1886
1205 1886
1210 1879
1215 1872
1220 1860
1225 1841
1230 1827
1235 1810
1240 1809
1245 1804
1250 1802
1255 1801
1260 1801
1265 1800
1270 1797
1275 1784
1280 1783
1285 1761
1290 1741
1295 1741
1300 1724
1305 1720
1310 1718
1315 1716
1320 1699
1325 1699
1330 1699
1335 1697
1340 1679
1345 1678
1350 1673
1355 1673
1360 1672
1365 1670
1370 1627
1375 1627
1380 1627
1385 1627
1390 1617
1395 1609
1400 1608
1405 1594
1410 1594
1415 1566
1420 1562
1425 1561
1430 1561
1435 1546
1440 1433
1445 1418
1450 1414
1455 1408
1460 1404
1465 1398
1470 1398
1475 1389
1480 1371
1485 1371
1490 1370
1495 1370
1500 1367
1505 1366
1510 1366
1515 1362
1520 1362
1525 1333
1530 1331
1535 1329
1540 1325
1545 1321
1550 1320
1555 1320
1560 1235
1565 1235
1570 1235
1575 1235
1580 1235
1585 1235
1590 1234
1595 1094
1600 1094
1605 1088
1610 1088
1615 1088
1620 1088
1625 1086
1630 1086
1635 1086
1640 1081
1645 1074
1650 1074
1655 1068
1660 1054
1665 1053
1670 1053
1675 1053
1680 1006
1685 1006
1690 983
1695 983
1700 983
1705 982
1710 982
1715 982
1720 975
1725 972
1730 972
1735 970
1740 970
1745 960
1750 960
1755 959
1760 950
1765 944
1770 943
1775 937
1780 935
1785 933
1790 933
1795 896
1800 895
1805 895
1810 892
1815 892
1820 886
1825 881
1830 881
1835 881
1840 881
1845 881
1850 881
1855 878
1860 833
1865 791
1870 781
1875 781
1880 781
1885 781
1890 777
1895 774
1900 772
1905 768
1910 765
1915 761
1920 758
1925 756
1930 756
1935 756
1940 756
1945 756
1950 756
1955 756
1960 752
1965 737
1970 737
1975 733
1980 732
1985 732
1990 732
1995 731
2000 729
2005 729
2010 728
2015 728
2020 726
2025 725
2030 683
2035 683
2040 683
2045 683
2050 683
2055 683
2060 683
2065 677
2070 677
2075 677
2080 677
2085 660
2090 657
2095 657
2100 651
2105 650
2110 649
2115 607
2120 602
2125 599
2130 599
2135 599
2140 599
2145 599
2150 593
2155 593
2160 590
2165 589
2170 585
2175 585
2180 584
2185 584
2190 577
2195 577
2200 577
2205 573
2210 572
2215 571
2220 571
2225 571
2230 569
2235 568
2240 568
2245 567
2250 567
2255 552
2260 552
2265 550
2270 550
2275 550
2280 541
2285 537
2290 537
2295 537
2300 537
2305 537
2310 537
2315 535
2320 534
2325 527
2330 526
2335 525
2340 525
2345 525
2350 514
2355 514
2360 507
2365 504
2370 503
2375 503
2380 503
2385 488
2390 485
2395 485
2400 485
2405 457
2410 356
2415 356
2420 352
2425 348
2430 348
2435 347
2440 347
2445 347
2450 343
2455 318
2460 318
2465 318
2470 318
2475 318
2480 318
2485 307
2490 293
2495 293
2500 293
2505 293
2510 293
2515 293
2520 293
2525 293
2530 293
2535 291
2540 288
2545 288
2550 277
2555 277
2560 277
2565 275
2570 272
2575 272
2580 272
2585 272
2590 272
2595 272
2600 272
2605 271
2610 271
2615 271
2620 271
2625 271
2630 269
2635 269
2640 269
2645 269
2650 269
2655 269
2660 269
2665 269
2670 267
2675 267
2680 267
2685 236
2690 236
2695 235
2700 235
2705 234
2710 234
2715 232
2720 232
2725 232
2730 230
2735 229
2740 228
2745 228
2750 228
2755 228
2760 228
2765 227
2770 130
2775 130
2780 130
2785 130
2790 129
2795 129
2800 129
2805 129
2810 129
2815 129
2820 129
2825 129
2830 126
2835 126
2840 126
2845 126
2850 126
2855 126
2860 126
2865 120
2870 120
2875 120
2880 120
2885 119
2890 119
2895 114
2900 112
2905 112
2910 112
2915 112
2920 112
2925 112
2930 112
2935 109
2940 109
2945 109
2950 109
2955 109
2960 109
2965 108
2970 108
2975 108
2980 108
2985 108
2990 108
2995 108
3000 108
3005 108
3010 105
3015 105
3020 105
3025 105
3030 105
3035 105
3040 105
3045 105
3050 105
3055 105
3060 105
3065 105
3070 105
3075 105
3080 105
3085 105
3090 105
3095 105
3100 105
3105 105
3110 105
3115 105
3120 105
3125 105
3130 105
3135 105
3140 103
3145 103
3150 103
3155 103
3160 100
3165 100
3170 100
3175 100
3180 100
3185 100
3190 100
3195 100
3200 100
3205 100
3210 100
3215 100
3220 99
3225 98
3230 98
3235 98
3240 98
3245 98
3250 98
3255 98
3260 98
3265 98
3270 98
3275 98
3280 98
3285 98
3290 98
3295 98
3300 96
3305 93
3310 93
3315 93
3320 93
3325 92
3330 92
3335 92
3340 92
3345 92
3350 92
3355 91
3360 91
3365 91
3370 91
3375 91
3380 91
3385 91
3390 86
3395 86
3400 86
3405 86
3410 86
3415 86
3420 86
3425 86
3430 86
3435 86
3440 86
3445 86
3450 86
3455 81
3460 81
3465 81
3470 81
3475 81
3480 81
3485 81
3490 81
3495 81
3500 81
3505 78
3510 78
3515 78
3520 78
3525 62
3530 62
3535 62
3540 62
3545 62
3550 62
3555 62
3560 62
3565 62
3570 62
3575 62
3580 62
3585 62
3590 62
3595 62
3600 62
3605 62
3610 62
3615 62
3620 62
3625 62
3630 61
3635 61
3640 61
3645 61
3650 61
3655 61
3660 61
3665 61
3670 61
3675 61
3680 61
3685 61
3690 61
3695 61
3700 61
3705 61
3710 61
3715 61
3720 61
3725 61
3730 61
3735 61
3740 61
3745 61
3750 61
3755 61
3760 61
3765 61
3770 61
3775 61
3780 61
3785 57
3790 57
3795 57
3800 57
3805 57
3810 56
3815 56
3820 56
3825 56
3830 56
3835 56
3840 56
3845 56
3850 56
3855 56
3860 56
3865 56
3870 56
3875 56
3880 56
3885 56
3890 56
3895 56
3900 56
3905 55
3910 50
3915 50
3920 50
3925 50
3930 50
3935 50
3940 50
3945 50
3950 50
3955 50
3960 50
3965 50
3970 50
3975 50
3980 50
3985 50
3990 50
3995 50
4000 48
4005 48
4010 48
4015 48
4020 48
4025 41
4030 41
4035 41
4040 41
4045 41
4050 41
4055 41
4060 41
4065 41
4070 41
4075 41
4080 41
4085 41
4090 41
4095 41
4100 41
4105 41
4110 41
4115 41
4120 41
4125 41
4130 41
4135 41
4140 41
4145 41
4150 41
4155 41
4160 41
4165 41
4170 36
4175 36
4180 36
4185 36
4190 36
4195 36
4200 36
4205 36
4210 36
4215 36
4220 36
4225 36
4230 36
4235 36
4240 36
4245 35
4250 35
4255 35
4260 35
4265 35
4270 35
4275 35
4280 35
4285 32
4290 32
4295 32
4300 32
4305 32
4310 32
4315 32
4320 32
4325 32
4330 32
4335 32
4340 32
4345 32
4350 32
4355 32
4360 32
4365 32
4370 32
4375 32
4380 32
4385 32
4390 32
4395 32
4400 32
4405 32
4410 32
4415 32
4420 32
4425 32
4430 32
4435 32
4440 32
4445 30
4450 30
4455 30
4460 30
4465 30
4470 30
4475 30
4480 30
4485 30
4490 29
4495 29
4500 29
4505 27
4510 27
4515 24
4520 24
4525 24
4530 24
4535 24
4540 24
4545 24
4550 24
4555 23
4560 22
4565 22
4570 22
4575 22
4580 22
4585 22
4590 22
4595 22
4600 22
4605 22
4610 22
4615 22
4620 22
4625 22
4630 22
4635 22
4640 22
4645 22
4650 22
4655 22
4660 22
4665 22
4670 22
4675 22
4680 22
4685 22
4690 22
4695 22
4700 12
4705 12
4710 12
4715 11
4720 11
4725 11
4730 11
4735 11
4740 11
4745 11
4750 11
4755 11
4760 11
4765 11
4770 11
4775 11
4780 10
4785 10
4790 10
4795 10
4800 10
4805 10
4810 10
4815 10
4820 10
4825 10
4830 10
4835 10
4840 10
4845 10
4850 10
4855 10
4860 10
4865 10
4870 10
4875 10
4880 10
4885 10
4890 10
4895 10
4900 9
4905 9
4910 9
4915 9
4920 9
4925 9
4930 9
4935 9
4940 9
4945 9
4950 9
4955 9
4960 9
4965 9
4970 9
4975 9
4980 9
4985 9
4990 9
4995 9
5000 9
5005 9
5010 9
5015 9
5020 9
5025 9
5030 9
5035 9
5040 9
5045 9
5050 9
5055 9
5060 9
5065 9
5070 9
5075 9
5080 9
5085 9
5090 9
5095 9
5100 9
5105 9
5110 9
5115 9
5120 9
5125 9
5130 9
5135 9
5140 9
5145 9
5150 9
5155 9
5160 9
5165 9
5170 9
5175 9
5180 9
5185 9
5190 7
5195 7
5200 7
5205 7
5210 7
5215 7
5220 7
5225 7
5230 7
5235 7
5240 7
5245 7
5250 7
5255 7
5260 7
5265 7
5270 7
5275 7
5280 7
5285 7
5290 7
5295 6
5300 6
5305 6
5310 6
5315 6
5320 6
5325 6
5330 6
5335 6
5340 6
5345 6
5350 6
5355 6
5360 6
5365 6
5370 6
5375 6
5380 6
5385 6
5390 6
5395 6
5400 6
5405 6
5410 6
5415 6
5420 6
5425 6
5430 5
5435 5
5440 5
5445 5
5450 5
5455 5
5460 5
5465 5
5470 5
5475 5
5480 5
5485 5
5490 5
5495 5
5500 5
5505 5
5510 5
5515 5
5520 5
5525 5
5530 5
5535 5
5540 5
5545 5
5550 5
5555 5
5560 5
5565 5
5570 5
5575 5
5580 5
5585 5
5590 5
5595 5
5600 5
5605 5
5610 5
5615 4
5620 4
5625 4
5630 4
5635 4
5640 4
5645 4
5650 4
5655 4
5660 4
5665 4
5670 4
5675 4
5680 4
5685 4
5690 4
5695 4
5700 4
5705 4
5710 4
5715 4
5720 4
5725 4
5730 4
5735 4
5740 4
5745 4
5750 4
5755 4
5760 4
5765 4
5770 4
5775 4
5780 4
5785 4
5790 4
5795 4
5800 4
5805 4
5810 4
5815 4
5820 4
5825 4
5830 4
5835 4
5840 4
5845 4
5850 4
5855 4
5860 4
5865 4
5870 4
5875 4
5880 4
5885 4
5890 4
5895 4
5900 4
5905 4
5910 4
5915 4
5920 4
5925 4
5930 4
5935 4
5940 4
5945 4
5950 4
5955 4
5960 4
5965 4
5970 4
5975 4
5980 4
5985 4
5990 4
5995 4
6000 4
6005 4
6010 4
6015 4
6020 4
6025 4
6030 3
6035 3
6040 3
6045 3
6050 3
6055 3
6060 3
6065 3
6070 3
6075 3
6080 3
6085 3
6090 3
6095 3
6100 3
6105 3
6110 3
6115 3
6120 3
6125 3
6130 3
6135 2
6140 2
6145 2
6150 2
6155 2
6160 2
6165 1
