0 5066
5 5061
10 5055
15 5044
20 5035
25 5026
30 5015
35 5008
40 5003
45 4998
50 4988
55 4980
60 4975
65 4917
70 4912
75 4905
80 4896
85 4889
90 4878
95 4752
100 4752
105 4752
110 4752
115 4752
120 4752
125 4752
130 4752
135 4752
140 4752
145 4751
150 4743
155 4741
160 4741
165 4738
170 4731
175 4724
180 4717
185 4700
190 4700
195 4700
200 4665
205 4656
210 4645
215 4605
220 4597
225 4588
230 4580
235 4571
240 4565
245 4550
250 4545
255 4539
260 4518
265 4499
270 4492
275 4486
280 4479
285 4474
290 4468
295 4423
300 4423
305 4422
310 4415
315 4356
320 4348
325 4320
330 4312
335 4307
340 4307
345 4307
350 4305
355 4303
360 4294
365 4263
370 4263
375 4258
380 4255
385 4176
390 4166
395 4128
400 4128
405 4128
410 4128
415 4114
420 4104
425 4080
430 4069
435 4063
440 4036
445 4036
450 4036
455 4036
460 4036
465 4036
470 4036
475 4036
480 4030
485 4010
490 4009
495 4004
500 3998
505 3991
510 3985
515 3979
520 3973
525 3968
530 3963
535 3915
540 3910
545 3910
550 3910
555 3904
560 3899
565 3617
570 3617
575 3617
580 3617
585 3617
590 3617
595 3617
600 3617
605 3617
610 3614
615 3608
620 3603
625 3597
630 3593
635 3593
640 3593
645 3593
650 3593
655 3593
660 3593
665 3593
670 3593
675 3593
680 3593
685 3593
690 3590
695 3590
700 3590
705 3586
710 3581
715 3571
720 3552
725 3544
730 3539
735 3533
740 3523
745 3517
750 3512
755 3507
760 3501
765 3494
770 3487
775 3480
780 3474
785 3468
790 3461
795 3456
800 3439
805 3434
810 3427
815 3416
820 3395
825 3077
830 3077
835 3075
840 3064
845 3059
850 3043
855 3035
860 3021
865 3013
870 2994
875 2994
880 2994
885 2994
890 2994
895 2994
900 2989
905 2984
910 2978
915 2972
920 2964
925 2958
930 2952
935 2947
940 2940
945 2930
950 2922
955 2916
960 2911
965 2904
970 2892
975 2887
980 2878
985 2864
990 2864
995 2858
1000 2852
1005 2815
1010 2805
1015 2797
1020 2788
1025 2781
1030 2776
1035 2766
1040 2749
1045 2742
1050 2736
1055 2727
1060 2708
1065 2708
1070 2703
1075 2692
1080 2685
1085 2619
1090 2604
1095 2574
1100 2574
1105 2561
1110 2550
1115 2546
1120 2509
1125 2509
1130 2509
1135 2509
1140 2509
1145 2497
1150 2488
1155 2469
1160 2469
1165 2450
1170 2450
1175 2450
1180 2450
1185 2450
1190 2450
1195 2450
1200 2450
1205 2448
1210 2441
1215 2435
1220 2433
1225 2433
1230 2433
1235 2433
1240 2433
1245 2433
1250 2433
1255 2433
1260 2433
1265 2433
1270 2433
1275 2433
1280 2433
1285 2433
1290 2428
1295 2422
1300 2408
1305 2408
1310 2408
1315 2408
1320 2408
1325 2408
1330 2408
1335 2404
1340 2399
1345 2376
1350 2374
1355 2368
1360 2360
1365 2353
1370 2347
1375 2337
1380 2330
1385 2323
1390 2316
1395 2297
1400 2292
1405 2285
1410 2278
1415 2269
1420 2245
1425 2236
1430 2228
1435 2157
1440 2147
1445 2141
1450 2132
1455 2132
1460 2127
1465 2119
1470 2113
1475 2110
1480 2103
1485 2090
1490 2084
1495 2073
1500 2071
1505 2065
1510 2058
1515 2051
1520 2043
1525 2035
1530 2027
1535 2020
1540 2013
1545 1994
1550 1989
1555 1983
1560 1976
1565 1970
1570 1964
1575 1957
1580 1951
1585 1938
1590 1811
1595 1808
1600 1808
1605 1808
1610 1808
1615 1808
1620 1791
1625 1786
1630 1779
1635 1769
1640 1763
1645 1748
1650 1741
1655 1733
1660 1719
1665 1712
1670 1703
1675 1651
1680 1646
1685 1617
1690 1617
1695 1617
1700 1617
1705 1617
1710 1617
1715 1617
1720 1604
1725 1599
1730 1594
1735 1589
1740 1582
1745 1577
1750 1568
1755 1554
1760 1547
1765 1540
1770 1531
1775 1524
1780 1516
1785 1481
1790 1473
1795 1463
1800 1453
1805 1422
1810 1422
1815 1422
1820 1422
1825 1420
1830 1415
1835 1415
1840 1412
1845 1412
1850 1406
1855 1397
1860 1393
1865 1389
1870 1379
1875 1373
1880 1371
1885 1371
1890 1371
1895 1363
1900 1354
1905 1349
1910 1344
1915 1338
1920 1338
1925 1338
1930 1338
1935 1338
1940 1338
1945 1338
1950 1338
1955 1338
1960 1338
1965 1338
1970 1338
1975 1338
1980 1338
1985 1338
1990 1338
1995 1338
2000 1338
2005 1332
2010 1332
2015 1332
2020 1314
2025 1118
2030 1118
2035 1118
2040 1103
2045 1097
2050 1081
2055 1079
2060 1070
2065 1056
2070 1050
2075 1046
2080 1036
2085 1036
2090 1036
2095 1030
2100 1024
2105 1016
2110 1009
2115 1003
2120 993
2125 987
2130 979
2135 970
2140 962
2145 956
2150 936
2155 936
2160 934
2165 927
2170 907
2175 902
2180 886
2185 873
2190 873
2195 873
2200 872
2205 862
2210 851
2215 845
2220 834
2225 805
2230 792
2235 765
2240 757
2245 750
2250 732
2255 726
2260 718
2265 710
2270 700
2275 687
2280 684
2285 675
2290 667
2295 665
2300 656
2305 648
2310 613
2315 613
2320 594
2325 594
2330 594
2335 594
2340 594
2345 594
2350 594
2355 594
2360 594
2365 594
2370 594
2375 594
2380 594
2385 594
2390 594
2395 594
2400 594
2405 594
2410 594
2415 594
2420 594
2425 594
2430 594
2435 594
2440 594
2445 589
2450 575
2455 568
2460 503
2465 497
2470 250
2475 250
2480 250
2485 250
2490 250
2495 250
2500 250
2505 250
2510 250
2515 250
2520 250
2525 250
2530 250
2535 250
2540 250
2545 250
2550 250
2555 250
2560 250
2565 250
2570 250
2575 233
2580 233
2585 210
2590 210
2595 210
2600 210
2605 210
2610 210
2615 210
2620 210
2625 210
2630 210
2635 210
2640 210
2645 210
2650 209
2655 209
2660 209
2665 209
2670 209
2675 209
2680 209
2685 209
2690 209
2695 209
2700 209
2705 209
2710 209
2715 209
2720 209
2725 209
2730 209
2735 209
2740 209
2745 209
2750 209
2755 209
2760 209
2765 204
2770 191
2775 184
2780 159
2785 116
2790 103
2795 103
2800 103
2805 103
2810 103
2815 103
2820 103
2825 102
2830 102
2835 102
2840 102
2845 102
2850 102
2855 102
2860 102
2865 102
2870 102
2875 102
2880 102
2885 102
2890 102
2895 102
2900 102
2905 102
2910 102
2915 102
2920 102
2925 102
2930 102
2935 102
2940 102
2945 102
2950 102
2955 102
2960 94
2965 91
2970 91
2975 91
2980 91
2985 91
2990 91
2995 91
3000 91
3005 91
3010 91
3015 91
3020 91
3025 91
3030 91
3035 91
3040 91
3045 91
3050 90
3055 90
3060 90
3065 90
3070 89
3075 88
3080 72
3085 60
3090 59
3095 59
3100 59
3105 59
3110 59
3115 59
3120 59
3125 59
3130 59
3135 59
3140 59
3145 59
3150 59
3155 59
3160 59
3165 58
3170 58
3175 58
3180 54
3185 54
3190 54
3195 54
3200 54
3205 54
3210 54
3215 54
3220 54
3225 54
3230 54
3235 54
3240 54
3245 54
3250 54
3255 54
3260 54
3265 54
3270 54
3275 54
3280 54
3285 54
3290 37
3295 37
3300 37
3305 37
