0 5066
5 5060
10 5054
15 5045
20 5038
25 5027
30 5018
35 5012
40 5007
45 5001
50 4996
55 4990
60 4982
65 4975
70 4839
75 4832
80 4824
85 4815
90 4809
95 4809
100 4809
105 4809
110 4809
115 4809
120 4809
125 4809
130 4809
135 4809
140 4809
145 4715
150 4715
155 4715
160 4709
165 4709
170 4709
175 4693
180 4691
185 4665
190 4660
195 4653
200 4602
205 4602
210 4591
215 4583
220 4575
225 4567
230 4557
235 4555
240 4550
245 4543
250 4538
255 4505
260 4494
265 4489
270 4483
275 4477
280 4470
285 4450
290 4442
295 4438
300 4430
305 4423
310 4416
315 4410
320 4362
325 4354
330 4354
335 4354
340 4350
345 4350
350 4344
355 4338
360 4276
365 4276
370 4270
375 4252
380 4242
385 4157
390 4157
395 4157
400 4157
405 4157
410 4147
415 4140
420 4117
425 4117
430 4103
435 4097
440 4091
445 4085
450 4085
455 4085
460 4085
465 4085
470 4085
475 4084
480 4073
485 4066
490 4064
495 4063
500 4057
505 4050
510 4045
515 4038
520 4032
525 4026
530 3979
535 3975
540 3974
545 3969
550 3654
555 3654
560 3654
565 3654
570 3654
575 3654
580 3654
585 3654
590 3654
595 3654
600 3654
605 3647
610 3640
615 3634
620 3627
625 3625
630 3625
635 3625
640 3625
645 3625
650 3625
655 3625
660 3625
665 3625
670 3625
675 3625
680 3611
685 3611
690 3608
695 3603
700 3594
705 3574
710 3568
715 3558
720 3550
725 3544
730 3536
735 3530
740 3525
745 3520
750 3515
755 3509
760 3502
765 3493
770 3488
775 3482
780 3477
785 3472
790 3456
795 3449
800 3442
805 3435
810 3413
815 3087
820 3087
825 3071
830 3065
835 3055
840 3048
845 3037
850 3026
855 3019
860 3007
865 3007
870 3007
875 3007
880 3007
885 3007
890 3007
895 3003
900 2998
905 2992
910 2985
915 2979
920 2974
925 2968
930 2961
935 2940
940 2940
945 2940
950 2934
955 2914
960 2907
965 2898
970 2887
975 2877
980 2871
985 2858
990 2849
995 2842
1000 2832
1005 2826
1010 2814
1015 2809
1020 2799
1025 2797
1030 2788
1035 2783
1040 2770
1045 2764
1050 2652
1055 2617
1060 2617
1065 2606
1070 2600
1075 2597
1080 2597
1085 2597
1090 2597
1095 2597
1100 2589
1105 2570
1110 2569
1115 2529
1120 2529
1125 2529
1130 2529
1135 2529
1140 2529
1145 2520
1150 2512
1155 2495
1160 2495
1165 2460
1170 2460
1175 2460
1180 2460
1185 2460
1190 2460
1195 2460
1200 2460
1205 2460
1210 2460
1215 2460
1220 2460
1225 2460
1230 2460
1235 2460
1240 2460
1245 2460
1250 2460
1255 2460
1260 2460
1265 2460
1270 2460
1275 2460
1280 2460
1285 2460
1290 2456
1295 2451
1300 2435
1305 2435
1310 2435
1315 2435
1320 2435
1325 2435
1330 2435
1335 2435
1340 2432
1345 2406
1350 2403
1355 2397
1360 2392
1365 2385
1370 2376
1375 2366
1380 2360
1385 2348
1390 2340
1395 2322
1400 2319
1405 2313
1410 2308
1415 2302
1420 2294
1425 2262
1430 2250
1435 2175
1440 2168
1445 2163
1450 2158
1455 2149
1460 2131
1465 2119
1470 2114
1475 2105
1480 2098
1485 2080
1490 2073
1495 2065
1500 2050
1505 2050
1510 2046
1515 2041
1520 2035
1525 2024
1530 2011
1535 2005
1540 1984
1545 1978
1550 1971
1555 1964
1560 1958
1565 1948
1570 1939
1575 1930
1580 1922
1585 1903
1590 1894
1595 1885
1600 1848
1605 1848
1610 1842
1615 1826
1620 1818
1625 1803
1630 1794
1635 1787
1640 1780
1645 1774
1650 1768
1655 1630
1660 1622
1665 1615
1670 1587
1675 1587
1680 1587
1685 1587
1690 1587
1695 1587
1700 1577
1705 1572
1710 1567
1715 1558
1720 1552
1725 1546
1730 1538
1735 1527
1740 1520
1745 1511
1750 1503
1755 1495
1760 1492
1765 1471
1770 1453
1775 1442
1780 1433
1785 1425
1790 1418
1795 1390
1800 1390
1805 1390
1810 1390
1815 1384
1820 1384
1825 1375
1830 1375
1835 1375
1840 1372
1845 1364
1850 1360
1855 1356
1860 1349
1865 1346
1870 1346
1875 1337
1880 1325
1885 1320
1890 1316
1895 1316
1900 1316
1905 1316
1910 1316
1915 1316
1920 1316
1925 1316
1930 1316
1935 1316
1940 1316
1945 1316
1950 1316
1955 1316
1960 1316
1965 1316
1970 1316
1975 1316
1980 1316
1985 1316
1990 1316
1995 1299
2000 1292
2005 1102
2010 1102
2015 1095
2020 1084
2025 1061
2030 1061
2035 1054
2040 1050
2045 1032
2050 1024
2055 1020
2060 1008
2065 999
2070 994
2075 989
2080 984
2085 978
2090 972
2095 967
2100 957
2105 950
2110 941
2115 935
2120 918
2125 909
2130 904
2135 892
2140 879
2145 865
2150 844
2155 844
2160 844
2165 835
2170 827
2175 819
2180 813
2185 791
2190 782
2195 766
2200 736
2205 730
2210 689
2215 681
2220 675
2225 669
2230 660
2235 650
2240 647
2245 642
2250 639
2255 634
2260 631
2265 630
2270 618
2275 610
2280 595
2285 595
2290 595
2295 595
2300 595
2305 595
2310 595
2315 595
2320 595
2325 595
2330 595
2335 595
2340 595
2345 595
2350 595
2355 595
2360 595
2365 595
2370 595
2375 595
2380 595
2385 595
2390 590
2395 584
2400 584
2405 578
2410 567
2415 498
2420 492
2425 486
2430 486
2435 477
2440 477
2445 477
2450 477
2455 477
2460 477
2465 477
2470 460
2475 458
2480 453
2485 453
2490 451
2495 427
2500 411
2505 405
2510 346
2515 346
2520 327
2525 327
2530 301
2535 301
2540 301
2545 298
2550 298
2555 298
2560 298
2565 298
2570 298
2575 298
2580 291
2585 287
2590 287
2595 287
2600 287
2605 287
2610 287
2615 287
2620 287
2625 287
2630 287
2635 287
2640 287
2645 287
2650 287
2655 287
2660 287
2665 287
2670 287
2675 287
2680 287
2685 287
2690 287
2695 287
2700 286
2705 278
2710 269
2715 262
2720 143
2725 120
2730 118
2735 118
2740 104
2745 104
2750 104
2755 104
2760 104
2765 103
2770 103
2775 103
2780 103
2785 103
2790 103
2795 103
2800 103
2805 103
2810 103
2815 103
2820 102
2825 102
2830 102
2835 102
2840 102
2845 102
2850 102
2855 102
2860 102
2865 102
2870 102
2875 102
2880 102
2885 102
2890 102
2895 102
2900 97
2905 94
2910 94
2915 94
2920 94
2925 94
2930 94
2935 94
2940 94
2945 91
2950 91
2955 86
2960 86
2965 86
2970 86
2975 86
2980 86
2985 86
2990 86
2995 86
3000 86
3005 86
3010 85
3015 84
3020 77
3025 73
3030 73
3035 73
3040 73
3045 73
3050 73
3055 71
3060 71
3065 71
3070 62
3075 62
3080 62
3085 62
3090 62
3095 62
3100 36
3105 36
3110 36
3115 36
3120 36
3125 36
3130 36
3135 36
3140 36
3145 36
3150 36
3155 36
3160 36
3165 36
3170 36
3175 36
3180 36
3185 36
3190 36
3195 36
3200 36
3205 36
3210 35
3215 35
3220 35
3225 35
3230 35
3235 35
3240 35
