0 5066
5 5066
10 5066
15 5066
20 5066
25 5066
30 5065
35 5063
40 5058
45 5057
50 5057
55 5057
60 5056
65 5056
70 5056
75 5056
80 5056
85 5056
90 5037
95 5037
100 4992
105 4991
110 4979
115 4979
120 4979
125 4979
130 4972
135 4962
140 4962
145 4957
150 4925
155 4925
160 4861
165 4857
170 4857
175 4854
180 4814
185 4814
190 4798
195 4796
200 4782
205 4782
210 4771
215 4771
220 4770
225 4770
230 4763
235 4761
240 4754
245 4666
250 4666
255 4666
260 4652
265 4652
270 4652
275 4635
280 4633
285 4631
290 4631
295 4626
300 4616
305 4607
310 4607
315 4607
320 4607
325 4587
330 4575
335 4561
340 4556
345 4537
350 4498
355 4491
360 4478
365 4457
370 4457
375 4439
380 4426
385 4418
390 4417
395 4405
400 4404
405 4396
410 4391
415 4282
420 4261
425 4260
430 4251
435 4248
440 4245
445 4237
450 4229
455 4225
460 4225
465 4222
470 4222
475 4218
480 4216
485 4208
490 4206
495 4199
500 4194
505 4149
510 4143
515 4135
520 4125
525 4124
530 4094
535 4075
540 4073
545 4067
550 4063
555 4061
560 4057
565 4026
570 4022
575 4011
580 4008
585 4003
590 3990
595 3990
600 3985
605 3964
610 3955
615 3948
620 3941
625 3941
630 3933
635 3930
640 3928
645 3911
650 3892
655 3880
660 3876
665 3842
670 3831
675 3823
680 3816
685 3800
690 3790
695 3765
700 3764
705 3762
710 3762
715 3710
720 3700
725 3692
730 3689
735 3682
740 3673
745 3670
750 3658
755 3652
760 3650
765 3644
770 3643
775 3609
780 3597
785 3590
790 3584
795 3578
800 3577
805 3576
810 3559
815 3555
820 3544
825 3523
830 3522
835 3521
840 3464
845 3464
850 3352
855 3351
860 3336
865 3334
870 3331
875 3328
880 3323
885 3322
890 3314
895 3310
900 3300
905 3260
910 3255
915 3239
920 3222
925 3200
930 3180
935 3172
940 3099
945 3097
950 3086
955 3080
960 3057
965 3045
970 3045
975 3044
980 3043
985 3017
990 3010
995 2996
1000 2989
1005 2983
1010 2961
1015 2943
1020 2917
1025 2917
1030 2902
1035 2888
1040 2887
1045 2863
1050 2859
1055 2858
1060 2780
1065 2780
1070 2780
1075 2764
1080 2764
1085 2750
1090 2748
1095 2730
1100 2722
1105 2713
1110 2694
1115 2694
1120 2680
1125 2674
1130 2615
1135 2598
1140 2597
1145 2593
1150 2548
1155 2541
1160 2541
1165 2541
1170 2539
1175 2527
1180 2516
1185 2420
1190 2415
1195 2415
1200 2415
1205 2405
1210 2399
1215 2390
1220 2388
1225 2387
1230 2386
1235 2386
1240 2379
1245 2378
1250 2341
1255 2340
1260 2340
1265 2339
1270 2338
1275 1767
1280 1762
1285 1758
1290 1751
1295 1751
1300 1751
1305 1751
1310 1732
1315 1729
1320 1729
1325 1728
1330 1721
1335 1721
1340 1719
1345 1692
1350 1692
1355 1692
1360 1678
1365 1667
1370 1667
1375 1665
1380 1665
1385 1664
1390 1664
1395 1662
1400 1652
1405 1652
1410 1630
1415 1627
1420 1623
1425 1619
1430 1617
1435 1617
1440 1617
1445 1610
1450 1601
1455 1601
1460 1601
1465 1595
1470 1592
1475 1592
1480 1578
1485 1565
1490 1518
1495 1514
1500 1513
1505 1511
1510 1511
1515 1509
1520 1482
1525 1482
1530 1473
1535 1472
1540 1461
1545 1459
1550 1459
1555 1459
1560 1457
1565 1452
1570 1438
1575 1435
1580 1435
1585 1432
1590 1426
1595 1421
1600 1406
1605 1379
1610 1373
1615 1354
1620 1353
1625 1351
1630 1349
1635 1340
1640 1332
1645 1316
1650 1316
1655 1309
1660 1309
1665 1307
1670 1307
1675 1306
1680 1304
1685 1299
1690 1298
1695 1294
1700 1294
1705 1276
1710 1274
1715 1274
1720 1274
1725 1274
1730 1273
1735 1271
1740 1271
1745 1266
1750 1266
1755 1246
1760 1242
1765 1241
1770 1241
1775 1238
1780 1238
1785 1190
1790 1190
1795 1190
1800 1174
1805 1174
1810 1174
1815 1174
1820 1173
1825 1013
1830 1000
1835 999
1840 994
1845 993
1850 991
1855 991
1860 991
1865 990
1870 982
1875 982
1880 982
1885 978
1890 977
1895 977
1900 977
1905 977
1910 975
1915 975
1920 975
1925 975
1930 974
1935 968
1940 968
1945 965
1950 925
1955 910
1960 909
1965 909
1970 899
1975 889
1980 887
1985 859
1990 854
1995 854
2000 850
2005 850
2010 850
2015 849
2020 848
2025 807
2030 731
2035 727
2040 727
2045 727
2050 725
2055 725
2060 725
2065 725
2070 724
2075 724
2080 724
2085 724
2090 724
2095 723
2100 723
2105 710
2110 710
2115 709
2120 706
2125 704
2130 704
2135 702
2140 667
2145 652
2150 651
2155 649
2160 639
2165 636
2170 636
2175 636
2180 636
2185 636
2190 627
2195 627
2200 624
2205 622
2210 622
2215 622
2220 622
2225 610
2230 609
2235 606
2240 606
2245 606
2250 606
2255 606
2260 606
2265 606
2270 606
2275 606
2280 606
2285 572
2290 571
2295 561
2300 561
2305 557
2310 554
2315 549
2320 549
2325 545
2330 544
2335 544
2340 544
2345 544
2350 544
2355 544
2360 544
2365 542
2370 537
2375 537
2380 537
2385 537
2390 535
2395 535
2400 534
2405 534
2410 534
2415 533
2420 533
2425 531
2430 531
2435 531
2440 531
2445 530
2450 530
2455 530
2460 530
2465 530
2470 527
2475 527
2480 516
2485 516
2490 511
2495 503
2500 500
2505 490
2510 488
2515 488
2520 472
2525 472
2530 472
2535 472
2540 457
2545 437
2550 437
2555 437
2560 437
2565 437
2570 437
2575 437
2580 437
2585 435
2590 435
2595 435
2600 425
2605 425
2610 425
2615 425
2620 425
2625 425
2630 425
2635 425
2640 425
2645 425
2650 425
2655 425
2660 425
2665 424
2670 423
2675 409
2680 409
2685 409
2690 409
2695 406
2700 401
2705 401
2710 398
2715 398
2720 398
2725 398
2730 375
2735 375
2740 375
2745 375
2750 375
2755 375
2760 375
2765 369
2770 367
2775 363
2780 361
2785 361
2790 358
2795 358
2800 355
2805 355
2810 354
2815 354
2820 354
2825 354
2830 354
2835 354
2840 354
2845 344
2850 336
2855 335
2860 335
2865 334
2870 334
2875 332
2880 324
2885 324
2890 322
2895 322
2900 319
2905 319
2910 319
2915 314
2920 314
2925 312
2930 312
2935 311
2940 307
2945 307
2950 307
2955 304
2960 304
2965 302
2970 302
2975 302
2980 302
2985 302
2990 302
2995 301
3000 301
3005 301
3010 301
3015 301
3020 287
3025 287
3030 287
3035 287
3040 287
3045 287
3050 287
3055 287
3060 285
3065 285
3070 285
3075 285
3080 284
3085 284
3090 284
3095 284
3100 284
3105 284
3110 284
3115 283
3120 283
3125 283
3130 280
3135 279
3140 269
3145 269
3150 269
3155 269
3160 269
3165 269
3170 268
3175 268
3180 263
3185 262
3190 259
3195 259
3200 259
3205 259
3210 259
3215 259
3220 205
3225 205
3230 205
3235 199
3240 198
3245 198
3250 197
3255 197
3260 197
3265 197
3270 197
3275 195
3280 195
3285 193
3290 193
3295 193
3300 192
3305 192
3310 192
3315 192
3320 192
3325 192
3330 192
3335 189
3340 189
3345 186
3350 186
3355 186
3360 186
3365 186
3370 186
3375 186
3380 184
3385 184
3390 184
3395 184
3400 183
3405 182
3410 182
3415 182
3420 182
3425 182
3430 182
3435 182
3440 182
3445 182
3450 182
3455 182
3460 182
3465 182
3470 182
3475 181
3480 180
3485 178
3490 178
3495 178
3500 177
3505 177
3510 177
3515 177
3520 177
3525 177
3530 176
3535 176
3540 176
3545 176
3550 176
3555 176
3560 176
3565 176
3570 176
3575 176
3580 176
3585 175
3590 175
3595 175
3600 172
3605 167
3610 167
3615 167
3620 167
3625 162
3630 162
3635 162
3640 162
3645 162
3650 162
3655 162
3660 162
3665 162
3670 162
3675 162
3680 162
3685 162
3690 162
3695 162
3700 134
3705 134
3710 132
3715 132
3720 132
3725 130
3730 130
3735 130
3740 130
3745 130
3750 130
3755 130
3760 130
3765 130
3770 130
3775 130
3780 130
3785 130
3790 130
3795 130
3800 130
3805 130
3810 130
3815 105
3820 105
3825 105
3830 105
3835 105
3840 105
3845 104
3850 104
3855 104
3860 104
3865 104
3870 104
3875 104
3880 104
3885 104
3890 104
3895 104
3900 104
3905 104
3910 102
3915 102
3920 102
3925 102
3930 99
3935 99
3940 99
3945 96
3950 96
3955 96
3960 93
3965 93
3970 93
3975 93
3980 93
3985 87
3990 86
3995 86
4000 86
4005 86
4010 86
4015 86
4020 86
4025 85
4030 85
4035 85
4040 85
4045 85
4050 76
4055 76
4060 76
4065 76
4070 76
4075 76
4080 76
4085 76
4090 76
4095 76
4100 76
4105 76
4110 76
4115 76
4120 76
4125 76
4130 76
4135 76
4140 76
4145 76
4150 76
4155 76
4160 76
4165 76
4170 76
4175 76
4180 76
4185 76
4190 76
4195 76
4200 76
4205 76
4210 63
4215 63
4220 63
4225 63
4230 56
4235 56
4240 56
4245 56
4250 56
4255 56
4260 56
4265 56
4270 56
4275 56
4280 56
4285 56
4290 56
4295 56
4300 56
4305 56
4310 56
4315 56
4320 56
4325 56
4330 56
4335 56
4340 56
4345 56
4350 55
4355 55
4360 53
4365 53
4370 53
4375 53
4380 53
4385 53
4390 53
4395 53
4400 53
4405 52
4410 52
4415 52
4420 52
4425 52
4430 50
4435 50
4440 50
4445 50
4450 50
4455 50
4460 49
4465 49
4470 49
4475 49
4480 49
4485 49
4490 49
4495 49
4500 49
4505 49
4510 49
4515 49
4520 49
4525 49
4530 43
4535 43
4540 43
4545 43
4550 43
4555 43
4560 43
4565 43
4570 43
4575 43
4580 43
4585 43
4590 43
4595 43
4600 43
4605 43
4610 41
4615 41
4620 39
4625 38
4630 38
4635 35
4640 33
4645 33
4650 30
4655 30
4660 30
4665 30
4670 30
4675 30
4680 30
4685 30
4690 30
4695 30
4700 25
4705 25
4710 25
4715 25
4720 25
4725 25
4730 25
4735 25
4740 25
4745 25
4750 25
4755 25
4760 25
4765 25
4770 25
4775 25
4780 25
4785 25
4790 25
4795 25
4800 25
4805 25
4810 25
4815 21
4820 21
4825 21
4830 21
4835 12
4840 12
4845 12
4850 12
4855 12
4860 12
4865 12
4870 12
4875 12
4880 12
4885 12
4890 12
4895 12
4900 12
4905 12
4910 10
4915 10
4920 10
4925 10
4930 10
4935 10
4940 10
4945 10
4950 10
4955 10
4960 10
4965 10
4970 10
4975 10
4980 10
4985 9
4990 9
4995 9
5000 9
5005 9
5010 9
5015 9
5020 9
5025 9
5030 9
5035 9
5040 9
5045 9
5050 9
5055 9
5060 9
5065 9
5070 9
5075 9
5080 9
5085 9
5090 9
5095 9
5100 9
5105 9
5110 9
5115 9
5120 9
5125 9
5130 9
5135 9
5140 9
5145 9
5150 9
5155 9
5160 9
5165 9
5170 9
5175 9
5180 9
5185 9
5190 9
5195 9
5200 9
5205 9
5210 9
5215 9
5220 9
5225 9
5230 9
5235 9
5240 9
5245 9
5250 9
5255 9
5260 9
5265 9
5270 9
5275 9
5280 9
5285 9
5290 9
5295 9
5300 9
5305 9
5310 9
5315 9
5320 9
5325 9
5330 9
5335 9
5340 9
5345 9
5350 9
5355 9
5360 9
5365 9
5370 9
5375 9
5380 9
5385 9
5390 9
5395 9
5400 9
5405 9
5410 9
5415 9
5420 9
5425 9
5430 9
5435 9
5440 9
5445 9
5450 9
5455 9
5460 9
5465 9
5470 9
5475 9
5480 9
5485 9
5490 9
5495 9
5500 9
5505 9
5510 8
5515 8
5520 8
5525 8
5530 8
5535 8
5540 8
5545 8
5550 8
5555 8
5560 8
5565 8
5570 8
5575 8
5580 7
5585 7
5590 7
5595 7
5600 7
5605 7
5610 7
5615 7
5620 7
5625 7
5630 7
5635 7
5640 7
5645 7
5650 7
5655 7
5660 7
5665 7
5670 7
5675 7
5680 7
5685 7
5690 6
5695 6
5700 6
5705 6
5710 6
5715 6
5720 5
5725 5
5730 5
5735 5
5740 5
5745 5
5750 5
5755 5
5760 5
5765 5
5770 5
5775 5
5780 5
5785 5
5790 5
5795 5
5800 5
5805 5
5810 5
5815 5
5820 5
5825 5
5830 5
5835 5
5840 5
5845 5
5850 5
5855 5
5860 5
5865 5
5870 5
5875 5
5880 5
5885 4
5890 4
5895 4
5900 4
5905 3
5910 3
5915 3
5920 3
5925 3
5930 3
5935 3
5940 3
5945 3
5950 3
5955 3
5960 3
5965 3
5970 3
5975 3
5980 3
5985 3
5990 3
5995 3
6000 3
6005 3
6010 3
6015 3
6020 3
6025 3
6030 3
6035 3
6040 3
6045 3
6050 3
6055 3
6060 3
6065 3
6070 3
6075 3
6080 3
6085 3
6090 3
6095 3
6100 3
6105 3
6110 3
6115 2
6120 2
6125 2
6130 2
6135 2
6140 2
6145 2
6150 2
6155 2
6160 2
6165 1
