0 5066
5 5060
10 5052
15 5046
20 5040
25 5033
30 5028
35 5019
40 5011
45 5005
50 4998
55 4989
60 4984
65 4979
70 4950
75 4813
80 4807
85 4802
90 4796
95 4787
100 4785
105 4785
110 4785
115 4785
120 4785
125 4785
130 4785
135 4785
140 4785
145 4785
150 4785
155 4782
160 4718
165 4718
170 4718
175 4714
180 4712
185 4712
190 4712
195 4696
200 4696
205 4673
210 4668
215 4659
220 4654
225 4616
230 4597
235 4596
240 4589
245 4582
250 4576
255 4568
260 4561
265 4554
270 4539
275 4529
280 4522
285 4514
290 4508
295 4477
300 4477
305 4476
310 4453
315 4446
320 4430
325 4426
330 4419
335 4388
340 4381
345 4381
350 4381
355 4377
360 4376
365 4369
370 4364
375 4357
380 4343
385 4341
390 4331
395 4318
400 4299
405 4299
410 4292
415 4238
420 4238
425 4222
430 4194
435 4183
440 4176
445 4168
450 4162
455 4156
460 4147
465 4141
470 4141
475 4141
480 4139
485 4124
490 4108
495 4102
500 4094
505 4089
510 4081
515 4075
520 4068
525 4061
530 4019
535 4007
540 4005
545 4005
550 4005
555 3997
560 3974
565 3969
570 3963
575 3957
580 3952
585 3945
590 3889
595 3889
600 3889
605 3888
610 3883
615 3878
620 3872
625 3599
630 3599
635 3599
640 3599
645 3599
650 3599
655 3599
660 3599
665 3599
670 3599
675 3584
680 3584
685 3584
690 3578
695 3572
700 3565
705 3545
710 3539
715 3531
720 3526
725 3519
730 3512
735 3505
740 3500
745 3495
750 3488
755 3483
760 3476
765 3471
770 3458
775 3452
780 3442
785 3436
790 3431
795 3422
800 3417
805 3411
810 3402
815 3380
820 3059
825 3059
830 3057
835 3050
840 3045
845 3040
850 3034
855 3029
860 3024
865 3017
870 3010
875 3005
880 2999
885 2997
890 2997
895 2997
900 2997
905 2997
910 2997
915 2997
920 2995
925 2990
930 2984
935 2979
940 2974
945 2965
950 2958
955 2949
960 2928
965 2928
970 2915
975 2902
980 2896
985 2889
990 2884
995 2877
1000 2871
1005 2862
1010 2848
1015 2835
1020 2829
1025 2820
1030 2812
1035 2806
1040 2780
1045 2777
1050 2772
1055 2765
1060 2758
1065 2753
1070 2745
1075 2636
1080 2623
1085 2618
1090 2598
1095 2584
1100 2584
1105 2584
1110 2584
1115 2584
1120 2584
1125 2577
1130 2574
1135 2569
1140 2550
1145 2550
1150 2550
1155 2542
1160 2530
1165 2521
1170 2495
1175 2495
1180 2495
1185 2475
1190 2475
1195 2475
1200 2475
1205 2475
1210 2475
1215 2475
1220 2475
1225 2467
1230 2460
1235 2457
1240 2457
1245 2457
1250 2457
1255 2457
1260 2457
1265 2457
1270 2457
1275 2457
1280 2457
1285 2457
1290 2457
1295 2457
1300 2457
1305 2457
1310 2453
1315 2446
1320 2431
1325 2431
1330 2431
1335 2431
1340 2431
1345 2431
1350 2431
1355 2425
1360 2419
1365 2411
1370 2389
1375 2382
1380 2379
1385 2372
1390 2364
1395 2356
1400 2349
1405 2344
1410 2336
1415 2327
1420 2320
1425 2312
1430 2305
1435 2300
1440 2292
1445 2264
1450 2245
1455 2237
1460 2166
1465 2160
1470 2154
1475 2106
1480 2106
1485 2097
1490 2090
1495 2085
1500 2076
1505 2069
1510 2061
1515 2048
1520 2048
1525 2041
1530 2036
1535 2021
1540 2015
1545 2005
1550 1998
1555 1986
1560 1979
1565 1968
1570 1965
1575 1959
1580 1953
1585 1945
1590 1940
1595 1923
1600 1914
1605 1907
1610 1895
1615 1890
1620 1877
1625 1862
1630 1850
1635 1844
1640 1831
1645 1825
1650 1816
1655 1809
1660 1801
1665 1791
1670 1785
1675 1775
1680 1698
1685 1691
1690 1663
1695 1663
1700 1663
1705 1663
1710 1663
1715 1663
1720 1663
1725 1663
1730 1655
1735 1648
1740 1642
1745 1637
1750 1632
1755 1624
1760 1616
1765 1600
1770 1595
1775 1587
1780 1582
1785 1573
1790 1561
1795 1555
1800 1549
1805 1538
1810 1529
1815 1464
1820 1464
1825 1464
1830 1464
1835 1461
1840 1453
1845 1453
1850 1452
1855 1446
1860 1440
1865 1433
1870 1423
1875 1416
1880 1412
1885 1412
1890 1404
1895 1392
1900 1383
1905 1367
1910 1367
1915 1367
1920 1367
1925 1366
1930 1366
1935 1366
1940 1366
1945 1366
1950 1366
1955 1366
1960 1366
1965 1350
1970 1302
1975 1302
1980 1302
1985 1302
1990 1302
1995 1302
2000 1302
2005 1301
2010 1283
2015 1276
2020 1089
2025 1089
2030 1069
2035 1058
2040 1055
2045 1046
2050 1044
2055 1030
2060 1028
2065 1020
2070 1015
2075 1002
2080 994
2085 988
2090 983
2095 978
2100 973
2105 966
2110 957
2115 952
2120 944
2125 938
2130 928
2135 908
2140 901
2145 894
2150 887
2155 879
2160 872
2165 857
2170 843
2175 839
2180 832
2185 820
2190 810
2195 801
2200 794
2205 788
2210 751
2215 709
2220 704
2225 696
2230 677
2235 670
2240 664
2245 658
2250 649
2255 641
2260 634
2265 629
2270 625
2275 617
2280 608
2285 603
2290 593
2295 580
2300 580
2305 580
2310 580
2315 580
2320 580
2325 580
2330 580
2335 580
2340 580
2345 580
2350 580
2355 580
2360 580
2365 580
2370 580
2375 580
2380 580
2385 580
2390 580
2395 580
2400 580
2405 580
2410 580
2415 580
2420 578
2425 568
2430 561
2435 555
2440 264
2445 263
2450 263
2455 263
2460 261
2465 259
2470 250
2475 248
2480 248
2485 248
2490 246
2495 235
2500 224
2505 222
2510 222
2515 222
2520 222
2525 222
2530 222
2535 222
2540 222
2545 202
2550 202
2555 202
2560 179
2565 179
2570 179
2575 179
2580 177
2585 177
2590 177
2595 177
2600 177
2605 177
2610 177
2615 177
2620 176
2625 176
2630 176
2635 176
2640 176
2645 176
2650 176
2655 176
2660 176
2665 176
2670 176
2675 176
2680 176
2685 176
2690 176
2695 176
2700 176
2705 176
2710 176
2715 176
2720 176
2725 176
2730 176
2735 176
2740 176
2745 176
2750 175
2755 168
2760 158
2765 137
2770 134
2775 134
2780 134
2785 134
2790 134
2795 102
2800 102
2805 102
2810 102
2815 102
2820 102
2825 102
2830 102
2835 102
2840 102
2845 102
2850 102
2855 102
2860 102
2865 102
2870 102
2875 102
2880 102
2885 102
2890 102
2895 102
2900 102
2905 102
2910 102
2915 102
2920 102
2925 102
2930 102
2935 102
2940 102
2945 102
2950 98
2955 92
2960 82
2965 82
2970 82
2975 82
2980 82
2985 82
2990 82
2995 82
3000 82
3005 82
3010 82
3015 75
3020 68
3025 68
3030 68
3035 68
3040 66
3045 66
3050 66
3055 66
3060 66
3065 66
3070 66
3075 66
3080 66
3085 66
3090 37
3095 37
3100 37
3105 37
3110 37
3115 37
3120 37
3125 37
3130 37
3135 37
3140 37
3145 37
3150 37
3155 37
3160 37
3165 37
3170 37
3175 37
3180 37
3185 37
3190 37
3195 37
3200 37
3205 37
3210 37
3215 37
3220 37
3225 37
3230 37
3235 37
3240 37
3245 37
3250 37
3255 37
3260 37
3265 37
3270 37
3275 37
3280 36
3285 27
3290 27
3295 27
3300 27
