0 5066
5 5066
10 5066
15 5066
20 5066
25 5066
30 5066
35 5066
40 5066
45 5066
50 5064
55 5064
60 5064
65 5064
70 5048
75 5047
80 5044
85 5044
90 5044
95 5044
100 5044
105 5044
110 5044
115 5021
120 5021
125 5020
130 5009
135 5009
140 4947
145 4947
150 4947
155 4947
160 4944
165 4944
170 4940
175 4933
180 4933
185 4922
190 4922
195 4912
200 4908
205 4895
210 4890
215 4890
220 4888
225 4888
230 4888
235 4888
240 4887
245 4884
250 4840
255 4831
260 4749
265 4749
270 4747
275 4660
280 4648
285 4648
290 4644
295 4619
300 4616
305 4610
310 4610
315 4610
320 4604
325 4596
330 4595
335 4582
340 4575
345 4575
350 4573
355 4573
360 4565
365 4565
370 4564
375 4550
380 4547
385 4543
390 4543
395 4541
400 4539
405 4536
410 4518
415 4513
420 4507
425 4504
430 4504
435 4503
440 4501
445 4494
450 4485
455 4434
460 4426
465 4418
470 4418
475 4418
480 4395
485 4391
490 4385
495 4385
500 4373
505 4364
510 4357
515 4355
520 4342
525 4339
530 4339
535 4324
540 4324
545 4321
550 4321
555 4319
560 4319
565 4312
570 4271
575 4270
580 4252
585 4248
590 4244
595 4242
600 4235
605 4234
610 4211
615 4194
620 4186
625 4180
630 4175
635 4163
640 4150
645 4150
650 4120
655 4116
660 4110
665 4097
670 4089
675 4083
680 3985
685 3981
690 3981
695 3978
700 3967
705 3967
710 3964
715 3960
720 3955
725 3955
730 3954
735 3943
740 3942
745 3940
750 3935
755 3900
760 3900
765 3900
770 3893
775 3883
780 3882
785 3864
790 3862
795 3854
800 3849
805 3847
810 3793
815 3791
820 3788
825 3772
830 3770
835 3767
840 3759
845 3750
850 3739
855 3730
860 3729
865 3661
870 3650
875 3643
880 3641
885 3633
890 3627
895 3610
900 3600
905 3599
910 3586
915 3584
920 3574
925 3511
930 3508
935 3503
940 3503
945 3500
950 3483
955 3482
960 3474
965 3453
970 3425
975 3393
980 3378
985 3375
990 3375
995 3349
1000 3302
1005 3299
1010 3299
1015 3198
1020 3197
1025 2615
1030 2601
1035 2594
1040 2580
1045 2573
1050 2560
1055 2560
1060 2559
1065 2509
1070 2392
1075 2383
1080 2379
1085 2368
1090 2368
1095 2366
1100 2364
1105 2350
1110 2346
1115 2346
1120 2346
1125 2335
1130 2335
1135 2329
1140 2327
1145 2319
1150 2313
1155 2305
1160 2287
1165 2287
1170 2283
1175 2121
1180 2121
1185 2099
1190 2089
1195 2087
1200 2085
1205 2080
1210 2079
1215 2074
1220 2062
1225 2041
1230 2027
1235 2023
1240 2021
1245 2021
1250 2018
1255 2018
1260 1997
1265 1996
1270 1991
1275 1983
1280 1983
1285 1859
1290 1834
1295 1827
1300 1824
1305 1813
1310 1812
1315 1789
1320 1787
1325 1786
1330 1786
1335 1782
1340 1782
1345 1776
1350 1767
1355 1760
1360 1745
1365 1744
1370 1742
1375 1711
1380 1711
1385 1710
1390 1710
1395 1705
1400 1701
1405 1701
1410 1698
1415 1691
1420 1687
1425 1682
1430 1681
1435 1676
1440 1676
1445 1674
1450 1658
1455 1650
1460 1627
1465 1622
1470 1620
1475 1614
1480 1613
1485 1595
1490 1595
1495 1588
1500 1587
1505 1584
1510 1572
1515 1572
1520 1572
1525 1571
1530 1570
1535 1563
1540 1560
1545 1554
1550 1554
1555 1554
1560 1540
1565 1457
1570 1457
1575 1413
1580 1411
1585 1405
1590 1403
1595 1403
1600 1399
1605 1399
1610 1375
1615 1347
1620 1344
1625 1320
1630 1320
1635 1295
1640 1288
1645 1288
1650 1277
1655 1267
1660 1267
1665 1267
1670 1265
1675 1263
1680 1228
1685 1215
1690 1215
1695 1202
1700 1197
1705 1193
1710 1193
1715 1190
1720 1190
1725 1190
1730 1190
1735 1189
1740 1189
1745 1188
1750 1178
1755 1173
1760 1159
1765 1157
1770 1157
1775 1157
1780 1153
1785 1018
1790 1012
1795 1012
1800 1010
1805 1010
1810 1008
1815 1008
1820 1008
1825 1008
1830 954
1835 954
1840 954
1845 954
1850 954
1855 952
1860 943
1865 943
1870 833
1875 833
1880 833
1885 833
1890 830
1895 830
1900 830
1905 783
1910 783
1915 781
1920 781
1925 779
1930 778
1935 778
1940 778
1945 733
1950 732
1955 732
1960 732
1965 732
1970 728
1975 728
1980 728
1985 726
1990 726
1995 726
2000 726
2005 726
2010 725
2015 724
2020 724
2025 717
2030 715
2035 708
2040 708
2045 708
2050 708
2055 704
2060 704
2065 697
2070 696
2075 695
2080 695
2085 691
2090 689
2095 688
2100 688
2105 683
2110 681
2115 680
2120 679
2125 679
2130 677
2135 677
2140 677
2145 664
2150 658
2155 643
2160 641
2165 641
2170 641
2175 641
2180 632
2185 631
2190 621
2195 618
2200 610
2205 601
2210 601
2215 601
2220 601
2225 600
2230 598
2235 598
2240 448
2245 448
2250 448
2255 448
2260 448
2265 448
2270 435
2275 435
2280 435
2285 435
2290 435
2295 434
2300 434
2305 434
2310 433
2315 429
2320 429
2325 429
2330 429
2335 429
2340 429
2345 428
2350 426
2355 423
2360 409
2365 406
2370 401
2375 401
2380 400
2385 400
2390 400
2395 381
2400 381
2405 378
2410 374
2415 369
2420 369
2425 369
2430 369
2435 369
2440 366
2445 366
2450 366
2455 365
2460 365
2465 357
2470 354
2475 354
2480 352
2485 352
2490 352
2495 352
2500 346
2505 346
2510 346
2515 345
2520 345
2525 345
2530 345
2535 344
2540 336
2545 336
2550 324
2555 324
2560 315
2565 315
2570 313
2575 312
2580 311
2585 311
2590 311
2595 311
2600 311
2605 310
2610 310
2615 310
2620 310
2625 310
2630 310
2635 309
2640 309
2645 305
2650 304
2655 304
2660 292
2665 292
2670 292
2675 292
2680 292
2685 292
2690 291
2695 291
2700 290
2705 289
2710 289
2715 289
2720 289
2725 289
2730 288
2735 288
2740 288
2745 288
2750 284
2755 284
2760 284
2765 275
2770 273
2775 273
2780 268
2785 268
2790 268
2795 259
2800 259
2805 259
2810 259
2815 259
2820 259
2825 259
2830 259
2835 259
2840 259
2845 259
2850 259
2855 259
2860 259
2865 259
2870 259
2875 259
2880 257
2885 257
2890 254
2895 254
2900 254
2905 254
2910 254
2915 230
2920 230
2925 230
2930 230
2935 230
2940 230
2945 230
2950 230
2955 230
2960 230
2965 230
2970 230
2975 230
2980 230
2985 228
2990 228
2995 228
3000 228
3005 228
3010 227
3015 227
3020 227
3025 227
3030 227
3035 222
3040 221
3045 218
3050 218
3055 218
3060 217
3065 215
3070 215
3075 215
3080 212
3085 211
3090 211
3095 210
3100 210
3105 210
3110 210
3115 204
3120 204
3125 204
3130 204
3135 196
3140 196
3145 196
3150 196
3155 194
3160 194
3165 191
3170 191
3175 191
3180 191
3185 191
3190 170
3195 168
3200 168
3205 156
3210 155
3215 155
3220 143
3225 143
3230 143
3235 143
3240 143
3245 143
3250 143
3255 143
3260 128
3265 128
3270 126
3275 126
3280 126
3285 126
3290 126
3295 126
3300 126
3305 126
3310 126
3315 126
3320 126
3325 125
3330 125
3335 125
3340 124
3345 122
3350 122
3355 122
3360 122
3365 122
3370 117
3375 117
3380 114
3385 114
3390 114
3395 114
3400 114
3405 109
3410 109
3415 109
3420 108
3425 108
3430 108
3435 105
3440 105
3445 105
3450 105
3455 105
3460 105
3465 105
3470 105
3475 105
3480 103
3485 103
3490 103
3495 103
3500 103
3505 103
3510 102
3515 102
3520 102
3525 79
3530 79
3535 75
3540 75
3545 75
3550 75
3555 75
3560 75
3565 75
3570 75
3575 75
3580 75
3585 74
3590 74
3595 74
3600 74
3605 74
3610 74
3615 74
3620 74
3625 74
3630 73
3635 73
3640 73
3645 73
3650 73
3655 73
3660 73
3665 73
3670 73
3675 73
3680 73
3685 73
3690 73
3695 73
3700 73
3705 73
3710 73
3715 73
3720 72
3725 72
3730 72
3735 72
3740 64
3745 64
3750 64
3755 64
3760 64
3765 64
3770 64
3775 64
3780 64
3785 64
3790 64
3795 64
3800 64
3805 64
3810 63
3815 63
3820 63
3825 63
3830 63
3835 63
3840 63
3845 63
3850 62
3855 62
3860 62
3865 62
3870 62
3875 62
3880 62
3885 62
3890 62
3895 62
3900 62
3905 62
3910 62
3915 62
3920 62
3925 62
3930 62
3935 62
3940 62
3945 62
3950 62
3955 62
3960 62
3965 61
3970 61
3975 61
3980 61
3985 61
3990 61
3995 60
4000 58
4005 58
4010 58
4015 58
4020 58
4025 58
4030 58
4035 58
4040 58
4045 58
4050 58
4055 58
4060 57
4065 57
4070 57
4075 57
4080 57
4085 57
4090 57
4095 57
4100 57
4105 57
4110 57
4115 57
4120 57
4125 57
4130 57
4135 57
4140 57
4145 57
4150 57
4155 54
4160 49
4165 48
4170 48
4175 48
4180 48
4185 48
4190 47
4195 47
4200 47
4205 47
4210 47
4215 47
4220 47
4225 47
4230 47
4235 47
4240 47
4245 47
4250 47
4255 47
4260 47
4265 47
4270 47
4275 47
4280 47
4285 47
4290 47
4295 47
4300 47
4305 45
4310 45
4315 45
4320 44
4325 44
4330 44
4335 44
4340 44
4345 44
4350 40
4355 40
4360 40
4365 40
4370 37
4375 37
4380 37
4385 37
4390 37
4395 37
4400 37
4405 37
4410 37
4415 37
4420 37
4425 37
4430 37
4435 37
4440 37
4445 37
4450 37
4455 37
4460 37
4465 37
4470 37
4475 37
4480 37
4485 37
4490 37
4495 37
4500 37
4505 37
4510 37
4515 37
4520 37
4525 37
4530 37
4535 37
4540 37
4545 37
4550 37
4555 37
4560 37
4565 37
4570 37
4575 36
4580 36
4585 35
4590 35
4595 33
4600 33
4605 33
4610 33
4615 33
4620 33
4625 33
4630 33
4635 33
4640 33
4645 32
4650 32
4655 32
4660 31
4665 29
4670 29
4675 29
4680 28
4685 28
4690 28
4695 28
4700 28
4705 28
4710 28
4715 28
4720 28
4725 28
4730 28
4735 28
4740 28
4745 28
4750 28
4755 28
4760 28
4765 27
4770 17
4775 17
4780 17
4785 17
4790 17
4795 17
4800 17
4805 17
4810 17
4815 17
4820 17
4825 17
4830 17
4835 17
4840 17
4845 17
4850 17
4855 17
4860 17
4865 17
4870 17
4875 17
4880 17
4885 17
4890 17
4895 17
4900 17
4905 17
4910 17
4915 17
4920 17
4925 16
4930 16
4935 12
4940 12
4945 12
4950 12
4955 12
4960 12
4965 12
4970 12
4975 12
4980 12
4985 12
4990 12
4995 12
5000 12
5005 12
5010 12
5015 12
5020 12
5025 12
5030 12
5035 12
5040 12
5045 12
5050 12
5055 12
5060 12
5065 12
5070 12
5075 12
5080 12
5085 12
5090 12
5095 12
5100 12
5105 12
5110 12
5115 11
5120 11
5125 11
5130 11
5135 11
5140 11
5145 11
5150 11
5155 11
5160 11
5165 11
5170 11
5175 11
5180 11
5185 11
5190 11
5195 11
5200 11
5205 11
5210 11
5215 11
5220 11
5225 11
5230 11
5235 11
5240 11
5245 11
5250 11
5255 11
5260 11
5265 11
5270 11
5275 11
5280 11
5285 11
5290 10
5295 10
5300 10
5305 10
5310 10
5315 10
5320 10
5325 10
5330 10
5335 10
5340 10
5345 10
5350 10
5355 10
5360 10
5365 10
5370 10
5375 10
5380 10
5385 10
5390 10
5395 10
5400 10
5405 10
5410 10
5415 10
5420 10
5425 10
5430 10
5435 10
5440 10
5445 10
5450 10
5455 9
5460 9
5465 9
5470 9
5475 9
5480 9
5485 9
5490 9
5495 9
5500 9
5505 9
5510 9
5515 9
5520 9
5525 9
5530 9
5535 9
5540 9
5545 9
5550 9
5555 9
5560 9
5565 9
5570 9
5575 9
5580 9
5585 9
5590 9
5595 9
5600 9
5605 9
5610 9
5615 9
5620 8
5625 8
5630 8
5635 8
5640 8
5645 8
5650 8
5655 8
5660 8
5665 8
5670 8
5675 8
5680 8
5685 7
5690 7
5695 5
5700 5
5705 5
5710 5
5715 5
5720 5
5725 5
5730 5
5735 5
5740 5
5745 5
5750 5
5755 5
5760 5
5765 5
5770 5
5775 5
5780 5
5785 5
5790 5
5795 5
5800 5
5805 4
5810 4
5815 4
5820 4
5825 4
5830 4
5835 4
5840 4
5845 4
5850 4
5855 4
5860 4
5865 4
5870 4
5875 4
5880 4
5885 4
5890 4
5895 4
5900 4
5905 4
5910 4
5915 4
5920 4
5925 4
5930 4
5935 4
5940 4
5945 4
5950 4
5955 4
5960 4
5965 4
5970 4
5975 4
5980 4
5985 4
5990 4
5995 4
6000 4
6005 4
6010 4
6015 4
6020 4
6025 4
6030 4
6035 4
6040 4
6045 4
6050 4
6055 4
6060 4
6065 4
6070 4
6075 4
6080 4
6085 4
6090 4
6095 3
6100 3
6105 3
6110 3
6115 3
6120 2
6125 2
6130 2
6135 2
6140 2
6145 2
6150 2
6155 2
6160 2
6165 1
