0 5066
5 5061
10 5056
15 5050
20 5044
25 5034
30 5027
35 5019
40 5012
45 5005
50 4997
55 4988
60 4980
65 4974
70 4942
75 4809
80 4801
85 4793
90 4788
95 4778
100 4770
105 4770
110 4770
115 4770
120 4770
125 4770
130 4770
135 4770
140 4770
145 4770
150 4770
155 4770
160 4764
165 4761
170 4733
175 4733
180 4700
185 4699
190 4699
195 4691
200 4684
205 4678
210 4667
215 4644
220 4637
225 4632
230 4619
235 4619
240 4619
245 4615
250 4606
255 4601
260 4590
265 4583
270 4576
275 4568
280 4536
285 4527
290 4519
295 4511
300 4505
305 4461
310 4461
315 4461
320 4456
325 4329
330 4323
335 4315
340 4305
345 4299
350 4295
355 4295
360 4295
365 4295
370 4294
375 4284
380 4262
385 4246
390 4241
395 4235
400 4215
405 4215
410 4215
415 4215
420 4215
425 4211
430 4204
435 4196
440 4187
445 4165
450 4163
455 4163
460 4156
465 4105
470 4105
475 4105
480 4105
485 4105
490 4105
495 4105
500 4103
505 4088
510 4078
515 4078
520 4075
525 4070
530 4061
535 4054
540 4047
545 4041
550 3998
555 3982
560 3982
565 3981
570 3974
575 3580
580 3580
585 3580
590 3580
595 3580
600 3580
605 3580
610 3580
615 3580
620 3580
625 3576
630 3570
635 3565
640 3559
645 3554
650 3553
655 3553
660 3553
665 3553
670 3553
675 3553
680 3553
685 3553
690 3553
695 3553
700 3553
705 3553
710 3553
715 3553
720 3551
725 3546
730 3540
735 3533
740 3515
745 3509
750 3499
755 3494
760 3485
765 3478
770 3467
775 3460
780 3455
785 3440
790 3433
795 3414
800 3409
805 3403
810 3398
815 3392
820 3386
825 3370
830 3363
835 3357
840 3350
845 3343
850 3337
855 3314
860 3281
865 3146
870 3139
875 3131
880 3126
885 3119
890 3114
895 3105
900 3100
905 3092
910 3087
915 3084
920 3084
925 3084
930 3084
935 3084
940 3084
945 3084
950 3082
955 3077
960 3072
965 3065
970 3031
975 3031
980 3031
985 3021
990 3016
995 3008
1000 2996
1005 2991
1010 2985
1015 2962
1020 2962
1025 2955
1030 2947
1035 2938
1040 2931
1045 2923
1050 2914
1055 2908
1060 2901
1065 2884
1070 2878
1075 2872
1080 2835
1085 2835
1090 2835
1095 2831
1100 2825
1105 2817
1110 2810
1115 2762
1120 2749
1125 2749
1130 2741
1135 2730
1140 2730
1145 2690
1150 2690
1155 2690
1160 2690
1165 2690
1170 2683
1175 2677
1180 2655
1185 2655
1190 2480
1195 2480
1200 2480
1205 2480
1210 2480
1215 2480
1220 2480
1225 2480
1230 2480
1235 2480
1240 2480
1245 2480
1250 2480
1255 2480
1260 2480
1265 2480
1270 2480
1275 2480
1280 2480
1285 2480
1290 2480
1295 2480
1300 2480
1305 2480
1310 2480
1315 2480
1320 2480
1325 2475
1330 2468
1335 2452
1340 2452
1345 2452
1350 2452
1355 2452
1360 2452
1365 2452
1370 2452
1375 2452
1380 2451
1385 2446
1390 2441
1395 2412
1400 2407
1405 2401
1410 2389
1415 2382
1420 2375
1425 2369
1430 2364
1435 2343
1440 2309
1445 2294
1450 2290
1455 2282
1460 2276
1465 2266
1470 2242
1475 2231
1480 2218
1485 2212
1490 2203
1495 2197
1500 2192
1505 2182
1510 2182
1515 2177
1520 2167
1525 2166
1530 2166
1535 2160
1540 2145
1545 2142
1550 2134
1555 2127
1560 2122
1565 2115
1570 2107
1575 2100
1580 2094
1585 2087
1590 1924
1595 1919
1600 1913
1605 1902
1610 1899
1615 1890
1620 1885
1625 1870
1630 1863
1635 1847
1640 1766
1645 1766
1650 1766
1655 1766
1660 1766
1665 1766
1670 1761
1675 1755
1680 1741
1685 1736
1690 1721
1695 1681
1700 1681
1705 1681
1710 1681
1715 1681
1720 1629
1725 1619
1730 1612
1735 1586
1740 1586
1745 1586
1750 1586
1755 1586
1760 1586
1765 1586
1770 1573
1775 1564
1780 1559
1785 1554
1790 1548
1795 1541
1800 1535
1805 1522
1810 1517
1815 1510
1820 1502
1825 1494
1830 1489
1835 1470
1840 1418
1845 1418
1850 1417
1855 1414
1860 1414
1865 1371
1870 1371
1875 1371
1880 1371
1885 1371
1890 1369
1895 1369
1900 1369
1905 1364
1910 1352
1915 1339
1920 1330
1925 1322
1930 1317
1935 1317
1940 1311
1945 1299
1950 1277
1955 1277
1960 1277
1965 1277
1970 1277
1975 1277
1980 1277
1985 1277
1990 1277
1995 1277
2000 1277
2005 1277
2010 1277
2015 1277
2020 1277
2025 1277
2030 1277
2035 1277
2040 1277
2045 1277
2050 1272
2055 1071
2060 1071
2065 980
2070 980
2075 980
2080 980
2085 980
2090 980
2095 980
2100 976
2105 976
2110 969
2115 962
2120 955
2125 950
2130 942
2135 928
2140 922
2145 915
2150 910
2155 895
2160 895
2165 886
2170 878
2175 871
2180 866
2185 847
2190 847
2195 837
2200 837
2205 832
2210 818
2215 812
2220 805
2225 797
2230 790
2235 785
2240 750
2245 739
2250 733
2255 724
2260 714
2265 709
2270 702
2275 685
2280 683
2285 670
2290 663
2295 657
2300 653
2305 649
2310 624
2315 623
2320 613
2325 613
2330 613
2335 613
2340 613
2345 613
2350 613
2355 613
2360 613
2365 613
2370 613
2375 613
2380 613
2385 613
2390 613
2395 613
2400 613
2405 613
2410 613
2415 602
2420 593
2425 589
2430 589
2435 589
2440 576
2445 571
2450 565
2455 499
2460 494
2465 278
2470 277
2475 271
2480 271
2485 259
2490 259
2495 252
2500 252
2505 252
2510 247
2515 235
2520 229
2525 206
2530 206
2535 204
2540 202
2545 202
2550 202
2555 202
2560 202
2565 184
2570 184
2575 184
2580 162
2585 162
2590 161
2595 161
2600 161
2605 161
2610 161
2615 161
2620 161
2625 160
2630 160
2635 160
2640 160
2645 160
2650 160
2655 160
2660 160
2665 160
2670 160
2675 160
2680 160
2685 160
2690 160
2695 160
2700 160
2705 160
2710 160
2715 160
2720 160
2725 160
2730 160
2735 160
2740 160
2745 160
2750 160
2755 160
2760 157
2765 157
2770 157
2775 157
2780 157
2785 157
2790 157
2795 157
2800 127
2805 103
2810 102
2815 102
2820 102
2825 102
2830 102
2835 102
2840 102
2845 102
2850 102
2855 102
2860 102
2865 102
2870 102
2875 102
2880 102
2885 102
2890 102
2895 102
2900 102
2905 102
2910 102
2915 102
2920 102
2925 102
2930 102
2935 102
2940 102
2945 102
2950 102
2955 102
2960 102
2965 102
2970 99
2975 92
2980 85
2985 85
2990 85
2995 85
3000 85
3005 85
3010 85
3015 85
3020 85
3025 85
3030 85
3035 77
3040 77
3045 77
3050 77
3055 77
3060 77
3065 77
3070 77
3075 77
3080 77
3085 77
3090 77
3095 73
3100 56
3105 48
3110 48
3115 39
3120 39
3125 39
3130 39
3135 39
3140 39
3145 39
3150 39
3155 39
3160 39
3165 39
3170 39
3175 39
3180 19
3185 19
3190 19
3195 19
3200 19
3205 19
3210 19
3215 19
3220 19
3225 19
3230 19
3235 19
3240 19
3245 19
3250 19
3255 19
3260 19
3265 19
3270 19
3275 19
3280 19
3285 19
3290 19
3295 18
3300 18
3305 18
3310 18
3315 18
3320 18
3325 18
3330 18
3335 18
3340 18
3345 18
