0 5066
5 5066
10 5066
15 5066
20 5066
25 5065
30 5065
35 5065
40 5065
45 5065
50 5063
55 5063
60 5054
65 5054
70 5053
75 5053
80 4993
85 4993
90 4990
95 4990
100 4990
105 4989
110 4989
115 4989
120 4989
125 4989
130 4989
135 4959
140 4935
145 4935
150 4935
155 4935
160 4930
165 4930
170 4930
175 4930
180 4930
185 4930
190 4925
195 4737
200 4734
205 4734
210 4734
215 4734
220 4734
225 4730
230 4730
235 4723
240 4722
245 4720
250 4720
255 4715
260 4715
265 4715
270 4685
275 4685
280 4685
285 4685
290 4656
295 4654
300 4654
305 4653
310 4632
315 4627
320 4627
325 4624
330 4621
335 4599
340 4596
345 4596
350 4595
355 4595
360 4592
365 4591
370 4590
375 4512
380 4480
385 4479
390 4471
395 4471
400 4471
405 4462
410 4428
415 4424
420 4403
425 4384
430 4384
435 4374
440 4352
445 4344
450 4338
455 4338
460 4317
465 4316
470 4305
475 4305
480 4293
485 4277
490 4264
495 4264
500 4264
505 4264
510 4250
515 4244
520 4216
525 4216
530 4216
535 4213
540 4213
545 4206
550 4203
555 4202
560 4196
565 4190
570 4167
575 4155
580 4155
585 4148
590 4148
595 4146
600 4139
605 4131
610 4116
615 4106
620 4101
625 4090
630 4086
635 4076
640 4076
645 4042
650 4040
655 4039
660 4023
665 4006
670 3959
675 3955
680 3949
685 3929
690 3869
695 3867
700 3639
705 3633
710 3628
715 3623
720 3619
725 3619
730 3611
735 3607
740 3595
745 3576
750 3576
755 3576
760 3574
765 3571
770 3563
775 3553
780 3546
785 3530
790 3516
795 3472
800 3400
805 3389
810 3383
815 3326
820 3314
825 3297
830 3289
835 3285
840 3273
845 3250
850 3242
855 3239
860 3238
865 3237
870 3233
875 3218
880 3216
885 3213
890 3199
895 3199
900 3190
905 3189
910 3172
915 3169
920 3160
925 3157
930 3151
935 3144
940 3143
945 3131
950 3130
955 3057
960 3053
965 3048
970 3046
975 3045
980 3037
985 2663
990 2662
995 2433
1000 2428
1005 2424
1010 2419
1015 2419
1020 2417
1025 2411
1030 2324
1035 2309
1040 2305
1045 2289
1050 2247
1055 2245
1060 2245
1065 2231
1070 2230
1075 2229
1080 2220
1085 2187
1090 2184
1095 2181
1100 2176
1105 2148
1110 2144
1115 2139
1120 2139
1125 2127
1130 2104
1135 2093
1140 2086
1145 2086
1150 2077
1155 2038
1160 2038
1165 2037
1170 2037
1175 2032
1180 2026
1185 1790
1190 1787
1195 1769
1200 1766
1205 1762
1210 1761
1215 1747
1220 1737
1225 1642
1230 1640
1235 1633
1240 1629
1245 1628
1250 1622
1255 1618
1260 1618
1265 1607
1270 1607
1275 1599
1280 1555
1285 1555
1290 1547
1295 1373
1300 1362
1305 1359
1310 1354
1315 1353
1320 1352
1325 1343
1330 1343
1335 1342
1340 1342
1345 1336
1350 1336
1355 1336
1360 1336
1365 1331
1370 1329
1375 1323
1380 1323
1385 1320
1390 1320
1395 1315
1400 1315
1405 1313
1410 1309
1415 1304
1420 1284
1425 1284
1430 1284
1435 1280
1440 1279
1445 1277
1450 1274
1455 1271
1460 1261
1465 1250
1470 1248
1475 1248
1480 1244
1485 1244
1490 1243
1495 1239
1500 1239
1505 1238
1510 1219
1515 1219
1520 1219
1525 1207
1530 1207
1535 1124
1540 1123
1545 1123
1550 1123
1555 1109
1560 1108
1565 1103
1570 1096
1575 1067
1580 1064
1585 1064
1590 1064
1595 1048
1600 1048
1605 1013
1610 1007
1615 995
1620 994
1625 994
1630 994
1635 994
1640 994
1645 994
1650 979
1655 979
1660 979
1665 972
1670 971
1675 964
1680 963
1685 963
1690 962
1695 962
1700 957
1705 956
1710 952
1715 952
1720 946
1725 940
1730 940
1735 935
1740 934
1745 928
1750 928
1755 926
1760 926
1765 926
1770 926
1775 925
1780 912
1785 910
1790 910
1795 905
1800 901
1805 899
1810 891
1815 890
1820 885
1825 880
1830 873
1835 627
1840 622
1845 621
1850 621
1855 621
1860 620
1865 619
1870 619
1875 618
1880 618
1885 616
1890 616
1895 609
1900 607
1905 605
1910 605
1915 602
1920 601
1925 598
1930 598
1935 594
1940 594
1945 548
1950 548
1955 548
1960 547
1965 547
1970 546
1975 541
1980 540
1985 540
1990 539
1995 539
2000 533
2005 530
2010 530
2015 530
2020 530
2025 529
2030 529
2035 529
2040 529
2045 529
2050 529
2055 528
2060 528
2065 528
2070 528
2075 528
2080 528
2085 528
2090 524
2095 522
2100 522
2105 522
2110 522
2115 522
2120 522
2125 522
2130 522
2135 522
2140 520
2145 513
2150 513
2155 508
2160 506
2165 503
2170 503
2175 503
2180 503
2185 501
2190 499
2195 499
2200 499
2205 499
2210 496
2215 495
2220 477
2225 477
2230 477
2235 477
2240 477
2245 477
2250 477
2255 476
2260 475
2265 475
2270 475
2275 475
2280 475
2285 475
2290 474
2295 473
2300 473
2305 454
2310 454
2315 453
2320 453
2325 453
2330 453
2335 453
2340 453
2345 452
2350 452
2355 452
2360 452
2365 452
2370 452
2375 446
2380 446
2385 444
2390 444
2395 444
2400 444
2405 442
2410 442
2415 411
2420 411
2425 409
2430 409
2435 409
2440 394
2445 394
2450 391
2455 391
2460 373
2465 373
2470 369
2475 369
2480 369
2485 369
2490 367
2495 367
2500 367
2505 367
2510 364
2515 364
2520 364
2525 363
2530 363
2535 361
2540 361
2545 361
2550 361
2555 361
2560 361
2565 359
2570 359
2575 359
2580 357
2585 357
2590 356
2595 355
2600 355
2605 347
2610 346
2615 337
2620 337
2625 337
2630 331
2635 331
2640 331
2645 329
2650 328
2655 328
2660 327
2665 327
2670 323
2675 322
2680 321
2685 320
2690 320
2695 320
2700 316
2705 314
2710 310
2715 310
2720 304
2725 304
2730 303
2735 303
2740 303
2745 302
2750 302
2755 302
2760 302
2765 302
2770 302
2775 301
2780 301
2785 301
2790 301
2795 301
2800 301
2805 301
2810 298
2815 296
2820 296
2825 296
2830 295
2835 295
2840 292
2845 292
2850 292
2855 292
2860 292
2865 292
2870 292
2875 199
2880 198
2885 198
2890 198
2895 198
2900 198
2905 198
2910 198
2915 195
2920 195
2925 195
2930 194
2935 194
2940 194
2945 194
2950 194
2955 194
2960 194
2965 194
2970 194
2975 194
2980 194
2985 194
2990 194
2995 188
3000 188
3005 188
3010 188
3015 188
3020 188
3025 188
3030 188
3035 188
3040 183
3045 183
3050 183
3055 182
3060 182
3065 182
3070 182
3075 182
3080 182
3085 182
3090 182
3095 182
3100 182
3105 182
3110 182
3115 182
3120 182
3125 182
3130 181
3135 181
3140 181
3145 181
3150 181
3155 180
3160 180
3165 180
3170 180
3175 174
3180 174
3185 174
3190 174
3195 174
3200 174
3205 174
3210 174
3215 174
3220 174
3225 174
3230 174
3235 171
3240 171
3245 171
3250 171
3255 171
3260 171
3265 171
3270 171
3275 171
3280 171
3285 170
3290 170
3295 170
3300 170
3305 170
3310 170
3315 170
3320 166
3325 166
3330 166
3335 166
3340 165
3345 165
3350 165
3355 165
3360 165
3365 165
3370 92
3375 92
3380 92
3385 92
3390 92
3395 92
3400 73
3405 73
3410 73
3415 73
3420 73
3425 73
3430 73
3435 73
3440 73
3445 73
3450 73
3455 73
3460 73
3465 73
3470 73
3475 73
3480 73
3485 58
3490 58
3495 58
3500 58
3505 58
3510 58
3515 58
3520 58
3525 56
3530 56
3535 56
3540 55
3545 55
3550 55
3555 55
3560 55
3565 55
3570 55
3575 55
3580 55
3585 55
3590 55
3595 55
3600 55
3605 55
3610 55
3615 55
3620 55
3625 55
3630 55
3635 55
3640 55
3645 55
3650 55
3655 55
3660 55
3665 55
3670 55
3675 55
3680 52
3685 51
3690 51
3695 51
3700 51
3705 51
3710 50
3715 46
3720 46
3725 46
3730 46
3735 46
3740 46
3745 46
3750 46
3755 46
3760 46
3765 46
3770 46
3775 46
3780 46
3785 46
3790 46
3795 46
3800 46
3805 45
3810 45
3815 45
3820 40
3825 40
3830 40
3835 40
3840 40
3845 40
3850 40
3855 40
3860 40
3865 38
3870 38
3875 38
3880 38
3885 38
3890 38
3895 38
3900 38
3905 38
3910 38
3915 38
3920 37
3925 37
3930 37
3935 37
3940 37
3945 36
3950 36
3955 36
3960 36
3965 36
3970 36
3975 36
3980 36
3985 36
3990 36
3995 36
4000 36
4005 36
4010 36
4015 36
4020 36
4025 36
4030 36
4035 36
4040 36
4045 36
4050 34
4055 34
4060 34
4065 34
4070 34
4075 34
4080 34
4085 28
4090 28
4095 28
4100 28
4105 28
4110 28
4115 28
4120 28
4125 28
4130 23
4135 23
4140 23
4145 23
4150 23
4155 23
4160 23
4165 23
4170 23
4175 23
4180 23
4185 23
4190 23
4195 23
4200 23
4205 23
4210 23
4215 23
4220 23
4225 23
4230 23
4235 23
4240 23
4245 23
4250 23
4255 23
4260 23
4265 23
4270 23
4275 18
4280 18
4285 18
4290 18
4295 18
4300 18
4305 18
4310 18
4315 18
4320 18
4325 18
4330 18
4335 18
4340 18
4345 18
4350 18
4355 18
4360 18
4365 18
4370 18
4375 18
4380 18
4385 18
4390 18
4395 18
4400 18
4405 18
4410 18
4415 18
4420 18
4425 18
4430 16
4435 16
4440 16
4445 16
4450 16
4455 16
4460 16
4465 16
4470 16
4475 16
4480 16
4485 16
4490 16
4495 16
4500 16
4505 16
4510 16
4515 16
4520 16
4525 12
4530 12
4535 12
4540 12
4545 12
4550 12
4555 12
4560 12
4565 12
4570 12
4575 12
4580 12
4585 12
4590 12
4595 12
4600 12
4605 12
4610 12
4615 12
4620 12
4625 12
4630 12
4635 12
4640 12
4645 12
4650 12
4655 12
4660 12
4665 12
4670 12
4675 12
4680 12
4685 12
4690 12
4695 12
4700 12
4705 12
4710 12
4715 12
4720 12
4725 12
4730 12
4735 12
4740 12
4745 12
4750 12
4755 12
4760 12
4765 12
4770 12
4775 12
4780 12
4785 12
4790 12
4795 12
4800 12
4805 12
4810 12
4815 12
4820 12
4825 12
4830 11
4835 11
4840 11
4845 11
4850 11
4855 11
4860 11
4865 11
4870 11
4875 11
4880 11
4885 11
4890 11
4895 11
4900 11
4905 11
4910 11
4915 11
4920 11
4925 11
4930 11
4935 11
4940 10
4945 10
4950 10
4955 10
4960 10
4965 10
4970 10
4975 10
4980 10
4985 10
4990 10
4995 10
5000 10
5005 10
5010 10
5015 10
5020 10
5025 10
5030 10
5035 10
5040 10
5045 10
5050 10
5055 10
5060 10
5065 10
5070 10
5075 10
5080 10
5085 10
5090 10
5095 10
5100 10
5105 10
5110 10
5115 10
5120 10
5125 10
5130 10
5135 10
5140 10
5145 10
5150 10
5155 10
5160 10
5165 10
5170 10
5175 10
5180 10
5185 10
5190 10
5195 9
5200 9
5205 9
5210 9
5215 9
5220 9
5225 9
5230 9
5235 9
5240 9
5245 9
5250 9
5255 9
5260 9
5265 9
5270 9
5275 9
5280 9
5285 9
5290 9
5295 9
5300 9
5305 9
5310 9
5315 9
5320 9
5325 9
5330 9
5335 9
5340 9
5345 9
5350 9
5355 9
5360 9
5365 9
5370 9
5375 9
5380 9
5385 9
5390 9
5395 7
5400 7
5405 6
5410 6
5415 6
5420 6
5425 6
5430 6
5435 6
5440 6
5445 6
5450 6
5455 6
5460 6
5465 6
5470 6
5475 6
5480 6
5485 5
5490 5
5495 5
5500 5
5505 5
5510 5
5515 5
5520 5
5525 5
5530 5
5535 5
5540 5
5545 5
5550 5
5555 5
5560 5
5565 5
5570 5
5575 5
5580 5
5585 5
5590 5
5595 5
5600 5
5605 5
5610 5
5615 5
5620 5
5625 5
5630 5
5635 5
5640 5
5645 5
5650 5
5655 5
5660 5
5665 5
5670 5
5675 5
5680 5
5685 5
5690 5
5695 5
5700 5
5705 5
5710 5
5715 5
5720 5
5725 5
5730 5
5735 5
5740 5
5745 5
5750 5
5755 5
5760 5
5765 5
5770 5
5775 5
5780 5
5785 5
5790 5
5795 5
5800 5
5805 4
5810 4
5815 4
5820 4
5825 4
5830 4
5835 4
5840 4
5845 4
5850 4
5855 4
5860 4
5865 4
5870 3
5875 3
5880 3
5885 3
5890 3
5895 3
5900 3
5905 3
5910 3
5915 3
5920 3
5925 3
5930 3
5935 3
5940 3
5945 3
5950 3
5955 3
5960 3
5965 3
5970 3
5975 3
5980 3
5985 3
5990 3
5995 3
6000 3
6005 3
6010 3
6015 3
6020 3
6025 3
6030 3
6035 3
6040 3
6045 3
6050 3
6055 3
6060 3
6065 3
6070 3
6075 3
6080 3
6085 3
6090 2
6095 2
6100 2
6105 2
6110 2
6115 2
6120 2
6125 2
6130 2
6135 2
6140 2
6145 2
6150 2
6155 2
6160 2
6165 1
