0 5066
5 5066
10 5058
15 5058
20 5058
25 5058
30 5058
35 5055
40 5055
45 5051
50 5051
55 5051
60 5051
65 5050
70 5050
75 5050
80 5050
85 5050
90 5041
95 5041
100 5041
105 5029
110 5024
115 5023
120 5023
125 5023
130 5021
135 5021
140 5021
145 5021
150 5009
155 5009
160 5003
165 5001
170 5001
175 4993
180 4993
185 4993
190 4993
195 4993
200 4993
205 4993
210 4993
215 4993
220 4993
225 4931
230 4928
235 4928
240 4921
245 4897
250 4882
255 4882
260 4882
265 4880
270 4877
275 4830
280 4818
285 4818
290 4810
295 4809
300 4809
305 4808
310 4801
315 4790
320 4789
325 4789
330 4789
335 4788
340 4785
345 4760
350 4579
355 4575
360 4575
365 4571
370 4567
375 4547
380 4547
385 4534
390 4534
395 4524
400 4519
405 4519
410 4506
415 4486
420 4481
425 4480
430 4477
435 4458
440 4449
445 4448
450 4448
455 4437
460 4399
465 4398
470 4393
475 4391
480 4370
485 4365
490 4351
495 4350
500 4342
505 4333
510 4333
515 4330
520 4316
525 4316
530 4289
535 4282
540 4280
545 4268
550 4263
555 4261
560 4256
565 4246
570 4235
575 4216
580 4216
585 4209
590 4183
595 4183
600 4179
605 4160
610 4088
615 4069
620 4008
625 4001
630 3966
635 3957
640 3946
645 3944
650 3943
655 3943
660 3941
665 3933
670 3928
675 3925
680 3925
685 3911
690 3908
695 3908
700 3907
705 3900
710 3843
715 3830
720 3825
725 3822
730 3794
735 3788
740 3724
745 3693
750 3333
755 3329
760 3322
765 3321
770 3253
775 3234
780 3210
785 3180
790 3172
795 3167
800 3157
805 3155
810 3151
815 3148
820 3147
825 3147
830 2421
835 2417
840 2415
845 2413
850 2413
855 2402
860 2390
865 2389
870 2381
875 2351
880 2351
885 2345
890 2345
895 2343
900 2338
905 2287
910 2285
915 2283
920 2278
925 2278
930 2278
935 2269
940 2269
945 2264
950 2264
955 2252
960 2252
965 2190
970 2188
975 2183
980 2182
985 2178
990 2162
995 2162
1000 2149
1005 2147
1010 2147
1015 2129
1020 2119
1025 2119
1030 2117
1035 2092
1040 2075
1045 2074
1050 2036
1055 2027
1060 2025
1065 2025
1070 1998
1075 1998
1080 1997
1085 1992
1090 1989
1095 1948
1100 1948
1105 1804
1110 1802
1115 1802
1120 1799
1125 1795
1130 1795
1135 1790
1140 1790
1145 1787
1150 1754
1155 1754
1160 1742
1165 1740
1170 1740
1175 1740
1180 1624
1185 1614
1190 1606
1195 1605
1200 1605
1205 1591
1210 1566
1215 1551
1220 1536
1225 1536
1230 1536
1235 1533
1240 1533
1245 1533
1250 1503
1255 1503
1260 1503
1265 1438
1270 1437
1275 1427
1280 1427
1285 1427
1290 1410
1295 1410
1300 1410
1305 1410
1310 1393
1315 1393
1320 1392
1325 1392
1330 1384
1335 1383
1340 1383
1345 1383
1350 1380
1355 1378
1360 1378
1365 1378
1370 1378
1375 1373
1380 1373
1385 1370
1390 1355
1395 1352
1400 1350
1405 1350
1410 1348
1415 1325
1420 1325
1425 1323
1430 1321
1435 1321
1440 1321
1445 1263
1450 1263
1455 1263
1460 1263
1465 1261
1470 1261
1475 1260
1480 1253
1485 1250
1490 1250
1495 1250
1500 1250
1505 1250
1510 1233
1515 1233
1520 1228
1525 1228
1530 1228
1535 1227
1540 1218
1545 1217
1550 1217
1555 1198
1560 1188
1565 1187
1570 1182
1575 1182
1580 1178
1585 1178
1590 1178
1595 1139
1600 1139
1605 1139
1610 1137
1615 1134
1620 1134
1625 1134
1630 1134
1635 1130
1640 1129
1645 1129
1650 1129
1655 1116
1660 1106
1665 1101
1670 1093
1675 1092
1680 1092
1685 1092
1690 1092
1695 1090
1700 1090
1705 1090
1710 1089
1715 1089
1720 1086
1725 1086
1730 1086
1735 1084
1740 927
1745 922
1750 922
1755 909
1760 908
1765 908
1770 901
1775 900
1780 900
1785 899
1790 898
1795 893
1800 893
1805 880
1810 880
1815 867
1820 863
1825 863
1830 862
1835 862
1840 862
1845 862
1850 859
1855 859
1860 854
1865 853
1870 845
1875 841
1880 840
1885 840
1890 837
1895 836
1900 770
1905 768
1910 767
1915 766
1920 766
1925 766
1930 764
1935 758
1940 758
1945 752
1950 752
1955 752
1960 751
1965 750
1970 750
1975 750
1980 748
1985 747
1990 731
1995 730
2000 728
2005 724
2010 722
2015 717
2020 713
2025 713
2030 712
2035 712
2040 712
2045 702
2050 698
2055 693
2060 693
2065 693
2070 693
2075 690
2080 690
2085 689
2090 684
2095 684
2100 684
2105 684
2110 684
2115 684
2120 684
2125 683
2130 676
2135 658
2140 658
2145 652
2150 637
2155 633
2160 633
2165 633
2170 632
2175 632
2180 632
2185 630
2190 630
2195 610
2200 610
2205 610
2210 606
2215 606
2220 606
2225 606
2230 605
2235 600
2240 599
2245 599
2250 561
2255 560
2260 559
2265 551
2270 521
2275 521
2280 515
2285 515
2290 515
2295 515
2300 515
2305 509
2310 508
2315 508
2320 508
2325 508
2330 508
2335 508
2340 508
2345 508
2350 506
2355 444
2360 444
2365 444
2370 444
2375 443
2380 440
2385 432
2390 425
2395 425
2400 423
2405 423
2410 423
2415 423
2420 423
2425 423
2430 419
2435 419
2440 415
2445 413
2450 411
2455 411
2460 410
2465 407
2470 402
2475 398
2480 398
2485 394
2490 394
2495 394
2500 394
2505 394
2510 389
2515 388
2520 388
2525 388
2530 386
2535 366
2540 366
2545 366
2550 364
2555 364
2560 364
2565 363
2570 363
2575 363
2580 344
2585 344
2590 343
2595 343
2600 343
2605 343
2610 343
2615 343
2620 341
2625 341
2630 341
2635 340
2640 340
2645 339
2650 339
2655 339
2660 331
2665 330
2670 330
2675 330
2680 330
2685 330
2690 330
2695 329
2700 328
2705 326
2710 317
2715 317
2720 315
2725 314
2730 314
2735 314
2740 314
2745 312
2750 308
2755 306
2760 296
2765 296
2770 296
2775 296
2780 296
2785 296
2790 296
2795 296
2800 295
2805 295
2810 295
2815 295
2820 295
2825 288
2830 288
2835 279
2840 279
2845 279
2850 279
2855 279
2860 279
2865 276
2870 276
2875 276
2880 276
2885 276
2890 274
2895 274
2900 274
2905 273
2910 272
2915 272
2920 272
2925 269
2930 269
2935 269
2940 269
2945 269
2950 269
2955 269
2960 269
2965 269
2970 269
2975 151
2980 151
2985 151
2990 151
2995 151
3000 149
3005 149
3010 138
3015 138
3020 138
3025 138
3030 138
3035 138
3040 138
3045 138
3050 138
3055 138
3060 137
3065 127
3070 127
3075 127
3080 127
3085 127
3090 127
3095 127
3100 124
3105 124
3110 123
3115 123
3120 123
3125 123
3130 121
3135 121
3140 121
3145 121
3150 121
3155 121
3160 121
3165 121
3170 121
3175 121
3180 121
3185 121
3190 121
3195 117
3200 117
3205 117
3210 117
3215 117
3220 117
3225 117
3230 117
3235 117
3240 117
3245 117
3250 117
3255 114
3260 114
3265 114
3270 114
3275 114
3280 114
3285 114
3290 114
3295 114
3300 114
3305 114
3310 114
3315 114
3320 114
3325 114
3330 114
3335 114
3340 112
3345 112
3350 112
3355 112
3360 112
3365 112
3370 112
3375 112
3380 112
3385 112
3390 112
3395 109
3400 109
3405 109
3410 104
3415 104
3420 104
3425 104
3430 96
3435 96
3440 96
3445 96
3450 96
3455 96
3460 96
3465 96
3470 55
3475 55
3480 55
3485 55
3490 55
3495 55
3500 55
3505 55
3510 55
3515 55
3520 55
3525 55
3530 55
3535 51
3540 51
3545 51
3550 51
3555 51
3560 51
3565 51
3570 51
3575 51
3580 51
3585 51
3590 51
3595 51
3600 51
3605 51
3610 51
3615 51
3620 50
3625 50
3630 50
3635 50
3640 50
3645 50
3650 50
3655 47
3660 47
3665 47
3670 47
3675 47
3680 47
3685 32
3690 32
3695 32
3700 32
3705 32
3710 32
3715 32
3720 32
3725 32
3730 32
3735 32
3740 32
3745 32
3750 32
3755 32
3760 32
3765 32
3770 32
3775 32
3780 32
3785 32
3790 32
3795 32
3800 32
3805 32
3810 32
3815 32
3820 27
3825 27
3830 25
3835 25
3840 25
3845 25
3850 25
3855 25
3860 25
3865 25
3870 25
3875 25
3880 25
3885 25
3890 25
3895 25
3900 25
3905 25
3910 24
3915 24
3920 24
3925 24
3930 24
3935 24
3940 24
3945 24
3950 24
3955 24
3960 24
3965 24
3970 24
3975 24
3980 24
3985 24
3990 24
3995 24
4000 24
4005 24
4010 24
4015 24
4020 24
4025 24
4030 24
4035 24
4040 24
4045 24
4050 24
4055 24
4060 24
4065 24
4070 24
4075 24
4080 24
4085 24
4090 24
4095 24
4100 24
4105 24
4110 24
4115 24
4120 24
4125 24
4130 24
4135 24
4140 24
4145 24
4150 24
4155 24
4160 24
4165 24
4170 24
4175 24
4180 24
4185 24
4190 24
4195 24
4200 24
4205 24
4210 24
4215 24
4220 23
4225 23
4230 23
4235 23
4240 23
4245 23
4250 23
4255 23
4260 23
4265 23
4270 23
4275 23
4280 23
4285 23
4290 23
4295 23
4300 23
4305 23
4310 23
4315 23
4320 23
4325 23
4330 23
4335 23
4340 23
4345 23
4350 23
4355 23
4360 23
4365 16
4370 16
4375 16
4380 16
4385 15
4390 14
4395 14
4400 14
4405 14
4410 14
4415 14
4420 14
4425 14
4430 14
4435 14
4440 14
4445 14
4450 14
4455 14
4460 14
4465 14
4470 14
4475 14
4480 14
4485 14
4490 14
4495 14
4500 14
4505 14
4510 14
4515 14
4520 14
4525 14
4530 14
4535 14
4540 14
4545 14
4550 14
4555 14
4560 14
4565 14
4570 14
4575 14
4580 14
4585 14
4590 14
4595 14
4600 14
4605 14
4610 14
4615 14
4620 14
4625 14
4630 14
4635 14
4640 14
4645 14
4650 14
4655 14
4660 14
4665 14
4670 14
4675 14
4680 14
4685 14
4690 14
4695 14
4700 14
4705 14
4710 14
4715 14
4720 13
4725 13
4730 13
4735 13
4740 13
4745 13
4750 13
4755 13
4760 13
4765 13
4770 13
4775 13
4780 13
4785 13
4790 13
4795 13
4800 13
4805 13
4810 13
4815 12
4820 12
4825 12
4830 12
4835 12
4840 12
4845 12
4850 12
4855 12
4860 12
4865 12
4870 12
4875 12
4880 12
4885 12
4890 12
4895 12
4900 12
4905 12
4910 12
4915 12
4920 12
4925 12
4930 12
4935 12
4940 12
4945 12
4950 12
4955 11
4960 11
4965 9
4970 9
4975 9
4980 9
4985 9
4990 9
4995 9
5000 9
5005 9
5010 9
5015 9
5020 9
5025 9
5030 9
5035 9
5040 9
5045 9
5050 9
5055 9
5060 9
5065 9
5070 9
5075 9
5080 9
5085 9
5090 9
5095 9
5100 9
5105 9
5110 9
5115 9
5120 9
5125 9
5130 9
5135 9
5140 9
5145 9
5150 9
5155 9
5160 9
5165 9
5170 9
5175 9
5180 9
5185 9
5190 9
5195 9
5200 9
5205 9
5210 9
5215 9
5220 9
5225 9
5230 9
5235 9
5240 9
5245 9
5250 9
5255 9
5260 9
5265 9
5270 9
5275 9
5280 9
5285 9
5290 9
5295 9
5300 9
5305 9
5310 9
5315 9
5320 9
5325 9
5330 9
5335 9
5340 9
5345 9
5350 8
5355 5
5360 5
5365 5
5370 5
5375 5
5380 5
5385 5
5390 5
5395 5
5400 5
5405 5
5410 5
5415 5
5420 5
5425 5
5430 5
5435 5
5440 5
5445 5
5450 5
5455 5
5460 5
5465 5
5470 5
5475 5
5480 5
5485 5
5490 5
5495 5
5500 5
5505 5
5510 5
5515 5
5520 5
5525 5
5530 5
5535 5
5540 5
5545 5
5550 5
5555 5
5560 5
5565 5
5570 5
5575 5
5580 5
5585 5
5590 5
5595 5
5600 5
5605 5
5610 5
5615 5
5620 5
5625 5
5630 5
5635 5
5640 5
5645 5
5650 5
5655 5
5660 5
5665 5
5670 5
5675 5
5680 5
5685 5
5690 5
5695 5
5700 5
5705 5
5710 5
5715 5
5720 5
5725 5
5730 5
5735 5
5740 5
5745 5
5750 5
5755 5
5760 5
5765 5
5770 5
5775 5
5780 5
5785 5
5790 5
5795 5
5800 5
5805 5
5810 5
5815 5
5820 5
5825 5
5830 5
5835 5
5840 5
5845 5
5850 5
5855 5
5860 5
5865 5
5870 5
5875 5
5880 5
5885 5
5890 5
5895 5
5900 5
5905 5
5910 5
5915 5
5920 5
5925 5
5930 5
5935 5
5940 5
5945 5
5950 5
5955 5
5960 5
5965 5
5970 5
5975 5
5980 5
5985 5
5990 5
5995 5
6000 5
6005 5
6010 5
6015 4
6020 4
6025 4
6030 4
6035 4
6040 4
6045 4
6050 3
6055 3
6060 3
6065 3
6070 3
6075 3
6080 3
6085 3
6090 3
6095 3
6100 3
6105 3
6110 3
6115 3
6120 3
6125 3
6130 3
6135 2
6140 2
6145 2
6150 2
6155 2
6160 2
6165 1
