0 5066
5 5066
10 5066
15 5066
20 5066
25 5066
30 5066
35 5066
40 5066
45 5066
50 5066
55 5066
60 5030
65 5024
70 5020
75 5020
80 5013
85 5013
90 5002
95 5001
100 4992
105 4992
110 4992
115 4990
120 4990
125 4984
130 4984
135 4977
140 4974
145 4974
150 4961
155 4961
160 4961
165 4939
170 4939
175 4929
180 4929
185 4921
190 4918
195 4913
200 4904
205 4902
210 4902
215 4895
220 4861
225 4857
230 4850
235 4849
240 4638
245 4638
250 4635
255 4619
260 4619
265 4617
270 4606
275 4584
280 4581
285 4579
290 4579
295 4575
300 4569
305 4569
310 4566
315 4546
320 4539
325 4513
330 4511
335 4511
340 4502
345 4499
350 4498
355 4481
360 4478
365 4463
370 4457
375 4436
380 4431
385 4429
390 4429
395 4423
400 4423
405 4416
410 4414
415 4405
420 4403
425 4403
430 4402
435 4395
440 4378
445 4376
450 4361
455 4349
460 4334
465 4323
470 4322
475 4317
480 4309
485 4302
490 4292
495 4286
500 4286
505 4279
510 4279
515 4258
520 4250
525 4249
530 4248
535 4232
540 4204
545 4202
550 4202
555 4200
560 4195
565 4187
570 4186
575 4176
580 4172
585 4142
590 4142
595 4142
600 4135
605 4131
610 4104
615 4070
620 4054
625 4049
630 4049
635 4049
640 4035
645 4010
650 4002
655 3995
660 3993
665 3960
670 3952
675 3952
680 3943
685 3924
690 3895
695 3887
700 3879
705 3869
710 3864
715 3857
720 3845
725 3833
730 3823
735 3823
740 3821
745 3820
750 3600
755 3597
760 3597
765 3592
770 3587
775 3493
780 3493
785 3493
790 3469
795 3465
800 3456
805 3438
810 3409
815 2885
820 2884
825 2872
830 2868
835 2868
840 2868
845 2860
850 2852
855 2838
860 2838
865 2590
870 2579
875 2578
880 2558
885 2537
890 2536
895 2519
900 2517
905 2516
910 2516
915 2512
920 2512
925 2512
930 2511
935 2508
940 2503
945 2502
950 2502
955 2500
960 2494
965 2453
970 2424
975 2417
980 2405
985 2401
990 2384
995 2378
1000 2374
1005 2374
1010 2313
1015 2306
1020 2306
1025 2295
1030 2265
1035 2265
1040 2265
1045 2264
1050 2184
1055 2175
1060 2129
1065 2129
1070 2125
1075 2092
1080 2092
1085 2090
1090 2089
1095 2086
1100 2086
1105 2083
1110 2072
1115 2072
1120 2063
1125 2060
1130 2056
1135 2056
1140 2056
1145 2056
1150 2051
1155 2051
1160 2050
1165 2046
1170 1768
1175 1765
1180 1747
1185 1740
1190 1739
1195 1739
1200 1738
1205 1728
1210 1717
1215 1706
1220 1705
1225 1703
1230 1693
1235 1691
1240 1688
1245 1688
1250 1684
1255 1675
1260 1672
1265 1672
1270 1671
1275 1669
1280 1667
1285 1661
1290 1658
1295 1658
1300 1651
1305 1651
1310 1651
1315 1647
1320 1644
1325 1644
1330 1638
1335 1634
1340 1629
1345 1629
1350 1626
1355 1626
1360 1625
1365 1581
1370 1552
1375 1549
1380 1542
1385 1357
1390 1357
1395 1357
1400 1353
1405 1340
1410 1336
1415 1336
1420 1336
1425 1336
1430 1328
1435 1322
1440 1313
1445 1313
1450 1313
1455 1309
1460 1292
1465 1292
1470 1291
1475 1287
1480 1287
1485 1287
1490 1284
1495 1282
1500 1278
1505 1278
1510 1278
1515 1278
1520 1278
1525 1276
1530 1274
1535 1274
1540 1267
1545 1248
1550 1235
1555 1231
1560 1227
1565 1227
1570 1208
1575 1208
1580 1181
1585 1181
1590 1179
1595 1176
1600 1173
1605 1173
1610 1170
1615 1170
1620 1169
1625 1169
1630 1163
1635 1163
1640 1163
1645 1163
1650 1161
1655 1161
1660 1161
1665 1153
1670 1131
1675 1126
1680 1117
1685 1113
1690 1095
1695 1081
1700 1079
1705 1076
1710 1075
1715 1073
1720 1073
1725 1063
1730 1055
1735 1055
1740 1054
1745 1050
1750 1050
1755 1045
1760 1043
1765 1040
1770 1039
1775 1036
1780 1033
1785 1025
1790 1025
1795 1025
1800 1012
1805 1011
1810 1011
1815 1011
1820 1011
1825 1009
1830 1008
1835 1008
1840 1006
1845 997
1850 949
1855 884
1860 883
1865 883
1870 856
1875 854
1880 854
1885 853
1890 853
1895 833
1900 832
1905 832
1910 827
1915 827
1920 827
1925 827
1930 826
1935 819
1940 819
1945 816
1950 816
1955 816
1960 815
1965 814
1970 814
1975 798
1980 798
1985 798
1990 793
1995 792
2000 772
2005 772
2010 769
2015 769
2020 769
2025 768
2030 766
2035 766
2040 760
2045 759
2050 758
2055 755
2060 755
2065 755
2070 752
2075 752
2080 752
2085 735
2090 735
2095 733
2100 732
2105 732
2110 730
2115 730
2120 728
2125 728
2130 725
2135 725
2140 724
2145 724
2150 724
2155 721
2160 720
2165 720
2170 645
2175 645
2180 642
2185 642
2190 641
2195 641
2200 639
2205 637
2210 633
2215 612
2220 610
2225 610
2230 608
2235 605
2240 605
2245 603
2250 603
2255 598
2260 598
2265 598
2270 591
2275 586
2280 586
2285 586
2290 585
2295 585
2300 584
2305 584
2310 584
2315 582
2320 580
2325 579
2330 579
2335 579
2340 578
2345 576
2350 553
2355 553
2360 542
2365 542
2370 542
2375 528
2380 527
2385 517
2390 517
2395 516
2400 512
2405 512
2410 512
2415 509
2420 505
2425 505
2430 505
2435 491
2440 491
2445 491
2450 489
2455 489
2460 489
2465 487
2470 485
2475 485
2480 485
2485 484
2490 484
2495 484
2500 483
2505 483
2510 483
2515 481
2520 481
2525 481
2530 481
2535 481
2540 481
2545 476
2550 475
2555 471
2560 471
2565 471
2570 471
2575 471
2580 461
2585 461
2590 458
2595 458
2600 458
2605 458
2610 458
2615 458
2620 458
2625 458
2630 452
2635 452
2640 452
2645 449
2650 446
2655 446
2660 446
2665 444
2670 433
2675 432
2680 432
2685 428
2690 425
2695 425
2700 425
2705 425
2710 423
2715 423
2720 423
2725 423
2730 405
2735 405
2740 405
2745 405
2750 403
2755 403
2760 402
2765 401
2770 401
2775 401
2780 401
2785 401
2790 401
2795 401
2800 398
2805 398
2810 398
2815 398
2820 398
2825 391
2830 391
2835 390
2840 390
2845 382
2850 382
2855 382
2860 382
2865 382
2870 382
2875 382
2880 381
2885 381
2890 379
2895 379
2900 379
2905 379
2910 379
2915 379
2920 379
2925 379
2930 378
2935 378
2940 378
2945 378
2950 378
2955 378
2960 378
2965 378
2970 378
2975 378
2980 360
2985 359
2990 358
2995 358
3000 358
3005 358
3010 356
3015 353
3020 353
3025 353
3030 353
3035 353
3040 353
3045 352
3050 352
3055 351
3060 351
3065 349
3070 349
3075 349
3080 349
3085 346
3090 346
3095 342
3100 342
3105 337
3110 337
3115 325
3120 325
3125 325
3130 325
3135 324
3140 322
3145 322
3150 312
3155 312
3160 312
3165 312
3170 312
3175 312
3180 309
3185 309
3190 309
3195 309
3200 309
3205 309
3210 309
3215 309
3220 308
3225 308
3230 285
3235 283
3240 283
3245 282
3250 282
3255 282
3260 280
3265 279
3270 279
3275 277
3280 277
3285 277
3290 277
3295 277
3300 276
3305 276
3310 276
3315 274
3320 274
3325 274
3330 274
3335 274
3340 274
3345 274
3350 272
3355 271
3360 264
3365 264
3370 264
3375 264
3380 264
3385 264
3390 264
3395 264
3400 264
3405 263
3410 263
3415 261
3420 255
3425 240
3430 240
3435 240
3440 240
3445 240
3450 239
3455 231
3460 231
3465 231
3470 229
3475 229
3480 228
3485 228
3490 228
3495 225
3500 224
3505 224
3510 224
3515 216
3520 173
3525 173
3530 173
3535 172
3540 172
3545 170
3550 170
3555 170
3560 170
3565 170
3570 170
3575 170
3580 170
3585 170
3590 169
3595 169
3600 168
3605 168
3610 168
3615 167
3620 167
3625 166
3630 166
3635 103
3640 103
3645 103
3650 103
3655 103
3660 103
3665 103
3670 103
3675 103
3680 103
3685 103
3690 101
3695 101
3700 101
3705 101
3710 101
3715 101
3720 101
3725 101
3730 101
3735 101
3740 101
3745 97
3750 96
3755 96
3760 96
3765 96
3770 96
3775 96
3780 94
3785 94
3790 94
3795 94
3800 94
3805 94
3810 94
3815 94
3820 94
3825 94
3830 94
3835 94
3840 94
3845 93
3850 93
3855 93
3860 92
3865 92
3870 92
3875 92
3880 92
3885 92
3890 92
3895 92
3900 92
3905 91
3910 91
3915 91
3920 91
3925 91
3930 91
3935 91
3940 91
3945 91
3950 91
3955 90
3960 89
3965 89
3970 89
3975 89
3980 84
3985 84
3990 84
3995 84
4000 84
4005 84
4010 84
4015 84
4020 84
4025 84
4030 84
4035 84
4040 84
4045 83
4050 82
4055 82
4060 82
4065 77
4070 77
4075 77
4080 77
4085 77
4090 77
4095 77
4100 77
4105 77
4110 75
4115 75
4120 75
4125 75
4130 75
4135 75
4140 73
4145 73
4150 73
4155 73
4160 73
4165 73
4170 73
4175 73
4180 73
4185 73
4190 73
4195 73
4200 73
4205 73
4210 73
4215 48
4220 48
4225 48
4230 48
4235 48
4240 48
4245 46
4250 46
4255 46
4260 46
4265 44
4270 44
4275 44
4280 44
4285 44
4290 44
4295 44
4300 44
4305 44
4310 44
4315 44
4320 44
4325 44
4330 44
4335 44
4340 44
4345 44
4350 44
4355 44
4360 44
4365 44
4370 44
4375 44
4380 44
4385 44
4390 44
4395 44
4400 44
4405 43
4410 43
4415 43
4420 43
4425 43
4430 43
4435 43
4440 43
4445 43
4450 43
4455 43
4460 43
4465 43
4470 42
4475 42
4480 42
4485 42
4490 42
4495 42
4500 42
4505 42
4510 42
4515 42
4520 42
4525 42
4530 42
4535 41
4540 41
4545 41
4550 40
4555 40
4560 40
4565 40
4570 40
4575 40
4580 40
4585 40
4590 38
4595 38
4600 38
4605 38
4610 38
4615 38
4620 38
4625 38
4630 38
4635 38
4640 38
4645 36
4650 36
4655 36
4660 36
4665 36
4670 36
4675 36
4680 36
4685 36
4690 36
4695 36
4700 36
4705 35
4710 35
4715 35
4720 35
4725 35
4730 35
4735 35
4740 35
4745 35
4750 35
4755 35
4760 24
4765 24
4770 24
4775 24
4780 24
4785 24
4790 24
4795 24
4800 24
4805 24
4810 24
4815 24
4820 24
4825 24
4830 24
4835 24
4840 24
4845 24
4850 24
4855 24
4860 24
4865 24
4870 24
4875 24
4880 24
4885 23
4890 23
4895 23
4900 23
4905 22
4910 22
4915 22
4920 22
4925 22
4930 22
4935 22
4940 22
4945 22
4950 22
4955 22
4960 22
4965 21
4970 21
4975 21
4980 14
4985 14
4990 14
4995 13
5000 13
5005 13
5010 13
5015 13
5020 13
5025 13
5030 13
5035 13
5040 13
5045 13
5050 13
5055 13
5060 13
5065 13
5070 13
5075 13
5080 13
5085 13
5090 13
5095 12
5100 12
5105 12
5110 12
5115 12
5120 12
5125 12
5130 12
5135 12
5140 12
5145 12
5150 12
5155 11
5160 11
5165 11
5170 11
5175 11
5180 11
5185 11
5190 11
5195 11
5200 11
5205 11
5210 11
5215 11
5220 11
5225 11
5230 11
5235 11
5240 11
5245 11
5250 11
5255 11
5260 11
5265 11
5270 11
5275 11
5280 11
5285 11
5290 11
5295 11
5300 11
5305 9
5310 9
5315 9
5320 9
5325 9
5330 9
5335 9
5340 9
5345 9
5350 9
5355 8
5360 8
5365 8
5370 8
5375 7
5380 7
5385 7
5390 7
5395 7
5400 7
5405 7
5410 7
5415 7
5420 7
5425 7
5430 7
5435 7
5440 7
5445 7
5450 7
5455 7
5460 7
5465 7
5470 7
5475 7
5480 7
5485 7
5490 7
5495 7
5500 7
5505 7
5510 7
5515 7
5520 7
5525 7
5530 7
5535 7
5540 7
5545 7
5550 7
5555 7
5560 6
5565 6
5570 6
5575 6
5580 6
5585 6
5590 6
5595 6
5600 5
5605 5
5610 5
5615 5
5620 5
5625 5
5630 5
5635 5
5640 5
5645 5
5650 5
5655 5
5660 5
5665 5
5670 5
5675 5
5680 5
5685 5
5690 5
5695 5
5700 5
5705 5
5710 5
5715 5
5720 5
5725 5
5730 5
5735 5
5740 5
5745 5
5750 5
5755 5
5760 5
5765 5
5770 5
5775 5
5780 5
5785 4
5790 4
5795 4
5800 4
5805 4
5810 4
5815 4
5820 4
5825 4
5830 4
5835 4
5840 4
5845 4
5850 4
5855 4
5860 4
5865 4
5870 4
5875 4
5880 4
5885 4
5890 4
5895 4
5900 4
5905 4
5910 4
5915 4
5920 4
5925 4
5930 4
5935 4
5940 4
5945 4
5950 4
5955 4
5960 4
5965 4
5970 4
5975 4
5980 4
5985 4
5990 4
5995 4
6000 4
6005 4
6010 4
6015 4
6020 3
6025 3
6030 3
6035 3
6040 3
6045 3
6050 3
6055 3
6060 3
6065 3
6070 3
6075 3
6080 3
6085 3
6090 3
6095 3
6100 3
6105 3
6110 3
6115 3
6120 3
6125 3
6130 3
6135 3
6140 3
6145 3
6150 3
6155 3
6160 2
6165 1
