0 5066
5 5061
10 5054
15 5047
20 5040
25 5035
30 5028
35 5021
40 5014
45 5009
50 5001
55 4992
60 4985
65 4979
70 4920
75 4787
80 4782
85 4684
90 4678
95 4672
100 4667
105 4662
110 4662
115 4662
120 4662
125 4662
130 4662
135 4662
140 4662
145 4662
150 4662
155 4659
160 4653
165 4653
170 4653
175 4653
180 4653
185 4653
190 4653
195 4653
200 4648
205 4621
210 4616
215 4572
220 4560
225 4560
230 4560
235 4556
240 4546
245 4538
250 4528
255 4519
260 4512
265 4506
270 4483
275 4468
280 4459
285 4448
290 4440
295 4435
300 4387
305 4387
310 4385
315 4378
320 4359
325 4352
330 4347
335 4339
340 4330
345 4330
350 4330
355 4330
360 4330
365 4322
370 4316
375 4309
380 4297
385 4290
390 4280
395 4180
400 4180
405 4180
410 4180
415 4158
420 4158
425 4150
430 4139
435 4114
440 4111
445 4105
450 4100
455 4083
460 4077
465 4077
470 4077
475 4077
480 4077
485 4072
490 4048
495 4040
500 4035
505 4031
510 4025
515 4019
520 4013
525 4005
530 3990
535 3979
540 3969
545 3955
550 3949
555 3641
560 3641
565 3641
570 3641
575 3641
580 3641
585 3641
590 3641
595 3641
600 3641
605 3638
610 3631
615 3626
620 3621
625 3614
630 3614
635 3614
640 3614
645 3614
650 3614
655 3614
660 3614
665 3614
670 3614
675 3612
680 3590
685 3590
690 3586
695 3580
700 3574
705 3569
710 3551
715 3546
720 3538
725 3532
730 3523
735 3517
740 3509
745 3504
750 3499
755 3491
760 3486
765 3480
770 3474
775 3457
780 3452
785 3446
790 3441
795 3435
800 3418
805 3413
810 3408
815 3400
820 3392
825 3363
830 3182
835 3165
840 3144
845 3143
850 3135
855 3128
860 3123
865 3117
870 3113
875 3106
880 3097
885 3092
890 3092
895 3092
900 3092
905 3092
910 3092
915 3092
920 3092
925 3089
930 3084
935 3079
940 3074
945 3064
950 3059
955 3052
960 3046
965 3039
970 3033
975 3023
980 3016
985 3010
990 3005
995 2994
1000 2987
1005 2979
1010 2955
1015 2955
1020 2949
1025 2942
1030 2937
1035 2931
1040 2923
1045 2912
1050 2904
1055 2895
1060 2889
1065 2884
1070 2867
1075 2861
1080 2856
1085 2844
1090 2761
1095 2760
1100 2743
1105 2735
1110 2714
1115 2714
1120 2714
1125 2714
1130 2714
1135 2714
1140 2714
1145 2700
1150 2694
1155 2692
1160 2656
1165 2656
1170 2656
1175 2656
1180 2645
1185 2636
1190 2618
1195 2618
1200 2437
1205 2437
1210 2437
1215 2437
1220 2437
1225 2437
1230 2437
1235 2437
1240 2437
1245 2437
1250 2437
1255 2437
1260 2437
1265 2437
1270 2437
1275 2437
1280 2437
1285 2437
1290 2437
1295 2437
1300 2437
1305 2437
1310 2437
1315 2437
1320 2437
1325 2437
1330 2431
1335 2424
1340 2410
1345 2410
1350 2410
1355 2410
1360 2410
1365 2410
1370 2409
1375 2404
1380 2398
1385 2393
1390 2378
1395 2371
1400 2364
1405 2354
1410 2348
1415 2344
1420 2338
1425 2328
1430 2313
1435 2306
1440 2301
1445 2295
1450 2287
1455 2261
1460 2255
1465 2243
1470 2160
1475 2153
1480 2148
1485 2143
1490 2138
1495 2128
1500 2115
1505 2109
1510 2103
1515 2093
1520 2081
1525 2080
1530 2071
1535 2056
1540 2053
1545 2047
1550 2042
1555 2032
1560 2025
1565 2019
1570 2007
1575 1998
1580 1990
1585 1980
1590 1971
1595 1966
1600 1959
1605 1948
1610 1942
1615 1922
1620 1917
1625 1901
1630 1886
1635 1886
1640 1883
1645 1876
1650 1862
1655 1857
1660 1839
1665 1800
1670 1800
1675 1800
1680 1800
1685 1800
1690 1665
1695 1655
1700 1649
1705 1623
1710 1623
1715 1623
1720 1623
1725 1623
1730 1623
1735 1623
1740 1623
1745 1609
1750 1603
1755 1594
1760 1585
1765 1579
1770 1573
1775 1565
1780 1559
1785 1546
1790 1538
1795 1527
1800 1521
1805 1511
1810 1504
1815 1470
1820 1463
1825 1454
1830 1444
1835 1412
1840 1412
1845 1412
1850 1412
1855 1408
1860 1406
1865 1405
1870 1397
1875 1397
1880 1397
1885 1395
1890 1386
1895 1383
1900 1371
1905 1355
1910 1339
1915 1339
1920 1333
1925 1323
1930 1316
1935 1311
1940 1298
1945 1298
1950 1298
1955 1298
1960 1292
1965 1292
1970 1292
1975 1292
1980 1292
1985 1292
1990 1292
1995 1292
2000 1292
2005 1292
2010 1292
2015 1285
2020 1285
2025 1285
2030 1285
2035 1285
2040 1268
2045 1072
2050 1070
2055 1045
2060 1036
2065 1036
2070 1032
2075 1025
2080 1008
2085 1001
2090 993
2095 993
2100 987
2105 980
2110 972
2115 967
2120 957
2125 951
2130 944
2135 937
2140 932
2145 925
2150 915
2155 900
2160 899
2165 893
2170 888
2175 880
2180 873
2185 851
2190 851
2195 841
2200 841
2205 832
2210 821
2215 815
2220 810
2225 784
2230 778
2235 763
2240 741
2245 729
2250 721
2255 715
2260 707
2265 693
2270 687
2275 682
2280 664
2285 651
2290 647
2295 647
2300 644
2305 642
2310 616
2315 616
2320 600
2325 600
2330 581
2335 581
2340 581
2345 581
2350 581
2355 581
2360 581
2365 581
2370 581
2375 581
2380 581
2385 581
2390 581
2395 581
2400 581
2405 581
2410 581
2415 581
2420 581
2425 581
2430 581
2435 581
2440 581
2445 581
2450 578
2455 568
2460 563
2465 558
2470 490
2475 490
2480 487
2485 487
2490 484
2495 481
2500 481
2505 481
2510 481
2515 481
2520 481
2525 469
2530 448
2535 438
2540 438
2545 438
2550 429
2555 405
2560 381
2565 364
2570 347
2575 347
2580 347
2585 324
2590 324
2595 324
2600 322
2605 320
2610 320
2615 320
2620 320
2625 320
2630 320
2635 320
2640 320
2645 312
2650 306
2655 306
2660 306
2665 301
2670 289
2675 289
2680 289
2685 289
2690 289
2695 289
2700 289
2705 289
2710 289
2715 289
2720 289
2725 289
2730 289
2735 289
2740 289
2745 289
2750 289
2755 289
2760 289
2765 289
2770 289
2775 282
2780 267
2785 247
2790 163
2795 149
2800 149
2805 149
2810 149
2815 149
2820 149
2825 149
2830 149
2835 148
2840 148
2845 148
2850 148
2855 148
2860 148
2865 148
2870 148
2875 147
2880 147
2885 147
2890 138
2895 138
2900 138
2905 138
2910 138
2915 138
2920 138
2925 138
2930 138
2935 138
2940 134
2945 134
2950 132
2955 131
2960 116
2965 116
2970 116
2975 116
2980 116
2985 116
2990 116
2995 116
3000 116
3005 116
3010 116
3015 115
3020 115
3025 115
3030 115
3035 115
3040 114
3045 114
3050 111
3055 111
3060 111
3065 111
3070 111
3075 109
3080 105
3085 102
3090 75
3095 75
3100 75
3105 75
3110 75
3115 75
3120 75
3125 74
3130 74
3135 74
3140 74
3145 74
3150 74
3155 74
3160 74
3165 74
3170 51
3175 47
3180 47
3185 47
3190 33
3195 33
3200 33
3205 33
3210 33
3215 33
3220 33
3225 33
3230 33
3235 33
3240 33
3245 33
3250 33
3255 33
3260 33
3265 33
3270 33
3275 33
3280 33
3285 33
3290 33
3295 33
3300 33
3305 33
3310 33
