0 5066
5 5066
10 5066
15 5066
20 5066
25 5066
30 5066
35 5066
40 5066
45 5066
50 5066
55 5063
60 5059
65 5059
70 5059
75 5043
80 5043
85 5043
90 5043
95 5043
100 5043
105 5043
110 5043
115 5043
120 5043
125 5036
130 5035
135 5017
140 5009
145 5007
150 5007
155 5004
160 4999
165 4997
170 4992
175 4981
180 4971
185 4962
190 4956
195 4956
200 4948
205 4948
210 4948
215 4948
220 4734
225 4734
230 4733
235 4733
240 4733
245 4733
250 4732
255 4727
260 4723
265 4684
270 4684
275 4684
280 4681
285 4681
290 4676
295 4675
300 4672
305 4672
310 4656
315 4656
320 4654
325 4654
330 4654
335 4654
340 4654
345 4649
350 4639
355 4639
360 4633
365 4618
370 4618
375 4606
380 4606
385 4606
390 4606
395 4595
400 4595
405 4574
410 4570
415 4559
420 4555
425 4543
430 4542
435 4531
440 4531
445 4520
450 4518
455 4501
460 4501
465 4499
470 4487
475 4483
480 4468
485 4467
490 4452
495 4443
500 4439
505 4433
510 4431
515 4402
520 4388
525 4379
530 4379
535 4376
540 4361
545 4359
550 4339
555 4337
560 4321
565 4321
570 4309
575 4307
580 4269
585 4268
590 4262
595 4232
600 4222
605 4216
610 4214
615 4192
620 4186
625 4181
630 4164
635 4155
640 4151
645 4150
650 4149
655 4136
660 4129
665 4127
670 4125
675 4123
680 4110
685 4099
690 4096
695 4091
700 4022
705 4006
710 4000
715 3991
720 3989
725 3981
730 3981
735 3971
740 3970
745 3961
750 3951
755 3939
760 3937
765 3937
770 3929
775 3927
780 3916
785 3912
790 3896
795 3893
800 3884
805 3880
810 3872
815 3816
820 3793
825 3744
830 3661
835 3656
840 3647
845 3644
850 3640
855 3638
860 3635
865 3628
870 3610
875 3604
880 3600
885 3592
890 3592
895 3590
900 3573
905 3564
910 3562
915 3558
920 3529
925 3196
930 3160
935 3158
940 3151
945 3144
950 3137
955 3125
960 3121
965 3119
970 3102
975 3087
980 3057
985 3030
990 3026
995 2985
1000 2690
1005 2667
1010 2666
1015 2664
1020 2637
1025 2637
1030 2632
1035 2632
1040 2632
1045 2618
1050 2615
1055 2611
1060 2611
1065 2608
1070 2600
1075 2584
1080 2584
1085 2582
1090 2491
1095 2483
1100 2479
1105 2475
1110 2470
1115 2466
1120 2457
1125 2457
1130 2448
1135 2447
1140 2439
1145 2430
1150 2423
1155 2306
1160 2300
1165 2293
1170 2287
1175 2284
1180 2280
1185 2270
1190 2268
1195 2266
1200 2263
1205 2255
1210 2236
1215 2227
1220 2221
1225 2216
1230 2210
1235 2210
1240 2209
1245 2209
1250 2207
1255 2204
1260 2181
1265 2167
1270 2122
1275 2117
1280 2116
1285 2115
1290 2084
1295 2081
1300 2070
1305 2065
1310 2065
1315 2065
1320 2037
1325 2032
1330 2024
1335 2021
1340 2008
1345 1823
1350 1812
1355 1787
1360 1787
1365 1731
1370 1721
1375 1718
1380 1716
1385 1713
1390 1711
1395 1670
1400 1661
1405 1661
1410 1656
1415 1652
1420 1647
1425 1644
1430 1638
1435 1617
1440 1584
1445 1583
1450 1446
1455 1431
1460 1431
1465 1427
1470 1427
1475 1406
1480 1405
1485 1404
1490 1383
1495 1383
1500 1375
1505 1359
1510 1358
1515 1358
1520 1358
1525 1354
1530 1353
1535 1318
1540 1317
1545 1316
1550 1136
1555 1136
1560 1135
1565 1131
1570 1117
1575 1116
1580 1106
1585 1106
1590 1106
1595 1095
1600 1095
1605 1065
1610 1033
1615 1033
1620 1032
1625 1032
1630 1031
1635 1031
1640 1031
1645 1031
1650 1031
1655 1028
1660 1025
1665 1017
1670 1017
1675 1009
1680 997
1685 978
1690 976
1695 976
1700 975
1705 975
1710 975
1715 970
1720 970
1725 970
1730 970
1735 968
1740 966
1745 966
1750 958
1755 958
1760 958
1765 958
1770 919
1775 919
1780 917
1785 907
1790 897
1795 894
1800 893
1805 890
1810 889
1815 884
1820 883
1825 883
1830 883
1835 882
1840 882
1845 882
1850 882
1855 881
1860 878
1865 876
1870 857
1875 857
1880 852
1885 836
1890 733
1895 732
1900 732
1905 732
1910 711
1915 711
1920 708
1925 708
1930 708
1935 708
1940 708
1945 708
1950 708
1955 708
1960 708
1965 707
1970 707
1975 707
1980 707
1985 707
1990 707
1995 706
2000 706
2005 703
2010 703
2015 693
2020 688
2025 688
2030 687
2035 657
2040 656
2045 656
2050 656
2055 653
2060 653
2065 649
2070 649
2075 649
2080 649
2085 649
2090 649
2095 644
2100 644
2105 643
2110 641
2115 640
2120 640
2125 638
2130 637
2135 637
2140 634
2145 631
2150 630
2155 614
2160 611
2165 611
2170 608
2175 608
2180 607
2185 604
2190 604
2195 600
2200 600
2205 599
2210 599
2215 599
2220 594
2225 594
2230 591
2235 591
2240 591
2245 590
2250 575
2255 574
2260 574
2265 567
2270 567
2275 561
2280 534
2285 534
2290 532
2295 531
2300 513
2305 513
2310 513
2315 512
2320 512
2325 512
2330 512
2335 505
2340 504
2345 504
2350 497
2355 496
2360 496
2365 494
2370 490
2375 490
2380 490
2385 490
2390 490
2395 488
2400 486
2405 486
2410 485
2415 481
2420 481
2425 481
2430 481
2435 472
2440 471
2445 471
2450 471
2455 468
2460 460
2465 460
2470 459
2475 455
2480 455
2485 455
2490 438
2495 438
2500 433
2505 433
2510 433
2515 433
2520 413
2525 411
2530 411
2535 411
2540 411
2545 409
2550 409
2555 407
2560 407
2565 406
2570 404
2575 404
2580 404
2585 403
2590 403
2595 391
2600 381
2605 366
2610 366
2615 366
2620 365
2625 365
2630 365
2635 365
2640 344
2645 339
2650 339
2655 223
2660 223
2665 221
2670 221
2675 221
2680 221
2685 221
2690 221
2695 221
2700 221
2705 220
2710 220
2715 220
2720 220
2725 220
2730 220
2735 220
2740 220
2745 220
2750 220
2755 220
2760 220
2765 220
2770 220
2775 220
2780 220
2785 220
2790 220
2795 220
2800 220
2805 220
2810 220
2815 220
2820 220
2825 220
2830 220
2835 220
2840 215
2845 215
2850 215
2855 215
2860 215
2865 215
2870 215
2875 215
2880 215
2885 215
2890 215
2895 215
2900 214
2905 212
2910 212
2915 212
2920 211
2925 211
2930 211
2935 211
2940 211
2945 211
2950 210
2955 210
2960 203
2965 203
2970 203
2975 203
2980 203
2985 203
2990 203
2995 203
3000 203
3005 202
3010 200
3015 200
3020 197
3025 197
3030 197
3035 197
3040 195
3045 195
3050 181
3055 181
3060 181
3065 180
3070 180
3075 180
3080 180
3085 180
3090 180
3095 180
3100 180
3105 180
3110 180
3115 180
3120 179
3125 179
3130 179
3135 179
3140 179
3145 178
3150 178
3155 178
3160 178
3165 178
3170 178
3175 178
3180 178
3185 178
3190 178
3195 178
3200 177
3205 176
3210 176
3215 176
3220 176
3225 176
3230 176
3235 175
3240 175
3245 175
3250 175
3255 175
3260 174
3265 174
3270 174
3275 174
3280 174
3285 174
3290 113
3295 113
3300 113
3305 113
3310 113
3315 113
3320 113
3325 79
3330 79
3335 79
3340 78
3345 78
3350 78
3355 78
3360 78
3365 78
3370 78
3375 78
3380 78
3385 78
3390 78
3395 78
3400 78
3405 77
3410 77
3415 77
3420 77
3425 77
3430 76
3435 76
3440 75
3445 75
3450 75
3455 75
3460 75
3465 74
3470 74
3475 74
3480 74
3485 74
3490 74
3495 74
3500 74
3505 74
3510 74
3515 74
3520 74
3525 74
3530 74
3535 74
3540 74
3545 74
3550 74
3555 74
3560 74
3565 74
3570 74
3575 74
3580 74
3585 74
3590 74
3595 74
3600 74
3605 73
3610 73
3615 73
3620 73
3625 73
3630 73
3635 73
3640 73
3645 73
3650 67
3655 67
3660 67
3665 67
3670 67
3675 67
3680 67
3685 67
3690 67
3695 67
3700 67
3705 67
3710 67
3715 67
3720 67
3725 63
3730 56
3735 56
3740 56
3745 54
3750 54
3755 54
3760 54
3765 54
3770 54
3775 54
3780 54
3785 54
3790 54
3795 51
3800 51
3805 51
3810 51
3815 50
3820 50
3825 50
3830 50
3835 50
3840 50
3845 50
3850 50
3855 50
3860 49
3865 49
3870 49
3875 49
3880 49
3885 49
3890 36
3895 36
3900 36
3905 36
3910 36
3915 36
3920 36
3925 36
3930 36
3935 36
3940 36
3945 36
3950 36
3955 36
3960 36
3965 36
3970 36
3975 36
3980 36
3985 36
3990 36
3995 36
4000 36
4005 36
4010 36
4015 36
4020 36
4025 36
4030 35
4035 35
4040 35
4045 35
4050 35
4055 34
4060 34
4065 34
4070 34
4075 34
4080 34
4085 34
4090 34
4095 34
4100 34
4105 34
4110 34
4115 34
4120 34
4125 34
4130 34
4135 34
4140 34
4145 34
4150 34
4155 34
4160 22
4165 22
4170 22
4175 17
4180 17
4185 17
4190 17
4195 17
4200 17
4205 17
4210 17
4215 17
4220 17
4225 17
4230 17
4235 17
4240 17
4245 17
4250 17
4255 16
4260 16
4265 16
4270 16
4275 16
4280 16
4285 15
4290 15
4295 15
4300 15
4305 15
4310 15
4315 15
4320 15
4325 15
4330 15
4335 15
4340 15
4345 15
4350 15
4355 15
4360 15
4365 15
4370 15
4375 15
4380 15
4385 15
4390 15
4395 15
4400 15
4405 15
4410 15
4415 15
4420 15
4425 15
4430 15
4435 15
4440 15
4445 15
4450 15
4455 15
4460 15
4465 15
4470 15
4475 15
4480 15
4485 15
4490 15
4495 15
4500 15
4505 15
4510 15
4515 15
4520 15
4525 15
4530 15
4535 15
4540 15
4545 15
4550 15
4555 15
4560 15
4565 15
4570 15
4575 15
4580 15
4585 15
4590 15
4595 15
4600 15
4605 15
4610 15
4615 15
4620 15
4625 15
4630 15
4635 15
4640 15
4645 15
4650 15
4655 15
4660 15
4665 15
4670 15
4675 15
4680 15
4685 15
4690 15
4695 15
4700 15
4705 15
4710 15
4715 15
4720 15
4725 15
4730 15
4735 15
4740 15
4745 15
4750 13
4755 13
4760 13
4765 13
4770 13
4775 13
4780 13
4785 13
4790 13
4795 13
4800 13
4805 13
4810 13
4815 13
4820 13
4825 13
4830 13
4835 13
4840 13
4845 13
4850 13
4855 13
4860 12
4865 12
4870 12
4875 12
4880 12
4885 10
4890 10
4895 10
4900 10
4905 10
4910 10
4915 10
4920 10
4925 10
4930 10
4935 10
4940 10
4945 9
4950 9
4955 9
4960 9
4965 9
4970 9
4975 8
4980 8
4985 7
4990 7
4995 7
5000 7
5005 7
5010 7
5015 7
5020 7
5025 7
5030 7
5035 7
5040 7
5045 7
5050 7
5055 7
5060 7
5065 7
5070 7
5075 7
5080 7
5085 7
5090 7
5095 7
5100 7
5105 7
5110 7
5115 7
5120 7
5125 7
5130 7
5135 7
5140 7
5145 7
5150 7
5155 7
5160 7
5165 7
5170 7
5175 7
5180 7
5185 7
5190 7
5195 7
5200 7
5205 7
5210 7
5215 7
5220 7
5225 7
5230 7
5235 7
5240 7
5245 7
5250 7
5255 7
5260 7
5265 7
5270 7
5275 7
5280 7
5285 7
5290 7
5295 7
5300 7
5305 7
5310 7
5315 7
5320 7
5325 7
5330 7
5335 7
5340 7
5345 7
5350 7
5355 7
5360 7
5365 7
5370 7
5375 7
5380 7
5385 7
5390 7
5395 7
5400 7
5405 7
5410 7
5415 7
5420 7
5425 7
5430 7
5435 7
5440 7
5445 7
5450 7
5455 7
5460 7
5465 7
5470 7
5475 7
5480 7
5485 7
5490 7
5495 7
5500 7
5505 6
5510 6
5515 6
5520 6
5525 6
5530 6
5535 6
5540 6
5545 6
5550 5
5555 5
5560 5
5565 5
5570 5
5575 5
5580 5
5585 5
5590 5
5595 5
5600 5
5605 5
5610 5
5615 5
5620 5
5625 5
5630 5
5635 5
5640 5
5645 5
5650 5
5655 5
5660 5
5665 5
5670 5
5675 4
5680 4
5685 4
5690 4
5695 4
5700 4
5705 4
5710 4
5715 4
5720 4
5725 4
5730 4
5735 4
5740 4
5745 4
5750 4
5755 4
5760 4
5765 4
5770 4
5775 4
5780 4
5785 4
5790 4
5795 4
5800 4
5805 4
5810 4
5815 4
5820 4
5825 4
5830 4
5835 4
5840 4
5845 4
5850 4
5855 4
5860 4
5865 4
5870 4
5875 4
5880 4
5885 4
5890 4
5895 4
5900 4
5905 4
5910 4
5915 4
5920 4
5925 4
5930 4
5935 4
5940 4
5945 4
5950 4
5955 4
5960 4
5965 4
5970 4
5975 4
5980 4
5985 4
5990 4
5995 4
6000 4
6005 4
6010 4
6015 4
6020 4
6025 4
6030 4
6035 4
6040 4
6045 3
6050 3
6055 2
6060 2
6065 2
6070 2
6075 2
6080 2
6085 2
6090 2
6095 2
6100 2
6105 2
6110 2
6115 2
6120 2
6125 2
6130 2
6135 2
6140 2
6145 2
6150 2
6155 2
6160 2
6165 1
