0 5066
5 5059
10 5053
15 5047
20 5038
25 5032
30 5023
35 5015
40 5008
45 5002
50 4991
55 4986
60 4979
65 4974
70 4916
75 4784
80 4778
85 4772
90 4766
95 4757
100 4751
105 4751
110 4751
115 4751
120 4751
125 4751
130 4751
135 4751
140 4751
145 4751
150 4751
155 4750
160 4645
165 4645
170 4645
175 4645
180 4645
185 4645
190 4645
195 4645
200 4645
205 4643
210 4637
215 4628
220 4586
225 4581
230 4574
235 4569
240 4563
245 4558
250 4551
255 4547
260 4542
265 4536
270 4528
275 4522
280 4507
285 4497
290 4485
295 4476
300 4471
305 4430
310 4430
315 4430
320 4368
325 4353
330 4347
335 4340
340 4333
345 4320
350 4319
355 4319
360 4319
365 4317
370 4310
375 4279
380 4275
385 4271
390 4235
395 4225
400 4225
405 4219
410 4187
415 4182
420 4170
425 4163
430 4153
435 4134
440 4128
445 4123
450 4117
455 4110
460 4110
465 4110
470 4110
475 4110
480 4109
485 4099
490 4088
495 4087
500 4083
505 4078
510 4070
515 4065
520 4059
525 4046
530 4030
535 4024
540 4016
545 4011
550 3695
555 3695
560 3695
565 3695
570 3695
575 3695
580 3695
585 3695
590 3695
595 3695
600 3694
605 3688
610 3683
615 3678
620 3673
625 3670
630 3670
635 3670
640 3670
645 3670
650 3670
655 3670
660 3670
665 3670
670 3670
675 3670
680 3632
685 3632
690 3632
695 3627
700 3622
705 3612
710 3591
715 3583
720 3578
725 3573
730 3568
735 3562
740 3557
745 3552
750 3547
755 3531
760 3525
765 3519
770 3507
775 3502
780 3496
785 3491
790 3482
795 3476
800 3456
805 3450
810 3441
815 3434
820 3061
825 3061
830 3060
835 3037
840 3037
845 3031
850 3023
855 3016
860 3001
865 2994
870 2976
875 2976
880 2976
885 2976
890 2976
895 2976
900 2976
905 2972
910 2966
915 2961
920 2956
925 2951
930 2945
935 2936
940 2931
945 2907
950 2907
955 2905
960 2899
965 2884
970 2874
975 2866
980 2860
985 2850
990 2844
995 2838
1000 2816
1005 2816
1010 2810
1015 2800
1020 2793
1025 2786
1030 2774
1035 2761
1040 2754
1045 2748
1050 2710
1055 2700
1060 2695
1065 2679
1070 2668
1075 2665
1080 2652
1085 2646
1090 2642
1095 2628
1100 2579
1105 2579
1110 2566
1115 2546
1120 2546
1125 2509
1130 2509
1135 2509
1140 2509
1145 2496
1150 2475
1155 2475
1160 2475
1165 2437
1170 2437
1175 2437
1180 2437
1185 2437
1190 2437
1195 2437
1200 2437
1205 2437
1210 2437
1215 2437
1220 2437
1225 2437
1230 2437
1235 2437
1240 2437
1245 2437
1250 2437
1255 2437
1260 2437
1265 2437
1270 2437
1275 2437
1280 2437
1285 2431
1290 2426
1295 2410
1300 2410
1305 2410
1310 2410
1315 2410
1320 2410
1325 2410
1330 2410
1335 2409
1340 2403
1345 2397
1350 2374
1355 2371
1360 2365
1365 2359
1370 2350
1375 2343
1380 2335
1385 2324
1390 2318
1395 2312
1400 2305
1405 2302
1410 2294
1415 2288
1420 2281
1425 2273
1430 2268
1435 2253
1440 2181
1445 2172
1450 2167
1455 2162
1460 2152
1465 2132
1470 2126
1475 2121
1480 2116
1485 2107
1490 2106
1495 2098
1500 2086
1505 2071
1510 2071
1515 2066
1520 2061
1525 2053
1530 2047
1535 2034
1540 2023
1545 2015
1550 1936
1555 1932
1560 1920
1565 1909
1570 1905
1575 1895
1580 1774
1585 1774
1590 1774
1595 1774
1600 1774
1605 1774
1610 1774
1615 1774
1620 1774
1625 1769
1630 1761
1635 1748
1640 1741
1645 1728
1650 1689
1655 1689
1660 1689
1665 1689
1670 1689
1675 1689
1680 1687
1685 1651
1690 1645
1695 1639
1700 1632
1705 1615
1710 1614
1715 1614
1720 1614
1725 1614
1730 1614
1735 1614
1740 1603
1745 1596
1750 1586
1755 1577
1760 1569
1765 1559
1770 1554
1775 1519
1780 1514
1785 1501
1790 1494
1795 1483
1800 1480
1805 1461
1810 1456
1815 1449
1820 1442
1825 1432
1830 1384
1835 1384
1840 1384
1845 1380
1850 1378
1855 1374
1860 1374
1865 1374
1870 1371
1875 1365
1880 1359
1885 1350
1890 1338
1895 1328
1900 1327
1905 1321
1910 1312
1915 1302
1920 1280
1925 1280
1930 1280
1935 1280
1940 1280
1945 1280
1950 1280
1955 1280
1960 1280
1965 1280
1970 1280
1975 1280
1980 1280
1985 1280
1990 1280
1995 1280
2000 1280
2005 1280
2010 1279
2015 1260
2020 1067
2025 1067
2030 1067
2035 1060
2040 1047
2045 1029
2050 1029
2055 1026
2060 1019
2065 1002
2070 998
2075 998
2080 983
2085 978
2090 975
2095 970
2100 961
2105 955
2110 949
2115 939
2120 931
2125 923
2130 917
2135 903
2140 889
2145 878
2150 871
2155 864
2160 853
2165 832
2170 822
2175 822
2180 816
2185 807
2190 793
2195 786
2200 778
2205 753
2210 731
2215 717
2220 687
2225 682
2230 674
2235 668
2240 662
2245 654
2250 646
2255 636
2260 625
2265 620
2270 620
2275 616
2280 613
2285 600
2290 581
2295 580
2300 574
2305 559
2310 559
2315 559
2320 559
2325 559
2330 559
2335 559
2340 559
2345 559
2350 559
2355 559
2360 559
2365 559
2370 559
2375 559
2380 559
2385 559
2390 559
2395 559
2400 559
2405 559
2410 559
2415 559
2420 559
2425 559
2430 559
2435 544
2440 539
2445 532
2450 471
2455 464
2460 246
2465 246
2470 246
2475 246
2480 242
2485 242
2490 242
2495 242
2500 242
2505 242
2510 242
2515 236
2520 220
2525 214
2530 214
2535 214
2540 214
2545 214
2550 214
2555 214
2560 196
2565 175
2570 175
2575 175
2580 175
2585 174
2590 174
2595 174
2600 174
2605 174
2610 174
2615 174
2620 173
2625 173
2630 173
2635 173
2640 173
2645 173
2650 173
2655 173
2660 173
2665 173
2670 173
2675 173
2680 173
2685 173
2690 173
2695 173
2700 173
2705 173
2710 173
2715 173
2720 173
2725 173
2730 173
2735 173
2740 173
2745 170
2750 165
2755 155
2760 150
2765 135
2770 109
2775 109
2780 109
2785 109
2790 107
2795 107
2800 107
2805 103
2810 103
2815 103
2820 103
2825 103
2830 103
2835 103
2840 103
2845 103
2850 103
2855 103
2860 103
2865 103
2870 103
2875 103
2880 103
2885 103
2890 103
2895 103
2900 103
2905 102
2910 102
2915 102
2920 102
2925 97
2930 95
2935 95
2940 95
2945 95
2950 95
2955 95
2960 95
2965 95
2970 95
2975 95
2980 95
2985 95
2990 95
2995 95
3000 95
3005 95
3010 95
3015 95
3020 94
3025 94
3030 94
3035 94
3040 94
3045 94
3050 91
3055 91
3060 73
3065 69
3070 49
3075 31
3080 31
3085 31
3090 31
3095 31
3100 31
3105 31
3110 31
3115 31
3120 31
3125 31
3130 31
3135 31
3140 30
3145 28
3150 28
3155 27
3160 27
3165 24
3170 24
3175 24
3180 24
3185 24
3190 24
3195 24
3200 24
3205 23
3210 23
3215 23
3220 23
3225 23
3230 23
3235 23
3240 23
3245 23
3250 23
3255 23
3260 23
3265 23
3270 23
3275 23
3280 23
3285 15
3290 15
3295 15
3300 15
3305 15
