0 5066
5 5066
10 5066
15 5062
20 5062
25 5062
30 5062
35 5062
40 5062
45 5062
50 5062
55 5062
60 5059
65 5058
70 5056
75 5056
80 5056
85 5056
90 5050
95 5050
100 5050
105 5050
110 5035
115 5032
120 5032
125 5032
130 5032
135 5030
140 5020
145 5014
150 5014
155 5008
160 5008
165 5008
170 5008
175 5008
180 5008
185 4920
190 4914
195 4914
200 4895
205 4895
210 4885
215 4884
220 4861
225 4861
230 4861
235 4861
240 4861
245 4861
250 4857
255 4857
260 4857
265 4857
270 4848
275 4848
280 4847
285 4840
290 4834
295 4834
300 4833
305 4825
310 4825
315 4806
320 4801
325 4799
330 4795
335 4641
340 4639
345 4637
350 4632
355 4632
360 4581
365 4578
370 4571
375 4571
380 4563
385 4563
390 4545
395 4542
400 4539
405 4522
410 4520
415 4515
420 4515
425 4490
430 4489
435 4485
440 4469
445 4460
450 4460
455 4449
460 4446
465 4435
470 4428
475 4422
480 4406
485 4406
490 4387
495 4387
500 4369
505 4359
510 4359
515 4354
520 4329
525 4324
530 4297
535 4288
540 4287
545 4284
550 4267
555 4265
560 4259
565 4254
570 4248
575 4243
580 4241
585 4223
590 4223
595 4211
600 4211
605 4198
610 4186
615 4186
620 4167
625 4161
630 4160
635 4156
640 4143
645 4138
650 4133
655 4130
660 4064
665 4064
670 4060
675 4047
680 4045
685 3931
690 3930
695 3921
700 3911
705 3900
710 3880
715 3859
720 3856
725 3854
730 3854
735 3842
740 3826
745 3826
750 3813
755 3813
760 3802
765 3793
770 3777
775 3515
780 3514
785 3513
790 3512
795 3489
800 3449
805 3446
810 3443
815 3436
820 3436
825 3423
830 3415
835 3401
840 3399
845 3398
850 3396
855 3392
860 3387
865 3382
870 3364
875 3358
880 3305
885 3264
890 3248
895 3246
900 3245
905 3239
910 3239
915 3236
920 3144
925 3142
930 3044
935 3039
940 3026
945 3020
950 3019
955 3017
960 2996
965 2996
970 2943
975 2940
980 2937
985 2935
990 2935
995 2927
1000 2913
1005 2906
1010 2895
1015 2894
1020 2890
1025 2186
1030 2184
1035 2172
1040 2164
1045 2159
1050 2143
1055 2136
1060 2131
1065 2128
1070 2128
1075 2128
1080 2113
1085 2113
1090 2102
1095 2099
1100 2088
1105 2083
1110 2059
1115 2056
1120 2052
1125 2052
1130 2048
1135 2046
1140 2045
1145 2044
1150 2041
1155 2039
1160 2018
1165 2017
1170 2002
1175 1995
1180 1992
1185 1985
1190 1985
1195 1985
1200 1960
1205 1957
1210 1957
1215 1953
1220 1953
1225 1953
1230 1939
1235 1923
1240 1902
1245 1900
1250 1877
1255 1873
1260 1859
1265 1858
1270 1797
1275 1797
1280 1751
1285 1735
1290 1733
1295 1723
1300 1718
1305 1717
1310 1713
1315 1712
1320 1712
1325 1708
1330 1660
1335 1658
1340 1657
1345 1657
1350 1656
1355 1620
1360 1620
1365 1617
1370 1614
1375 1582
1380 1452
1385 1451
1390 1451
1395 1451
1400 1451
1405 1450
1410 1449
1415 1449
1420 1448
1425 1448
1430 1444
1435 1444
1440 1441
1445 1441
1450 1441
1455 1439
1460 1437
1465 1434
1470 1432
1475 1432
1480 1432
1485 1427
1490 1427
1495 1421
1500 1410
1505 1409
1510 1408
1515 1395
1520 1394
1525 1352
1530 1352
1535 1352
1540 1158
1545 1158
1550 1137
1555 1137
1560 1134
1565 1133
1570 1132
1575 1132
1580 1129
1585 1128
1590 1122
1595 1122
1600 1119
1605 1108
1610 1105
1615 1105
1620 1105
1625 1091
1630 1090
1635 1090
1640 1090
1645 1088
1650 1088
1655 1088
1660 1069
1665 1067
1670 1061
1675 1057
1680 1057
1685 1051
1690 1049
1695 1049
1700 1047
1705 1047
1710 1045
1715 1044
1720 1044
1725 971
1730 971
1735 968
1740 968
1745 966
1750 952
1755 931
1760 930
1765 912
1770 905
1775 902
1780 901
1785 899
1790 878
1795 878
1800 872
1805 872
1810 872
1815 870
1820 870
1825 859
1830 818
1835 768
1840 768
1845 768
1850 768
1855 768
1860 768
1865 760
1870 760
1875 750
1880 750
1885 746
1890 746
1895 746
1900 746
1905 746
1910 745
1915 743
1920 743
1925 732
1930 732
1935 732
1940 732
1945 732
1950 731
1955 731
1960 728
1965 724
1970 685
1975 685
1980 685
1985 685
1990 685
1995 685
2000 685
2005 685
2010 685
2015 685
2020 557
2025 555
2030 555
2035 550
2040 550
2045 549
2050 537
2055 537
2060 536
2065 536
2070 536
2075 536
2080 526
2085 524
2090 524
2095 491
2100 491
2105 487
2110 487
2115 487
2120 487
2125 487
2130 487
2135 486
2140 485
2145 485
2150 485
2155 485
2160 485
2165 485
2170 485
2175 485
2180 481
2185 478
2190 460
2195 460
2200 460
2205 460
2210 457
2215 457
2220 457
2225 456
2230 456
2235 453
2240 453
2245 453
2250 453
2255 453
2260 451
2265 448
2270 440
2275 422
2280 421
2285 421
2290 421
2295 421
2300 421
2305 421
2310 421
2315 421
2320 421
2325 419
2330 419
2335 419
2340 418
2345 417
2350 416
2355 412
2360 412
2365 412
2370 412
2375 407
2380 405
2385 404
2390 398
2395 398
2400 398
2405 393
2410 393
2415 393
2420 393
2425 393
2430 393
2435 390
2440 390
2445 378
2450 378
2455 378
2460 378
2465 378
2470 374
2475 373
2480 373
2485 373
2490 373
2495 373
2500 373
2505 372
2510 371
2515 370
2520 370
2525 370
2530 369
2535 369
2540 364
2545 364
2550 363
2555 363
2560 363
2565 363
2570 363
2575 363
2580 357
2585 356
2590 356
2595 356
2600 356
2605 356
2610 356
2615 345
2620 344
2625 342
2630 342
2635 342
2640 338
2645 338
2650 338
2655 338
2660 311
2665 311
2670 311
2675 311
2680 311
2685 288
2690 288
2695 288
2700 288
2705 285
2710 284
2715 284
2720 284
2725 281
2730 281
2735 281
2740 281
2745 281
2750 272
2755 268
2760 264
2765 249
2770 249
2775 249
2780 249
2785 249
2790 248
2795 247
2800 247
2805 247
2810 247
2815 247
2820 247
2825 247
2830 247
2835 247
2840 246
2845 246
2850 243
2855 241
2860 240
2865 240
2870 240
2875 240
2880 232
2885 232
2890 230
2895 230
2900 230
2905 229
2910 226
2915 226
2920 226
2925 226
2930 224
2935 224
2940 224
2945 224
2950 224
2955 224
2960 224
2965 224
2970 223
2975 223
2980 223
2985 222
2990 222
2995 222
3000 212
3005 212
3010 209
3015 209
3020 209
3025 209
3030 209
3035 209
3040 209
3045 206
3050 206
3055 204
3060 204
3065 204
3070 203
3075 203
3080 203
3085 201
3090 200
3095 200
3100 200
3105 199
3110 199
3115 199
3120 199
3125 199
3130 199
3135 189
3140 189
3145 188
3150 186
3155 186
3160 186
3165 186
3170 186
3175 186
3180 186
3185 186
3190 186
3195 185
3200 185
3205 185
3210 185
3215 185
3220 185
3225 185
3230 185
3235 185
3240 183
3245 183
3250 183
3255 183
3260 183
3265 183
3270 183
3275 182
3280 182
3285 180
3290 180
3295 172
3300 172
3305 172
3310 172
3315 172
3320 169
3325 169
3330 169
3335 166
3340 163
3345 163
3350 163
3355 162
3360 162
3365 161
3370 159
3375 159
3380 159
3385 159
3390 159
3395 159
3400 158
3405 158
3410 158
3415 158
3420 157
3425 155
3430 155
3435 155
3440 155
3445 155
3450 155
3455 155
3460 155
3465 153
3470 153
3475 151
3480 151
3485 151
3490 151
3495 151
3500 151
3505 151
3510 151
3515 151
3520 150
3525 150
3530 150
3535 150
3540 150
3545 150
3550 150
3555 150
3560 150
3565 150
3570 150
3575 150
3580 150
3585 150
3590 150
3595 150
3600 148
3605 148
3610 148
3615 146
3620 146
3625 146
3630 146
3635 146
3640 146
3645 139
3650 139
3655 139
3660 139
3665 139
3670 139
3675 139
3680 139
3685 139
3690 139
3695 139
3700 139
3705 138
3710 138
3715 138
3720 138
3725 138
3730 138
3735 138
3740 126
3745 126
3750 126
3755 126
3760 126
3765 126
3770 126
3775 126
3780 126
3785 126
3790 126
3795 126
3800 124
3805 124
3810 123
3815 122
3820 122
3825 122
3830 122
3835 122
3840 122
3845 122
3850 122
3855 122
3860 122
3865 122
3870 122
3875 122
3880 120
3885 120
3890 120
3895 120
3900 120
3905 120
3910 120
3915 120
3920 120
3925 120
3930 120
3935 120
3940 120
3945 120
3950 120
3955 120
3960 120
3965 120
3970 114
3975 114
3980 113
3985 111
3990 111
3995 111
4000 107
4005 107
4010 107
4015 107
4020 107
4025 107
4030 105
4035 105
4040 105
4045 105
4050 102
4055 102
4060 102
4065 102
4070 102
4075 102
4080 101
4085 101
4090 101
4095 101
4100 101
4105 101
4110 101
4115 98
4120 98
4125 98
4130 98
4135 98
4140 98
4145 98
4150 97
4155 97
4160 94
4165 93
4170 93
4175 93
4180 93
4185 93
4190 93
4195 93
4200 93
4205 93
4210 93
4215 93
4220 93
4225 93
4230 93
4235 93
4240 93
4245 93
4250 93
4255 93
4260 93
4265 93
4270 93
4275 93
4280 86
4285 86
4290 86
4295 57
4300 57
4305 57
4310 57
4315 57
4320 57
4325 57
4330 57
4335 57
4340 56
4345 56
4350 54
4355 54
4360 54
4365 54
4370 53
4375 53
4380 53
4385 53
4390 51
4395 51
4400 51
4405 51
4410 51
4415 51
4420 51
4425 51
4430 51
4435 51
4440 51
4445 50
4450 50
4455 50
4460 50
4465 48
4470 48
4475 45
4480 45
4485 45
4490 45
4495 45
4500 45
4505 45
4510 45
4515 45
4520 45
4525 45
4530 45
4535 45
4540 45
4545 45
4550 45
4555 45
4560 45
4565 45
4570 24
4575 22
4580 22
4585 22
4590 22
4595 22
4600 22
4605 22
4610 22
4615 22
4620 22
4625 22
4630 22
4635 22
4640 22
4645 22
4650 22
4655 22
4660 22
4665 22
4670 22
4675 22
4680 22
4685 22
4690 22
4695 22
4700 22
4705 21
4710 21
4715 21
4720 21
4725 21
4730 21
4735 21
4740 21
4745 21
4750 21
4755 21
4760 21
4765 21
4770 21
4775 21
4780 21
4785 21
4790 21
4795 21
4800 19
4805 19
4810 19
4815 19
4820 19
4825 19
4830 19
4835 19
4840 19
4845 19
4850 19
4855 19
4860 19
4865 19
4870 19
4875 19
4880 19
4885 19
4890 19
4895 19
4900 19
4905 19
4910 19
4915 18
4920 18
4925 18
4930 18
4935 18
4940 18
4945 18
4950 18
4955 18
4960 18
4965 18
4970 18
4975 18
4980 18
4985 18
4990 18
4995 18
5000 18
5005 12
5010 12
5015 12
5020 12
5025 12
5030 12
5035 12
5040 12
5045 12
5050 12
5055 12
5060 12
5065 12
5070 12
5075 12
5080 12
5085 12
5090 12
5095 12
5100 12
5105 12
5110 11
5115 11
5120 11
5125 11
5130 11
5135 11
5140 11
5145 11
5150 11
5155 11
5160 11
5165 11
5170 11
5175 11
5180 11
5185 11
5190 11
5195 11
5200 11
5205 11
5210 11
5215 11
5220 11
5225 11
5230 11
5235 11
5240 11
5245 11
5250 11
5255 11
5260 11
5265 11
5270 11
5275 10
5280 10
5285 10
5290 10
5295 10
5300 10
5305 10
5310 10
5315 10
5320 10
5325 10
5330 10
5335 10
5340 10
5345 10
5350 10
5355 10
5360 10
5365 10
5370 10
5375 10
5380 10
5385 10
5390 10
5395 10
5400 10
5405 9
5410 9
5415 9
5420 9
5425 9
5430 9
5435 9
5440 9
5445 9
5450 9
5455 9
5460 9
5465 9
5470 6
5475 6
5480 6
5485 6
5490 6
5495 6
5500 6
5505 6
5510 6
5515 6
5520 6
5525 6
5530 6
5535 6
5540 5
5545 5
5550 5
5555 5
5560 5
5565 5
5570 5
5575 5
5580 5
5585 5
5590 5
5595 5
5600 5
5605 5
5610 5
5615 5
5620 5
5625 5
5630 5
5635 5
5640 5
5645 5
5650 5
5655 5
5660 5
5665 5
5670 5
5675 5
5680 5
5685 5
5690 5
5695 5
5700 5
5705 5
5710 5
5715 5
5720 5
5725 5
5730 5
5735 5
5740 5
5745 5
5750 5
5755 5
5760 5
5765 5
5770 5
5775 5
5780 5
5785 5
5790 5
5795 5
5800 5
5805 5
5810 5
5815 4
5820 4
5825 4
5830 4
5835 4
5840 4
5845 4
5850 4
5855 4
5860 4
5865 4
5870 4
5875 4
5880 4
5885 4
5890 4
5895 4
5900 4
5905 4
5910 4
5915 4
5920 4
5925 4
5930 3
5935 3
5940 3
5945 3
5950 3
5955 3
5960 3
5965 3
5970 3
5975 3
5980 3
5985 3
5990 3
5995 3
6000 3
6005 3
6010 3
6015 3
6020 3
6025 3
6030 3
6035 3
6040 3
6045 3
6050 3
6055 3
6060 3
6065 3
6070 3
6075 3
6080 3
6085 3
6090 3
6095 3
6100 3
6105 3
6110 3
6115 3
6120 3
6125 3
6130 3
6135 3
6140 3
6145 3
6150 3
6155 3
6160 3
6165 1
