0 5066
5 5060
10 5055
15 5048
20 5043
25 5036
30 5029
35 5023
40 5016
45 5011
50 5003
55 4996
60 4990
65 4983
70 4977
75 4972
80 4914
85 4782
90 4777
95 4772
100 4767
105 4757
110 4750
115 4750
120 4750
125 4750
130 4750
135 4750
140 4750
145 4750
150 4750
155 4750
160 4750
165 4749
170 4741
175 4711
180 4711
185 4705
190 4705
195 4705
200 4689
205 4689
210 4665
215 4642
220 4631
225 4626
230 4615
235 4615
240 4615
245 4613
250 4606
255 4591
260 4578
265 4572
270 4566
275 4560
280 4545
285 4535
290 4529
295 4522
300 4517
305 4495
310 4487
315 4482
320 4477
325 4472
330 4466
335 4460
340 4454
345 4445
350 4439
355 4430
360 4422
365 4417
370 4407
375 4386
380 4380
385 4378
390 4368
395 4352
400 4234
405 4234
410 4234
415 4232
420 4220
425 4216
430 4184
435 4163
440 4163
445 4160
450 4154
455 4117
460 4117
465 4117
470 4117
475 4117
480 4117
485 4117
490 4117
495 4111
500 4093
505 4091
510 4090
515 4085
520 4079
525 4074
530 4069
535 4061
540 4055
545 4000
550 4000
555 4000
560 3993
565 3609
570 3609
575 3609
580 3609
585 3609
590 3609
595 3609
600 3609
605 3609
610 3608
615 3603
620 3598
625 3593
630 3588
635 3587
640 3587
645 3587
650 3587
655 3587
660 3587
665 3587
670 3587
675 3587
680 3587
685 3587
690 3584
695 3584
700 3584
705 3582
710 3571
715 3566
720 3559
725 3537
730 3530
735 3524
740 3519
745 3514
750 3509
755 3504
760 3498
765 3493
770 3487
775 3478
780 3470
785 3461
790 3453
795 3448
800 3442
805 3437
810 3431
815 3424
820 3419
825 3409
830 3389
835 3382
840 3372
845 3365
850 3359
855 3353
860 3346
865 3337
870 3329
875 3321
880 3314
885 3306
890 3304
895 3304
900 3304
905 3304
910 3304
915 3304
920 3304
925 3302
930 3297
935 3292
940 3284
945 3275
950 3269
955 3262
960 3236
965 3236
970 3236
975 3229
980 3220
985 3214
990 3207
995 3200
1000 3195
1005 3168
1010 3168
1015 3164
1020 3156
1025 3149
1030 3143
1035 3134
1040 3128
1045 3114
1050 3112
1055 3106
1060 3098
1065 3083
1070 3075
1075 3050
1080 3018
1085 3018
1090 3017
1095 3010
1100 3005
1105 3000
1110 2968
1115 2968
1120 2920
1125 2920
1130 2912
1135 2894
1140 2893
1145 2856
1150 2856
1155 2856
1160 2856
1165 2856
1170 2847
1175 2841
1180 2820
1185 2820
1190 2463
1195 2463
1200 2463
1205 2463
1210 2463
1215 2463
1220 2463
1225 2463
1230 2463
1235 2463
1240 2463
1245 2463
1250 2463
1255 2463
1260 2463
1265 2463
1270 2463
1275 2463
1280 2463
1285 2463
1290 2463
1295 2463
1300 2463
1305 2463
1310 2463
1315 2463
1320 2459
1325 2454
1330 2440
1335 2440
1340 2440
1345 2440
1350 2440
1355 2440
1360 2440
1365 2440
1370 2438
1375 2432
1380 2425
1385 2417
1390 2414
1395 2408
1400 2402
1405 2396
1410 2389
1415 2379
1420 2371
1425 2365
1430 2360
1435 2341
1440 2338
1445 2330
1450 2325
1455 2315
1460 2291
1465 2270
1470 2264
1475 2257
1480 2251
1485 2245
1490 2197
1495 2197
1500 2191
1505 2187
1510 2169
1515 2167
1520 2162
1525 2155
1530 2148
1535 2142
1540 2136
1545 2127
1550 2122
1555 2116
1560 2103
1565 2098
1570 2038
1575 2028
1580 2020
1585 2012
1590 1999
1595 1996
1600 1990
1605 1979
1610 1973
1615 1964
1620 1958
1625 1952
1630 1861
1635 1861
1640 1861
1645 1861
1650 1861
1655 1861
1660 1852
1665 1840
1670 1835
1675 1828
1680 1815
1685 1809
1690 1802
1695 1796
1700 1788
1705 1772
1710 1723
1715 1717
1720 1710
1725 1683
1730 1683
1735 1683
1740 1683
1745 1683
1750 1683
1755 1683
1760 1681
1765 1673
1770 1667
1775 1658
1780 1652
1785 1644
1790 1638
1795 1633
1800 1621
1805 1616
1810 1609
1815 1603
1820 1596
1825 1589
1830 1584
1835 1549
1840 1542
1845 1528
1850 1520
1855 1470
1860 1465
1865 1465
1870 1465
1875 1465
1880 1459
1885 1457
1890 1455
1895 1455
1900 1455
1905 1451
1910 1445
1915 1442
1920 1432
1925 1427
1930 1419
1935 1406
1940 1406
1945 1395
1950 1386
1955 1278
1960 1269
1965 1269
1970 1269
1975 1269
1980 1269
1985 1269
1990 1269
1995 1269
2000 1269
2005 1269
2010 1269
2015 1269
2020 1269
2025 1269
2030 1269
2035 1269
2040 1269
2045 1269
2050 1269
2055 1260
2060 1248
2065 1240
2070 1060
2075 1056
2080 1027
2085 1025
2090 1025
2095 1016
2100 1000
2105 994
2110 993
2115 972
2120 972
2125 969
2130 962
2135 957
2140 950
2145 944
2150 935
2155 929
2160 923
2165 913
2170 902
2175 897
2180 881
2185 877
2190 868
2195 862
2200 852
2205 840
2210 840
2215 817
2220 816
2225 810
2230 797
2235 788
2240 782
2245 776
2250 754
2255 745
2260 727
2265 672
2270 656
2275 650
2280 629
2285 616
2290 611
2295 606
2300 593
2305 588
2310 588
2315 581
2320 578
2325 565
2330 557
2335 543
2340 543
2345 543
2350 543
2355 543
2360 543
2365 543
2370 543
2375 543
2380 543
2385 543
2390 543
2395 543
2400 543
2405 543
2410 543
2415 543
2420 543
2425 543
2430 543
2435 543
2440 543
2445 543
2450 543
2455 543
2460 543
2465 538
2470 532
2475 521
2480 449
2485 441
2490 441
2495 440
2500 440
2505 440
2510 440
2515 440
2520 440
2525 440
2530 440
2535 440
2540 424
2545 410
2550 404
2555 404
2560 403
2565 380
2570 351
2575 343
2580 310
2585 310
2590 294
2595 294
2600 268
2605 268
2610 268
2615 268
2620 267
2625 267
2630 267
2635 267
2640 267
2645 267
2650 267
2655 145
2660 145
2665 145
2670 145
2675 145
2680 145
2685 145
2690 145
2695 145
2700 145
2705 145
2710 145
2715 145
2720 145
2725 145
2730 145
2735 145
2740 145
2745 145
2750 145
2755 145
2760 145
2765 145
2770 145
2775 145
2780 145
2785 145
2790 145
2795 145
2800 145
2805 145
2810 145
2815 145
2820 145
2825 109
2830 109
2835 109
2840 109
2845 109
2850 108
2855 108
2860 108
2865 108
2870 108
2875 108
2880 108
2885 108
2890 106
2895 106
2900 106
2905 106
2910 106
2915 106
2920 106
2925 106
2930 106
2935 106
2940 105
2945 105
2950 105
2955 105
2960 105
2965 102
2970 102
2975 102
2980 96
2985 85
2990 85
2995 85
3000 85
3005 85
3010 85
3015 85
3020 85
3025 85
3030 85
3035 85
3040 85
3045 85
3050 85
3055 85
3060 85
3065 85
3070 85
3075 80
3080 80
3085 80
3090 80
3095 80
3100 78
3105 78
3110 63
3115 62
3120 55
3125 53
3130 37
3135 33
3140 33
3145 33
3150 33
3155 33
3160 33
3165 33
3170 33
3175 33
3180 33
3185 33
3190 32
3195 21
3200 21
3205 21
3210 21
3215 21
3220 21
3225 21
3230 21
3235 21
3240 21
3245 21
3250 21
3255 21
3260 21
3265 21
3270 21
3275 21
3280 21
3285 21
3290 21
3295 21
3300 21
3305 21
3310 21
3315 21
3320 21
3325 21
3330 21
3335 21
3340 21
3345 21
