0 5066
5 5066
10 5066
15 5066
20 5066
25 5066
30 5066
35 5066
40 5066
45 5066
50 5066
55 5066
60 5065
65 5065
70 5065
75 5030
80 5018
85 5002
90 4999
95 4999
100 4999
105 4999
110 4999
115 4993
120 4993
125 4975
130 4975
135 4975
140 4959
145 4959
150 4959
155 4952
160 4951
165 4950
170 4863
175 4863
180 4860
185 4860
190 4860
195 4860
200 4859
205 4856
210 4844
215 4840
220 4839
225 4833
230 4830
235 4830
240 4824
245 4824
250 4824
255 4823
260 4819
265 4817
270 4814
275 4814
280 4809
285 4809
290 4809
295 4808
300 4802
305 4706
310 4706
315 4706
320 4706
325 4701
330 4701
335 4685
340 4674
345 4673
350 4668
355 4668
360 4665
365 4646
370 4644
375 4644
380 4641
385 4608
390 4608
395 4607
400 4606
405 4606
410 4595
415 4595
420 4586
425 4586
430 4578
435 4565
440 4565
445 4533
450 4533
455 4519
460 4505
465 4488
470 4474
475 4462
480 4454
485 4446
490 4440
495 4423
500 4408
505 4407
510 4404
515 4398
520 4380
525 4377
530 4364
535 4322
540 4314
545 4305
550 4288
555 4257
560 4253
565 4252
570 4247
575 4245
580 4239
585 4238
590 4227
595 4206
600 4195
605 4192
610 4177
615 4177
620 4173
625 4172
630 4162
635 4159
640 4150
645 4135
650 4130
655 4078
660 4060
665 4060
670 4052
675 4041
680 4041
685 4040
690 4037
695 4034
700 4031
705 3984
710 3982
715 3968
720 3960
725 3939
730 3917
735 3913
740 3911
745 3859
750 3805
755 3795
760 3779
765 3765
770 3754
775 3739
780 3733
785 3730
790 3726
795 3719
800 3637
805 3622
810 3621
815 3620
820 3617
825 3608
830 3565
835 3561
840 3535
845 3410
850 3404
855 3368
860 3368
865 3361
870 3357
875 3355
880 3355
885 3293
890 3271
895 3261
900 3256
905 3219
910 3218
915 3108
920 3098
925 3097
930 3095
935 3074
940 3057
945 3050
950 3050
955 3026
960 3023
965 3023
970 3022
975 2990
980 2986
985 2978
990 2978
995 2974
1000 2886
1005 2879
1010 2876
1015 2873
1020 2863
1025 2852
1030 2819
1035 2816
1040 2810
1045 2802
1050 2794
1055 2783
1060 2775
1065 2774
1070 2761
1075 2757
1080 2726
1085 2725
1090 2716
1095 2705
1100 2667
1105 2661
1110 2661
1115 2659
1120 2645
1125 2645
1130 2644
1135 2643
1140 2642
1145 2640
1150 2639
1155 2637
1160 2615
1165 2600
1170 2588
1175 2587
1180 2581
1185 2562
1190 2439
1195 2425
1200 2408
1205 1613
1210 1613
1215 1610
1220 1610
1225 1610
1230 1609
1235 1608
1240 1605
1245 1605
1250 1586
1255 1570
1260 1570
1265 1555
1270 1553
1275 1553
1280 1548
1285 1548
1290 1547
1295 1547
1300 1547
1305 1544
1310 1527
1315 1524
1320 1522
1325 1521
1330 1519
1335 1516
1340 1515
1345 1494
1350 1494
1355 1494
1360 1494
1365 1493
1370 1493
1375 1483
1380 1482
1385 1479
1390 1473
1395 1473
1400 1466
1405 1462
1410 1461
1415 1458
1420 1458
1425 1458
1430 1429
1435 1429
1440 1429
1445 1429
1450 1428
1455 1425
1460 1425
1465 1424
1470 1423
1475 1413
1480 1413
1485 1412
1490 1412
1495 1412
1500 1403
1505 1399
1510 1399
1515 1396
1520 1396
1525 1393
1530 1385
1535 1385
1540 1385
1545 1379
1550 1379
1555 1374
1560 1374
1565 1368
1570 1359
1575 1359
1580 1358
1585 1349
1590 1332
1595 1332
1600 1332
1605 1332
1610 1332
1615 1327
1620 1319
1625 1318
1630 1318
1635 1306
1640 1304
1645 1304
1650 1302
1655 1293
1660 1293
1665 1245
1670 1241
1675 1211
1680 1203
1685 1201
1690 1201
1695 1199
1700 1199
1705 1190
1710 1189
1715 1187
1720 1187
1725 1183
1730 1183
1735 1180
1740 1174
1745 1174
1750 1171
1755 1168
1760 1168
1765 1165
1770 1159
1775 1159
1780 1157
1785 1143
1790 1142
1795 1098
1800 1097
1805 1097
1810 1097
1815 1095
1820 1095
1825 1085
1830 1085
1835 1084
1840 1082
1845 1082
1850 1079
1855 1079
1860 1056
1865 1056
1870 1055
1875 1054
1880 1053
1885 1053
1890 1048
1895 1048
1900 1046
1905 1045
1910 1044
1915 1043
1920 1039
1925 1037
1930 1037
1935 1037
1940 1035
1945 797
1950 797
1955 789
1960 784
1965 776
1970 776
1975 775
1980 755
1985 754
1990 752
1995 750
2000 750
2005 746
2010 737
2015 736
2020 736
2025 736
2030 736
2035 735
2040 735
2045 733
2050 701
2055 701
2060 701
2065 701
2070 693
2075 693
2080 689
2085 679
2090 679
2095 679
2100 679
2105 679
2110 679
2115 647
2120 647
2125 647
2130 647
2135 646
2140 642
2145 640
2150 617
2155 617
2160 615
2165 614
2170 611
2175 609
2180 608
2185 608
2190 595
2195 595
2200 594
2205 593
2210 593
2215 592
2220 592
2225 592
2230 592
2235 592
2240 592
2245 590
2250 585
2255 585
2260 585
2265 545
2270 543
2275 543
2280 543
2285 543
2290 536
2295 536
2300 536
2305 536
2310 536
2315 536
2320 536
2325 536
2330 536
2335 536
2340 536
2345 536
2350 534
2355 533
2360 533
2365 533
2370 532
2375 522
2380 522
2385 522
2390 460
2395 460
2400 460
2405 459
2410 458
2415 458
2420 456
2425 453
2430 453
2435 448
2440 448
2445 447
2450 447
2455 447
2460 447
2465 446
2470 445
2475 416
2480 415
2485 415
2490 415
2495 415
2500 407
2505 407
2510 407
2515 407
2520 403
2525 403
2530 403
2535 403
2540 403
2545 403
2550 383
2555 383
2560 383
2565 383
2570 383
2575 383
2580 382
2585 382
2590 382
2595 382
2600 379
2605 379
2610 365
2615 365
2620 331
2625 331
2630 331
2635 331
2640 331
2645 331
2650 331
2655 331
2660 331
2665 331
2670 331
2675 330
2680 328
2685 328
2690 328
2695 328
2700 326
2705 326
2710 326
2715 277
2720 277
2725 274
2730 273
2735 273
2740 273
2745 273
2750 273
2755 273
2760 271
2765 271
2770 268
2775 268
2780 268
2785 268
2790 268
2795 268
2800 268
2805 268
2810 268
2815 268
2820 268
2825 268
2830 268
2835 268
2840 268
2845 266
2850 266
2855 266
2860 266
2865 266
2870 266
2875 266
2880 266
2885 266
2890 266
2895 266
2900 266
2905 266
2910 266
2915 262
2920 262
2925 262
2930 262
2935 260
2940 259
2945 259
2950 257
2955 257
2960 257
2965 254
2970 254
2975 254
2980 254
2985 254
2990 254
2995 243
3000 241
3005 241
3010 239
3015 239
3020 239
3025 239
3030 239
3035 239
3040 239
3045 239
3050 239
3055 233
3060 233
3065 233
3070 233
3075 233
3080 233
3085 233
3090 233
3095 231
3100 231
3105 230
3110 230
3115 230
3120 230
3125 230
3130 230
3135 230
3140 230
3145 230
3150 230
3155 230
3160 157
3165 155
3170 155
3175 155
3180 155
3185 155
3190 155
3195 155
3200 139
3205 139
3210 139
3215 139
3220 139
3225 130
3230 130
3235 129
3240 129
3245 129
3250 129
3255 129
3260 128
3265 128
3270 128
3275 128
3280 128
3285 128
3290 128
3295 128
3300 128
3305 127
3310 127
3315 127
3320 127
3325 127
3330 127
3335 127
3340 127
3345 127
3350 127
3355 127
3360 127
3365 127
3370 127
3375 127
3380 127
3385 127
3390 127
3395 125
3400 124
3405 99
3410 99
3415 99
3420 99
3425 96
3430 96
3435 96
3440 96
3445 96
3450 96
3455 96
3460 96
3465 96
3470 96
3475 96
3480 96
3485 96
3490 96
3495 96
3500 96
3505 85
3510 85
3515 85
3520 85
3525 85
3530 85
3535 85
3540 85
3545 85
3550 85
3555 85
3560 85
3565 85
3570 85
3575 85
3580 85
3585 85
3590 85
3595 85
3600 85
3605 85
3610 85
3615 85
3620 53
3625 50
3630 50
3635 50
3640 50
3645 50
3650 50
3655 50
3660 50
3665 50
3670 50
3675 50
3680 50
3685 50
3690 50
3695 50
3700 50
3705 50
3710 50
3715 50
3720 50
3725 50
3730 50
3735 50
3740 50
3745 50
3750 50
3755 50
3760 49
3765 49
3770 49
3775 49
3780 49
3785 49
3790 49
3795 49
3800 49
3805 49
3810 49
3815 49
3820 49
3825 49
3830 49
3835 49
3840 48
3845 48
3850 45
3855 45
3860 45
3865 45
3870 45
3875 45
3880 45
3885 45
3890 45
3895 45
3900 45
3905 45
3910 45
3915 45
3920 45
3925 45
3930 45
3935 45
3940 45
3945 45
3950 45
3955 45
3960 45
3965 45
3970 45
3975 44
3980 43
3985 43
3990 43
3995 43
4000 43
4005 43
4010 43
4015 43
4020 43
4025 43
4030 43
4035 43
4040 43
4045 43
4050 43
4055 43
4060 43
4065 43
4070 43
4075 43
4080 43
4085 43
4090 43
4095 43
4100 43
4105 43
4110 43
4115 43
4120 43
4125 43
4130 43
4135 43
4140 43
4145 43
4150 43
4155 43
4160 42
4165 42
4170 42
4175 35
4180 35
4185 33
4190 33
4195 33
4200 33
4205 33
4210 33
4215 31
4220 31
4225 31
4230 31
4235 31
4240 31
4245 31
4250 31
4255 31
4260 31
4265 31
4270 31
4275 31
4280 31
4285 31
4290 31
4295 31
4300 31
4305 30
4310 30
4315 30
4320 30
4325 30
4330 30
4335 30
4340 30
4345 30
4350 30
4355 30
4360 27
4365 27
4370 27
4375 27
4380 27
4385 27
4390 27
4395 27
4400 27
4405 21
4410 21
4415 21
4420 21
4425 21
4430 21
4435 21
4440 21
4445 21
4450 21
4455 21
4460 21
4465 21
4470 21
4475 20
4480 20
4485 20
4490 20
4495 20
4500 20
4505 20
4510 20
4515 20
4520 20
4525 20
4530 20
4535 20
4540 20
4545 20
4550 20
4555 15
4560 15
4565 15
4570 15
4575 15
4580 15
4585 15
4590 15
4595 15
4600 15
4605 15
4610 15
4615 15
4620 15
4625 15
4630 15
4635 15
4640 15
4645 15
4650 15
4655 15
4660 15
4665 15
4670 14
4675 14
4680 12
4685 12
4690 12
4695 12
4700 12
4705 12
4710 12
4715 12
4720 12
4725 12
4730 12
4735 12
4740 12
4745 12
4750 12
4755 12
4760 12
4765 12
4770 12
4775 12
4780 12
4785 12
4790 12
4795 12
4800 12
4805 12
4810 12
4815 12
4820 12
4825 12
4830 12
4835 12
4840 12
4845 12
4850 12
4855 12
4860 12
4865 12
4870 12
4875 12
4880 11
4885 11
4890 11
4895 11
4900 11
4905 11
4910 11
4915 11
4920 11
4925 11
4930 11
4935 11
4940 11
4945 11
4950 11
4955 11
4960 11
4965 11
4970 11
4975 11
4980 11
4985 11
4990 11
4995 11
5000 11
5005 11
5010 11
5015 11
5020 11
5025 11
5030 11
5035 11
5040 11
5045 11
5050 11
5055 11
5060 11
5065 11
5070 11
5075 11
5080 11
5085 11
5090 11
5095 11
5100 11
5105 11
5110 11
5115 11
5120 11
5125 8
5130 8
5135 8
5140 8
5145 8
5150 8
5155 8
5160 8
5165 8
5170 8
5175 8
5180 8
5185 8
5190 8
5195 8
5200 8
5205 7
5210 7
5215 7
5220 7
5225 7
5230 7
5235 7
5240 7
5245 7
5250 7
5255 7
5260 7
5265 7
5270 7
5275 7
5280 7
5285 7
5290 7
5295 7
5300 7
5305 7
5310 7
5315 7
5320 7
5325 7
5330 7
5335 7
5340 7
5345 7
5350 7
5355 7
5360 7
5365 7
5370 7
5375 7
5380 7
5385 7
5390 7
5395 7
5400 7
5405 7
5410 7
5415 7
5420 7
5425 7
5430 7
5435 7
5440 7
5445 7
5450 7
5455 7
5460 7
5465 7
5470 7
5475 7
5480 7
5485 7
5490 7
5495 7
5500 7
5505 7
5510 7
5515 7
5520 6
5525 6
5530 6
5535 6
5540 6
5545 5
5550 5
5555 5
5560 5
5565 5
5570 5
5575 5
5580 5
5585 5
5590 5
5595 5
5600 5
5605 5
5610 5
5615 5
5620 5
5625 5
5630 5
5635 5
5640 5
5645 5
5650 5
5655 5
5660 5
5665 5
5670 5
5675 5
5680 5
5685 5
5690 5
5695 5
5700 5
5705 5
5710 5
5715 5
5720 5
5725 5
5730 5
5735 5
5740 5
5745 5
5750 5
5755 5
5760 5
5765 5
5770 5
5775 5
5780 5
5785 5
5790 5
5795 5
5800 5
5805 5
5810 5
5815 5
5820 5
5825 5
5830 5
5835 5
5840 5
5845 5
5850 5
5855 5
5860 5
5865 5
5870 5
5875 5
5880 5
5885 5
5890 5
5895 5
5900 5
5905 5
5910 5
5915 5
5920 5
5925 5
5930 4
5935 4
5940 3
5945 3
5950 3
5955 3
5960 3
5965 3
5970 3
5975 3
5980 3
5985 3
5990 3
5995 3
6000 3
6005 3
6010 3
6015 3
6020 3
6025 3
6030 3
6035 3
6040 3
6045 3
6050 3
6055 3
6060 3
6065 3
6070 3
6075 3
6080 3
6085 3
6090 3
6095 2
6100 2
6105 2
6110 2
6115 2
6120 2
6125 2
6130 2
6135 2
6140 2
6145 2
6150 2
6155 2
6160 2
6165 1
