0 5066
5 5066
10 5066
15 5066
20 5066
25 5066
30 5066
35 5064
40 5064
45 5064
50 5060
55 5060
60 5054
65 5054
70 5054
75 5054
80 5053
85 5053
90 5053
95 5053
100 5051
105 5051
110 5051
115 5040
120 5040
125 5040
130 5040
135 5040
140 5040
145 5030
150 5026
155 5026
160 5023
165 5023
170 5023
175 5004
180 4994
185 4982
190 4982
195 4982
200 4982
205 4943
210 4943
215 4935
220 4921
225 4919
230 4905
235 4896
240 4892
245 4670
250 4667
255 4667
260 4662
265 4630
270 4627
275 4616
280 4603
285 4590
290 4589
295 4583
300 4580
305 4571
310 4570
315 4569
320 4554
325 4554
330 4554
335 4554
340 4554
345 4545
350 4545
355 4541
360 4540
365 4540
370 4535
375 4521
380 4521
385 4521
390 4496
395 4494
400 4494
405 4475
410 4475
415 4468
420 4460
425 4458
430 4456
435 4448
440 4433
445 4424
450 4424
455 4422
460 4422
465 4390
470 4390
475 4385
480 4376
485 4374
490 4370
495 4370
500 4368
505 4362
510 4361
515 4361
520 4361
525 4360
530 4358
535 4354
540 4352
545 4349
550 4349
555 4343
560 4337
565 4337
570 4325
575 4321
580 4288
585 4285
590 4282
595 4275
600 4273
605 4273
610 4254
615 4248
620 4243
625 4240
630 4223
635 4208
640 4204
645 4109
650 4109
655 4095
660 4082
665 4082
670 4036
675 4032
680 4019
685 3989
690 3967
695 3958
700 3953
705 3906
710 3906
715 3902
720 3895
725 3893
730 3889
735 3885
740 3875
745 3875
750 3868
755 3868
760 3867
765 3865
770 3851
775 3614
780 3611
785 3528
790 3528
795 3510
800 3509
805 3494
810 3481
815 3477
820 3476
825 3472
830 3468
835 3323
840 3292
845 3288
850 3245
855 3224
860 3224
865 3223
870 3220
875 3178
880 3171
885 3170
890 3158
895 3136
900 3128
905 3128
910 3128
915 3089
920 3076
925 3070
930 3062
935 3054
940 3048
945 3039
950 3027
955 3023
960 3022
965 3019
970 2988
975 2969
980 2959
985 2956
990 2948
995 2945
1000 2942
1005 2928
1010 2928
1015 2924
1020 2922
1025 2913
1030 2857
1035 2844
1040 2843
1045 2843
1050 2830
1055 2830
1060 2784
1065 2781
1070 2781
1075 2776
1080 2758
1085 2745
1090 2733
1095 2721
1100 2719
1105 2710
1110 2696
1115 2690
1120 2687
1125 2680
1130 2677
1135 2676
1140 2671
1145 2664
1150 2650
1155 2625
1160 2618
1165 2618
1170 2600
1175 2596
1180 2435
1185 2413
1190 2403
1195 2389
1200 2388
1205 2374
1210 2325
1215 2245
1220 2239
1225 2237
1230 2232
1235 2232
1240 2229
1245 2163
1250 2163
1255 2160
1260 2102
1265 2075
1270 2074
1275 2074
1280 2045
1285 2044
1290 1886
1295 1869
1300 1868
1305 1861
1310 1859
1315 1854
1320 1854
1325 1852
1330 1851
1335 1829
1340 1826
1345 1822
1350 1819
1355 1819
1360 1819
1365 1819
1370 1817
1375 1792
1380 1792
1385 1792
1390 1789
1395 1789
1400 1784
1405 1784
1410 1784
1415 1784
1420 1783
1425 1780
1430 1773
1435 1768
1440 1762
1445 1760
1450 1743
1455 1663
1460 1658
1465 1658
1470 1635
1475 1631
1480 1618
1485 1613
1490 1605
1495 1605
1500 1595
1505 1593
1510 1593
1515 1592
1520 1592
1525 1567
1530 1567
1535 1564
1540 1564
1545 1564
1550 1564
1555 1557
1560 1557
1565 1557
1570 1541
1575 1539
1580 1504
1585 1504
1590 1503
1595 1467
1600 1467
1605 1463
1610 1462
1615 1455
1620 1453
1625 1446
1630 1441
1635 1427
1640 1365
1645 1336
1650 1334
1655 1334
1660 1334
1665 1332
1670 1332
1675 1290
1680 1282
1685 1281
1690 1281
1695 1262
1700 1138
1705 1138
1710 1137
1715 1137
1720 1095
1725 1093
1730 1093
1735 1009
1740 1001
1745 993
1750 990
1755 978
1760 971
1765 897
1770 895
1775 893
1780 893
1785 865
1790 836
1795 833
1800 825
1805 825
1810 825
1815 825
1820 824
1825 821
1830 818
1835 814
1840 812
1845 804
1850 804
1855 802
1860 799
1865 799
1870 799
1875 798
1880 798
1885 798
1890 797
1895 797
1900 752
1905 724
1910 723
1915 723
1920 722
1925 722
1930 716
1935 716
1940 716
1945 716
1950 715
1955 715
1960 715
1965 715
1970 715
1975 709
1980 708
1985 707
1990 707
1995 707
2000 707
2005 703
2010 702
2015 701
2020 701
2025 699
2030 698
2035 696
2040 696
2045 694
2050 694
2055 693
2060 692
2065 691
2070 688
2075 688
2080 683
2085 683
2090 683
2095 683
2100 682
2105 682
2110 682
2115 682
2120 682
2125 682
2130 681
2135 647
2140 647
2145 647
2150 647
2155 647
2160 647
2165 647
2170 630
2175 630
2180 628
2185 626
2190 610
2195 607
2200 601
2205 601
2210 601
2215 601
2220 601
2225 601
2230 601
2235 600
2240 582
2245 565
2250 565
2255 565
2260 534
2265 534
2270 529
2275 526
2280 526
2285 526
2290 526
2295 526
2300 526
2305 524
2310 524
2315 524
2320 524
2325 524
2330 524
2335 523
2340 523
2345 522
2350 520
2355 508
2360 508
2365 505
2370 505
2375 505
2380 504
2385 504
2390 500
2395 500
2400 500
2405 500
2410 500
2415 497
2420 497
2425 497
2430 497
2435 497
2440 497
2445 496
2450 496
2455 496
2460 496
2465 495
2470 495
2475 490
2480 490
2485 490
2490 487
2495 409
2500 409
2505 402
2510 402
2515 402
2520 398
2525 369
2530 369
2535 369
2540 368
2545 368
2550 368
2555 368
2560 368
2565 367
2570 367
2575 366
2580 364
2585 364
2590 360
2595 356
2600 356
2605 356
2610 356
2615 356
2620 356
2625 356
2630 356
2635 356
2640 356
2645 354
2650 354
2655 353
2660 353
2665 353
2670 353
2675 353
2680 328
2685 328
2690 328
2695 327
2700 327
2705 327
2710 324
2715 324
2720 322
2725 322
2730 321
2735 321
2740 320
2745 312
2750 312
2755 310
2760 307
2765 307
2770 306
2775 267
2780 267
2785 267
2790 267
2795 267
2800 266
2805 266
2810 262
2815 262
2820 262
2825 253
2830 253
2835 253
2840 253
2845 253
2850 253
2855 251
2860 251
2865 251
2870 251
2875 249
2880 249
2885 246
2890 246
2895 246
2900 246
2905 210
2910 210
2915 210
2920 210
2925 203
2930 203
2935 189
2940 189
2945 189
2950 186
2955 186
2960 185
2965 185
2970 185
2975 185
2980 185
2985 185
2990 185
2995 180
3000 180
3005 180
3010 180
3015 180
3020 180
3025 177
3030 177
3035 177
3040 177
3045 177
3050 177
3055 177
3060 177
3065 174
3070 168
3075 167
3080 167
3085 167
3090 167
3095 167
3100 165
3105 165
3110 165
3115 165
3120 165
3125 160
3130 160
3135 160
3140 160
3145 159
3150 159
3155 154
3160 154
3165 154
3170 154
3175 154
3180 153
3185 153
3190 153
3195 116
3200 116
3205 116
3210 115
3215 112
3220 111
3225 111
3230 111
3235 111
3240 111
3245 111
3250 107
3255 107
3260 107
3265 107
3270 107
3275 107
3280 103
3285 103
3290 103
3295 103
3300 103
3305 103
3310 103
3315 100
3320 100
3325 100
3330 99
3335 93
3340 93
3345 93
3350 93
3355 93
3360 93
3365 93
3370 93
3375 93
3380 93
3385 93
3390 93
3395 93
3400 93
3405 93
3410 92
3415 92
3420 92
3425 92
3430 92
3435 92
3440 92
3445 92
3450 90
3455 89
3460 89
3465 87
3470 87
3475 87
3480 86
3485 86
3490 86
3495 86
3500 85
3505 85
3510 85
3515 85
3520 85
3525 85
3530 85
3535 85
3540 85
3545 84
3550 84
3555 84
3560 84
3565 84
3570 84
3575 83
3580 83
3585 83
3590 83
3595 83
3600 82
3605 82
3610 81
3615 81
3620 81
3625 81
3630 81
3635 81
3640 81
3645 81
3650 81
3655 76
3660 76
3665 76
3670 76
3675 76
3680 76
3685 76
3690 76
3695 76
3700 76
3705 76
3710 76
3715 76
3720 76
3725 76
3730 76
3735 76
3740 76
3745 76
3750 76
3755 76
3760 74
3765 74
3770 74
3775 70
3780 70
3785 70
3790 70
3795 70
3800 70
3805 70
3810 70
3815 70
3820 70
3825 70
3830 69
3835 69
3840 69
3845 45
3850 45
3855 45
3860 45
3865 45
3870 45
3875 43
3880 43
3885 43
3890 43
3895 43
3900 43
3905 43
3910 43
3915 43
3920 43
3925 43
3930 43
3935 43
3940 43
3945 43
3950 43
3955 41
3960 41
3965 41
3970 41
3975 41
3980 41
3985 41
3990 41
3995 41
4000 41
4005 41
4010 41
4015 41
4020 40
4025 40
4030 40
4035 40
4040 40
4045 40
4050 40
4055 40
4060 40
4065 40
4070 40
4075 40
4080 40
4085 40
4090 40
4095 40
4100 40
4105 40
4110 40
4115 40
4120 40
4125 40
4130 40
4135 40
4140 40
4145 40
4150 40
4155 40
4160 40
4165 37
4170 37
4175 37
4180 37
4185 37
4190 36
4195 36
4200 25
4205 25
4210 25
4215 25
4220 25
4225 25
4230 25
4235 25
4240 25
4245 25
4250 25
4255 25
4260 25
4265 25
4270 25
4275 25
4280 25
4285 25
4290 25
4295 25
4300 25
4305 25
4310 25
4315 22
4320 22
4325 22
4330 22
4335 22
4340 22
4345 22
4350 22
4355 22
4360 22
4365 22
4370 22
4375 22
4380 22
4385 22
4390 22
4395 22
4400 22
4405 22
4410 22
4415 18
4420 18
4425 18
4430 18
4435 18
4440 18
4445 18
4450 16
4455 16
4460 16
4465 16
4470 16
4475 16
4480 16
4485 16
4490 16
4495 16
4500 16
4505 16
4510 16
4515 16
4520 16
4525 16
4530 16
4535 16
4540 16
4545 16
4550 16
4555 16
4560 16
4565 16
4570 16
4575 16
4580 15
4585 15
4590 15
4595 15
4600 15
4605 15
4610 15
4615 15
4620 15
4625 15
4630 15
4635 15
4640 15
4645 15
4650 15
4655 15
4660 15
4665 15
4670 15
4675 15
4680 15
4685 15
4690 15
4695 15
4700 15
4705 15
4710 15
4715 15
4720 15
4725 15
4730 15
4735 15
4740 12
4745 12
4750 12
4755 12
4760 12
4765 12
4770 12
4775 12
4780 12
4785 12
4790 12
4795 12
4800 12
4805 12
4810 12
4815 12
4820 12
4825 12
4830 12
4835 12
4840 12
4845 12
4850 12
4855 12
4860 12
4865 12
4870 12
4875 12
4880 12
4885 12
4890 12
4895 12
4900 12
4905 12
4910 12
4915 12
4920 12
4925 12
4930 12
4935 12
4940 12
4945 12
4950 12
4955 12
4960 12
4965 12
4970 12
4975 8
4980 8
4985 8
4990 8
4995 8
5000 8
5005 8
5010 8
5015 8
5020 8
5025 8
5030 8
5035 8
5040 8
5045 8
5050 8
5055 8
5060 8
5065 8
5070 8
5075 8
5080 8
5085 8
5090 8
5095 8
5100 8
5105 7
5110 7
5115 7
5120 7
5125 7
5130 7
5135 7
5140 7
5145 7
5150 7
5155 7
5160 7
5165 7
5170 7
5175 7
5180 7
5185 7
5190 7
5195 7
5200 7
5205 7
5210 7
5215 7
5220 7
5225 7
5230 7
5235 7
5240 7
5245 7
5250 7
5255 7
5260 7
5265 7
5270 7
5275 7
5280 7
5285 7
5290 7
5295 7
5300 7
5305 7
5310 7
5315 7
5320 7
5325 6
5330 6
5335 6
5340 6
5345 6
5350 6
5355 6
5360 6
5365 6
5370 6
5375 6
5380 6
5385 6
5390 5
5395 5
5400 5
5405 5
5410 5
5415 5
5420 5
5425 5
5430 5
5435 5
5440 5
5445 5
5450 5
5455 5
5460 5
5465 5
5470 5
5475 5
5480 5
5485 5
5490 5
5495 5
5500 5
5505 5
5510 5
5515 5
5520 5
5525 5
5530 5
5535 5
5540 5
5545 5
5550 5
5555 5
5560 5
5565 5
5570 5
5575 5
5580 5
5585 5
5590 5
5595 5
5600 5
5605 5
5610 5
5615 5
5620 5
5625 5
5630 5
5635 5
5640 5
5645 5
5650 5
5655 5
5660 5
5665 5
5670 5
5675 4
5680 4
5685 4
5690 4
5695 4
5700 4
5705 4
5710 4
5715 4
5720 4
5725 4
5730 4
5735 4
5740 4
5745 4
5750 4
5755 4
5760 4
5765 4
5770 4
5775 4
5780 4
5785 4
5790 4
5795 4
5800 4
5805 4
5810 4
5815 4
5820 4
5825 4
5830 4
5835 4
5840 4
5845 4
5850 4
5855 4
5860 4
5865 4
5870 4
5875 4
5880 4
5885 4
5890 4
5895 4
5900 4
5905 4
5910 4
5915 4
5920 4
5925 3
5930 3
5935 3
5940 3
5945 3
5950 3
5955 3
5960 3
5965 3
5970 3
5975 3
5980 3
5985 3
5990 3
5995 3
6000 3
6005 3
6010 3
6015 3
6020 3
6025 3
6030 3
6035 3
6040 3
6045 3
6050 3
6055 3
6060 3
6065 3
6070 3
6075 3
6080 3
6085 3
6090 3
6095 3
6100 3
6105 3
6110 3
6115 3
6120 3
6125 3
6130 3
6135 3
6140 3
6145 2
6150 2
6155 2
6160 2
6165 1
