0 5066
5 5066
10 5066
15 5066
20 5066
25 5066
30 5066
35 5066
40 5066
45 5060
50 5046
55 5039
60 5026
65 5024
70 5024
75 5024
80 5024
85 5024
90 5024
95 4796
100 4790
105 4768
110 4768
115 4768
120 4754
125 4754
130 4751
135 4751
140 4745
145 4743
150 4735
155 4735
160 4735
165 4721
170 4721
175 4712
180 4712
185 4707
190 4707
195 4707
200 4702
205 4689
210 4687
215 4686
220 4652
225 4652
230 4652
235 4652
240 4651
245 4650
250 4650
255 4650
260 4649
265 4649
270 4649
275 4649
280 4649
285 4642
290 4639
295 4639
300 4629
305 4612
310 4612
315 4612
320 4596
325 4595
330 4593
335 4592
340 4592
345 4590
350 4582
355 4582
360 4576
365 4569
370 4557
375 4542
380 4540
385 4535
390 4529
395 4529
400 4525
405 4525
410 4520
415 4515
420 4512
425 4512
430 4512
435 4508
440 4497
445 4486
450 4486
455 4485
460 4473
465 4471
470 4466
475 4464
480 4455
485 4455
490 4450
495 4449
500 4443
505 4412
510 4412
515 4412
520 4408
525 4405
530 4399
535 4385
540 4372
545 4370
550 4369
555 2764
560 2758
565 2756
570 2756
575 2755
580 2754
585 2739
590 2719
595 2719
600 2713
605 2713
610 2713
615 2713
620 2712
625 2711
630 2707
635 2703
640 2699
645 2699
650 2693
655 2682
660 2682
665 2678
670 2677
675 2677
680 2677
685 2677
690 2645
695 2629
700 2617
705 2610
710 2588
715 2588
720 2587
725 2578
730 2490
735 2490
740 2490
745 2477
750 2461
755 2431
760 2423
765 2423
770 2422
775 2422
780 2412
785 2412
790 2410
795 2402
800 2401
805 2399
810 2397
815 2379
820 2363
825 2362
830 2355
835 2344
840 2301
845 2295
850 2283
855 2283
860 2246
865 2244
870 2243
875 2243
880 2239
885 2234
890 2226
895 2226
900 2199
905 2199
910 2162
915 2134
920 1938
925 1938
930 1934
935 1933
940 1930
945 1930
950 1929
955 1929
960 1924
965 1917
970 1917
975 1909
980 1906
985 1901
990 1901
995 1892
1000 1871
1005 1855
1010 1854
1015 1854
1020 1824
1025 1780
1030 1759
1035 1753
1040 1753
1045 1753
1050 1753
1055 1753
1060 1748
1065 1748
1070 1747
1075 1747
1080 1747
1085 1747
1090 1747
1095 1737
1100 1732
1105 1730
1110 1730
1115 1730
1120 1728
1125 1728
1130 1725
1135 1725
1140 1718
1145 1718
1150 1716
1155 1716
1160 1716
1165 1716
1170 1716
1175 1716
1180 1716
1185 1716
1190 1711
1195 1706
1200 1705
1205 1700
1210 1697
1215 1696
1220 1696
1225 1695
1230 1695
1235 1695
1240 1658
1245 1636
1250 1634
1255 1634
1260 1626
1265 1619
1270 1617
1275 1616
1280 1607
1285 1596
1290 1587
1295 1578
1300 1576
1305 1573
1310 1572
1315 1565
1320 1553
1325 1545
1330 1545
1335 1542
1340 1542
1345 1541
1350 1526
1355 1525
1360 1524
1365 1523
1370 1523
1375 1486
1380 1486
1385 1480
1390 1474
1395 1466
1400 1426
1405 1422
1410 1421
1415 1413
1420 1408
1425 1408
1430 1408
1435 1407
1440 1398
1445 1398
1450 1390
1455 1387
1460 1377
1465 1369
1470 1366
1475 1287
1480 1169
1485 1169
1490 1169
1495 1168
1500 1166
1505 1164
1510 1155
1515 1154
1520 1153
1525 1144
1530 1141
1535 1089
1540 1089
1545 1088
1550 1086
1555 1083
1560 1082
1565 1081
1570 1081
1575 1080
1580 1079
1585 1013
1590 1012
1595 1000
1600 1000
1605 1000
1610 996
1615 994
1620 993
1625 990
1630 989
1635 989
1640 989
1645 988
1650 987
1655 987
1660 978
1665 978
1670 975
1675 975
1680 975
1685 975
1690 975
1695 974
1700 943
1705 943
1710 943
1715 940
1720 940
1725 931
1730 930
1735 930
1740 930
1745 925
1750 924
1755 924
1760 920
1765 917
1770 912
1775 906
1780 882
1785 880
1790 874
1795 874
1800 855
1805 855
1810 855
1815 855
1820 849
1825 842
1830 841
1835 840
1840 833
1845 833
1850 830
1855 830
1860 825
1865 824
1870 824
1875 818
1880 818
1885 818
1890 818
1895 818
1900 793
1905 793
1910 793
1915 792
1920 734
1925 734
1930 725
1935 725
1940 725
1945 725
1950 725
1955 725
1960 725
1965 725
1970 725
1975 725
1980 698
1985 697
1990 694
1995 676
2000 676
2005 676
2010 676
2015 675
2020 674
2025 673
2030 663
2035 663
2040 660
2045 660
2050 656
2055 638
2060 638
2065 637
2070 637
2075 634
2080 634
2085 634
2090 633
2095 633
2100 633
2105 625
2110 625
2115 625
2120 624
2125 624
2130 624
2135 624
2140 619
2145 611
2150 609
2155 607
2160 607
2165 607
2170 607
2175 607
2180 605
2185 605
2190 596
2195 596
2200 589
2205 588
2210 588
2215 587
2220 586
2225 584
2230 499
2235 499
2240 496
2245 490
2250 479
2255 479
2260 479
2265 479
2270 479
2275 479
2280 479
2285 479
2290 479
2295 479
2300 479
2305 479
2310 460
2315 460
2320 459
2325 459
2330 458
2335 447
2340 447
2345 436
2350 436
2355 436
2360 436
2365 436
2370 402
2375 400
2380 400
2385 399
2390 399
2395 399
2400 399
2405 399
2410 399
2415 399
2420 399
2425 398
2430 398
2435 395
2440 390
2445 390
2450 390
2455 390
2460 390
2465 390
2470 385
2475 385
2480 384
2485 383
2490 383
2495 383
2500 368
2505 368
2510 368
2515 365
2520 364
2525 361
2530 360
2535 360
2540 360
2545 360
2550 360
2555 360
2560 358
2565 357
2570 357
2575 353
2580 342
2585 342
2590 342
2595 340
2600 340
2605 338
2610 338
2615 338
2620 338
2625 338
2630 338
2635 338
2640 337
2645 337
2650 337
2655 337
2660 337
2665 337
2670 336
2675 336
2680 335
2685 335
2690 335
2695 335
2700 335
2705 335
2710 334
2715 334
2720 329
2725 329
2730 329
2735 329
2740 329
2745 329
2750 329
2755 329
2760 329
2765 329
2770 286
2775 286
2780 286
2785 285
2790 285
2795 285
2800 285
2805 285
2810 285
2815 285
2820 285
2825 285
2830 283
2835 283
2840 283
2845 283
2850 283
2855 283
2860 283
2865 282
2870 280
2875 279
2880 278
2885 277
2890 276
2895 275
2900 275
2905 275
2910 275
2915 221
2920 221
2925 221
2930 220
2935 220
2940 220
2945 220
2950 220
2955 218
2960 212
2965 212
2970 212
2975 212
2980 212
2985 212
2990 211
2995 211
3000 175
3005 175
3010 175
3015 175
3020 175
3025 175
3030 173
3035 173
3040 173
3045 173
3050 173
3055 171
3060 171
3065 171
3070 171
3075 171
3080 171
3085 171
3090 171
3095 171
3100 171
3105 167
3110 166
3115 166
3120 154
3125 153
3130 153
3135 153
3140 153
3145 153
3150 153
3155 146
3160 146
3165 146
3170 143
3175 143
3180 143
3185 143
3190 143
3195 143
3200 143
3205 143
3210 143
3215 143
3220 142
3225 142
3230 142
3235 142
3240 142
3245 142
3250 140
3255 140
3260 140
3265 140
3270 74
3275 73
3280 73
3285 73
3290 73
3295 73
3300 73
3305 73
3310 73
3315 73
3320 73
3325 73
3330 73
3335 73
3340 73
3345 73
3350 73
3355 73
3360 73
3365 73
3370 73
3375 73
3380 73
3385 73
3390 73
3395 73
3400 70
3405 70
3410 70
3415 70
3420 70
3425 70
3430 70
3435 70
3440 69
3445 60
3450 60
3455 60
3460 60
3465 60
3470 60
3475 60
3480 60
3485 60
3490 60
3495 60
3500 60
3505 60
3510 60
3515 60
3520 60
3525 60
3530 60
3535 60
3540 60
3545 60
3550 60
3555 58
3560 58
3565 58
3570 56
3575 56
3580 56
3585 56
3590 56
3595 56
3600 56
3605 56
3610 56
3615 56
3620 56
3625 56
3630 56
3635 56
3640 56
3645 56
3650 55
3655 55
3660 55
3665 55
3670 55
3675 55
3680 55
3685 55
3690 55
3695 52
3700 52
3705 52
3710 52
3715 52
3720 52
3725 52
3730 52
3735 52
3740 52
3745 52
3750 43
3755 43
3760 43
3765 43
3770 43
3775 43
3780 43
3785 43
3790 43
3795 43
3800 43
3805 43
3810 43
3815 43
3820 42
3825 42
3830 42
3835 42
3840 42
3845 42
3850 42
3855 42
3860 42
3865 42
3870 42
3875 42
3880 42
3885 42
3890 42
3895 42
3900 42
3905 41
3910 41
3915 41
3920 41
3925 36
3930 36
3935 36
3940 36
3945 36
3950 36
3955 36
3960 36
3965 36
3970 36
3975 36
3980 36
3985 36
3990 36
3995 36
4000 36
4005 36
4010 36
4015 36
4020 36
4025 36
4030 36
4035 36
4040 36
4045 36
4050 36
4055 36
4060 36
4065 36
4070 36
4075 35
4080 35
4085 35
4090 35
4095 35
4100 35
4105 27
4110 27
4115 27
4120 27
4125 27
4130 27
4135 27
4140 27
4145 27
4150 27
4155 27
4160 27
4165 27
4170 27
4175 27
4180 26
4185 26
4190 26
4195 26
4200 26
4205 26
4210 26
4215 26
4220 26
4225 26
4230 26
4235 26
4240 26
4245 26
4250 26
4255 26
4260 26
4265 26
4270 26
4275 26
4280 26
4285 26
4290 26
4295 26
4300 26
4305 25
4310 25
4315 25
4320 25
4325 25
4330 25
4335 25
4340 25
4345 25
4350 25
4355 25
4360 25
4365 25
4370 25
4375 25
4380 25
4385 25
4390 25
4395 25
4400 25
4405 25
4410 25
4415 25
4420 25
4425 25
4430 25
4435 25
4440 25
4445 25
4450 25
4455 25
4460 25
4465 25
4470 25
4475 25
4480 25
4485 25
4490 25
4495 25
4500 25
4505 25
4510 25
4515 25
4520 25
4525 25
4530 25
4535 25
4540 25
4545 25
4550 23
4555 23
4560 23
4565 23
4570 23
4575 23
4580 23
4585 23
4590 23
4595 23
4600 18
4605 18
4610 18
4615 18
4620 18
4625 18
4630 18
4635 18
4640 18
4645 18
4650 18
4655 18
4660 18
4665 18
4670 18
4675 17
4680 17
4685 17
4690 17
4695 17
4700 17
4705 17
4710 17
4715 17
4720 17
4725 17
4730 17
4735 17
4740 17
4745 17
4750 17
4755 17
4760 17
4765 17
4770 17
4775 17
4780 17
4785 17
4790 17
4795 17
4800 16
4805 16
4810 16
4815 16
4820 14
4825 14
4830 14
4835 14
4840 14
4845 14
4850 14
4855 14
4860 14
4865 14
4870 14
4875 14
4880 14
4885 14
4890 14
4895 14
4900 14
4905 14
4910 14
4915 14
4920 10
4925 10
4930 10
4935 10
4940 10
4945 10
4950 10
4955 10
4960 10
4965 10
4970 10
4975 10
4980 9
4985 9
4990 9
4995 9
5000 9
5005 9
5010 9
5015 9
5020 9
5025 9
5030 9
5035 9
5040 9
5045 9
5050 9
5055 9
5060 9
5065 9
5070 9
5075 9
5080 8
5085 8
5090 8
5095 7
5100 7
5105 7
5110 7
5115 7
5120 7
5125 7
5130 7
5135 7
5140 7
5145 7
5150 7
5155 7
5160 7
5165 7
5170 7
5175 7
5180 7
5185 7
5190 7
5195 7
5200 7
5205 7
5210 7
5215 7
5220 7
5225 7
5230 7
5235 7
5240 7
5245 7
5250 7
5255 7
5260 7
5265 7
5270 7
5275 7
5280 7
5285 7
5290 7
5295 7
5300 6
5305 6
5310 6
5315 6
5320 6
5325 6
5330 6
5335 6
5340 6
5345 6
5350 6
5355 6
5360 6
5365 6
5370 6
5375 6
5380 6
5385 6
5390 6
5395 6
5400 6
5405 6
5410 6
5415 6
5420 6
5425 6
5430 6
5435 6
5440 6
5445 6
5450 6
5455 6
5460 6
5465 6
5470 6
5475 6
5480 6
5485 6
5490 6
5495 6
5500 6
5505 6
5510 6
5515 6
5520 6
5525 6
5530 6
5535 6
5540 6
5545 6
5550 6
5555 6
5560 6
5565 6
5570 6
5575 6
5580 6
5585 6
5590 6
5595 6
5600 6
5605 6
5610 5
5615 5
5620 5
5625 5
5630 5
5635 5
5640 5
5645 5
5650 5
5655 5
5660 5
5665 5
5670 5
5675 5
5680 5
5685 5
5690 5
5695 5
5700 5
5705 5
5710 5
5715 5
5720 5
5725 5
5730 5
5735 5
5740 5
5745 5
5750 5
5755 5
5760 5
5765 5
5770 5
5775 5
5780 5
5785 5
5790 4
5795 4
5800 4
5805 4
5810 4
5815 4
5820 4
5825 4
5830 4
5835 4
5840 4
5845 4
5850 4
5855 4
5860 4
5865 4
5870 4
5875 4
5880 4
5885 4
5890 4
5895 4
5900 4
5905 4
5910 4
5915 4
5920 4
5925 4
5930 4
5935 4
5940 4
5945 4
5950 4
5955 4
5960 4
5965 4
5970 4
5975 4
5980 4
5985 4
5990 4
5995 4
6000 4
6005 4
6010 4
6015 4
6020 4
6025 4
6030 4
6035 4
6040 4
6045 4
6050 3
6055 3
6060 3
6065 3
6070 3
6075 3
6080 3
6085 3
6090 3
6095 3
6100 3
6105 3
6110 3
6115 3
6120 3
6125 3
6130 3
6135 3
6140 3
6145 3
6150 3
6155 3
6160 2
6165 1
