0 5066
5 5061
10 5055
15 5047
20 5042
25 5035
30 5026
35 5018
40 5012
45 5005
50 5000
55 4994
60 4988
65 4931
70 4798
75 4793
80 4787
85 4781
90 4772
95 4772
100 4772
105 4772
110 4772
115 4772
120 4772
125 4772
130 4772
135 4772
140 4772
145 4772
150 4768
155 4736
160 4736
165 4728
170 4727
175 4727
180 4711
185 4711
190 4711
195 4688
200 4681
205 4673
210 4595
215 4587
220 4571
225 4568
230 4557
235 4550
240 4541
245 4535
250 4528
255 4521
260 4487
265 4480
270 4473
275 4461
280 4454
285 4431
290 4425
295 4418
300 4409
305 4386
310 4372
315 4319
320 4312
325 4307
330 4301
335 4294
340 4291
345 4291
350 4286
355 4279
360 4272
365 4232
370 4220
375 4201
380 4183
385 4183
390 4166
395 4166
400 4166
405 4164
410 4157
415 4145
420 4115
425 4097
430 4084
435 4078
440 4060
445 4051
450 4051
455 4051
460 4051
465 4051
470 4051
475 4043
480 4025
485 4018
490 4018
495 4016
500 4011
505 4005
510 3999
515 3993
520 3986
525 3979
530 3928
535 3922
540 3914
545 3907
550 3608
555 3608
560 3608
565 3608
570 3608
575 3608
580 3608
585 3608
590 3606
595 3601
600 3595
605 3590
610 3585
615 3584
620 3584
625 3584
630 3584
635 3584
640 3584
645 3584
650 3584
655 3584
660 3584
665 3584
670 3576
675 3576
680 3574
685 3569
690 3563
695 3555
700 3532
705 3526
710 3521
715 3516
720 3509
725 3502
730 3496
735 3491
740 3483
745 3477
750 3471
755 3465
760 3453
765 3448
770 3441
775 3435
780 3430
785 3425
790 3408
795 3403
800 3398
805 3390
810 3384
815 3360
820 3220
825 3213
830 3206
835 3201
840 3196
845 3191
850 3183
855 3175
860 3166
865 3158
870 3154
875 3154
880 3154
885 3154
890 3154
895 3154
900 3154
905 3149
910 3144
915 3139
920 3133
925 3126
930 3121
935 3112
940 3105
945 3097
950 3090
955 3080
960 3072
965 3063
970 3058
975 3044
980 3036
985 3031
990 3024
995 3002
1000 3002
1005 3000
1010 2995
1015 2990
1020 2984
1025 2974
1030 2967
1035 2959
1040 2954
1045 2943
1050 2935
1055 2920
1060 2906
1065 2827
1070 2818
1075 2800
1080 2800
1085 2794
1090 2783
1095 2768
1100 2768
1105 2768
1110 2768
1115 2768
1120 2768
1125 2756
1130 2750
1135 2748
1140 2729
1145 2711
1150 2711
1155 2711
1160 2711
1165 2711
1170 2699
1175 2675
1180 2675
1185 2461
1190 2461
1195 2461
1200 2461
1205 2461
1210 2461
1215 2461
1220 2461
1225 2461
1230 2461
1235 2461
1240 2461
1245 2461
1250 2461
1255 2461
1260 2461
1265 2461
1270 2461
1275 2461
1280 2461
1285 2461
1290 2461
1295 2461
1300 2461
1305 2454
1310 2446
1315 2433
1320 2433
1325 2433
1330 2433
1335 2433
1340 2433
1345 2433
1350 2433
1355 2428
1360 2400
1365 2398
1370 2398
1375 2380
1380 2376
1385 2371
1390 2364
1395 2355
1400 2347
1405 2340
1410 2328
1415 2323
1420 2303
1425 2298
1430 2291
1435 2284
1440 2273
1445 2247
1450 2236
1455 2220
1460 2213
1465 2206
1470 2201
1475 2196
1480 2187
1485 2173
1490 2168
1495 2160
1500 2152
1505 2140
1510 2134
1515 2121
1520 2106
1525 2106
1530 2101
1535 2096
1540 2086
1545 2080
1550 2068
1555 2063
1560 2056
1565 2034
1570 2032
1575 2026
1580 2015
1585 2010
1590 2004
1595 1996
1600 1991
1605 1986
1610 1979
1615 1963
1620 1954
1625 1921
1630 1906
1635 1895
1640 1887
1645 1877
1650 1868
1655 1815
1660 1815
1665 1815
1670 1815
1675 1815
1680 1748
1685 1741
1690 1735
1695 1730
1700 1705
1705 1705
1710 1705
1715 1705
1720 1705
1725 1705
1730 1705
1735 1705
1740 1699
1745 1689
1750 1684
1755 1679
1760 1671
1765 1666
1770 1658
1775 1649
1780 1644
1785 1633
1790 1629
1795 1623
1800 1616
1805 1609
1810 1604
1815 1593
1820 1580
1825 1515
1830 1515
1835 1515
1840 1511
1845 1506
1850 1499
1855 1499
1860 1499
1865 1498
1870 1489
1875 1482
1880 1477
1885 1471
1890 1462
1895 1458
1900 1458
1905 1400
1910 1400
1915 1400
1920 1400
1925 1400
1930 1400
1935 1400
1940 1385
1945 1377
1950 1372
1955 1367
1960 1359
1965 1348
1970 1338
1975 1333
1980 1325
1985 1323
1990 1323
1995 1320
2000 1310
2005 1301
2010 1292
2015 1292
2020 1292
2025 1292
2030 1281
2035 1275
2040 1078
2045 1078
2050 991
2055 991
2060 991
2065 991
2070 991
2075 991
2080 991
2085 991
2090 987
2095 987
2100 982
2105 975
2110 967
2115 959
2120 954
2125 945
2130 938
2135 931
2140 919
2145 913
2150 906
2155 889
2160 884
2165 876
2170 870
2175 853
2180 835
2185 825
2190 825
2195 821
2200 808
2205 801
2210 792
2215 770
2220 757
2225 742
2230 714
2235 710
2240 688
2245 669
2250 659
2255 649
2260 644
2265 631
2270 626
2275 618
2280 613
2285 611
2290 608
2295 584
2300 581
2305 572
2310 572
2315 553
2320 553
2325 553
2330 553
2335 553
2340 553
2345 553
2350 553
2355 553
2360 553
2365 553
2370 553
2375 553
2380 553
2385 553
2390 553
2395 553
2400 553
2405 553
2410 553
2415 553
2420 553
2425 546
2430 541
2435 533
2440 526
2445 248
2450 238
2455 237
2460 237
2465 237
2470 237
2475 237
2480 237
2485 237
2490 236
2495 216
2500 216
2505 209
2510 209
2515 208
2520 208
2525 208
2530 208
2535 208
2540 208
2545 190
2550 190
2555 190
2560 168
2565 168
2570 168
2575 168
2580 168
2585 168
2590 168
2595 168
2600 168
2605 168
2610 168
2615 168
2620 167
2625 167
2630 167
2635 167
2640 167
2645 167
2650 167
2655 167
2660 167
2665 167
2670 167
2675 167
2680 167
2685 167
2690 167
2695 167
2700 167
2705 167
2710 167
2715 167
2720 167
2725 167
2730 167
2735 167
2740 167
2745 167
2750 162
2755 153
2760 147
2765 138
2770 126
2775 115
2780 102
2785 102
2790 102
2795 102
2800 102
2805 102
2810 102
2815 102
2820 102
2825 102
2830 102
2835 102
2840 102
2845 102
2850 102
2855 102
2860 102
2865 102
2870 102
2875 102
2880 102
2885 102
2890 102
2895 102
2900 102
2905 102
2910 102
2915 102
2920 102
2925 102
2930 102
2935 102
2940 102
2945 102
2950 102
2955 102
2960 94
2965 89
2970 89
2975 89
2980 89
2985 89
2990 89
2995 89
3000 89
3005 89
3010 89
3015 89
3020 89
3025 89
3030 89
3035 89
3040 89
3045 89
3050 88
3055 88
3060 88
3065 88
3070 88
3075 85
3080 85
3085 83
3090 73
3095 59
3100 47
3105 47
3110 47
3115 47
3120 47
3125 47
3130 47
3135 47
3140 47
3145 47
3150 47
3155 41
3160 41
3165 41
3170 41
3175 41
3180 41
3185 41
3190 31
3195 28
3200 28
3205 28
3210 28
3215 28
3220 28
3225 28
3230 28
3235 28
3240 28
3245 28
3250 28
3255 28
3260 28
3265 28
3270 28
3275 28
3280 28
3285 28
3290 28
3295 28
3300 28
3305 28
3310 28
3315 28
3320 28
3325 28
