0 5066
5 5066
10 5066
15 5066
20 5066
25 5066
30 5066
35 5055
40 5055
45 5055
50 5055
55 5055
60 5055
65 5044
70 5044
75 5042
80 5042
85 5042
90 5040
95 5028
100 5028
105 5028
110 5028
115 5028
120 5028
125 5028
130 5028
135 5026
140 5024
145 4996
150 4945
155 4936
160 4936
165 4925
170 4925
175 4921
180 4921
185 4903
190 4903
195 4903
200 4885
205 4875
210 4862
215 4862
220 4862
225 4862
230 4862
235 4862
240 4862
245 4862
250 4860
255 4858
260 4854
265 4854
270 4854
275 4853
280 4831
285 4830
290 4830
295 4824
300 4824
305 4588
310 4587
315 4587
320 4587
325 4574
330 4567
335 4563
340 4561
345 4558
350 4540
355 4538
360 4519
365 4507
370 4507
375 4498
380 4498
385 4483
390 4480
395 4456
400 4447
405 4432
410 4414
415 4411
420 4406
425 4406
430 4336
435 4335
440 4324
445 4317
450 4307
455 4301
460 4291
465 4279
470 4279
475 4276
480 4272
485 4256
490 4254
495 4251
500 4234
505 4225
510 4223
515 4222
520 4221
525 4202
530 4184
535 4181
540 4179
545 4162
550 4162
555 4161
560 4161
565 4161
570 4159
575 4158
580 4150
585 4138
590 4123
595 4122
600 4119
605 4118
610 4104
615 4104
620 4103
625 4103
630 4085
635 4069
640 4057
645 4043
650 4007
655 4007
660 4003
665 3958
670 3936
675 3929
680 3926
685 3889
690 3880
695 3869
700 3857
705 3844
710 3843
715 3843
720 3826
725 3824
730 3817
735 3810
740 3807
745 3794
750 3794
755 3792
760 3775
765 3693
770 3666
775 3658
780 3657
785 3656
790 3653
795 3644
800 3597
805 3597
810 3588
815 3481
820 3469
825 3469
830 3469
835 3468
840 3406
845 3402
850 3396
855 3396
860 3395
865 3375
870 3364
875 3355
880 3350
885 3345
890 2528
895 2524
900 2522
905 2522
910 2520
915 2519
920 2491
925 2476
930 2475
935 2472
940 2435
945 2376
950 2372
955 2365
960 2361
965 2360
970 2357
975 2357
980 2357
985 2341
990 2335
995 2335
1000 2335
1005 2328
1010 2328
1015 2324
1020 2242
1025 2225
1030 2202
1035 2167
1040 2166
1045 2156
1050 2156
1055 2150
1060 2150
1065 2028
1070 2028
1075 2027
1080 2001
1085 2001
1090 2000
1095 1964
1100 1964
1105 1957
1110 1955
1115 1953
1120 1945
1125 1944
1130 1928
1135 1925
1140 1924
1145 1907
1150 1895
1155 1894
1160 1892
1165 1889
1170 1887
1175 1884
1180 1884
1185 1884
1190 1875
1195 1866
1200 1834
1205 1823
1210 1819
1215 1816
1220 1811
1225 1811
1230 1811
1235 1721
1240 1715
1245 1712
1250 1691
1255 1648
1260 1644
1265 1638
1270 1636
1275 1636
1280 1629
1285 1608
1290 1455
1295 1455
1300 1454
1305 1449
1310 1449
1315 1448
1320 1441
1325 1441
1330 1439
1335 1432
1340 1432
1345 1432
1350 1422
1355 1417
1360 1406
1365 1404
1370 1402
1375 1402
1380 1402
1385 1398
1390 1398
1395 1398
1400 1386
1405 1386
1410 1376
1415 1376
1420 1371
1425 1371
1430 1371
1435 1367
1440 1362
1445 1361
1450 1361
1455 1351
1460 1350
1465 1327
1470 1327
1475 1327
1480 1325
1485 1323
1490 1317
1495 1315
1500 1314
1505 1301
1510 1276
1515 1275
1520 1268
1525 1264
1530 1263
1535 1263
1540 1263
1545 1263
1550 1257
1555 1257
1560 1257
1565 1245
1570 1245
1575 1245
1580 1245
1585 1245
1590 1230
1595 1227
1600 1227
1605 1226
1610 1226
1615 1226
1620 1224
1625 1220
1630 1189
1635 1189
1640 1189
1645 1187
1650 1185
1655 1184
1660 1184
1665 1184
1670 1184
1675 1184
1680 1184
1685 1184
1690 1179
1695 1175
1700 1175
1705 1171
1710 1171
1715 1171
1720 1165
1725 1165
1730 1165
1735 1077
1740 1077
1745 1075
1750 1072
1755 1068
1760 1063
1765 1059
1770 1050
1775 1050
1780 1049
1785 1049
1790 1045
1795 1042
1800 1029
1805 1027
1810 1027
1815 1024
1820 1024
1825 1022
1830 1009
1835 1009
1840 1009
1845 990
1850 985
1855 984
1860 982
1865 982
1870 981
1875 976
1880 969
1885 965
1890 964
1895 964
1900 963
1905 957
1910 955
1915 955
1920 955
1925 955
1930 955
1935 942
1940 940
1945 940
1950 940
1955 940
1960 940
1965 940
1970 940
1975 940
1980 940
1985 939
1990 939
1995 905
2000 902
2005 898
2010 898
2015 894
2020 894
2025 894
2030 892
2035 886
2040 884
2045 884
2050 880
2055 880
2060 877
2065 877
2070 877
2075 874
2080 874
2085 874
2090 874
2095 874
2100 873
2105 867
2110 867
2115 867
2120 864
2125 864
2130 864
2135 864
2140 864
2145 859
2150 859
2155 859
2160 858
2165 857
2170 855
2175 850
2180 850
2185 829
2190 825
2195 822
2200 821
2205 812
2210 554
2215 553
2220 553
2225 552
2230 552
2235 552
2240 544
2245 533
2250 533
2255 533
2260 529
2265 526
2270 526
2275 526
2280 521
2285 515
2290 510
2295 509
2300 509
2305 509
2310 509
2315 509
2320 505
2325 504
2330 504
2335 504
2340 504
2345 504
2350 504
2355 498
2360 498
2365 496
2370 496
2375 496
2380 496
2385 495
2390 495
2395 495
2400 490
2405 490
2410 485
2415 485
2420 482
2425 482
2430 482
2435 482
2440 481
2445 477
2450 423
2455 422
2460 422
2465 422
2470 422
2475 418
2480 417
2485 417
2490 417
2495 417
2500 415
2505 415
2510 415
2515 415
2520 415
2525 415
2530 415
2535 415
2540 415
2545 395
2550 394
2555 393
2560 393
2565 393
2570 393
2575 393
2580 393
2585 393
2590 393
2595 393
2600 393
2605 393
2610 393
2615 393
2620 393
2625 393
2630 388
2635 388
2640 387
2645 387
2650 387
2655 387
2660 387
2665 387
2670 387
2675 387
2680 387
2685 386
2690 384
2695 383
2700 383
2705 383
2710 375
2715 371
2720 371
2725 371
2730 371
2735 371
2740 371
2745 371
2750 362
2755 362
2760 362
2765 362
2770 343
2775 329
2780 327
2785 315
2790 315
2795 315
2800 315
2805 315
2810 315
2815 306
2820 306
2825 306
2830 305
2835 305
2840 305
2845 305
2850 305
2855 305
2860 305
2865 305
2870 297
2875 297
2880 297
2885 283
2890 283
2895 283
2900 274
2905 273
2910 273
2915 273
2920 273
2925 273
2930 273
2935 273
2940 273
2945 273
2950 273
2955 273
2960 155
2965 155
2970 154
2975 154
2980 154
2985 154
2990 154
2995 154
3000 154
3005 154
3010 152
3015 151
3020 151
3025 151
3030 151
3035 151
3040 148
3045 148
3050 147
3055 141
3060 141
3065 141
3070 141
3075 141
3080 141
3085 141
3090 141
3095 141
3100 141
3105 141
3110 141
3115 139
3120 139
3125 139
3130 139
3135 138
3140 138
3145 138
3150 138
3155 138
3160 138
3165 137
3170 137
3175 137
3180 137
3185 137
3190 137
3195 137
3200 137
3205 137
3210 137
3215 135
3220 135
3225 135
3230 135
3235 135
3240 134
3245 133
3250 133
3255 133
3260 133
3265 133
3270 133
3275 133
3280 128
3285 126
3290 126
3295 126
3300 126
3305 126
3310 126
3315 126
3320 126
3325 126
3330 123
3335 123
3340 123
3345 123
3350 123
3355 123
3360 123
3365 123
3370 122
3375 121
3380 121
3385 121
3390 111
3395 111
3400 111
3405 111
3410 111
3415 111
3420 111
3425 111
3430 111
3435 111
3440 111
3445 111
3450 111
3455 111
3460 111
3465 111
3470 111
3475 111
3480 111
3485 111
3490 111
3495 111
3500 111
3505 111
3510 111
3515 111
3520 111
3525 111
3530 111
3535 111
3540 111
3545 111
3550 111
3555 111
3560 111
3565 111
3570 111
3575 111
3580 111
3585 111
3590 111
3595 111
3600 111
3605 111
3610 111
3615 111
3620 111
3625 111
3630 111
3635 63
3640 63
3645 62
3650 62
3655 62
3660 62
3665 62
3670 62
3675 62
3680 62
3685 61
3690 61
3695 61
3700 61
3705 61
3710 61
3715 60
3720 60
3725 60
3730 60
3735 60
3740 60
3745 60
3750 60
3755 60
3760 60
3765 60
3770 60
3775 60
3780 60
3785 60
3790 60
3795 60
3800 60
3805 60
3810 60
3815 54
3820 54
3825 54
3830 54
3835 54
3840 53
3845 53
3850 53
3855 53
3860 53
3865 53
3870 53
3875 53
3880 53
3885 53
3890 53
3895 53
3900 53
3905 53
3910 52
3915 52
3920 52
3925 52
3930 52
3935 52
3940 52
3945 52
3950 52
3955 52
3960 52
3965 46
3970 46
3975 46
3980 46
3985 46
3990 46
3995 46
4000 46
4005 46
4010 46
4015 46
4020 46
4025 46
4030 46
4035 46
4040 46
4045 46
4050 46
4055 46
4060 46
4065 46
4070 46
4075 46
4080 46
4085 46
4090 46
4095 46
4100 46
4105 46
4110 44
4115 44
4120 44
4125 44
4130 44
4135 44
4140 44
4145 44
4150 44
4155 44
4160 44
4165 44
4170 44
4175 44
4180 44
4185 44
4190 44
4195 44
4200 44
4205 44
4210 44
4215 44
4220 44
4225 32
4230 32
4235 32
4240 32
4245 32
4250 32
4255 32
4260 32
4265 32
4270 32
4275 32
4280 32
4285 32
4290 32
4295 32
4300 32
4305 32
4310 32
4315 32
4320 32
4325 32
4330 32
4335 32
4340 32
4345 32
4350 32
4355 32
4360 32
4365 32
4370 32
4375 32
4380 32
4385 32
4390 32
4395 32
4400 29
4405 27
4410 27
4415 27
4420 27
4425 27
4430 27
4435 27
4440 27
4445 27
4450 27
4455 27
4460 27
4465 27
4470 27
4475 26
4480 26
4485 26
4490 26
4495 26
4500 17
4505 17
4510 17
4515 17
4520 17
4525 17
4530 17
4535 17
4540 17
4545 16
4550 16
4555 16
4560 16
4565 16
4570 16
4575 16
4580 16
4585 16
4590 16
4595 16
4600 16
4605 16
4610 16
4615 16
4620 16
4625 16
4630 16
4635 16
4640 16
4645 16
4650 16
4655 16
4660 16
4665 16
4670 16
4675 16
4680 16
4685 16
4690 16
4695 16
4700 16
4705 16
4710 16
4715 16
4720 16
4725 16
4730 16
4735 16
4740 16
4745 16
4750 16
4755 16
4760 16
4765 16
4770 16
4775 16
4780 15
4785 15
4790 15
4795 15
4800 15
4805 15
4810 15
4815 15
4820 15
4825 15
4830 15
4835 15
4840 15
4845 15
4850 15
4855 15
4860 14
4865 14
4870 14
4875 14
4880 14
4885 14
4890 14
4895 14
4900 14
4905 14
4910 14
4915 14
4920 14
4925 14
4930 14
4935 10
4940 10
4945 10
4950 10
4955 10
4960 10
4965 10
4970 10
4975 10
4980 10
4985 10
4990 10
4995 10
5000 10
5005 10
5010 10
5015 10
5020 10
5025 10
5030 10
5035 10
5040 10
5045 10
5050 10
5055 10
5060 10
5065 10
5070 10
5075 10
5080 10
5085 10
5090 10
5095 10
5100 10
5105 10
5110 10
5115 10
5120 10
5125 10
5130 10
5135 10
5140 10
5145 10
5150 10
5155 7
5160 7
5165 7
5170 7
5175 7
5180 7
5185 7
5190 6
5195 6
5200 6
5205 6
5210 6
5215 6
5220 6
5225 6
5230 6
5235 6
5240 6
5245 6
5250 6
5255 6
5260 6
5265 6
5270 6
5275 6
5280 6
5285 6
5290 6
5295 6
5300 6
5305 6
5310 6
5315 6
5320 6
5325 6
5330 6
5335 6
5340 6
5345 6
5350 6
5355 6
5360 6
5365 6
5370 6
5375 6
5380 5
5385 5
5390 5
5395 5
5400 5
5405 5
5410 5
5415 5
5420 5
5425 5
5430 5
5435 5
5440 5
5445 5
5450 5
5455 5
5460 5
5465 5
5470 5
5475 5
5480 5
5485 5
5490 5
5495 5
5500 5
5505 5
5510 5
5515 5
5520 5
5525 5
5530 5
5535 5
5540 5
5545 5
5550 5
5555 5
5560 5
5565 5
5570 5
5575 5
5580 5
5585 4
5590 4
5595 4
5600 4
5605 4
5610 4
5615 4
5620 4
5625 4
5630 4
5635 4
5640 4
5645 4
5650 4
5655 4
5660 4
5665 4
5670 4
5675 4
5680 4
5685 4
5690 4
5695 4
5700 4
5705 4
5710 4
5715 4
5720 4
5725 4
5730 4
5735 4
5740 4
5745 4
5750 4
5755 4
5760 4
5765 4
5770 4
5775 4
5780 4
5785 4
5790 4
5795 4
5800 4
5805 4
5810 4
5815 4
5820 4
5825 4
5830 4
5835 4
5840 4
5845 4
5850 4
5855 4
5860 4
5865 4
5870 4
5875 4
5880 4
5885 4
5890 4
5895 4
5900 4
5905 4
5910 4
5915 4
5920 4
5925 4
5930 4
5935 4
5940 4
5945 4
5950 4
5955 4
5960 4
5965 4
5970 4
5975 4
5980 4
5985 4
5990 4
5995 4
6000 4
6005 3
6010 3
6015 3
6020 3
6025 3
6030 3
6035 3
6040 3
6045 3
6050 3
6055 3
6060 3
6065 3
6070 3
6075 3
6080 3
6085 3
6090 3
6095 3
6100 3
6105 3
6110 3
6115 3
6120 3
6125 2
6130 2
6135 2
6140 2
6145 2
6150 2
6155 2
6160 2
6165 1
