0 4634
5 4628
10 4612
15 4607
20 4602
25 4597
30 4592
35 4587
40 4581
45 4576
50 4570
55 4564
60 4557
65 4552
70 4546
75 4540
80 4533
85 4528
90 4523
95 4517
100 4509
105 4504
110 4499
115 4494
120 4489
125 4483
130 4478
135 4473
140 4467
145 4460
150 4454
155 4448
160 4441
165 4437
170 4431
175 4424
180 4418
185 4410
190 4405
195 4393
200 4388
205 4378
210 4372
215 4363
220 4358
225 4353
230 4343
235 4337
240 4329
245 4309
250 4304
255 4290
260 4284
265 4260
270 4255
275 4234
280 4231
285 4219
290 4214
295 4214
300 4208
305 4200
310 4192
315 4186
320 4180
325 4169
330 4160
335 4149
340 4143
345 4138
350 4119
355 4112
360 4076
365 4059
370 4054
375 4049
380 4041
385 4031
390 4026
395 4011
400 4000
405 3995
410 3986
415 3979
420 3968
425 3964
430 3956
435 3949
440 3942
445 3937
450 3931
455 3925
460 3920
465 3915
470 3909
475 3903
480 3894
485 3888
490 3882
495 3875
500 3859
505 3859
510 3854
515 3849
520 3843
525 3831
530 3821
535 3812
540 3795
545 3788
550 3783
555 3777
560 3772
565 3764
570 3759
575 3745
580 3744
585 3739
590 3734
595 3729
600 3725
605 3720
610 3715
615 3705
620 3698
625 3692
630 3688
635 3673
640 3669
645 3657
650 3652
655 3647
660 3638
665 3632
670 3621
675 3615
680 3607
685 3590
690 3585
695 3579
700 3574
705 3565
710 3557
715 3552
720 3545
725 3536
730 3528
735 3525
740 3520
745 3512
750 3506
755 3500
760 3495
765 3490
770 3483
775 3477
780 3449
785 3444
790 3437
795 3433
800 3422
805 3415
810 3410
815 3366
820 3366
825 3366
830 3366
835 3366
840 3363
845 3356
850 3350
855 3338
860 3331
865 3320
870 3311
875 3303
880 3290
885 3268
890 3262
895 3254
900 3245
905 3234
910 3224
915 3223
920 3210
925 3202
930 3194
935 3190
940 3180
945 3171
950 3166
955 3090
960 3090
965 3090
970 3085
975 3082
980 3077
985 3063
990 3039
995 3023
1000 3012
1005 3003
1010 2998
1015 2988
1020 2980
1025 2975
1030 2969
1035 2962
1040 2961
1045 2940
1050 2934
1055 2926
1060 2920
1065 2906
1070 2900
1075 2894
1080 2889
1085 2882
1090 2876
1095 2867
1100 2859
1105 2840
1110 2835
1115 2826
1120 2809
1125 2804
1130 2772
1135 2768
1140 2752
1145 2748
1150 2739
1155 2732
1160 2722
1165 2710
1170 2706
1175 2698
1180 2685
1185 2673
1190 2305
1195 2305
1200 2305
1205 2286
1210 2269
1215 2257
1220 2252
1225 2247
1230 2238
1235 2231
1240 2225
1245 2216
1250 2207
1255 2198
1260 2194
1265 2193
1270 2187
1275 2176
1280 2167
1285 2144
1290 2140
1295 2123
1300 2118
1305 2113
1310 2093
1315 2086
1320 2050
1325 2043
1330 2031
1335 2018
1340 2016
1345 2013
1350 1911
1355 1911
1360 1908
1365 1763
1370 1760
1375 1753
1380 1748
1385 1739
1390 1733
1395 1708
1400 1706
1405 1696
1410 1691
1415 1688
1420 1687
1425 1687
1430 1670
1435 1653
1440 1645
1445 1640
1450 1630
1455 1464
1460 1452
1465 1436
1470 1428
1475 1428
1480 1420
1485 1409
1490 1404
1495 1402
1500 1402
1505 1402
1510 1402
1515 1402
1520 1402
1525 1402
1530 1402
1535 1400
1540 1400
1545 1395
1550 1392
1555 1352
1560 1352
1565 1352
1570 1350
1575 1348
1580 1337
1585 1337
1590 1337
1595 1323
1600 1260
1605 1259
1610 1245
1615 1240
1620 1223
1625 1177
1630 1177
1635 1176
1640 1167
1645 1030
1650 1028
1655 1028
1660 970
1665 893
1670 893
1675 892
1680 882
1685 862
1690 856
1695 850
1700 843
1705 835
1710 823
1715 807
1720 807
1725 807
1730 807
1735 801
1740 774
1745 774
1750 774
1755 774
1760 774
1765 763
1770 644
1775 643
1780 643
1785 632
1790 632
1795 632
1800 632
1805 632
1810 632
1815 632
1820 632
1825 632
1830 632
1835 632
1840 632
1845 632
1850 632
1855 632
1860 632
1865 632
1870 488
1875 481
1880 466
1885 458
1890 458
1895 458
1900 458
1905 458
1910 458
1915 449
1920 449
1925 449
1930 449
1935 449
1940 449
1945 449
1950 449
1955 449
1960 447
1965 446
1970 446
1975 446
1980 374
1985 374
1990 372
1995 372
2000 372
2005 372
2010 372
2015 372
2020 372
2025 372
2030 372
2035 371
2040 368
2045 368
2050 368
2055 368
2060 368
2065 368
2070 368
2075 368
2080 368
2085 368
2090 368
2095 368
2100 368
2105 368
2110 368
2115 368
2120 247
2125 247
2130 247
2135 247
2140 247
2145 247
2150 230
2155 230
2160 230
2165 230
2170 230
2175 230
2180 187
2185 187
2190 187
2195 187
2200 187
2205 187
2210 187
2215 187
2220 186
2225 178
2230 178
2235 178
2240 178
2245 178
2250 178
2255 178
2260 178
2265 178
2270 178
2275 178
2280 178
2285 178
2290 178
2295 178
2300 178
2305 177
2310 151
2315 151
2320 129
2325 129
2330 129
2335 129
2340 129
2345 129
2350 129
2355 124
2360 120
2365 100
2370 100
2375 100
2380 100
2385 100
2390 100
2395 100
2400 97
2405 97
2410 97
2415 97
2420 97
2425 97
2430 97
2435 97
2440 97
2445 97
2450 97
2455 97
2460 97
2465 97
2470 97
2475 97
2480 84
2485 84
2490 84
2495 84
2500 84
2505 84
2510 84
2515 84
2520 84
2525 84
2530 84
2535 84
2540 84
2545 84
2550 82
2555 82
2560 82
2565 82
2570 82
2575 82
2580 82
2585 82
2590 82
2595 82
2600 82
2605 82
2610 82
2615 81
2620 81
2625 81
2630 59
2635 59
2640 59
2645 59
2650 57
2655 57
2660 57
2665 57
2670 57
2675 57
2680 57
2685 57
2690 57
2695 57
2700 57
2705 57
2710 57
2715 54
2720 54
2725 54
2730 54
2735 46
2740 46
2745 46
2750 46
2755 46
2760 46
2765 46
2770 46
2775 42
2780 42
2785 42
2790 42
2795 42
2800 42
2805 42
2810 42
2815 42
2820 42
2825 42
2830 42
2835 42
2840 42
2845 42
2850 42
2855 42
2860 42
2865 35
2870 35
2875 35
2880 35
2885 35
2890 35
2895 35
2900 35
2905 35
