0 4634
5 4628
10 4612
15 4607
20 4600
25 4595
30 4590
35 4584
40 4579
45 4570
50 4562
55 4556
60 4548
65 4539
70 4533
75 4528
80 4522
85 4516
90 4509
95 4504
100 4495
105 4489
110 4484
115 4478
120 4473
125 4468
130 4460
135 4455
140 4450
145 4442
150 4436
155 4430
160 4423
165 4418
170 4413
175 4407
180 4402
185 4394
190 4389
195 4384
200 4379
205 4369
210 4364
215 4341
220 4334
225 4326
230 4321
235 4315
240 4309
245 4306
250 4295
255 4280
260 4275
265 4269
270 4253
275 4245
280 4235
285 4224
290 4220
295 4216
300 4211
305 4201
310 4196
315 4188
320 4178
325 4170
330 4165
335 4154
340 4145
345 4125
350 4122
355 4091
360 4082
365 4075
370 4068
375 4063
380 4057
385 4052
390 4037
395 4032
400 4024
405 4007
410 4004
415 3996
420 3989
425 3976
430 3963
435 3959
440 3951
445 3943
450 3937
455 3926
460 3920
465 3915
470 3910
475 3905
480 3897
485 3885
490 3878
495 3872
500 3866
505 3860
510 3848
515 3846
520 3843
525 3837
530 3830
535 3822
540 3814
545 3804
550 3799
555 3793
560 3788
565 3783
570 3778
575 3772
580 3767
585 3762
590 3755
595 3744
600 3738
605 3733
610 3728
615 3723
620 3716
625 3716
630 3712
635 3706
640 3702
645 3693
650 3687
655 3681
660 3677
665 3665
670 3659
675 3651
680 3644
685 3636
690 3630
695 3624
700 3616
705 3606
710 3598
715 3587
720 3586
725 3579
730 3558
735 3549
740 3543
745 3537
750 3525
755 3517
760 3510
765 3504
770 3495
775 3488
780 3483
785 3477
790 3464
795 3459
800 3452
805 3444
810 3417
815 3409
820 3399
825 3391
830 3384
835 3347
840 3347
845 3347
850 3345
855 3338
860 3332
865 3319
870 3311
875 3306
880 3301
885 3295
890 3289
895 3274
900 3268
905 3261
910 3252
915 3236
920 3227
925 3221
930 3207
935 3202
940 3197
945 3189
950 3184
955 3174
960 3164
965 3155
970 3132
975 3125
980 3073
985 3073
990 3073
995 3073
1000 3060
1005 3053
1010 3046
1015 3025
1020 3020
1025 3017
1030 3012
1035 3003
1040 2997
1045 2990
1050 2985
1055 2954
1060 2948
1065 2941
1070 2924
1075 2921
1080 2916
1085 2911
1090 2903
1095 2881
1100 2876
1105 2869
1110 2866
1115 2861
1120 2854
1125 2842
1130 2834
1135 2813
1140 2804
1145 2798
1150 2791
1155 2779
1160 2779
1165 2771
1170 2765
1175 2746
1180 2738
1185 2732
1190 2721
1195 2719
1200 2714
1205 2710
1210 2702
1215 2689
1220 2689
1225 2687
1230 2666
1235 2661
1240 2646
1245 2640
1250 2635
1255 2623
1260 2621
1265 2598
1270 1606
1275 1605
1280 1591
1285 1586
1290 1578
1295 1571
1300 1567
1305 1567
1310 1563
1315 1558
1320 1546
1325 1530
1330 1530
1335 1530
1340 1529
1345 1518
1350 1516
1355 1509
1360 1509
1365 1509
1370 1501
1375 1499
1380 1482
1385 1477
1390 1472
1395 1462
1400 1450
1405 1428
1410 1421
1415 1417
1420 1415
1425 1415
1430 1415
1435 1415
1440 1415
1445 1413
1450 886
1455 809
1460 809
1465 809
1470 809
1475 809
1480 808
1485 670
1490 670
1495 670
1500 670
1505 670
1510 670
1515 670
1520 670
1525 670
1530 670
1535 670
1540 670
1545 670
1550 667
1555 613
1560 604
1565 598
1570 598
1575 593
1580 591
1585 591
1590 591
1595 591
1600 591
1605 591
1610 591
1615 591
1620 591
1625 591
1630 591
1635 591
1640 591
1645 591
1650 567
1655 565
1660 565
1665 565
1670 565
1675 565
1680 565
1685 563
1690 530
1695 530
1700 517
1705 477
1710 477
1715 464
1720 464
1725 456
1730 454
1735 454
1740 454
1745 454
1750 454
1755 454
1760 454
1765 440
1770 363
1775 363
1780 363
1785 363
1790 363
1795 363
1800 363
1805 363
1810 363
1815 363
1820 363
1825 361
1830 361
1835 361
1840 359
1845 356
1850 347
1855 332
1860 332
1865 332
1870 332
1875 332
1880 332
1885 332
1890 326
1895 322
1900 321
1905 321
1910 317
1915 317
1920 317
1925 317
1930 317
1935 317
1940 309
1945 306
1950 306
1955 306
1960 306
1965 306
1970 306
1975 306
1980 306
1985 306
1990 306
1995 305
2000 304
2005 304
2010 278
2015 278
2020 278
2025 278
2030 278
2035 278
2040 278
2045 278
2050 278
2055 278
2060 278
2065 278
2070 278
2075 278
2080 278
2085 277
2090 277
2095 256
2100 256
2105 256
2110 256
2115 256
2120 256
2125 256
2130 256
2135 256
2140 256
2145 256
2150 253
2155 253
2160 253
2165 253
2170 251
2175 251
2180 251
2185 251
2190 251
2195 251
2200 251
2205 251
2210 242
2215 241
2220 241
2225 241
2230 241
2235 241
2240 241
2245 241
2250 241
2255 231
2260 231
2265 231
2270 231
2275 231
2280 231
2285 231
2290 231
2295 231
2300 231
2305 231
2310 231
2315 231
2320 231
2325 231
2330 231
2335 169
2340 169
2345 168
2350 168
2355 168
2360 168
2365 168
2370 168
2375 168
2380 165
2385 138
2390 133
2395 80
2400 80
2405 80
2410 80
2415 80
2420 80
2425 80
2430 80
2435 80
2440 80
2445 75
2450 75
2455 75
2460 75
2465 75
2470 75
2475 75
2480 75
2485 75
2490 75
2495 75
2500 75
2505 75
2510 75
2515 75
2520 75
2525 75
2530 75
2535 75
2540 75
2545 75
2550 75
2555 75
2560 75
2565 75
2570 75
2575 75
2580 75
2585 75
2590 75
2595 75
2600 75
2605 74
2610 74
2615 67
2620 47
2625 47
2630 47
2635 47
2640 47
2645 47
2650 47
2655 47
2660 47
2665 47
2670 47
2675 47
2680 47
2685 47
2690 47
2695 47
2700 47
2705 47
2710 47
2715 45
2720 45
2725 45
2730 44
2735 44
2740 42
2745 27
2750 27
2755 27
2760 27
2765 27
2770 27
2775 27
2780 27
2785 27
2790 27
2795 27
2800 27
2805 27
2810 27
2815 27
2820 27
2825 27
2830 27
2835 27
2840 27
2845 27
2850 27
2855 27
2860 27
2865 27
2870 27
2875 27
2880 27
2885 27
2890 27
2895 27
2900 27
2905 27
2910 27
