0 4634
5 4627
10 4621
15 4614
20 4609
25 4604
30 4599
35 4594
40 4589
45 4584
50 4579
55 4573
60 4563
65 4557
70 4549
75 4542
80 4536
85 4531
90 4525
95 4513
100 4507
105 4502
110 4493
115 4488
120 4483
125 4477
130 4467
135 4461
140 4455
145 4451
150 4446
155 4439
160 4431
165 4423
170 4414
175 4409
180 4404
185 4396
190 4388
195 4381
200 4374
205 4368
210 4363
215 4345
220 4338
225 4333
230 4325
235 4315
240 4309
245 4303
250 4297
255 4284
260 4270
265 4258
270 4250
275 4243
280 4221
285 4216
290 4202
295 4195
300 4194
305 4187
310 4178
315 4173
320 4167
325 4150
330 4144
335 4135
340 4126
345 4120
350 4114
355 4109
360 4098
365 4078
370 4072
375 4067
380 4061
385 4034
390 4028
395 4014
400 4008
405 3993
410 3990
415 3977
420 3971
425 3965
430 3958
435 3953
440 3945
445 3937
450 3930
455 3925
460 3920
465 3913
470 3905
475 3899
480 3893
485 3884
490 3879
495 3872
500 3864
505 3856
510 3839
515 3828
520 3822
525 3811
530 3803
535 3788
540 3782
545 3775
550 3768
555 3763
560 3758
565 3753
570 3743
575 3738
580 3733
585 3728
590 3723
595 3719
600 3713
605 3710
610 3705
615 3698
620 3691
625 3679
630 3674
635 3668
640 3663
645 3663
650 3660
655 3653
660 3648
665 3641
670 3636
675 3629
680 3621
685 3611
690 3597
695 3592
700 3586
705 3580
710 3540
715 3513
720 3493
725 3487
730 3481
735 3473
740 3467
745 3417
750 3411
755 3406
760 3397
765 3392
770 3386
775 3379
780 3370
785 3365
790 3357
795 3330
800 3322
805 3317
810 3312
815 3306
820 3297
825 3292
830 3286
835 3281
840 3272
845 3267
850 3250
855 3239
860 3229
865 3224
870 3215
875 3209
880 3204
885 3190
890 3184
895 3179
900 3165
905 3156
910 3149
915 3123
920 3118
925 3111
930 3101
935 3101
940 3101
945 3090
950 3079
955 3065
960 3014
965 3014
970 3014
975 3012
980 3005
985 2999
990 2989
995 2967
1000 2959
1005 2955
1010 2953
1015 2940
1020 2935
1025 2930
1030 2924
1035 2917
1040 2910
1045 2895
1050 2890
1055 2885
1060 2880
1065 2875
1070 2575
1075 2569
1080 2564
1085 2557
1090 2531
1095 2526
1100 2519
1105 2507
1110 2504
1115 2486
1120 2445
1125 2396
1130 2396
1135 2392
1140 2392
1145 2382
1150 2377
1155 2363
1160 2353
1165 2347
1170 2333
1175 2328
1180 2320
1185 2293
1190 2273
1195 2273
1200 2273
1205 2254
1210 2235
1215 2226
1220 2216
1225 2210
1230 2202
1235 2196
1240 2191
1245 2179
1250 2174
1255 2169
1260 2149
1265 2137
1270 2128
1275 2123
1280 2119
1285 2113
1290 2103
1295 2097
1300 2086
1305 2069
1310 2057
1315 2052
1320 2046
1325 2038
1330 1973
1335 1973
1340 1959
1345 1954
1350 1951
1355 1945
1360 1936
1365 1931
1370 1925
1375 1919
1380 1906
1385 1902
1390 1404
1395 1402
1400 1396
1405 1396
1410 1396
1415 1378
1420 1364
1425 1355
1430 1351
1435 1345
1440 1342
1445 1336
1450 1331
1455 1326
1460 1289
1465 1288
1470 689
1475 667
1480 667
1485 667
1490 667
1495 667
1500 667
1505 667
1510 667
1515 667
1520 667
1525 667
1530 667
1535 650
1540 617
1545 617
1550 614
1555 611
1560 611
1565 611
1570 611
1575 611
1580 611
1585 611
1590 611
1595 611
1600 611
1605 611
1610 611
1615 611
1620 611
1625 611
1630 611
1635 611
1640 611
1645 611
1650 610
1655 597
1660 597
1665 588
1670 585
1675 559
1680 557
1685 549
1690 535
1695 535
1700 535
1705 535
1710 535
1715 535
1720 535
1725 535
1730 535
1735 535
1740 529
1745 517
1750 515
1755 515
1760 515
1765 515
1770 515
1775 515
1780 515
1785 515
1790 515
1795 515
1800 515
1805 515
1810 515
1815 515
1820 515
1825 515
1830 515
1835 515
1840 515
1845 515
1850 515
1855 515
1860 515
1865 513
1870 512
1875 510
1880 510
1885 510
1890 510
1895 510
1900 489
1905 487
1910 487
1915 487
1920 487
1925 487
1930 487
1935 487
1940 487
1945 483
1950 483
1955 477
1960 465
1965 465
1970 463
1975 463
1980 459
1985 387
1990 387
1995 387
2000 387
2005 387
2010 379
2015 378
2020 377
2025 377
2030 374
2035 322
2040 322
2045 322
2050 322
2055 320
2060 320
2065 320
2070 320
2075 320
2080 320
2085 320
2090 313
2095 313
2100 304
2105 304
2110 303
2115 303
2120 303
2125 303
2130 303
2135 303
2140 302
2145 275
2150 247
2155 247
2160 241
2165 241
2170 241
2175 241
2180 241
2185 231
2190 231
2195 210
2200 210
2205 210
2210 208
2215 208
2220 207
2225 207
2230 207
2235 207
2240 207
2245 207
2250 207
2255 204
2260 202
2265 202
2270 202
2275 193
2280 193
2285 193
2290 193
2295 193
2300 193
2305 187
2310 185
2315 185
2320 158
2325 110
2330 110
2335 110
2340 110
2345 110
2350 110
2355 110
2360 110
2365 98
2370 97
2375 97
2380 97
2385 97
2390 80
2395 67
2400 67
2405 67
2410 67
2415 67
2420 67
2425 67
2430 67
2435 67
2440 67
2445 67
2450 67
2455 67
2460 67
2465 67
2470 67
2475 67
2480 67
2485 67
2490 67
2495 67
2500 67
2505 67
2510 67
2515 67
2520 67
2525 67
2530 67
2535 67
2540 67
2545 67
2550 67
2555 67
2560 67
2565 67
2570 67
2575 67
2580 67
2585 67
2590 67
2595 64
2600 64
2605 63
2610 62
2615 62
2620 62
2625 62
2630 62
2635 62
2640 62
2645 62
2650 62
2655 62
2660 62
2665 62
2670 62
2675 62
2680 62
2685 62
2690 62
2695 62
2700 60
2705 60
2710 60
2715 60
2720 60
2725 43
2730 43
2735 43
2740 43
2745 43
2750 43
2755 43
2760 43
2765 43
2770 43
2775 43
2780 43
2785 43
2790 43
2795 43
2800 43
2805 43
2810 43
2815 43
2820 43
2825 43
2830 43
2835 43
2840 41
2845 40
2850 36
2855 36
2860 36
2865 35
2870 35
2875 35
2880 35
2885 35
2890 35
