0 4634
5 4634
10 4634
15 4634
20 4634
25 4634
30 4634
35 4634
40 4634
45 4634
50 4634
55 4634
60 4634
65 4634
70 4634
75 4634
80 4634
85 4634
90 4634
95 4634
100 4634
105 4599
110 4599
115 4599
120 4599
125 4599
130 4599
135 4593
140 4592
145 4592
150 4588
155 4588
160 4588
165 4588
170 4587
175 4587
180 4587
185 4587
190 4587
195 4583
200 4583
205 4583
210 4583
215 4583
220 4583
225 4583
230 4581
235 4577
240 4575
245 4575
250 4574
255 4574
260 4567
265 4566
270 4566
275 4566
280 4566
285 4565
290 4565
295 4565
300 4560
305 4558
310 4558
315 4558
320 4549
325 4549
330 4548
335 4545
340 4544
345 4540
350 4540
355 4540
360 4540
365 4540
370 4540
375 4535
380 4533
385 4533
390 4533
395 4531
400 4524
405 4524
410 4524
415 4524
420 4524
425 4524
430 4518
435 4509
440 4509
445 4508
450 4508
455 4503
460 4503
465 4502
470 4502
475 4502
480 4502
485 4499
490 4490
495 4489
500 4489
505 4487
510 4487
515 4487
520 4483
525 4471
530 4466
535 4465
540 4465
545 4460
550 4456
555 4456
560 4454
565 4452
570 4445
575 4439
580 4439
585 4437
590 4433
595 4433
600 4407
605 4406
610 4405
615 4404
620 4402
625 4402
630 4395
635 4390
640 4390
645 4387
650 4382
655 4382
660 4381
665 4375
670 4371
675 4371
680 4370
685 4369
690 4368
695 4363
700 4361
705 4360
710 4353
715 4348
720 4348
725 4344
730 4344
735 4301
740 4301
745 4298
750 4298
755 4293
760 4293
765 4285
770 4270
775 4268
780 4264
785 4264
790 4264
795 4262
800 4261
805 4260
810 4258
815 4256
820 4255
825 4244
830 4241
835 4230
840 4230
845 4230
850 4230
855 4220
860 4216
865 4207
870 4203
875 4201
880 4200
885 4200
890 4198
895 4191
900 4178
905 4164
910 4164
915 4161
920 4161
925 4158
930 4150
935 4149
940 4147
945 4138
950 4134
955 4134
960 4115
965 4114
970 4109
975 4103
980 4102
985 4101
990 4099
995 4098
1000 4097
1005 4093
1010 4092
1015 4092
1020 4092
1025 4092
1030 4092
1035 4092
1040 4087
1045 4077
1050 4076
1055 4073
1060 4073
1065 4068
1070 4063
1075 4040
1080 4038
1085 4029
1090 4026
1095 4019
1100 4018
1105 4014
1110 4014
1115 4009
1120 3974
1125 3970
1130 3966
1135 3966
1140 3960
1145 3960
1150 3945
1155 3942
1160 3941
1165 3938
1170 3932
1175 3929
1180 3925
1185 3923
1190 3914
1195 3912
1200 3906
1205 3903
1210 3889
1215 3888
1220 3873
1225 3867
1230 3824
1235 3798
1240 3796
1245 3792
1250 3792
1255 3791
1260 3790
1265 3789
1270 3789
1275 3786
1280 3784
1285 3777
1290 3777
1295 3764
1300 3755
1305 3752
1310 3745
1315 3735
1320 3731
1325 3722
1330 3711
1335 3709
1340 3696
1345 3695
1350 3691
1355 3691
1360 3691
1365 3671
1370 3670
1375 3661
1380 3640
1385 3638
1390 3638
1395 3638
1400 3600
1405 3598
1410 3593
1415 3592
1420 3587
1425 3581
1430 3578
1435 3577
1440 3577
1445 3572
1450 3544
1455 3536
1460 3532
1465 3529
1470 3527
1475 3527
1480 3516
1485 3510
1490 3506
1495 3504
1500 3485
1505 3477
1510 3471
1515 3466
1520 3447
1525 3441
1530 3429
1535 3424
1540 3424
1545 3421
1550 3418
1555 3415
1560 3410
1565 3404
1570 3401
1575 3393
1580 3380
1585 3380
1590 3380
1595 3376
1600 3373
1605 3370
1610 3362
1615 3353
1620 3350
1625 3349
1630 3339
1635 3333
1640 3330
1645 3328
1650 3322
1655 3317
1660 3315
1665 3310
1670 3296
1675 3290
1680 3276
1685 3267
1690 3264
1695 3263
1700 3262
1705 3259
1710 3251
1715 3245
1720 3241
1725 3240
1730 3240
1735 3237
1740 3232
1745 3225
1750 3214
1755 3198
1760 3189
1765 3187
1770 3169
1775 3162
1780 3125
1785 3120
1790 3117
1795 3087
1800 3087
1805 3085
1810 3079
1815 3078
1820 3078
1825 3060
1830 3050
1835 3046
1840 3044
1845 3034
1850 3033
1855 3026
1860 3020
1865 3013
1870 3011
1875 2987
1880 2985
1885 2977
1890 2936
1895 2933
1900 2925
1905 2919
1910 2909
1915 2901
1920 2898
1925 2878
1930 2873
1935 2871
1940 2863
1945 2859
1950 2854
1955 2854
1960 2812
1965 2811
1970 2800
1975 2798
1980 2724
1985 2720
1990 2719
1995 2711
2000 2710
2005 2710
2010 2698
2015 2689
2020 2688
2025 2687
2030 2683
2035 2678
2040 2676
2045 2675
2050 2669
2055 2643
2060 2639
2065 2636
2070 2629
2075 2623
2080 2622
2085 2620
2090 2618
2095 2604
2100 2597
2105 2595
2110 2592
2115 2583
2120 2581
2125 2570
2130 2557
2135 2551
2140 2550
2145 2547
2150 2518
2155 2516
2160 2513
2165 2505
2170 2496
2175 2495
2180 2493
2185 2488
2190 2485
2195 2432
2200 2427
2205 2412
2210 2410
2215 2407
2220 2404
2225 2394
2230 2387
2235 2379
2240 2375
2245 2323
2250 2321
2255 2312
2260 2309
2265 2282
2270 2277
2275 2274
2280 2263
2285 2253
2290 2253
2295 2251
2300 2249
2305 2242
2310 2229
2315 2228
2320 2223
2325 2221
2330 2162
2335 2161
2340 2149
2345 2141
2350 2140
2355 2138
2360 2137
2365 2134
2370 2124
2375 2116
2380 2108
2385 2103
2390 2103
2395 2098
2400 2096
2405 2096
2410 2089
2415 2070
2420 2070
2425 2054
2430 2053
2435 2052
2440 2032
2445 2015
2450 2009
2455 1975
2460 1971
2465 1970
2470 1827
2475 1825
2480 1747
2485 1743
2490 1741
2495 1727
2500 1725
2505 1723
2510 1719
2515 1712
2520 1711
2525 1711
2530 1706
2535 1697
2540 1683
2545 1676
2550 1644
2555 1586
2560 1583
2565 1581
2570 1572
2575 1571
2580 1571
2585 1569
2590 1568
2595 1568
2600 1563
2605 1551
2610 1547
2615 1545
2620 1545
2625 1536
2630 1527
2635 1527
2640 1504
2645 1503
2650 1491
2655 1491
2660 1475
2665 1469
2670 1469
2675 1467
2680 1467
2685 1372
2690 1369
2695 1367
2700 1367
2705 1357
2710 1354
2715 1353
2720 1351
2725 1349
2730 1349
2735 1343
2740 1341
2745 1335
2750 1335
2755 1333
2760 1324
2765 1323
2770 1323
2775 1322
2780 1320
2785 1320
2790 1318
2795 1318
2800 1318
2805 1307
2810 1307
2815 1306
2820 1306
2825 1301
2830 1301
2835 1295
2840 1295
2845 1294
2850 1067
2855 1067
2860 1065
2865 994
2870 992
2875 992
2880 992
2885 987
2890 974
2895 974
2900 972
2905 972
2910 972
2915 972
2920 972
2925 965
2930 964
2935 963
2940 963
2945 950
2950 950
2955 945
2960 945
2965 944
2970 940
2975 933
2980 933
2985 933
2990 927
2995 926
3000 923
3005 906
3010 790
3015 790
3020 790
3025 790
3030 788
3035 781
3040 780
3045 779
3050 778
3055 774
3060 768
3065 756
3070 754
3075 754
3080 754
3085 753
3090 753
3095 753
3100 750
3105 653
3110 634
3115 634
3120 633
3125 633
3130 633
3135 617
3140 617
3145 613
3150 612
3155 612
3160 612
3165 612
3170 612
3175 608
3180 607
3185 606
3190 605
3195 605
3200 605
3205 605
3210 605
3215 605
3220 602
3225 602
3230 602
3235 602
3240 600
3245 600
3250 600
3255 600
3260 600
3265 575
3270 575
3275 562
3280 561
3285 560
3290 560
3295 560
3300 559
3305 556
3310 556
3315 553
3320 549
3325 549
3330 549
3335 540
3340 539
3345 539
3350 488
3355 453
3360 453
3365 453
3370 442
3375 442
3380 442
3385 442
3390 434
3395 434
3400 376
3405 375
3410 375
3415 375
3420 374
3425 341
3430 339
3435 339
3440 339
3445 339
3450 339
3455 335
3460 335
3465 335
3470 335
3475 327
3480 327
3485 327
3490 327
3495 324
3500 324
3505 324
3510 324
3515 324
3520 324
3525 324
3530 324
3535 324
3540 324
3545 269
3550 269
3555 269
3560 269
3565 269
3570 269
3575 269
3580 269
3585 269
3590 269
3595 269
3600 269
3605 268
3610 268
3615 259
3620 259
3625 259
3630 259
3635 259
3640 259
3645 259
3650 257
3655 257
3660 257
3665 257
3670 257
3675 256
3680 256
3685 256
3690 256
3695 256
3700 256
3705 256
3710 256
3715 224
3720 224
3725 222
3730 222
3735 222
3740 220
3745 219
3750 219
3755 219
3760 217
3765 217
3770 217
3775 217
3780 217
3785 217
3790 217
3795 217
3800 217
3805 217
3810 217
3815 202
3820 202
3825 202
3830 180
3835 180
3840 180
3845 180
3850 180
3855 180
3860 180
3865 180
3870 178
3875 178
3880 177
3885 177
3890 177
3895 172
3900 172
3905 172
3910 171
3915 169
3920 153
3925 153
3930 152
3935 151
3940 147
3945 147
3950 147
3955 147
3960 143
3965 143
3970 136
3975 136
3980 135
3985 135
3990 124
3995 123
4000 123
4005 123
4010 123
4015 123
4020 123
4025 123
4030 123
4035 123
4040 123
4045 123
4050 123
4055 119
4060 119
4065 119
4070 119
4075 119
4080 118
4085 118
4090 117
4095 117
4100 117
4105 117
4110 117
4115 117
4120 117
4125 117
4130 106
4135 106
4140 97
4145 96
4150 96
4155 96
4160 93
4165 93
4170 93
4175 93
4180 93
4185 93
4190 93
4195 93
4200 88
4205 88
4210 88
4215 88
4220 88
4225 88
4230 88
4235 88
4240 88
4245 88
4250 82
4255 80
4260 80
4265 80
4270 80
4275 80
4280 80
4285 80
4290 80
4295 78
4300 78
4305 78
4310 78
4315 78
4320 76
4325 76
4330 76
4335 76
4340 76
4345 66
4350 66
4355 66
4360 66
4365 57
4370 55
4375 55
4380 55
4385 55
4390 55
4395 55
4400 55
4405 55
4410 55
4415 55
4420 55
4425 55
4430 41
4435 41
4440 41
4445 41
4450 41
4455 41
4460 41
4465 41
4470 41
4475 40
4480 40
4485 40
4490 40
4495 40
4500 40
4505 40
4510 40
4515 40
4520 40
4525 40
4530 40
4535 40
4540 40
4545 40
4550 40
4555 40
4560 40
4565 40
4570 40
4575 40
4580 40
4585 40
4590 40
4595 40
4600 40
4605 40
4610 39
4615 39
4620 39
4625 39
4630 39
4635 39
4640 39
4645 39
4650 39
4655 39
4660 39
4665 39
4670 39
4675 39
4680 39
4685 39
4690 39
4695 39
4700 39
4705 39
4710 39
4715 39
4720 35
4725 35
4730 35
4735 33
4740 33
4745 33
4750 33
4755 33
4760 33
4765 33
4770 33
4775 33
4780 33
4785 33
4790 33
4795 33
4800 33
4805 33
4810 33
4815 33
4820 33
4825 33
4830 33
4835 33
4840 33
4845 33
4850 33
4855 33
4860 33
4865 33
4870 33
4875 33
4880 33
4885 33
4890 33
4895 33
4900 33
4905 33
4910 33
4915 33
4920 33
4925 33
4930 33
4935 33
4940 33
4945 33
4950 33
4955 33
4960 29
4965 29
4970 29
4975 29
4980 29
4985 29
4990 29
4995 29
5000 29
5005 29
5010 29
5015 29
5020 29
5025 28
5030 28
5035 23
5040 15
5045 15
5050 15
5055 15
5060 15
5065 15
5070 15
5075 15
5080 15
5085 15
5090 15
5095 15
5100 15
5105 15
5110 15
5115 15
5120 15
5125 15
5130 15
5135 15
5140 13
5145 13
5150 13
5155 13
5160 13
5165 13
5170 13
5175 13
5180 13
5185 13
5190 13
5195 13
5200 13
5205 13
5210 13
5215 13
5220 13
5225 13
5230 13
5235 13
5240 13
5245 13
5250 13
5255 13
5260 13
5265 13
5270 13
5275 13
5280 13
5285 13
5290 13
5295 13
5300 13
5305 13
5310 12
5315 12
5320 12
5325 12
5330 12
5335 12
5340 12
5345 12
5350 12
5355 12
5360 12
5365 12
5370 12
5375 9
5380 9
5385 9
5390 9
5395 9
5400 9
5405 9
5410 9
5415 9
5420 9
5425 9
5430 9
5435 9
5440 9
5445 9
5450 9
5455 9
5460 9
5465 9
5470 9
5475 9
5480 9
5485 9
5490 9
5495 9
5500 9
5505 9
5510 9
5515 9
5520 8
5525 8
5530 8
5535 8
5540 8
5545 8
5550 8
5555 8
5560 8
5565 8
5570 8
5575 8
5580 8
5585 8
5590 8
5595 8
5600 8
5605 8
5610 8
5615 8
5620 8
5625 8
5630 8
5635 8
5640 8
5645 8
5650 8
5655 8
5660 8
5665 8
5670 8
5675 8
5680 8
5685 8
5690 8
5695 8
5700 8
5705 8
5710 8
5715 8
5720 8
5725 8
5730 8
5735 8
5740 8
5745 8
5750 8
5755 8
5760 8
5765 8
5770 8
5775 8
5780 8
5785 8
5790 8
5795 8
5800 8
5805 8
5810 8
5815 8
5820 8
5825 8
5830 8
5835 8
5840 8
5845 8
5850 8
5855 8
5860 8
5865 8
5870 8
5875 8
5880 8
5885 8
5890 5
5895 5
5900 5
5905 5
5910 5
5915 5
5920 5
5925 5
5930 5
5935 5
5940 5
5945 5
5950 5
5955 5
5960 5
5965 5
5970 5
5975 5
5980 5
5985 5
5990 5
5995 5
6000 5
6005 5
6010 5
6015 5
6020 5
6025 5
6030 5
6035 5
6040 5
6045 5
6050 5
6055 5
6060 5
6065 4
6070 4
6075 4
6080 4
6085 4
6090 4
6095 4
6100 4
6105 4
6110 4
6115 4
6120 4
6125 4
6130 4
6135 4
6140 4
6145 4
6150 4
6155 4
6160 4
6165 4
6170 4
6175 4
6180 4
6185 4
6190 4
6195 4
6200 4
6205 3
6210 3
6215 3
6220 3
6225 3
6230 3
6235 3
6240 3
6245 2
6250 2
6255 2
6260 2
6265 2
6270 2
6275 2
6280 2
6285 1
