0 4634
5 4627
10 4614
15 4608
20 4603
25 4598
30 4593
35 4588
40 4580
45 4575
50 4566
55 4561
60 4551
65 4542
70 4536
75 4530
80 4523
85 4518
90 4513
95 4507
100 4501
105 4496
110 4491
115 4457
120 4449
125 4441
130 4435
135 4429
140 4424
145 4416
150 4411
155 4405
160 4399
165 4391
170 4386
175 4381
180 4374
185 4368
190 4361
195 4356
200 4350
205 4344
210 4338
215 4330
220 4322
225 4316
230 4311
235 4303
240 4292
245 4271
250 4270
255 4264
260 4253
265 4239
270 4234
275 4228
280 4222
285 4209
290 4201
295 4190
300 4188
305 4183
310 4177
315 4171
320 4165
325 4160
330 4143
335 4133
340 4120
345 4115
350 4110
355 4090
360 4057
365 4055
370 4038
375 4033
380 4028
385 4023
390 4016
395 4011
400 3998
405 3982
410 3979
415 3970
420 3966
425 3954
430 3947
435 3941
440 3935
445 3929
450 3922
455 3914
460 3909
465 3903
470 3898
475 3892
480 3864
485 3853
490 3848
495 3843
500 3836
505 3822
510 3822
515 3819
520 3812
525 3807
530 3796
535 3786
540 3782
545 3764
550 3759
555 3748
560 3743
565 3738
570 3733
575 3721
580 3715
585 3704
590 3701
595 3696
600 3691
605 3689
610 3682
615 3678
620 3671
625 3665
630 3659
635 3652
640 3648
645 3641
650 3636
655 3630
660 3622
665 3618
670 3612
675 3538
680 3532
685 3524
690 3519
695 3509
700 3492
705 3482
710 3478
715 3464
720 3455
725 3449
730 3440
735 3427
740 3417
745 3412
750 3406
755 3399
760 3393
765 3388
770 3382
775 3376
780 3372
785 3368
790 3339
795 3332
800 3320
805 3317
810 3311
815 3306
820 3299
825 3291
830 3283
835 3275
840 3267
845 3260
850 3254
855 3247
860 3238
865 3233
870 3226
875 3219
880 3206
885 3193
890 3186
895 3178
900 3166
905 3161
910 3150
915 3146
920 3126
925 3121
930 3111
935 3104
940 3099
945 3088
950 3084
955 3079
960 3055
965 3050
970 3006
975 3006
980 3006
985 3005
990 2976
995 2969
1000 2961
1005 2949
1010 2940
1015 2935
1020 2931
1025 2920
1030 2915
1035 2908
1040 2895
1045 2891
1050 2886
1055 2880
1060 2871
1065 2865
1070 2859
1075 2840
1080 2800
1085 2796
1090 2783
1095 2780
1100 2774
1105 2769
1110 2764
1115 2744
1120 2737
1125 2731
1130 2715
1135 2678
1140 2670
1145 2631
1150 2616
1155 2603
1160 2594
1165 2588
1170 2581
1175 2575
1180 2568
1185 2557
1190 2554
1195 2541
1200 2535
1205 2533
1210 2533
1215 2533
1220 2527
1225 2493
1230 2480
1235 2471
1240 2469
1245 2457
1250 2447
1255 2439
1260 2422
1265 2410
1270 2405
1275 2395
1280 2395
1285 2369
1290 2361
1295 2354
1300 2345
1305 2334
1310 2328
1315 2323
1320 2294
1325 2289
1330 2282
1335 2277
1340 2263
1345 2234
1350 2231
1355 2217
1360 2216
1365 2209
1370 2201
1375 2194
1380 2188
1385 2182
1390 2112
1395 2110
1400 2067
1405 2067
1410 2063
1415 2062
1420 2062
1425 2046
1430 2033
1435 2024
1440 2020
1445 2017
1450 2008
1455 1981
1460 1976
1465 1971
1470 1922
1475 1920
1480 1914
1485 1175
1490 1175
1495 1175
1500 1167
1505 932
1510 931
1515 931
1520 931
1525 926
1530 926
1535 926
1540 926
1545 925
1550 910
1555 886
1560 883
1565 879
1570 879
1575 879
1580 879
1585 879
1590 879
1595 879
1600 879
1605 879
1610 879
1615 879
1620 779
1625 775
1630 769
1635 769
1640 769
1645 769
1650 769
1655 769
1660 762
1665 739
1670 732
1675 692
1680 690
1685 681
1690 678
1695 668
1700 663
1705 661
1710 660
1715 660
1720 617
1725 617
1730 617
1735 615
1740 585
1745 493
1750 492
1755 492
1760 492
1765 492
1770 492
1775 492
1780 492
1785 492
1790 492
1795 491
1800 491
1805 491
1810 491
1815 491
1820 491
1825 491
1830 491
1835 491
1840 491
1845 491
1850 491
1855 491
1860 491
1865 476
1870 472
1875 470
1880 464
1885 464
1890 449
1895 449
1900 449
1905 439
1910 436
1915 436
1920 436
1925 436
1930 436
1935 436
1940 436
1945 436
1950 436
1955 436
1960 430
1965 430
1970 430
1975 430
1980 427
1985 426
1990 426
1995 426
2000 426
2005 426
2010 426
2015 426
2020 426
2025 426
2030 426
2035 426
2040 367
2045 365
2050 362
2055 362
2060 362
2065 362
2070 360
2075 360
2080 360
2085 360
2090 360
2095 360
2100 360
2105 360
2110 360
2115 360
2120 360
2125 254
2130 254
2135 254
2140 254
2145 245
2150 245
2155 228
2160 228
2165 228
2170 228
2175 228
2180 228
2185 209
2190 209
2195 209
2200 209
2205 209
2210 209
2215 209
2220 209
2225 209
2230 208
2235 201
2240 201
2245 201
2250 201
2255 201
2260 201
2265 201
2270 201
2275 201
2280 201
2285 201
2290 201
2295 201
2300 201
2305 201
2310 201
2315 199
2320 199
2325 197
2330 175
2335 175
2340 175
2345 175
2350 175
2355 175
2360 172
2365 172
2370 167
2375 165
2380 127
2385 83
2390 83
2395 83
2400 83
2405 83
2410 83
2415 83
2420 82
2425 81
2430 81
2435 81
2440 77
2445 69
2450 69
2455 69
2460 69
2465 69
2470 69
2475 69
2480 69
2485 69
2490 69
2495 69
2500 69
2505 69
2510 69
2515 69
2520 69
2525 69
2530 69
2535 69
2540 69
2545 69
2550 69
2555 69
2560 69
2565 69
2570 69
2575 68
2580 68
2585 68
2590 68
2595 68
2600 68
2605 68
2610 68
2615 68
2620 68
2625 68
2630 68
2635 66
2640 66
2645 66
2650 66
2655 66
2660 66
2665 66
2670 66
2675 66
2680 66
2685 66
2690 66
2695 66
2700 66
2705 66
2710 64
2715 64
2720 64
2725 64
2730 64
2735 64
2740 64
2745 64
2750 64
2755 63
2760 63
2765 63
2770 63
2775 63
2780 63
2785 63
2790 63
2795 60
2800 60
2805 60
2810 60
2815 60
2820 60
2825 60
2830 60
2835 60
2840 58
2845 30
2850 30
2855 25
2860 25
2865 25
2870 25
2875 25
2880 25
2885 25
2890 24
2895 24
2900 23
2905 23
2910 23
2915 23
2920 23
2925 23
2930 23
2935 23
2940 23
