0 4634
5 4634
10 4634
15 4634
20 4634
25 4634
30 4634
35 4633
40 4632
45 4632
50 4632
55 4632
60 4632
65 4630
70 4630
75 4630
80 4625
85 4625
90 4625
95 4625
100 4625
105 4625
110 4625
115 4625
120 4625
125 4625
130 4625
135 4625
140 4624
145 4624
150 4624
155 4619
160 4619
165 4619
170 4619
175 4612
180 4612
185 4611
190 4610
195 4610
200 4609
205 4609
210 4608
215 4608
220 4607
225 4607
230 4597
235 4595
240 4594
245 4594
250 4568
255 4568
260 4568
265 4568
270 4568
275 4568
280 4568
285 4567
290 4567
295 4567
300 4567
305 4566
310 4566
315 4566
320 4566
325 4562
330 4561
335 4556
340 4556
345 4555
350 4555
355 4553
360 4551
365 4551
370 4551
375 4551
380 4533
385 4532
390 4532
395 4530
400 4530
405 4530
410 4527
415 4524
420 4503
425 4503
430 4490
435 4490
440 4490
445 4489
450 4484
455 4479
460 4479
465 4477
470 4471
475 4471
480 4469
485 4466
490 4454
495 4452
500 4451
505 4451
510 4450
515 4446
520 4445
525 4445
530 4444
535 4444
540 4444
545 4441
550 4435
555 4429
560 4429
565 4429
570 4426
575 4409
580 4401
585 4399
590 4395
595 4395
600 4395
605 4390
610 4369
615 4368
620 4368
625 4368
630 4363
635 4363
640 4361
645 4361
650 4360
655 4349
660 4349
665 4345
670 4344
675 4342
680 4342
685 4342
690 4339
695 4339
700 4339
705 4331
710 4328
715 4328
720 4324
725 4321
730 4318
735 4317
740 4315
745 4315
750 4315
755 4311
760 4310
765 4303
770 4300
775 4300
780 4300
785 4300
790 4290
795 4289
800 4289
805 4284
810 4281
815 4280
820 4278
825 4277
830 4277
835 4275
840 4270
845 4267
850 4263
855 4260
860 4260
865 4260
870 4257
875 4257
880 4254
885 4218
890 4211
895 4209
900 4202
905 4201
910 4200
915 4198
920 4197
925 4196
930 4196
935 4178
940 4176
945 4170
950 4163
955 4161
960 4161
965 4158
970 4158
975 4157
980 4155
985 4153
990 4099
995 4094
1000 4094
1005 4089
1010 4087
1015 4083
1020 4083
1025 4066
1030 4060
1035 4056
1040 4046
1045 4045
1050 4045
1055 4044
1060 4031
1065 4021
1070 4021
1075 3998
1080 3990
1085 3983
1090 3981
1095 3981
1100 3963
1105 3957
1110 3954
1115 3953
1120 3953
1125 3949
1130 3945
1135 3940
1140 3939
1145 3928
1150 3926
1155 3908
1160 3900
1165 3889
1170 3888
1175 3886
1180 3885
1185 3880
1190 3880
1195 3874
1200 3870
1205 3676
1210 3663
1215 3661
1220 3656
1225 3655
1230 3655
1235 3653
1240 3652
1245 3637
1250 3632
1255 3630
1260 3628
1265 3625
1270 3607
1275 3575
1280 3571
1285 3571
1290 3568
1295 3563
1300 3557
1305 3555
1310 3549
1315 3547
1320 3545
1325 3528
1330 3525
1335 3525
1340 3514
1345 3511
1350 3506
1355 3501
1360 3495
1365 3487
1370 3481
1375 3473
1380 3473
1385 3449
1390 3449
1395 3449
1400 3448
1405 3447
1410 3441
1415 3432
1420 3419
1425 3417
1430 3414
1435 3414
1440 3414
1445 3410
1450 3406
1455 3397
1460 3385
1465 3385
1470 3377
1475 3377
1480 3367
1485 3353
1490 3352
1495 3352
1500 3352
1505 3349
1510 3329
1515 3329
1520 3328
1525 3325
1530 3322
1535 3321
1540 3318
1545 3304
1550 3288
1555 3286
1560 3285
1565 3283
1570 3263
1575 3262
1580 3256
1585 3256
1590 3232
1595 3232
1600 3230
1605 3223
1610 3222
1615 3180
1620 3172
1625 3168
1630 3158
1635 3150
1640 3145
1645 3135
1650 3132
1655 3129
1660 3116
1665 3108
1670 3097
1675 3096
1680 3092
1685 3079
1690 3072
1695 3065
1700 3062
1705 3062
1710 3059
1715 3058
1720 3032
1725 3030
1730 3025
1735 2961
1740 2960
1745 2959
1750 2954
1755 2951
1760 2948
1765 2941
1770 2937
1775 2931
1780 2931
1785 2931
1790 2928
1795 2919
1800 2914
1805 2885
1810 2885
1815 2881
1820 2867
1825 2856
1830 2855
1835 2849
1840 2847
1845 2787
1850 2784
1855 2781
1860 2775
1865 2762
1870 2762
1875 2760
1880 2755
1885 2754
1890 2744
1895 2736
1900 2733
1905 2728
1910 2720
1915 2716
1920 2700
1925 2693
1930 2677
1935 2674
1940 2670
1945 2667
1950 2662
1955 2655
1960 2648
1965 2646
1970 2646
1975 2643
1980 2642
1985 2627
1990 2625
1995 2615
2000 2611
2005 2611
2010 2592
2015 2592
2020 2590
2025 2585
2030 2568
2035 2568
2040 2568
2045 2562
2050 2562
2055 2561
2060 2560
2065 2557
2070 2544
2075 2542
2080 2538
2085 2535
2090 2527
2095 2507
2100 2500
2105 2497
2110 2496
2115 2495
2120 2488
2125 2481
2130 2472
2135 2457
2140 2452
2145 2449
2150 2442
2155 2432
2160 2431
2165 2426
2170 2420
2175 2405
2180 2403
2185 2394
2190 2383
2195 2382
2200 2379
2205 2358
2210 2356
2215 2347
2220 2346
2225 2343
2230 2340
2235 2339
2240 2335
2245 2334
2250 2333
2255 2330
2260 2329
2265 2329
2270 2325
2275 2308
2280 2297
2285 2270
2290 2268
2295 2266
2300 2254
2305 2246
2310 2240
2315 2240
2320 2239
2325 2223
2330 2220
2335 2205
2340 2205
2345 2195
2350 2192
2355 2147
2360 2146
2365 2144
2370 2142
2375 2135
2380 2133
2385 2122
2390 2119
2395 2116
2400 2110
2405 2108
2410 2055
2415 2048
2420 2047
2425 2040
2430 2039
2435 2039
2440 2035
2445 2035
2450 2032
2455 2028
2460 2023
2465 2017
2470 2013
2475 2006
2480 2002
2485 1985
2490 1984
2495 1982
2500 1962
2505 1962
2510 1958
2515 1941
2520 1724
2525 1724
2530 1720
2535 1714
2540 1714
2545 1712
2550 1708
2555 1704
2560 1703
2565 1701
2570 1675
2575 1673
2580 1670
2585 1644
2590 1641
2595 1638
2600 1608
2605 1601
2610 1599
2615 1594
2620 1580
2625 1570
2630 1564
2635 1555
2640 1551
2645 1541
2650 1541
2655 1533
2660 1532
2665 1505
2670 1503
2675 1486
2680 1444
2685 1444
2690 1435
2695 1423
2700 1422
2705 1417
2710 1287
2715 1287
2720 1264
2725 1264
2730 1257
2735 1254
2740 1254
2745 1251
2750 1245
2755 1228
2760 1224
2765 1224
2770 1218
2775 1218
2780 1213
2785 1213
2790 1212
2795 1204
2800 1191
2805 1183
2810 1182
2815 1182
2820 1172
2825 1169
2830 1167
2835 1151
2840 1150
2845 1149
2850 1146
2855 1145
2860 1099
2865 1053
2870 1053
2875 1045
2880 1032
2885 1032
2890 1032
2895 1032
2900 1032
2905 1014
2910 954
2915 952
2920 951
2925 949
2930 949
2935 949
2940 943
2945 938
2950 937
2955 937
2960 933
2965 911
2970 907
2975 907
2980 907
2985 904
2990 903
2995 903
3000 887
3005 880
3010 682
3015 677
3020 669
3025 669
3030 669
3035 669
3040 664
3045 664
3050 662
3055 662
3060 662
3065 662
3070 660
3075 659
3080 654
3085 653
3090 653
3095 646
3100 645
3105 645
3110 644
3115 643
3120 643
3125 643
3130 643
3135 638
3140 633
3145 630
3150 630
3155 630
3160 630
3165 627
3170 627
3175 627
3180 627
3185 625
3190 624
3195 624
3200 622
3205 622
3210 622
3215 621
3220 616
3225 610
3230 608
3235 605
3240 605
3245 592
3250 591
3255 588
3260 586
3265 580
3270 578
3275 577
3280 576
3285 576
3290 576
3295 576
3300 576
3305 573
3310 573
3315 571
3320 571
3325 571
3330 570
3335 570
3340 569
3345 569
3350 567
3355 567
3360 566
3365 565
3370 565
3375 563
3380 553
3385 552
3390 549
3395 549
3400 500
3405 500
3410 500
3415 500
3420 500
3425 491
3430 344
3435 344
3440 344
3445 344
3450 342
3455 341
3460 338
3465 338
3470 338
3475 338
3480 338
3485 338
3490 338
3495 334
3500 333
3505 324
3510 323
3515 323
3520 323
3525 323
3530 323
3535 323
3540 323
3545 318
3550 318
3555 307
3560 307
3565 305
3570 305
3575 305
3580 305
3585 304
3590 304
3595 304
3600 295
3605 295
3610 291
3615 290
3620 289
3625 262
3630 262
3635 262
3640 262
3645 262
3650 255
3655 252
3660 252
3665 252
3670 251
3675 251
3680 251
3685 251
3690 251
3695 246
3700 223
3705 223
3710 223
3715 223
3720 223
3725 223
3730 223
3735 223
3740 223
3745 223
3750 222
3755 222
3760 222
3765 218
3770 218
3775 218
3780 218
3785 218
3790 218
3795 218
3800 218
3805 200
3810 200
3815 198
3820 198
3825 197
3830 197
3835 197
3840 197
3845 197
3850 197
3855 175
3860 174
3865 172
3870 168
3875 168
3880 104
3885 104
3890 104
3895 104
3900 104
3905 104
3910 104
3915 104
3920 104
3925 102
3930 102
3935 102
3940 102
3945 102
3950 102
3955 102
3960 102
3965 102
3970 72
3975 70
3980 70
3985 70
3990 70
3995 70
4000 70
4005 70
4010 70
4015 70
4020 70
4025 70
4030 70
4035 70
4040 70
4045 70
4050 70
4055 70
4060 70
4065 66
4070 66
4075 66
4080 66
4085 66
4090 66
4095 66
4100 61
4105 61
4110 61
4115 60
4120 60
4125 60
4130 60
4135 60
4140 60
4145 60
4150 60
4155 60
4160 60
4165 58
4170 57
4175 57
4180 57
4185 57
4190 57
4195 57
4200 57
4205 57
4210 57
4215 57
4220 57
4225 57
4230 57
4235 57
4240 57
4245 54
4250 54
4255 52
4260 52
4265 52
4270 52
4275 52
4280 52
4285 52
4290 52
4295 52
4300 52
4305 45
4310 45
4315 45
4320 45
4325 31
4330 31
4335 31
4340 31
4345 31
4350 31
4355 30
4360 30
4365 30
4370 30
4375 30
4380 30
4385 30
4390 30
4395 30
4400 30
4405 30
4410 29
4415 29
4420 29
4425 29
4430 29
4435 29
4440 29
4445 29
4450 26
4455 26
4460 26
4465 26
4470 25
4475 25
4480 25
4485 25
4490 25
4495 25
4500 25
4505 25
4510 25
4515 25
4520 25
4525 25
4530 25
4535 25
4540 25
4545 25
4550 25
4555 25
4560 25
4565 24
4570 24
4575 24
4580 24
4585 24
4590 24
4595 24
4600 24
4605 24
4610 24
4615 24
4620 24
4625 24
4630 24
4635 24
4640 24
4645 24
4650 24
4655 24
4660 24
4665 24
4670 24
4675 24
4680 24
4685 24
4690 24
4695 24
4700 24
4705 24
4710 24
4715 24
4720 24
4725 24
4730 24
4735 24
4740 24
4745 24
4750 24
4755 24
4760 24
4765 24
4770 24
4775 24
4780 24
4785 24
4790 24
4795 24
4800 24
4805 24
4810 24
4815 24
4820 24
4825 24
4830 24
4835 24
4840 24
4845 24
4850 19
4855 19
4860 19
4865 19
4870 19
4875 19
4880 19
4885 19
4890 19
4895 19
4900 19
4905 19
4910 19
4915 19
4920 19
4925 19
4930 17
4935 17
4940 17
4945 17
4950 17
4955 17
4960 17
4965 17
4970 17
4975 17
4980 17
4985 17
4990 17
4995 17
5000 16
5005 16
5010 16
5015 16
5020 16
5025 16
5030 16
5035 16
5040 16
5045 16
5050 16
5055 16
5060 16
5065 16
5070 16
5075 16
5080 11
5085 11
5090 11
5095 11
5100 11
5105 11
5110 11
5115 11
5120 11
5125 11
5130 11
5135 11
5140 11
5145 11
5150 11
5155 11
5160 11
5165 11
5170 11
5175 11
5180 11
5185 11
5190 11
5195 11
5200 11
5205 11
5210 11
5215 11
5220 11
5225 11
5230 11
5235 11
5240 11
5245 11
5250 11
5255 11
5260 11
5265 11
5270 11
5275 11
5280 11
5285 11
5290 11
5295 11
5300 11
5305 11
5310 11
5315 11
5320 11
5325 11
5330 11
5335 11
5340 11
5345 11
5350 11
5355 11
5360 11
5365 11
5370 11
5375 11
5380 10
5385 10
5390 10
5395 10
5400 10
5405 10
5410 10
5415 10
5420 10
5425 10
5430 10
5435 10
5440 10
5445 10
5450 10
5455 10
5460 10
5465 10
5470 10
5475 10
5480 10
5485 10
5490 10
5495 10
5500 10
5505 10
5510 10
5515 10
5520 10
5525 10
5530 10
5535 10
5540 10
5545 10
5550 10
5555 10
5560 10
5565 10
5570 10
5575 10
5580 10
5585 10
5590 10
5595 10
5600 10
5605 10
5610 10
5615 10
5620 10
5625 10
5630 10
5635 10
5640 9
5645 9
5650 9
5655 9
5660 9
5665 9
5670 9
5675 9
5680 9
5685 9
5690 9
5695 9
5700 9
5705 8
5710 8
5715 8
5720 8
5725 8
5730 8
5735 8
5740 7
5745 7
5750 7
5755 7
5760 7
5765 7
5770 7
5775 7
5780 7
5785 7
5790 7
5795 7
5800 7
5805 7
5810 7
5815 7
5820 7
5825 7
5830 7
5835 7
5840 7
5845 7
5850 7
5855 7
5860 7
5865 7
5870 7
5875 7
5880 7
5885 7
5890 5
5895 5
5900 5
5905 5
5910 4
5915 4
5920 4
5925 4
5930 4
5935 4
5940 4
5945 4
5950 4
5955 4
5960 4
5965 4
5970 4
5975 4
5980 4
5985 4
5990 4
5995 4
6000 4
6005 4
6010 4
6015 4
6020 4
6025 4
6030 4
6035 4
6040 3
6045 3
6050 3
6055 3
6060 3
6065 3
6070 3
6075 3
6080 3
6085 3
6090 3
6095 3
6100 3
6105 3
6110 3
6115 3
6120 3
6125 3
6130 3
6135 3
6140 3
6145 3
6150 3
6155 3
6160 3
6165 3
6170 3
6175 3
6180 3
6185 3
6190 3
6195 3
6200 3
6205 3
6210 3
6215 3
6220 3
6225 3
6230 3
6235 3
6240 3
6245 3
6250 3
6255 2
6260 2
6265 2
6270 2
6275 2
6280 2
6285 1
