0 4634
5 4634
10 4634
15 4634
20 4634
25 4634
30 4634
35 4634
40 4634
45 4634
50 4634
55 4634
60 4634
65 4634
70 4634
75 4634
80 4634
85 4634
90 4634
95 4634
100 4632
105 4632
110 4628
115 4628
120 4628
125 4628
130 4628
135 4628
140 4628
145 4628
150 4628
155 4626
160 4625
165 4624
170 4624
175 4624
180 4624
185 4624
190 4624
195 4624
200 4619
205 4619
210 4619
215 4619
220 4619
225 4619
230 4619
235 4619
240 4619
245 4619
250 4619
255 4613
260 4610
265 4597
270 4597
275 4596
280 4596
285 4596
290 4594
295 4592
300 4592
305 4592
310 4590
315 4588
320 4588
325 4588
330 4587
335 4587
340 4587
345 4585
350 4583
355 4583
360 4582
365 4577
370 4577
375 4577
380 4564
385 4563
390 4553
395 4551
400 4549
405 4548
410 4548
415 4546
420 4543
425 4543
430 4543
435 4543
440 4543
445 4541
450 4535
455 4534
460 4534
465 4524
470 4524
475 4519
480 4516
485 4516
490 4515
495 4509
500 4501
505 4501
510 4494
515 4493
520 4474
525 4466
530 4463
535 4463
540 4459
545 4455
550 4452
555 4452
560 4452
565 4452
570 4452
575 4450
580 4449
585 4449
590 4449
595 4447
600 4446
605 4443
610 4442
615 4442
620 4439
625 4431
630 4431
635 4431
640 4431
645 4430
650 4411
655 4411
660 4408
665 4402
670 4402
675 4402
680 4402
685 4400
690 4395
695 4395
700 4392
705 4390
710 4389
715 4385
720 4385
725 4378
730 4373
735 4364
740 4362
745 4358
750 4345
755 4342
760 4342
765 4341
770 4338
775 4332
780 4332
785 4330
790 4326
795 4306
800 4303
805 4302
810 4302
815 4272
820 4265
825 4264
830 4263
835 4261
840 4253
845 4245
850 4245
855 4241
860 4238
865 4221
870 4216
875 4215
880 4212
885 4212
890 4208
895 4203
900 4190
905 4185
910 4183
915 4170
920 4165
925 4154
930 4149
935 4147
940 4143
945 4143
950 4137
955 4137
960 4134
965 4133
970 4061
975 4052
980 4050
985 4043
990 4043
995 4040
1000 4040
1005 4038
1010 4036
1015 4024
1020 4024
1025 4004
1030 4003
1035 4002
1040 4000
1045 3981
1050 3978
1055 3978
1060 3942
1065 3939
1070 3936
1075 3905
1080 3902
1085 3893
1090 3893
1095 3890
1100 3887
1105 3886
1110 3886
1115 3885
1120 3881
1125 3878
1130 3872
1135 3860
1140 3853
1145 3850
1150 3849
1155 3842
1160 3840
1165 3840
1170 3840
1175 3838
1180 3834
1185 3834
1190 3833
1195 3831
1200 3826
1205 3826
1210 3824
1215 3820
1220 3808
1225 3802
1230 3798
1235 3796
1240 3795
1245 3781
1250 3778
1255 3775
1260 3774
1265 3771
1270 3767
1275 3764
1280 3764
1285 3763
1290 3759
1295 3746
1300 3746
1305 3744
1310 3742
1315 3737
1320 3736
1325 3697
1330 3695
1335 3686
1340 3678
1345 3663
1350 3660
1355 3656
1360 3650
1365 3650
1370 3650
1375 3646
1380 3645
1385 3602
1390 3599
1395 3592
1400 3586
1405 3548
1410 3543
1415 3539
1420 3520
1425 3517
1430 3516
1435 3514
1440 3513
1445 3513
1450 3505
1455 3501
1460 3500
1465 3498
1470 3493
1475 3488
1480 3486
1485 3482
1490 3481
1495 3481
1500 3476
1505 3468
1510 3468
1515 3463
1520 3461
1525 3460
1530 3455
1535 3446
1540 3446
1545 3444
1550 3440
1555 3436
1560 3436
1565 3429
1570 3428
1575 3427
1580 3423
1585 3416
1590 3415
1595 3412
1600 3395
1605 3390
1610 3385
1615 3377
1620 3374
1625 3353
1630 3352
1635 3352
1640 3346
1645 3340
1650 3339
1655 3339
1660 3334
1665 3330
1670 3316
1675 3315
1680 3289
1685 3283
1690 3278
1695 3276
1700 3272
1705 3266
1710 3263
1715 3263
1720 3256
1725 3249
1730 3241
1735 3240
1740 3238
1745 3234
1750 3230
1755 3194
1760 3194
1765 3188
1770 3184
1775 3182
1780 3180
1785 3177
1790 3176
1795 3166
1800 3147
1805 3145
1810 3135
1815 3128
1820 3127
1825 3122
1830 3101
1835 3095
1840 3065
1845 3062
1850 3054
1855 3049
1860 3041
1865 3038
1870 2880
1875 2879
1880 2877
1885 2874
1890 2869
1895 2858
1900 2855
1905 2851
1910 2827
1915 2825
1920 2822
1925 2820
1930 2820
1935 2819
1940 2815
1945 2809
1950 2800
1955 2784
1960 2768
1965 2768
1970 2759
1975 2758
1980 2755
1985 2737
1990 2728
1995 2724
2000 2722
2005 2719
2010 2707
2015 2673
2020 2672
2025 2567
2030 2556
2035 2545
2040 2540
2045 2539
2050 2536
2055 2536
2060 2528
2065 2501
2070 2492
2075 2489
2080 2488
2085 2485
2090 2484
2095 2478
2100 2473
2105 2449
2110 2397
2115 2395
2120 2393
2125 2377
2130 2374
2135 2364
2140 2360
2145 2354
2150 2352
2155 2348
2160 2347
2165 2347
2170 2346
2175 2346
2180 2345
2185 2334
2190 2331
2195 2327
2200 2299
2205 2292
2210 2290
2215 2290
2220 2278
2225 2276
2230 2276
2235 2268
2240 2255
2245 2237
2250 2231
2255 2229
2260 2226
2265 2221
2270 2214
2275 2212
2280 2210
2285 2203
2290 2069
2295 2051
2300 2047
2305 2046
2310 2043
2315 2029
2320 1975
2325 1973
2330 1960
2335 1942
2340 1941
2345 1919
2350 1919
2355 1917
2360 1909
2365 1885
2370 1862
2375 1862
2380 1859
2385 1843
2390 1819
2395 1799
2400 1799
2405 1788
2410 1786
2415 1771
2420 1759
2425 1689
2430 1685
2435 1678
2440 1678
2445 1673
2450 1669
2455 1664
2460 1625
2465 1613
2470 1503
2475 1500
2480 1500
2485 1492
2490 1480
2495 1478
2500 1476
2505 1468
2510 1468
2515 1460
2520 1460
2525 1453
2530 1451
2535 1450
2540 1447
2545 1436
2550 1431
2555 1429
2560 1410
2565 1409
2570 1408
2575 1404
2580 1399
2585 1399
2590 1397
2595 1396
2600 1359
2605 1357
2610 1355
2615 1354
2620 1244
2625 1234
2630 1234
2635 1233
2640 1228
2645 1228
2650 1228
2655 1228
2660 1228
2665 1200
2670 1199
2675 1199
2680 1197
2685 1193
2690 1190
2695 1183
2700 1177
2705 1175
2710 1170
2715 1168
2720 1140
2725 1137
2730 1137
2735 1135
2740 1126
2745 1125
2750 1122
2755 1119
2760 1117
2765 1117
2770 1112
2775 1107
2780 1036
2785 1034
2790 1034
2795 1034
2800 1034
2805 1031
2810 1005
2815 1001
2820 975
2825 968
2830 968
2835 968
2840 968
2845 966
2850 966
2855 966
2860 964
2865 964
2870 964
2875 963
2880 953
2885 953
2890 951
2895 951
2900 951
2905 948
2910 948
2915 931
2920 931
2925 931
2930 931
2935 926
2940 925
2945 905
2950 905
2955 904
2960 888
2965 885
2970 880
2975 861
2980 861
2985 858
2990 853
2995 847
3000 840
3005 839
3010 839
3015 839
3020 839
3025 839
3030 837
3035 837
3040 837
3045 800
3050 787
3055 786
3060 783
3065 783
3070 783
3075 769
3080 769
3085 769
3090 755
3095 755
3100 755
3105 749
3110 746
3115 741
3120 741
3125 740
3130 737
3135 737
3140 733
3145 733
3150 733
3155 733
3160 730
3165 729
3170 728
3175 727
3180 726
3185 700
3190 698
3195 695
3200 691
3205 686
3210 686
3215 649
3220 649
3225 649
3230 625
3235 625
3240 625
3245 625
3250 625
3255 610
3260 608
3265 606
3270 606
3275 443
3280 443
3285 443
3290 439
3295 436
3300 436
3305 435
3310 435
3315 435
3320 433
3325 433
3330 433
3335 428
3340 428
3345 428
3350 427
3355 427
3360 427
3365 427
3370 424
3375 424
3380 424
3385 424
3390 422
3395 422
3400 377
3405 370
3410 369
3415 369
3420 363
3425 363
3430 363
3435 362
3440 362
3445 362
3450 362
3455 362
3460 362
3465 362
3470 362
3475 362
3480 362
3485 362
3490 356
3495 356
3500 356
3505 316
3510 311
3515 311
3520 311
3525 311
3530 311
3535 311
3540 262
3545 262
3550 210
3555 210
3560 209
3565 165
3570 160
3575 160
3580 160
3585 160
3590 159
3595 157
3600 157
3605 157
3610 157
3615 153
3620 153
3625 118
3630 118
3635 118
3640 118
3645 118
3650 117
3655 117
3660 117
3665 117
3670 115
3675 115
3680 115
3685 86
3690 86
3695 86
3700 86
3705 86
3710 86
3715 86
3720 86
3725 86
3730 86
3735 86
3740 86
3745 86
3750 86
3755 86
3760 86
3765 86
3770 86
3775 86
3780 86
3785 77
3790 77
3795 77
3800 77
3805 77
3810 77
3815 77
3820 77
3825 76
3830 76
3835 76
3840 75
3845 75
3850 46
3855 46
3860 45
3865 45
3870 45
3875 45
3880 45
3885 45
3890 45
3895 45
3900 45
3905 45
3910 45
3915 45
3920 45
3925 45
3930 45
3935 45
3940 45
3945 45
3950 45
3955 45
3960 45
3965 45
3970 45
3975 44
3980 44
3985 44
3990 44
3995 44
4000 44
4005 42
4010 42
4015 42
4020 37
4025 37
4030 37
4035 37
4040 37
4045 37
4050 37
4055 37
4060 37
4065 37
4070 37
4075 37
4080 37
4085 37
4090 37
4095 37
4100 37
4105 37
4110 37
4115 37
4120 37
4125 37
4130 37
4135 37
4140 37
4145 37
4150 37
4155 37
4160 37
4165 37
4170 37
4175 37
4180 37
4185 37
4190 37
4195 37
4200 37
4205 33
4210 33
4215 33
4220 33
4225 33
4230 33
4235 33
4240 33
4245 33
4250 33
4255 33
4260 33
4265 33
4270 33
4275 33
4280 33
4285 33
4290 28
4295 28
4300 28
4305 28
4310 28
4315 28
4320 28
4325 28
4330 28
4335 28
4340 28
4345 28
4350 28
4355 28
4360 28
4365 28
4370 28
4375 24
4380 24
4385 24
4390 20
4395 20
4400 20
4405 20
4410 20
4415 20
4420 20
4425 20
4430 20
4435 20
4440 20
4445 20
4450 20
4455 20
4460 20
4465 20
4470 20
4475 20
4480 20
4485 20
4490 20
4495 20
4500 20
4505 20
4510 20
4515 20
4520 20
4525 20
4530 20
4535 20
4540 20
4545 20
4550 20
4555 20
4560 20
4565 20
4570 20
4575 20
4580 20
4585 20
4590 20
4595 20
4600 20
4605 20
4610 20
4615 20
4620 20
4625 20
4630 20
4635 20
4640 20
4645 20
4650 18
4655 18
4660 18
4665 18
4670 18
4675 18
4680 18
4685 18
4690 18
4695 18
4700 18
4705 17
4710 17
4715 17
4720 17
4725 17
4730 17
4735 17
4740 17
4745 17
4750 17
4755 17
4760 17
4765 17
4770 17
4775 17
4780 17
4785 17
4790 17
4795 17
4800 17
4805 17
4810 17
4815 17
4820 17
4825 17
4830 17
4835 17
4840 17
4845 17
4850 17
4855 17
4860 17
4865 17
4870 17
4875 17
4880 17
4885 17
4890 17
4895 17
4900 17
4905 17
4910 17
4915 17
4920 17
4925 17
4930 17
4935 17
4940 15
4945 15
4950 15
4955 15
4960 15
4965 15
4970 15
4975 15
4980 15
4985 15
4990 15
4995 15
5000 15
5005 15
5010 15
5015 15
5020 15
5025 15
5030 15
5035 15
5040 15
5045 15
5050 15
5055 15
5060 15
5065 15
5070 15
5075 15
5080 15
5085 15
5090 15
5095 15
5100 15
5105 15
5110 15
5115 15
5120 15
5125 15
5130 15
5135 15
5140 15
5145 15
5150 15
5155 15
5160 15
5165 15
5170 15
5175 15
5180 15
5185 13
5190 13
5195 12
5200 12
5205 12
5210 12
5215 11
5220 11
5225 11
5230 11
5235 11
5240 11
5245 11
5250 11
5255 11
5260 11
5265 11
5270 11
5275 11
5280 11
5285 11
5290 11
5295 11
5300 11
5305 11
5310 11
5315 11
5320 11
5325 11
5330 11
5335 11
5340 11
5345 11
5350 11
5355 11
5360 11
5365 11
5370 11
5375 10
5380 10
5385 10
5390 10
5395 10
5400 10
5405 10
5410 10
5415 10
5420 10
5425 10
5430 10
5435 10
5440 10
5445 10
5450 10
5455 10
5460 10
5465 10
5470 10
5475 10
5480 10
5485 10
5490 10
5495 10
5500 10
5505 10
5510 10
5515 9
5520 9
5525 9
5530 9
5535 9
5540 9
5545 9
5550 9
5555 9
5560 9
5565 9
5570 9
5575 9
5580 9
5585 9
5590 9
5595 9
5600 9
5605 9
5610 9
5615 9
5620 9
5625 9
5630 9
5635 9
5640 9
5645 9
5650 9
5655 9
5660 9
5665 9
5670 9
5675 9
5680 9
5685 9
5690 9
5695 9
5700 9
5705 9
5710 9
5715 9
5720 9
5725 9
5730 9
5735 8
5740 8
5745 8
5750 8
5755 8
5760 8
5765 8
5770 8
5775 8
5780 8
5785 8
5790 8
5795 8
5800 8
5805 8
5810 8
5815 8
5820 8
5825 8
5830 8
5835 8
5840 8
5845 8
5850 8
5855 5
5860 5
5865 5
5870 5
5875 5
5880 5
5885 5
5890 5
5895 5
5900 5
5905 5
5910 5
5915 5
5920 5
5925 5
5930 5
5935 5
5940 5
5945 5
5950 5
5955 5
5960 5
5965 5
5970 5
5975 4
5980 4
5985 4
5990 4
5995 4
6000 4
6005 4
6010 4
6015 4
6020 4
6025 4
6030 4
6035 4
6040 4
6045 4
6050 4
6055 4
6060 4
6065 4
6070 4
6075 4
6080 4
6085 4
6090 4
6095 4
6100 4
6105 4
6110 4
6115 3
6120 3
6125 3
6130 3
6135 3
6140 3
6145 3
6150 3
6155 3
6160 3
6165 3
6170 3
6175 3
6180 3
6185 3
6190 3
6195 3
6200 3
6205 3
6210 3
6215 2
6220 2
6225 2
6230 2
6235 2
6240 2
6245 2
6250 2
6255 2
6260 2
6265 2
6270 2
6275 2
6280 2
6285 1
