0 4634
5 4634
10 4634
15 4634
20 4634
25 4634
30 4634
35 4634
40 4634
45 4634
50 4634
55 4634
60 4634
65 4634
70 4634
75 4634
80 4634
85 4634
90 4634
95 4634
100 4634
105 4634
110 4634
115 4634
120 4630
125 4630
130 4622
135 4622
140 4622
145 4619
150 4619
155 4619
160 4619
165 4618
170 4614
175 4614
180 4614
185 4614
190 4614
195 4614
200 4613
205 4613
210 4610
215 4607
220 4576
225 4576
230 4574
235 4574
240 4574
245 4574
250 4574
255 4574
260 4572
265 4570
270 4570
275 4570
280 4570
285 4569
290 4569
295 4569
300 4569
305 4565
310 4564
315 4564
320 4556
325 4556
330 4554
335 4552
340 4548
345 4548
350 4548
355 4546
360 4538
365 4538
370 4530
375 4530
380 4530
385 4529
390 4529
395 4514
400 4512
405 4512
410 4512
415 4511
420 4504
425 4503
430 4503
435 4499
440 4499
445 4488
450 4488
455 4487
460 4487
465 4487
470 4487
475 4487
480 4487
485 4483
490 4483
495 4481
500 4472
505 4472
510 4471
515 4471
520 4464
525 4464
530 4464
535 4463
540 4461
545 4447
550 4447
555 4446
560 4437
565 4437
570 4435
575 4429
580 4429
585 4429
590 4407
595 4407
600 4399
605 4386
610 4386
615 4378
620 4378
625 4373
630 4367
635 4365
640 4357
645 4356
650 4354
655 4353
660 4351
665 4345
670 4345
675 4342
680 4335
685 4326
690 4320
695 4319
700 4317
705 4317
710 4307
715 4295
720 4295
725 4283
730 4283
735 4276
740 4276
745 4273
750 4259
755 4259
760 4259
765 4259
770 4254
775 4250
780 4250
785 4250
790 4248
795 4243
800 4232
805 4232
810 4231
815 4231
820 4225
825 4222
830 4221
835 4212
840 4212
845 4210
850 4210
855 4208
860 4203
865 4198
870 4198
875 4195
880 4192
885 4191
890 4181
895 4177
900 4175
905 4175
910 4173
915 4172
920 4164
925 4149
930 4142
935 4140
940 4140
945 4136
950 4134
955 4123
960 4121
965 4121
970 4118
975 4118
980 4114
985 4113
990 4113
995 4113
1000 4107
1005 4102
1010 4086
1015 4078
1020 4077
1025 4074
1030 4071
1035 4067
1040 4057
1045 4056
1050 4056
1055 4056
1060 4046
1065 4046
1070 4045
1075 4012
1080 4009
1085 3998
1090 3987
1095 3969
1100 3965
1105 3957
1110 3955
1115 3955
1120 3949
1125 3947
1130 3940
1135 3936
1140 3930
1145 3930
1150 3929
1155 3927
1160 3922
1165 3921
1170 3900
1175 3894
1180 3886
1185 3863
1190 3842
1195 3815
1200 3808
1205 3800
1210 3795
1215 3794
1220 3792
1225 3784
1230 3782
1235 3777
1240 3773
1245 3764
1250 3760
1255 3759
1260 3757
1265 3746
1270 3734
1275 3731
1280 3719
1285 3712
1290 3711
1295 3709
1300 3700
1305 3700
1310 3700
1315 3696
1320 3687
1325 3682
1330 3678
1335 3676
1340 3665
1345 3664
1350 3658
1355 3656
1360 3651
1365 3609
1370 3603
1375 3602
1380 3600
1385 3598
1390 3595
1395 3583
1400 3580
1405 3576
1410 3562
1415 3557
1420 3554
1425 3547
1430 3545
1435 3529
1440 3529
1445 3528
1450 3523
1455 3523
1460 3518
1465 3517
1470 3516
1475 3516
1480 3516
1485 3515
1490 3515
1495 3512
1500 3510
1505 3509
1510 3504
1515 3503
1520 3501
1525 3490
1530 3482
1535 3479
1540 3479
1545 3472
1550 3468
1555 3463
1560 3461
1565 3461
1570 3453
1575 3452
1580 3420
1585 3419
1590 3418
1595 3409
1600 3408
1605 3406
1610 3404
1615 3398
1620 3395
1625 3395
1630 3389
1635 3381
1640 3357
1645 3355
1650 3350
1655 3347
1660 3316
1665 3314
1670 3309
1675 3309
1680 3305
1685 3297
1690 3297
1695 3293
1700 3289
1705 3284
1710 3282
1715 3276
1720 3275
1725 3268
1730 3266
1735 3264
1740 3263
1745 3261
1750 3250
1755 3246
1760 3237
1765 3236
1770 3234
1775 3226
1780 3222
1785 3217
1790 3214
1795 3204
1800 3202
1805 3194
1810 3187
1815 3181
1820 3175
1825 3174
1830 3172
1835 3169
1840 3159
1845 3156
1850 3149
1855 3141
1860 3138
1865 3138
1870 3135
1875 3135
1880 3133
1885 3133
1890 3129
1895 3123
1900 3116
1905 3112
1910 3111
1915 3107
1920 3105
1925 3101
1930 3095
1935 3045
1940 3023
1945 3008
1950 3007
1955 2997
1960 2993
1965 2987
1970 2962
1975 2958
1980 2946
1985 2924
1990 2920
1995 2919
2000 2908
2005 2896
2010 2892
2015 2887
2020 2886
2025 2878
2030 2878
2035 2871
2040 2865
2045 2813
2050 2799
2055 2797
2060 2792
2065 2789
2070 2762
2075 2760
2080 2758
2085 2755
2090 2737
2095 2722
2100 2714
2105 2713
2110 2703
2115 2700
2120 2687
2125 2684
2130 2676
2135 2670
2140 2666
2145 2651
2150 2638
2155 2636
2160 2625
2165 2613
2170 2560
2175 2547
2180 2536
2185 2531
2190 2515
2195 2492
2200 2492
2205 2480
2210 2479
2215 2477
2220 2477
2225 2468
2230 2468
2235 2451
2240 2451
2245 2448
2250 2448
2255 2330
2260 2328
2265 2310
2270 2298
2275 2203
2280 2199
2285 2189
2290 2188
2295 2186
2300 2143
2305 2117
2310 2113
2315 2105
2320 2105
2325 2095
2330 2095
2335 2078
2340 2071
2345 2071
2350 2066
2355 2061
2360 2049
2365 2035
2370 2031
2375 2003
2380 1991
2385 1988
2390 1984
2395 1979
2400 1978
2405 1978
2410 1973
2415 1968
2420 1967
2425 1964
2430 1963
2435 1959
2440 1957
2445 1954
2450 1954
2455 1954
2460 1946
2465 1945
2470 1945
2475 1945
2480 1943
2485 1940
2490 1937
2495 1933
2500 1933
2505 1931
2510 1922
2515 1907
2520 1903
2525 1901
2530 1901
2535 1889
2540 1879
2545 1878
2550 1875
2555 1875
2560 1871
2565 1868
2570 1866
2575 1861
2580 1857
2585 1806
2590 1769
2595 1769
2600 1765
2605 1692
2610 1667
2615 1662
2620 1655
2625 1652
2630 1580
2635 1580
2640 1535
2645 1521
2650 1513
2655 1513
2660 1458
2665 1458
2670 1457
2675 1456
2680 1451
2685 1446
2690 1445
2695 1445
2700 1445
2705 1441
2710 1436
2715 1435
2720 1431
2725 1431
2730 1429
2735 1427
2740 1427
2745 1411
2750 1352
2755 1351
2760 1351
2765 1272
2770 1269
2775 1268
2780 1253
2785 1252
2790 1251
2795 1244
2800 1243
2805 1243
2810 1241
2815 1241
2820 1240
2825 1230
2830 1228
2835 1222
2840 1004
2845 886
2850 832
2855 832
2860 830
2865 761
2870 758
2875 758
2880 753
2885 746
2890 737
2895 736
2900 734
2905 727
2910 726
2915 726
2920 726
2925 726
2930 723
2935 721
2940 721
2945 714
2950 713
2955 710
2960 709
2965 709
2970 696
2975 695
2980 692
2985 690
2990 673
2995 673
3000 667
3005 609
3010 609
3015 609
3020 608
3025 545
3030 544
3035 544
3040 542
3045 542
3050 536
3055 536
3060 536
3065 535
3070 534
3075 534
3080 534
3085 518
3090 518
3095 517
3100 492
3105 482
3110 482
3115 482
3120 481
3125 481
3130 480
3135 480
3140 480
3145 478
3150 478
3155 478
3160 335
3165 335
3170 335
3175 331
3180 330
3185 330
3190 291
3195 291
3200 291
3205 290
3210 289
3215 289
3220 289
3225 289
3230 289
3235 287
3240 286
3245 286
3250 285
3255 285
3260 285
3265 285
3270 279
3275 278
3280 241
3285 239
3290 239
3295 239
3300 239
3305 235
3310 235
3315 235
3320 235
3325 235
3330 234
3335 234
3340 234
3345 234
3350 222
3355 222
3360 222
3365 218
3370 218
3375 218
3380 217
3385 216
3390 216
3395 216
3400 216
3405 204
3410 204
3415 204
3420 202
3425 198
3430 198
3435 198
3440 198
3445 198
3450 198
3455 194
3460 194
3465 194
3470 194
3475 193
3480 193
3485 193
3490 193
3495 193
3500 186
3505 186
3510 183
3515 183
3520 182
3525 182
3530 182
3535 182
3540 180
3545 180
3550 180
3555 179
3560 177
3565 170
3570 170
3575 169
3580 169
3585 169
3590 169
3595 169
3600 169
3605 168
3610 166
3615 166
3620 166
3625 165
3630 165
3635 165
3640 165
3645 162
3650 162
3655 162
3660 162
3665 150
3670 150
3675 150
3680 150
3685 150
3690 150
3695 150
3700 150
3705 139
3710 139
3715 105
3720 105
3725 102
3730 102
3735 102
3740 102
3745 102
3750 102
3755 73
3760 73
3765 73
3770 73
3775 73
3780 65
3785 65
3790 65
3795 65
3800 65
3805 65
3810 65
3815 65
3820 65
3825 65
3830 65
3835 65
3840 65
3845 63
3850 63
3855 63
3860 63
3865 63
3870 63
3875 63
3880 63
3885 63
3890 63
3895 63
3900 63
3905 63
3910 63
3915 63
3920 63
3925 63
3930 63
3935 63
3940 63
3945 63
3950 63
3955 63
3960 63
3965 61
3970 61
3975 61
3980 61
3985 61
3990 61
3995 61
4000 61
4005 61
4010 61
4015 61
4020 60
4025 60
4030 60
4035 60
4040 60
4045 60
4050 60
4055 60
4060 60
4065 60
4070 60
4075 60
4080 60
4085 60
4090 60
4095 60
4100 60
4105 60
4110 60
4115 60
4120 60
4125 60
4130 60
4135 60
4140 60
4145 59
4150 59
4155 56
4160 56
4165 56
4170 56
4175 51
4180 51
4185 51
4190 51
4195 48
4200 48
4205 48
4210 48
4215 48
4220 48
4225 48
4230 48
4235 48
4240 48
4245 48
4250 48
4255 48
4260 48
4265 48
4270 48
4275 48
4280 48
4285 48
4290 47
4295 47
4300 47
4305 47
4310 47
4315 47
4320 47
4325 47
4330 47
4335 47
4340 47
4345 47
4350 47
4355 44
4360 44
4365 44
4370 44
4375 44
4380 44
4385 42
4390 42
4395 42
4400 42
4405 42
4410 42
4415 42
4420 42
4425 42
4430 42
4435 42
4440 42
4445 42
4450 42
4455 42
4460 42
4465 42
4470 41
4475 41
4480 41
4485 41
4490 41
4495 41
4500 41
4505 41
4510 41
4515 41
4520 40
4525 40
4530 40
4535 40
4540 38
4545 38
4550 38
4555 38
4560 38
4565 38
4570 38
4575 38
4580 38
4585 38
4590 38
4595 37
4600 37
4605 37
4610 37
4615 37
4620 37
4625 37
4630 37
4635 37
4640 37
4645 37
4650 37
4655 33
4660 33
4665 33
4670 33
4675 33
4680 33
4685 33
4690 33
4695 24
4700 24
4705 24
4710 24
4715 24
4720 24
4725 24
4730 24
4735 24
4740 24
4745 24
4750 24
4755 24
4760 24
4765 24
4770 24
4775 24
4780 24
4785 24
4790 24
4795 24
4800 24
4805 24
4810 24
4815 24
4820 24
4825 24
4830 24
4835 24
4840 24
4845 24
4850 14
4855 14
4860 14
4865 14
4870 14
4875 14
4880 14
4885 14
4890 14
4895 14
4900 14
4905 14
4910 14
4915 14
4920 14
4925 14
4930 14
4935 14
4940 14
4945 14
4950 14
4955 14
4960 14
4965 14
4970 14
4975 14
4980 14
4985 14
4990 14
4995 14
5000 14
5005 9
5010 9
5015 9
5020 9
5025 9
5030 9
5035 9
5040 9
5045 9
5050 9
5055 9
5060 9
5065 9
5070 9
5075 9
5080 9
5085 9
5090 9
5095 9
5100 9
5105 9
5110 9
5115 9
5120 9
5125 9
5130 9
5135 9
5140 9
5145 9
5150 9
5155 9
5160 9
5165 9
5170 9
5175 9
5180 9
5185 9
5190 9
5195 9
5200 9
5205 9
5210 9
5215 9
5220 9
5225 9
5230 9
5235 9
5240 9
5245 9
5250 9
5255 9
5260 9
5265 9
5270 9
5275 8
5280 8
5285 8
5290 8
5295 8
5300 8
5305 8
5310 8
5315 8
5320 8
5325 8
5330 8
5335 8
5340 8
5345 8
5350 8
5355 8
5360 8
5365 8
5370 8
5375 8
5380 8
5385 8
5390 8
5395 8
5400 8
5405 8
5410 8
5415 8
5420 8
5425 8
5430 8
5435 8
5440 8
5445 8
5450 8
5455 8
5460 8
5465 8
5470 8
5475 8
5480 8
5485 8
5490 8
5495 7
5500 7
5505 7
5510 7
5515 7
5520 7
5525 7
5530 7
5535 7
5540 7
5545 7
5550 7
5555 7
5560 7
5565 7
5570 7
5575 7
5580 7
5585 7
5590 7
5595 7
5600 7
5605 7
5610 7
5615 7
5620 7
5625 7
5630 7
5635 7
5640 7
5645 7
5650 7
5655 7
5660 5
5665 5
5670 5
5675 5
5680 5
5685 5
5690 5
5695 5
5700 5
5705 5
5710 5
5715 5
5720 5
5725 5
5730 5
5735 5
5740 5
5745 5
5750 5
5755 5
5760 5
5765 5
5770 5
5775 5
5780 5
5785 5
5790 5
5795 4
5800 4
5805 4
5810 4
5815 4
5820 4
5825 4
5830 4
5835 4
5840 4
5845 4
5850 4
5855 4
5860 4
5865 4
5870 4
5875 4
5880 4
5885 4
5890 4
5895 4
5900 4
5905 4
5910 4
5915 4
5920 4
5925 4
5930 4
5935 4
5940 4
5945 4
5950 4
5955 4
5960 4
5965 4
5970 4
5975 4
5980 4
5985 4
5990 4
5995 4
6000 4
6005 4
6010 4
6015 4
6020 4
6025 4
6030 4
6035 4
6040 4
6045 4
6050 4
6055 4
6060 4
6065 4
6070 4
6075 4
6080 3
6085 3
6090 3
6095 3
6100 3
6105 3
6110 3
6115 3
6120 3
6125 3
6130 3
6135 3
6140 3
6145 3
6150 3
6155 3
6160 3
6165 3
6170 3
6175 3
6180 3
6185 3
6190 3
6195 3
6200 3
6205 3
6210 3
6215 3
6220 3
6225 3
6230 3
6235 3
6240 3
6245 2
6250 2
6255 2
6260 2
6265 2
6270 2
6275 2
6280 2
6285 1
