0 4634
5 4625
10 4609
15 4604
20 4599
25 4593
30 4587
35 4582
40 4577
45 4572
50 4564
55 4558
60 4552
65 4546
70 4538
75 4533
80 4528
85 4523
90 4513
95 4508
100 4502
105 4496
110 4488
115 4483
120 4478
125 4473
130 4467
135 4461
140 4449
145 4443
150 4435
155 4427
160 4423
165 4418
170 4397
175 4391
180 4385
185 4381
190 4376
195 4370
200 4364
205 4354
210 4349
215 4344
220 4337
225 4332
230 4327
235 4320
240 4300
245 4293
250 4288
255 4283
260 4275
265 4268
270 4266
275 4263
280 4251
285 4246
290 4233
295 4227
300 4219
305 4210
310 4194
315 4188
320 4181
325 4174
330 4164
335 4157
340 4145
345 4127
350 4123
355 4118
360 4110
365 4101
370 4094
375 4074
380 4065
385 4045
390 4030
395 4025
400 4019
405 3991
410 3986
415 3980
420 3973
425 3961
430 3938
435 3931
440 3929
445 3920
450 3914
455 3907
460 3896
465 3891
470 3884
475 3876
480 3870
485 3860
490 3856
495 3849
500 3844
505 3839
510 3832
515 3827
520 3806
525 3806
530 3764
535 3757
540 3749
545 3728
550 3726
555 3721
560 3715
565 3707
570 3697
575 3678
580 3666
585 3659
590 3650
595 3644
600 3639
605 3633
610 3628
615 3623
620 3612
625 3603
630 3593
635 3590
640 3583
645 3578
650 3572
655 3568
660 3562
665 3557
670 3551
675 3542
680 3536
685 3531
690 3525
695 3525
700 3522
705 3514
710 3509
715 3504
720 3498
725 3492
730 3486
735 3479
740 3469
745 3458
750 3443
755 3443
760 3442
765 3434
770 3425
775 3412
780 3399
785 3390
790 3385
795 3378
800 3372
805 3367
810 3362
815 3352
820 3346
825 3341
830 3335
835 3324
840 3289
845 3284
850 3278
855 3267
860 3254
865 3249
870 3246
875 3246
880 3246
885 3245
890 3238
895 3232
900 3226
905 3211
910 3206
915 3195
920 3187
925 3181
930 3174
935 3159
940 3154
945 3145
950 3135
955 3127
960 3120
965 3101
970 3069
975 3054
980 3049
985 3044
990 3038
995 3031
1000 3002
1005 2998
1010 2993
1015 2953
1020 2953
1025 2953
1030 2953
1035 2950
1040 2945
1045 2940
1050 2934
1055 2909
1060 2902
1065 2898
1070 2891
1075 2886
1080 2869
1085 2857
1090 2848
1095 2843
1100 2807
1105 2803
1110 2801
1115 2797
1120 2788
1125 2780
1130 2764
1135 2750
1140 2741
1145 2738
1150 2733
1155 2728
1160 2713
1165 2701
1170 2693
1175 2679
1180 2633
1185 2628
1190 2615
1195 2603
1200 2599
1205 2598
1210 2586
1215 2583
1220 2565
1225 2559
1230 2544
1235 2541
1240 2537
1245 2531
1250 2526
1255 2521
1260 2507
1265 2493
1270 1928
1275 1928
1280 1815
1285 1811
1290 1806
1295 1799
1300 1788
1305 1786
1310 1786
1315 1786
1320 1786
1325 1746
1330 1740
1335 1733
1340 1726
1345 1715
1350 1708
1355 1699
1360 1686
1365 1681
1370 1674
1375 1658
1380 1655
1385 1655
1390 1655
1395 1654
1400 1645
1405 1645
1410 1635
1415 1632
1420 1621
1425 1616
1430 1599
1435 1594
1440 1587
1445 1580
1450 1523
1455 1520
1460 1511
1465 1506
1470 1504
1475 1504
1480 1504
1485 1408
1490 1408
1495 1406
1500 1401
1505 1389
1510 773
1515 767
1520 754
1525 746
1530 746
1535 724
1540 694
1545 682
1550 682
1555 682
1560 682
1565 682
1570 682
1575 682
1580 682
1585 682
1590 682
1595 682
1600 682
1605 682
1610 682
1615 682
1620 682
1625 682
1630 682
1635 675
1640 674
1645 661
1650 601
1655 599
1660 592
1665 569
1670 546
1675 546
1680 546
1685 540
1690 530
1695 530
1700 530
1705 529
1710 437
1715 431
1720 416
1725 416
1730 406
1735 377
1740 373
1745 321
1750 321
1755 321
1760 319
1765 306
1770 305
1775 305
1780 305
1785 305
1790 305
1795 305
1800 305
1805 305
1810 305
1815 290
1820 222
1825 219
1830 217
1835 217
1840 217
1845 217
1850 217
1855 217
1860 217
1865 216
1870 216
1875 215
1880 215
1885 215
1890 213
1895 213
1900 213
1905 198
1910 198
1915 198
1920 198
1925 198
1930 198
1935 198
1940 198
1945 198
1950 198
1955 198
1960 198
1965 198
1970 198
1975 198
1980 198
1985 197
1990 197
1995 197
2000 197
2005 197
2010 197
2015 197
2020 197
2025 197
2030 197
2035 197
2040 197
2045 179
2050 179
2055 179
2060 179
2065 179
2070 179
2075 178
2080 178
2085 178
2090 178
2095 178
2100 178
2105 178
2110 178
2115 178
2120 178
2125 178
2130 148
2135 148
2140 147
2145 147
2150 147
2155 147
2160 147
2165 147
2170 147
2175 147
2180 144
2185 144
2190 144
2195 144
2200 124
2205 124
2210 124
2215 124
2220 124
2225 124
2230 121
2235 116
2240 116
2245 116
2250 116
2255 116
2260 116
2265 116
2270 98
2275 98
2280 98
2285 98
2290 98
2295 98
2300 98
2305 98
2310 98
2315 98
2320 98
2325 98
2330 98
2335 98
2340 98
2345 98
2350 94
2355 81
2360 81
2365 81
2370 81
2375 81
2380 81
2385 81
2390 81
2395 79
2400 75
2405 74
2410 74
2415 74
2420 74
2425 74
2430 74
2435 74
2440 74
2445 74
2450 74
2455 74
2460 74
2465 74
2470 74
2475 74
2480 74
2485 74
2490 74
2495 74
2500 74
2505 74
2510 74
2515 74
2520 74
2525 74
2530 74
2535 74
2540 74
2545 74
2550 74
2555 74
2560 74
2565 74
2570 74
2575 74
2580 71
2585 71
2590 71
2595 71
2600 71
2605 71
2610 71
2615 71
2620 71
2625 71
2630 71
2635 71
2640 71
2645 71
2650 71
2655 56
2660 56
2665 56
2670 56
2675 56
2680 56
2685 56
2690 56
2695 56
2700 56
2705 56
2710 56
2715 56
2720 56
2725 56
2730 56
2735 56
2740 56
2745 56
2750 56
2755 55
2760 53
2765 53
2770 53
2775 53
2780 53
2785 48
2790 48
2795 48
2800 48
2805 48
2810 48
2815 47
2820 47
2825 47
2830 47
2835 47
2840 47
2845 47
2850 47
2855 47
2860 47
2865 46
2870 43
2875 43
2880 40
2885 40
2890 40
2895 40
2900 40
2905 40
2910 38
2915 33
2920 33
2925 33
2930 33
2935 33
2940 33
2945 33
2950 32
2955 32
