0 4634
5 4628
10 4622
15 4608
20 4603
25 4598
30 4593
35 4587
40 4582
45 4575
50 4569
55 4562
60 4556
65 4550
70 4545
75 4539
80 4532
85 4527
90 4522
95 4516
100 4510
105 4503
110 4498
115 4493
120 4488
125 4481
130 4475
135 4469
140 4462
145 4456
150 4451
155 4444
160 4436
165 4429
170 4424
175 4417
180 4411
185 4406
190 4401
195 4396
200 4391
205 4385
210 4380
215 4374
220 4366
225 4361
230 4355
235 4347
240 4335
245 4328
250 4305
255 4302
260 4297
265 4285
270 4272
275 4258
280 4226
285 4215
290 4212
295 4207
300 4195
305 4192
310 4188
315 4183
320 4178
325 4173
330 4167
335 4158
340 4149
345 4144
350 4137
355 4128
360 4122
365 4116
370 4079
375 4071
380 4065
385 4058
390 4051
395 4046
400 4041
405 4035
410 4007
415 3996
420 3992
425 3986
430 3970
435 3964
440 3957
445 3950
450 3945
455 3940
460 3934
465 3928
470 3923
475 3911
480 3904
485 3898
490 3891
495 3883
500 3869
505 3869
510 3868
515 3863
520 3855
525 3849
530 3834
535 3830
540 3824
545 3819
550 3809
555 3803
560 3798
565 3793
570 3781
575 3774
580 3768
585 3758
590 3751
595 3746
600 3740
605 3735
610 3731
615 3726
620 3720
625 3716
630 3701
635 3696
640 3691
645 3685
650 3680
655 3669
660 3664
665 3658
670 3653
675 3647
680 3639
685 3631
690 3622
695 3617
700 3603
705 3598
710 3593
715 3588
720 3581
725 3561
730 3556
735 3548
740 3539
745 3526
750 3520
755 3515
760 3507
765 3502
770 3496
775 3490
780 3485
785 3478
790 3468
795 3462
800 3455
805 3450
810 3440
815 3435
820 3430
825 3421
830 3411
835 3403
840 3378
845 3371
850 3360
855 3351
860 3346
865 3333
870 3328
875 3316
880 3279
885 3271
890 3258
895 3254
900 3247
905 3240
910 3229
915 3221
920 3216
925 3208
930 3199
935 3192
940 3173
945 3166
950 3110
955 3110
960 3110
965 3110
970 3104
975 3097
980 3083
985 3066
990 3046
995 3022
1000 3014
1005 3008
1010 2988
1015 2979
1020 2971
1025 2966
1030 2955
1035 2955
1040 2949
1045 2942
1050 2938
1055 2931
1060 2571
1065 2564
1070 2556
1075 2552
1080 2547
1085 2542
1090 2521
1095 2512
1100 2500
1105 2459
1110 2452
1115 2442
1120 2429
1125 2426
1130 2416
1135 2408
1140 2397
1145 2390
1150 2371
1155 2361
1160 2356
1165 2346
1170 2340
1175 2331
1180 2314
1185 2310
1190 2310
1195 2310
1200 2303
1205 2291
1210 2283
1215 2278
1220 2275
1225 2261
1230 2253
1235 2248
1240 2228
1245 2207
1250 2198
1255 2113
1260 2104
1265 2097
1270 2088
1275 2084
1280 2074
1285 2071
1290 2057
1295 2034
1300 2027
1305 2022
1310 2004
1315 1990
1320 1982
1325 1979
1330 1967
1335 1965
1340 1954
1345 1949
1350 1944
1355 1939
1360 1934
1365 1914
1370 1908
1375 1899
1380 1896
1385 1892
1390 1892
1395 1892
1400 1891
1405 1087
1410 1087
1415 1079
1420 1071
1425 780
1430 775
1435 770
1440 763
1445 761
1450 761
1455 761
1460 761
1465 761
1470 761
1475 761
1480 761
1485 761
1490 761
1495 761
1500 761
1505 732
1510 729
1515 728
1520 726
1525 722
1530 714
1535 712
1540 704
1545 704
1550 704
1555 704
1560 704
1565 704
1570 704
1575 704
1580 704
1585 704
1590 704
1595 704
1600 704
1605 667
1610 667
1615 667
1620 667
1625 667
1630 667
1635 667
1640 656
1645 629
1650 621
1655 619
1660 616
1665 529
1670 528
1675 525
1680 519
1685 518
1690 518
1695 517
1700 517
1705 517
1710 517
1715 517
1720 487
1725 483
1730 483
1735 483
1740 483
1745 483
1750 483
1755 483
1760 483
1765 483
1770 483
1775 483
1780 483
1785 483
1790 483
1795 483
1800 483
1805 483
1810 483
1815 483
1820 483
1825 483
1830 483
1835 483
1840 483
1845 477
1850 477
1855 477
1860 477
1865 477
1870 477
1875 477
1880 451
1885 446
1890 446
1895 446
1900 446
1905 446
1910 446
1915 446
1920 446
1925 446
1930 446
1935 437
1940 436
1945 436
1950 436
1955 376
1960 374
1965 372
1970 372
1975 294
1980 294
1985 294
1990 294
1995 294
2000 290
2005 289
2010 289
2015 289
2020 289
2025 266
2030 266
2035 266
2040 266
2045 259
2050 259
2055 259
2060 259
2065 259
2070 259
2075 253
2080 253
2085 253
2090 253
2095 253
2100 236
2105 236
2110 236
2115 236
2120 236
2125 236
2130 226
2135 226
2140 226
2145 226
2150 226
2155 226
2160 226
2165 226
2170 225
2175 218
2180 218
2185 218
2190 218
2195 218
2200 218
2205 218
2210 218
2215 218
2220 218
2225 218
2230 218
2235 218
2240 218
2245 218
2250 218
2255 218
2260 216
2265 215
2270 215
2275 214
2280 214
2285 214
2290 214
2295 214
2300 214
2305 214
2310 211
2315 209
2320 206
2325 165
2330 165
2335 161
2340 161
2345 161
2350 161
2355 161
2360 161
2365 91
2370 91
2375 91
2380 91
2385 77
2390 68
2395 68
2400 68
2405 68
2410 68
2415 68
2420 68
2425 68
2430 68
2435 68
2440 68
2445 68
2450 68
2455 68
2460 68
2465 68
2470 65
2475 65
2480 65
2485 65
2490 65
2495 65
2500 65
2505 65
2510 50
2515 50
2520 50
2525 50
2530 50
2535 50
2540 50
2545 50
2550 50
2555 50
2560 50
2565 48
2570 48
2575 48
2580 48
2585 48
2590 48
2595 48
2600 48
2605 48
2610 48
2615 48
2620 48
2625 48
2630 48
2635 48
2640 48
2645 48
2650 48
2655 48
2660 48
2665 48
2670 48
2675 45
2680 45
2685 45
2690 45
2695 44
2700 33
2705 33
2710 33
2715 33
2720 33
2725 33
2730 33
2735 33
2740 33
2745 33
2750 33
2755 33
2760 33
2765 33
2770 33
2775 32
2780 32
2785 32
2790 32
2795 32
2800 32
2805 32
2810 32
2815 32
2820 32
2825 32
2830 32
2835 32
2840 32
2845 32
2850 32
2855 32
2860 32
2865 32
