0 4634
5 4625
10 4611
15 4605
20 4600
25 4595
30 4590
35 4585
40 4579
45 4570
50 4563
55 4554
60 4547
65 4542
70 4536
75 4530
80 4525
85 4520
90 4515
95 4509
100 4504
105 4499
110 4494
115 4488
120 4482
125 4476
130 4471
135 4466
140 4460
145 4455
150 4450
155 4445
160 4438
165 4433
170 4427
175 4421
180 4416
185 4409
190 4400
195 4395
200 4390
205 4379
210 4373
215 4367
220 4361
225 4341
230 4336
235 4331
240 4326
245 4319
250 4306
255 4303
260 4289
265 4268
270 4261
275 4247
280 4235
285 4229
290 4218
295 4216
300 4211
305 4205
310 4199
315 4191
320 4182
325 4159
330 4144
335 4137
340 4129
345 4111
350 4106
355 4098
360 4092
365 4081
370 4073
375 4067
380 4062
385 4057
390 4046
395 4030
400 4027
405 4021
410 4010
415 4003
420 3990
425 3985
430 3978
435 3972
440 3967
445 3962
450 3954
455 3947
460 3942
465 3936
470 3926
475 3914
480 3903
485 3855
490 3849
495 3844
500 3810
505 3810
510 3808
515 3803
520 3798
525 3790
530 3780
535 3769
540 3759
545 3753
550 3746
555 3740
560 3733
565 3728
570 3723
575 3716
580 3707
585 3701
590 3695
595 3689
600 3684
605 3679
610 3673
615 3669
620 3663
625 3658
630 3646
635 3637
640 3632
645 3627
650 3621
655 3620
660 3615
665 3593
670 3586
675 3581
680 3573
685 3503
690 3498
695 3489
700 3477
705 3471
710 3457
715 3455
720 3448
725 3442
730 3432
735 3421
740 3378
745 3371
750 3363
755 3354
760 3345
765 3337
770 3333
775 3328
780 3318
785 3313
790 3307
795 3301
800 3296
805 3287
810 3260
815 3255
820 3250
825 3245
830 3240
835 3240
840 3240
845 3240
850 3239
855 3234
860 3228
865 3216
870 3210
875 3204
880 3199
885 3192
890 3185
895 3170
900 3165
905 3143
910 3135
915 3126
920 3097
925 3097
930 3093
935 3081
940 3075
945 3066
950 3064
955 3059
960 3049
965 3030
970 3024
975 2978
980 2978
985 2978
990 2960
995 2956
1000 2948
1005 2942
1010 2928
1015 2923
1020 2916
1025 2909
1030 2888
1035 2883
1040 2871
1045 2865
1050 2859
1055 2846
1060 2838
1065 2833
1070 2824
1075 2813
1080 2803
1085 2797
1090 2790
1095 2786
1100 2780
1105 2754
1110 2748
1115 2743
1120 2730
1125 2724
1130 2720
1135 2716
1140 2708
1145 2699
1150 2683
1155 2683
1160 2670
1165 2665
1170 2660
1175 2653
1180 2647
1185 2640
1190 2634
1195 2623
1200 2616
1205 2611
1210 2606
1215 2604
1220 2597
1225 2572
1230 2568
1235 2561
1240 2551
1245 2534
1250 2529
1255 2497
1260 2491
1265 2484
1270 2439
1275 2434
1280 2430
1285 2425
1290 2418
1295 2415
1300 2411
1305 2407
1310 2394
1315 2386
1320 2369
1325 2315
1330 2297
1335 2291
1340 2271
1345 2269
1350 2261
1355 2248
1360 2246
1365 2239
1370 2235
1375 2227
1380 2221
1385 2216
1390 2210
1395 2195
1400 2188
1405 2168
1410 2165
1415 2163
1420 2163
1425 2149
1430 2119
1435 2117
1440 2111
1445 2105
1450 2091
1455 2085
1460 2078
1465 2060
1470 2054
1475 2047
1480 1934
1485 1931
1490 1925
1495 1763
1500 1510
1505 1510
1510 1510
1515 1510
1520 1510
1525 1370
1530 1366
1535 1360
1540 1351
1545 1338
1550 1297
1555 1297
1560 1296
1565 1289
1570 1288
1575 1288
1580 1283
1585 1003
1590 1003
1595 1003
1600 1001
1605 1000
1610 1000
1615 1000
1620 1000
1625 1000
1630 1000
1635 998
1640 998
1645 997
1650 763
1655 763
1660 763
1665 763
1670 752
1675 742
1680 741
1685 733
1690 725
1695 718
1700 712
1705 705
1710 705
1715 705
1720 704
1725 704
1730 704
1735 704
1740 704
1745 704
1750 704
1755 699
1760 686
1765 683
1770 683
1775 683
1780 683
1785 683
1790 683
1795 683
1800 683
1805 683
1810 683
1815 683
1820 682
1825 682
1830 682
1835 682
1840 682
1845 682
1850 682
1855 682
1860 632
1865 632
1870 632
1875 632
1880 632
1885 632
1890 632
1895 631
1900 629
1905 620
1910 618
1915 614
1920 614
1925 614
1930 610
1935 599
1940 599
1945 599
1950 599
1955 599
1960 599
1965 599
1970 599
1975 599
1980 599
1985 599
1990 597
1995 597
2000 596
2005 594
2010 591
2015 591
2020 591
2025 578
2030 578
2035 578
2040 578
2045 578
2050 578
2055 576
2060 576
2065 576
2070 574
2075 572
2080 570
2085 570
2090 569
2095 569
2100 567
2105 567
2110 567
2115 567
2120 567
2125 566
2130 529
2135 528
2140 528
2145 528
2150 528
2155 528
2160 527
2165 518
2170 512
2175 511
2180 511
2185 511
2190 481
2195 481
2200 481
2205 481
2210 481
2215 481
2220 481
2225 481
2230 479
2235 471
2240 471
2245 471
2250 471
2255 468
2260 468
2265 467
2270 458
2275 456
2280 456
2285 456
2290 456
2295 456
2300 456
2305 456
2310 456
2315 456
2320 452
2325 447
2330 447
2335 447
2340 447
2345 447
2350 447
2355 444
2360 443
2365 421
2370 387
2375 382
2380 342
2385 342
2390 342
2395 340
2400 340
2405 340
2410 340
2415 340
2420 319
2425 228
2430 228
2435 228
2440 228
2445 228
2450 228
2455 228
2460 228
2465 228
2470 228
2475 222
2480 221
2485 221
2490 221
2495 221
2500 221
2505 221
2510 221
2515 221
2520 221
2525 221
2530 219
2535 219
2540 219
2545 219
2550 219
2555 219
2560 219
2565 217
2570 215
2575 215
2580 208
2585 157
2590 157
2595 157
2600 157
2605 157
2610 156
2615 156
2620 156
2625 153
2630 153
2635 153
2640 153
2645 153
2650 153
2655 152
2660 151
2665 151
2670 150
2675 145
2680 145
2685 145
2690 145
2695 145
2700 145
2705 145
2710 145
2715 145
2720 132
2725 130
2730 129
2735 129
2740 122
2745 116
2750 116
2755 116
2760 109
2765 109
2770 109
2775 109
2780 109
2785 108
2790 108
2795 108
2800 108
2805 108
2810 108
2815 108
2820 108
2825 107
2830 107
2835 107
2840 107
2845 107
2850 69
2855 69
2860 69
2865 69
2870 69
2875 68
2880 68
2885 68
2890 67
2895 66
2900 65
2905 37
2910 37
2915 37
2920 37
2925 37
2930 37
2935 37
2940 37
