0 4634
5 4634
10 4634
15 4634
20 4634
25 4634
30 4634
35 4634
40 4634
45 4634
50 4634
55 4634
60 4634
65 4634
70 4634
75 4634
80 4634
85 4628
90 4625
95 4624
100 4624
105 4622
110 4616
115 4616
120 4613
125 4610
130 4610
135 4610
140 4610
145 4610
150 4588
155 4588
160 4588
165 4588
170 4586
175 4586
180 4586
185 4586
190 4581
195 4581
200 4576
205 4576
210 4576
215 4568
220 4568
225 4568
230 4568
235 4565
240 4565
245 4561
250 4556
255 4556
260 4556
265 4556
270 4556
275 4556
280 4555
285 4555
290 4551
295 4551
300 4551
305 4544
310 4542
315 4542
320 4539
325 4539
330 4539
335 4538
340 4538
345 4538
350 4538
355 4527
360 4527
365 4526
370 4526
375 4526
380 4521
385 4520
390 4520
395 4508
400 4508
405 4499
410 4486
415 4482
420 4482
425 4482
430 4482
435 4481
440 4481
445 4476
450 4476
455 4476
460 4476
465 4473
470 4470
475 4470
480 4457
485 4455
490 4454
495 4450
500 4450
505 4450
510 4447
515 4440
520 4432
525 4422
530 4419
535 4419
540 4418
545 4417
550 4413
555 4410
560 4407
565 4401
570 4401
575 4398
580 4398
585 4397
590 4380
595 4366
600 4362
605 4362
610 4361
615 4360
620 4360
625 4358
630 4356
635 4348
640 4344
645 4344
650 4344
655 4344
660 4342
665 4342
670 4342
675 4342
680 4342
685 4342
690 4342
695 4334
700 4322
705 4319
710 4310
715 4310
720 4310
725 4310
730 4304
735 4303
740 4299
745 4295
750 4295
755 4294
760 4294
765 4291
770 4284
775 4284
780 4282
785 4282
790 4281
795 4279
800 4273
805 4266
810 4266
815 4256
820 4255
825 4254
830 4254
835 4250
840 4247
845 4247
850 4244
855 4241
860 4240
865 4240
870 4226
875 4224
880 4223
885 4219
890 4216
895 4216
900 4214
905 4214
910 4213
915 4213
920 4206
925 4205
930 4191
935 4176
940 4174
945 4174
950 4171
955 4168
960 4168
965 4167
970 4160
975 4132
980 4130
985 4125
990 4121
995 4119
1000 4118
1005 4118
1010 4105
1015 4105
1020 4104
1025 4103
1030 4103
1035 4103
1040 4099
1045 4095
1050 4093
1055 4090
1060 4082
1065 4078
1070 4072
1075 4072
1080 4072
1085 4064
1090 4063
1095 4032
1100 4027
1105 4018
1110 4017
1115 4016
1120 4015
1125 4013
1130 3986
1135 3980
1140 3980
1145 3978
1150 3975
1155 3975
1160 3975
1165 3971
1170 3969
1175 3961
1180 3948
1185 3948
1190 3946
1195 3942
1200 3938
1205 3930
1210 3927
1215 3926
1220 3911
1225 3911
1230 3904
1235 3904
1240 3900
1245 3900
1250 3889
1255 3885
1260 3885
1265 3871
1270 3847
1275 3847
1280 3846
1285 3845
1290 3841
1295 3840
1300 3833
1305 3831
1310 3823
1315 3820
1320 3820
1325 3810
1330 3799
1335 3794
1340 3792
1345 3792
1350 3792
1355 3789
1360 3788
1365 3780
1370 3780
1375 3777
1380 3775
1385 3770
1390 3770
1395 3768
1400 3768
1405 3767
1410 3761
1415 3761
1420 3754
1425 3736
1430 3734
1435 3724
1440 3723
1445 3721
1450 3704
1455 3695
1460 3695
1465 3684
1470 3682
1475 3680
1480 3673
1485 3662
1490 3661
1495 3661
1500 3658
1505 3656
1510 3653
1515 3652
1520 3646
1525 3641
1530 3636
1535 3633
1540 3624
1545 3618
1550 3604
1555 3594
1560 3579
1565 3579
1570 3565
1575 3558
1580 3552
1585 3551
1590 3543
1595 3539
1600 3518
1605 3450
1610 3450
1615 3442
1620 3435
1625 3433
1630 3423
1635 3422
1640 3422
1645 3419
1650 3400
1655 3389
1660 3384
1665 3140
1670 3138
1675 3128
1680 3114
1685 3109
1690 3109
1695 3102
1700 3098
1705 3094
1710 3088
1715 3086
1720 3086
1725 3079
1730 3060
1735 3055
1740 3052
1745 3044
1750 3011
1755 3006
1760 3002
1765 3000
1770 2998
1775 2993
1780 2992
1785 2990
1790 2989
1795 2944
1800 2943
1805 2943
1810 2935
1815 2926
1820 2890
1825 2890
1830 2885
1835 2881
1840 2874
1845 2870
1850 2857
1855 2850
1860 2840
1865 2830
1870 2700
1875 2698
1880 2695
1885 2694
1890 2691
1895 2688
1900 2679
1905 2668
1910 2668
1915 2631
1920 2631
1925 2630
1930 2595
1935 2593
1940 2588
1945 2580
1950 2576
1955 2571
1960 2571
1965 2570
1970 2560
1975 2559
1980 2550
1985 2547
1990 2546
1995 2545
2000 2545
2005 2543
2010 2542
2015 2539
2020 2530
2025 2526
2030 2504
2035 2501
2040 2498
2045 2493
2050 2480
2055 2468
2060 2419
2065 2418
2070 2417
2075 2402
2080 2392
2085 2390
2090 2387
2095 2387
2100 2386
2105 2384
2110 2381
2115 2379
2120 2363
2125 2363
2130 2357
2135 2351
2140 2315
2145 2314
2150 2313
2155 2308
2160 2308
2165 2287
2170 2266
2175 2243
2180 2222
2185 2219
2190 2210
2195 2186
2200 2172
2205 2170
2210 2162
2215 2156
2220 2151
2225 2151
2230 2137
2235 2131
2240 2129
2245 2127
2250 2109
2255 2099
2260 2095
2265 2092
2270 2090
2275 2090
2280 2084
2285 2083
2290 2075
2295 2066
2300 2063
2305 2057
2310 2052
2315 2032
2320 2032
2325 2031
2330 2031
2335 2026
2340 2021
2345 2021
2350 2019
2355 2018
2360 2017
2365 2016
2370 2004
2375 2002
2380 1879
2385 1879
2390 1876
2395 1874
2400 1870
2405 1870
2410 1868
2415 1862
2420 1858
2425 1857
2430 1855
2435 1855
2440 1852
2445 1852
2450 1833
2455 1823
2460 1819
2465 1789
2470 1787
2475 1781
2480 1760
2485 1757
2490 1754
2495 1705
2500 1704
2505 1699
2510 1695
2515 1690
2520 1687
2525 1685
2530 1675
2535 1675
2540 1665
2545 1528
2550 1518
2555 1505
2560 1505
2565 1504
2570 1503
2575 1502
2580 1501
2585 1501
2590 1500
2595 1499
2600 1496
2605 1491
2610 1487
2615 1486
2620 1482
2625 1474
2630 1473
2635 1468
2640 1468
2645 1468
2650 1468
2655 1405
2660 1402
2665 1402
2670 1394
2675 1380
2680 1343
2685 1341
2690 1341
2695 1341
2700 1340
2705 1336
2710 1304
2715 1304
2720 1302
2725 1237
2730 1237
2735 1236
2740 1227
2745 1225
2750 1224
2755 1224
2760 1213
2765 1211
2770 1208
2775 1208
2780 1206
2785 1202
2790 1199
2795 1199
2800 1166
2805 1160
2810 1152
2815 1117
2820 1116
2825 1115
2830 1113
2835 1112
2840 1112
2845 1112
2850 1107
2855 1101
2860 1099
2865 1098
2870 1091
2875 1060
2880 1059
2885 1010
2890 1010
2895 1006
2900 1002
2905 980
2910 980
2915 973
2920 964
2925 961
2930 960
2935 959
2940 948
2945 941
2950 941
2955 937
2960 937
2965 893
2970 890
2975 890
2980 890
2985 890
2990 888
2995 829
3000 829
3005 828
3010 828
3015 828
3020 828
3025 820
3030 818
3035 816
3040 816
3045 816
3050 781
3055 775
3060 757
3065 757
3070 757
3075 752
3080 752
3085 749
3090 748
3095 745
3100 742
3105 741
3110 741
3115 735
3120 723
3125 721
3130 719
3135 687
3140 687
3145 687
3150 687
3155 687
3160 686
3165 683
3170 681
3175 673
3180 671
3185 626
3190 626
3195 625
3200 623
3205 618
3210 617
3215 617
3220 614
3225 612
3230 607
3235 607
3240 607
3245 607
3250 589
3255 589
3260 589
3265 526
3270 519
3275 518
3280 516
3285 516
3290 515
3295 514
3300 511
3305 511
3310 508
3315 498
3320 496
3325 493
3330 489
3335 486
3340 480
3345 421
3350 420
3355 417
3360 417
3365 417
3370 417
3375 414
3380 414
3385 414
3390 414
3395 409
3400 396
3405 390
3410 389
3415 389
3420 389
3425 389
3430 387
3435 387
3440 387
3445 387
3450 387
3455 387
3460 387
3465 385
3470 385
3475 379
3480 379
3485 379
3490 366
3495 366
3500 366
3505 364
3510 362
3515 362
3520 361
3525 357
3530 344
3535 343
3540 343
3545 343
3550 342
3555 342
3560 342
3565 342
3570 342
3575 342
3580 335
3585 335
3590 335
3595 319
3600 318
3605 317
3610 317
3615 317
3620 317
3625 315
3630 314
3635 311
3640 311
3645 311
3650 311
3655 311
3660 311
3665 311
3670 311
3675 311
3680 306
3685 306
3690 306
3695 306
3700 305
3705 305
3710 304
3715 231
3720 231
3725 231
3730 185
3735 185
3740 185
3745 184
3750 184
3755 184
3760 184
3765 183
3770 123
3775 123
3780 123
3785 123
3790 123
3795 121
3800 114
3805 114
3810 101
3815 101
3820 101
3825 101
3830 101
3835 101
3840 101
3845 101
3850 93
3855 93
3860 93
3865 93
3870 93
3875 93
3880 93
3885 93
3890 93
3895 93
3900 93
3905 93
3910 87
3915 87
3920 87
3925 87
3930 87
3935 87
3940 84
3945 84
3950 84
3955 84
3960 84
3965 84
3970 84
3975 84
3980 84
3985 79
3990 79
3995 77
4000 77
4005 77
4010 77
4015 77
4020 77
4025 77
4030 77
4035 77
4040 77
4045 76
4050 76
4055 76
4060 76
4065 76
4070 72
4075 72
4080 72
4085 72
4090 72
4095 72
4100 72
4105 72
4110 51
4115 51
4120 49
4125 49
4130 49
4135 44
4140 44
4145 44
4150 44
4155 44
4160 44
4165 44
4170 44
4175 44
4180 44
4185 44
4190 44
4195 44
4200 44
4205 44
4210 43
4215 43
4220 43
4225 43
4230 43
4235 43
4240 43
4245 43
4250 42
4255 42
4260 42
4265 42
4270 42
4275 42
4280 42
4285 42
4290 42
4295 42
4300 40
4305 40
4310 40
4315 40
4320 40
4325 40
4330 40
4335 40
4340 40
4345 40
4350 40
4355 40
4360 40
4365 40
4370 40
4375 40
4380 40
4385 40
4390 40
4395 40
4400 40
4405 40
4410 40
4415 40
4420 40
4425 40
4430 40
4435 40
4440 40
4445 40
4450 40
4455 40
4460 40
4465 40
4470 40
4475 40
4480 40
4485 40
4490 40
4495 40
4500 40
4505 40
4510 40
4515 40
4520 40
4525 40
4530 40
4535 37
4540 37
4545 37
4550 37
4555 37
4560 37
4565 37
4570 37
4575 37
4580 37
4585 37
4590 37
4595 37
4600 36
4605 36
4610 36
4615 36
4620 36
4625 36
4630 36
4635 29
4640 23
4645 23
4650 23
4655 23
4660 23
4665 23
4670 23
4675 23
4680 23
4685 23
4690 23
4695 23
4700 23
4705 23
4710 23
4715 23
4720 23
4725 23
4730 23
4735 23
4740 23
4745 23
4750 23
4755 23
4760 23
4765 23
4770 23
4775 23
4780 23
4785 17
4790 17
4795 17
4800 17
4805 17
4810 17
4815 17
4820 17
4825 17
4830 17
4835 17
4840 17
4845 17
4850 17
4855 17
4860 17
4865 17
4870 17
4875 15
4880 15
4885 15
4890 15
4895 15
4900 15
4905 15
4910 15
4915 15
4920 15
4925 15
4930 15
4935 15
4940 15
4945 15
4950 15
4955 15
4960 15
4965 15
4970 15
4975 15
4980 15
4985 15
4990 15
4995 15
5000 12
5005 12
5010 12
5015 12
5020 12
5025 11
5030 11
5035 11
5040 11
5045 11
5050 11
5055 11
5060 11
5065 11
5070 11
5075 11
5080 11
5085 11
5090 11
5095 11
5100 11
5105 11
5110 11
5115 11
5120 11
5125 11
5130 11
5135 11
5140 11
5145 11
5150 11
5155 11
5160 11
5165 11
5170 11
5175 11
5180 11
5185 11
5190 11
5195 11
5200 11
5205 11
5210 11
5215 11
5220 11
5225 11
5230 11
5235 11
5240 11
5245 11
5250 11
5255 11
5260 11
5265 11
5270 11
5275 11
5280 11
5285 11
5290 11
5295 11
5300 10
5305 10
5310 10
5315 10
5320 10
5325 10
5330 10
5335 10
5340 10
5345 10
5350 10
5355 10
5360 10
5365 10
5370 10
5375 10
5380 10
5385 7
5390 7
5395 7
5400 7
5405 7
5410 7
5415 7
5420 7
5425 7
5430 7
5435 6
5440 6
5445 6
5450 6
5455 6
5460 6
5465 6
5470 6
5475 6
5480 6
5485 6
5490 6
5495 6
5500 6
5505 6
5510 6
5515 6
5520 6
5525 6
5530 6
5535 6
5540 6
5545 6
5550 6
5555 6
5560 6
5565 6
5570 6
5575 6
5580 6
5585 6
5590 6
5595 6
5600 6
5605 6
5610 6
5615 6
5620 6
5625 6
5630 6
5635 6
5640 6
5645 6
5650 6
5655 6
5660 6
5665 6
5670 6
5675 6
5680 6
5685 6
5690 6
5695 6
5700 6
5705 6
5710 6
5715 6
5720 6
5725 6
5730 6
5735 6
5740 6
5745 6
5750 6
5755 6
5760 6
5765 6
5770 6
5775 6
5780 6
5785 6
5790 6
5795 6
5800 6
5805 6
5810 6
5815 6
5820 6
5825 6
5830 6
5835 6
5840 6
5845 6
5850 6
5855 6
5860 6
5865 6
5870 6
5875 6
5880 6
5885 6
5890 6
5895 6
5900 6
5905 6
5910 6
5915 6
5920 6
5925 6
5930 6
5935 6
5940 6
5945 6
5950 6
5955 6
5960 6
5965 6
5970 6
5975 5
5980 5
5985 4
5990 4
5995 4
6000 4
6005 4
6010 4
6015 4
6020 4
6025 4
6030 4
6035 4
6040 4
6045 4
6050 4
6055 4
6060 4
6065 4
6070 4
6075 4
6080 4
6085 4
6090 4
6095 4
6100 4
6105 4
6110 3
6115 3
6120 3
6125 3
6130 3
6135 3
6140 3
6145 3
6150 3
6155 3
6160 3
6165 3
6170 3
6175 3
6180 3
6185 3
6190 3
6195 3
6200 3
6205 3
6210 3
6215 3
6220 3
6225 3
6230 3
6235 3
6240 3
6245 3
6250 3
6255 2
6260 2
6265 2
6270 2
6275 2
6280 2
6285 1
