0 4634
5 4628
10 4622
15 4606
20 4599
25 4594
30 4589
35 4582
40 4577
45 4572
50 4563
55 4558
60 4549
65 4541
70 4536
75 4529
80 4524
85 4517
90 4512
95 4506
100 4500
105 4492
110 4487
115 4454
120 4447
125 4440
130 4428
135 4423
140 4418
145 4412
150 4405
155 4400
160 4392
165 4384
170 4377
175 4369
180 4361
185 4354
190 4345
195 4336
200 4330
205 4325
210 4320
215 4313
220 4307
225 4289
230 4284
235 4278
240 4273
245 4268
250 4256
255 4251
260 4238
265 4227
270 4220
275 4194
280 4192
285 4184
290 4171
295 4167
300 4162
305 4157
310 4152
315 4146
320 4141
325 4121
330 4109
335 4102
340 4093
345 4087
350 4067
355 4063
360 4018
365 4001
370 3995
375 3988
380 3982
385 3977
390 3970
395 3957
400 3942
405 3934
410 3927
415 3923
420 3917
425 3911
430 3904
435 3899
440 3891
445 3884
450 3878
455 3873
460 3867
465 3862
470 3854
475 3848
480 3841
485 3832
490 3827
495 3822
500 3813
505 3810
510 3805
515 3799
520 3794
525 3788
530 3780
535 3769
540 3759
545 3752
550 3742
555 3736
560 3730
565 3725
570 3720
575 3713
580 3701
585 3696
590 3686
595 3682
600 3677
605 3662
610 3650
615 3645
620 3637
625 3630
630 3625
635 3620
640 3614
645 3611
650 3607
655 3595
660 3590
665 3585
670 3580
675 3574
680 3569
685 3559
690 3549
695 3537
700 3530
705 3523
710 3516
715 3504
720 3498
725 3484
730 3479
735 3468
740 3461
745 3455
750 3447
755 3437
760 3432
765 3427
770 3417
775 3408
780 3401
785 3396
790 3384
795 3380
800 3373
805 3368
810 3362
815 3354
820 3344
825 3336
830 3331
835 3326
840 3318
845 3307
850 3300
855 3294
860 3286
865 3281
870 3276
875 3263
880 3258
885 3253
890 3241
895 3237
900 3226
905 3221
910 3186
915 3178
920 3171
925 3158
930 3158
935 3154
940 3141
945 3136
950 3131
955 3090
960 3090
965 3090
970 3084
975 3079
980 3066
985 3058
990 3038
995 3032
1000 3025
1005 3023
1010 3016
1015 3010
1020 3003
1025 2998
1030 2992
1035 2987
1040 2975
1045 2969
1050 2963
1055 2957
1060 2949
1065 2941
1070 2937
1075 2932
1080 2927
1085 2921
1090 2905
1095 2895
1100 2848
1105 2845
1110 2838
1115 2821
1120 2791
1125 2789
1130 2785
1135 2782
1140 2775
1145 2768
1150 2763
1155 2758
1160 2746
1165 2740
1170 2736
1175 2726
1180 2719
1185 2716
1190 2716
1195 2716
1200 2710
1205 2705
1210 2688
1215 2684
1220 2675
1225 2667
1230 2660
1235 2636
1240 2614
1245 2607
1250 2598
1255 2590
1260 2585
1265 2576
1270 2568
1275 2562
1280 2560
1285 2541
1290 2538
1295 2524
1300 2500
1305 2489
1310 2483
1315 2478
1320 2468
1325 2451
1330 2429
1335 2429
1340 2421
1345 2412
1350 2408
1355 2406
1360 2391
1365 2386
1370 2376
1375 2370
1380 2365
1385 2347
1390 2347
1395 2342
1400 2321
1405 2321
1410 2314
1415 2305
1420 2305
1425 1538
1430 1385
1435 1385
1440 1383
1445 1376
1450 1363
1455 1097
1460 1086
1465 1080
1470 1072
1475 740
1480 740
1485 740
1490 740
1495 740
1500 740
1505 740
1510 740
1515 740
1520 740
1525 740
1530 740
1535 740
1540 740
1545 732
1550 723
1555 686
1560 685
1565 682
1570 679
1575 678
1580 678
1585 678
1590 678
1595 678
1600 678
1605 678
1610 678
1615 678
1620 678
1625 678
1630 678
1635 678
1640 678
1645 678
1650 678
1655 678
1660 678
1665 678
1670 669
1675 631
1680 631
1685 576
1690 573
1695 566
1700 561
1705 559
1710 555
1715 555
1720 554
1725 554
1730 554
1735 554
1740 554
1745 554
1750 554
1755 554
1760 526
1765 424
1770 423
1775 423
1780 423
1785 423
1790 423
1795 423
1800 423
1805 423
1810 423
1815 423
1820 423
1825 423
1830 423
1835 423
1840 423
1845 423
1850 423
1855 423
1860 423
1865 423
1870 423
1875 423
1880 423
1885 414
1890 414
1895 414
1900 414
1905 414
1910 414
1915 414
1920 414
1925 414
1930 409
1935 409
1940 409
1945 409
1950 409
1955 409
1960 409
1965 409
1970 409
1975 404
1980 404
1985 404
1990 404
1995 402
2000 382
2005 382
2010 378
2015 378
2020 378
2025 378
2030 378
2035 378
2040 378
2045 378
2050 374
2055 371
2060 371
2065 371
2070 343
2075 340
2080 339
2085 339
2090 339
2095 339
2100 339
2105 339
2110 339
2115 339
2120 339
2125 339
2130 338
2135 338
2140 338
2145 338
2150 338
2155 338
2160 338
2165 338
2170 328
2175 328
2180 328
2185 313
2190 313
2195 313
2200 313
2205 313
2210 313
2215 313
2220 313
2225 313
2230 312
2235 305
2240 295
2245 295
2250 294
2255 294
2260 294
2265 283
2270 283
2275 283
2280 283
2285 283
2290 283
2295 283
2300 283
2305 283
2310 282
2315 280
2320 280
2325 280
2330 280
2335 280
2340 280
2345 280
2350 266
2355 241
2360 236
2365 222
2370 218
2375 217
2380 215
2385 215
2390 215
2395 213
2400 211
2405 211
2410 211
2415 193
2420 185
2425 149
2430 149
2435 149
2440 149
2445 149
2450 130
2455 130
2460 130
2465 130
2470 130
2475 130
2480 130
2485 130
2490 130
2495 126
2500 126
2505 126
2510 79
2515 79
2520 79
2525 79
2530 79
2535 79
2540 79
2545 79
2550 79
2555 77
2560 77
2565 77
2570 77
2575 77
2580 77
2585 77
2590 77
2595 77
2600 77
2605 77
2610 77
2615 77
2620 77
2625 77
2630 77
2635 77
2640 77
2645 77
2650 77
2655 77
2660 75
2665 75
2670 75
2675 75
2680 75
2685 75
2690 75
2695 69
2700 64
2705 62
2710 62
2715 62
2720 62
2725 62
2730 60
2735 60
2740 57
2745 57
2750 57
2755 57
2760 57
2765 55
2770 55
2775 55
2780 55
2785 55
2790 54
2795 54
2800 54
2805 54
2810 54
2815 54
2820 54
2825 54
2830 54
2835 47
2840 47
2845 47
2850 47
2855 47
2860 47
2865 47
2870 47
2875 46
2880 46
2885 28
2890 28
2895 28
2900 28
2905 28
2910 28
2915 27
2920 27
