0 4634
5 4616
10 4611
15 4604
20 4599
25 4594
30 4587
35 4582
40 4577
45 4572
50 4567
55 4557
60 4552
65 4547
70 4539
75 4533
80 4526
85 4521
90 4514
95 4506
100 4501
105 4495
110 4488
115 4483
120 4478
125 4471
130 4465
135 4460
140 4455
145 4449
150 4444
155 4437
160 4431
165 4418
170 4412
175 4407
180 4400
185 4394
190 4388
195 4383
200 4374
205 4368
210 4363
215 4357
220 4348
225 4341
230 4334
235 4329
240 4322
245 4316
250 4309
255 4292
260 4285
265 4275
270 4262
275 4212
280 4206
285 4195
290 4189
295 4177
300 4169
305 4168
310 4165
315 4160
320 4153
325 4147
330 4140
335 4128
340 4108
345 4103
350 4092
355 4086
360 4063
365 4057
370 4046
375 4029
380 4024
385 4019
390 4011
395 3987
400 3982
405 3973
410 3965
415 3960
420 3946
425 3945
430 3940
435 3934
440 3929
445 3919
450 3912
455 3904
460 3899
465 3896
470 3890
475 3885
480 3877
485 3870
490 3858
495 3854
500 3846
505 3810
510 3810
515 3807
520 3800
525 3792
530 3780
535 3774
540 3765
545 3759
550 3754
555 3748
560 3743
565 3738
570 3733
575 3726
580 3714
585 3709
590 3698
595 3692
600 3687
605 3682
610 3677
615 3671
620 3665
625 3660
630 3652
635 3643
640 3638
645 3636
650 3636
655 3630
660 3623
665 3618
670 3613
675 3607
680 3594
685 3586
690 3579
695 3568
700 3562
705 3557
710 3552
715 3543
720 3529
725 3524
730 3514
735 3507
740 3502
745 3497
750 3489
755 3483
760 3478
765 3472
770 3467
775 3461
780 3453
785 3424
790 3419
795 3409
800 3404
805 3399
810 3394
815 3387
820 3380
825 3372
830 3366
835 3361
840 3352
845 3347
850 3331
855 3325
860 3316
865 3310
870 3304
875 3299
880 3290
885 3283
890 3268
895 3262
900 3257
905 3251
910 3245
915 3232
920 3227
925 3216
930 3202
935 3196
940 3182
945 3180
950 3144
955 3139
960 3099
965 3099
970 3099
975 3099
980 3062
985 3054
990 3049
995 3028
1000 3021
1005 3018
1010 3007
1015 3002
1020 2994
1025 2986
1030 2975
1035 2967
1040 2962
1045 2952
1050 2947
1055 2943
1060 2937
1065 2923
1070 2910
1075 2901
1080 2896
1085 2891
1090 2885
1095 2868
1100 2863
1105 2810
1110 2806
1115 2801
1120 2788
1125 2761
1130 2749
1135 2741
1140 2732
1145 2726
1150 2721
1155 2709
1160 2702
1165 2692
1170 2687
1175 2682
1180 2679
1185 2679
1190 2679
1195 2670
1200 2656
1205 2632
1210 2624
1215 2607
1220 2597
1225 2590
1230 2580
1235 2576
1240 2559
1245 2551
1250 2548
1255 2462
1260 2456
1265 2445
1270 2442
1275 2428
1280 2418
1285 2409
1290 2393
1295 2340
1300 2335
1305 2320
1310 2301
1315 2297
1320 2297
1325 2297
1330 2285
1335 2280
1340 2272
1345 2259
1350 2253
1355 2248
1360 2240
1365 2215
1370 2215
1375 2200
1380 2196
1385 2193
1390 2193
1395 2193
1400 2165
1405 1336
1410 1327
1415 1322
1420 1288
1425 1282
1430 1275
1435 1264
1440 1254
1445 1253
1450 1122
1455 1121
1460 1099
1465 1099
1470 1091
1475 1091
1480 1091
1485 1091
1490 1091
1495 1053
1500 1045
1505 893
1510 889
1515 881
1520 879
1525 879
1530 879
1535 879
1540 878
1545 877
1550 877
1555 804
1560 798
1565 798
1570 797
1575 790
1580 761
1585 761
1590 761
1595 757
1600 702
1605 702
1610 701
1615 701
1620 644
1625 539
1630 539
1635 538
1640 538
1645 538
1650 534
1655 534
1660 534
1665 534
1670 534
1675 534
1680 534
1685 531
1690 521
1695 496
1700 496
1705 496
1710 496
1715 496
1720 496
1725 496
1730 496
1735 496
1740 490
1745 488
1750 488
1755 466
1760 457
1765 453
1770 453
1775 453
1780 415
1785 415
1790 415
1795 415
1800 415
1805 415
1810 415
1815 415
1820 415
1825 415
1830 415
1835 405
1840 405
1845 405
1850 405
1855 405
1860 403
1865 392
1870 392
1875 392
1880 392
1885 392
1890 392
1895 388
1900 369
1905 282
1910 282
1915 282
1920 282
1925 282
1930 282
1935 282
1940 282
1945 282
1950 282
1955 282
1960 282
1965 282
1970 282
1975 282
1980 282
1985 282
1990 282
1995 282
2000 282
2005 282
2010 282
2015 281
2020 281
2025 277
2030 277
2035 277
2040 277
2045 275
2050 272
2055 272
2060 272
2065 272
2070 272
2075 272
2080 270
2085 270
2090 270
2095 270
2100 270
2105 260
2110 260
2115 260
2120 260
2125 237
2130 234
2135 234
2140 207
2145 207
2150 207
2155 207
2160 207
2165 207
2170 207
2175 207
2180 207
2185 207
2190 207
2195 207
2200 199
2205 199
2210 199
2215 199
2220 199
2225 198
2230 159
2235 159
2240 159
2245 159
2250 159
2255 159
2260 159
2265 159
2270 159
2275 154
2280 154
2285 149
2290 149
2295 149
2300 149
2305 144
2310 144
2315 144
2320 144
2325 144
2330 144
2335 144
2340 144
2345 144
2350 144
2355 144
2360 144
2365 144
2370 144
2375 144
2380 144
2385 144
2390 112
2395 112
2400 112
2405 112
2410 112
2415 111
2420 111
2425 109
2430 109
2435 109
2440 109
2445 109
2450 109
2455 109
2460 109
2465 109
2470 109
2475 109
2480 109
2485 109
2490 109
2495 109
2500 109
2505 109
2510 109
2515 104
2520 104
2525 102
2530 102
2535 102
2540 101
2545 101
2550 101
2555 101
2560 101
2565 101
2570 101
2575 101
2580 101
2585 101
2590 101
2595 101
2600 101
2605 101
2610 101
2615 101
2620 101
2625 101
2630 100
2635 100
2640 100
2645 100
2650 91
2655 91
2660 91
2665 91
2670 89
2675 89
2680 89
2685 89
2690 89
2695 89
2700 56
2705 56
2710 56
2715 40
2720 40
2725 40
2730 40
2735 40
2740 40
2745 39
2750 39
2755 37
2760 37
2765 37
2770 37
2775 37
2780 37
2785 37
2790 37
2795 37
2800 37
2805 37
2810 37
2815 37
2820 37
2825 37
2830 37
2835 36
2840 36
2845 36
2850 36
2855 36
2860 36
2865 36
2870 36
2875 36
2880 36
2885 36
