0 4634
5 4634
10 4634
15 4634
20 4634
25 4634
30 4634
35 4634
40 4634
45 4634
50 4634
55 4627
60 4627
65 4627
70 4627
75 4627
80 4627
85 4627
90 4627
95 4627
100 4627
105 4627
110 4627
115 4627
120 4627
125 4627
130 4627
135 4627
140 4627
145 4627
150 4627
155 4599
160 4599
165 4599
170 4599
175 4599
180 4597
185 4597
190 4597
195 4597
200 4597
205 4597
210 4597
215 4597
220 4597
225 4597
230 4597
235 4597
240 4597
245 4570
250 4570
255 4567
260 4567
265 4567
270 4560
275 4560
280 4558
285 4557
290 4555
295 4555
300 4555
305 4555
310 4555
315 4554
320 4554
325 4553
330 4551
335 4549
340 4547
345 4546
350 4539
355 4539
360 4538
365 4538
370 4534
375 4533
380 4531
385 4528
390 4528
395 4527
400 4527
405 4526
410 4523
415 4523
420 4523
425 4519
430 4519
435 4515
440 4515
445 4509
450 4505
455 4505
460 4501
465 4501
470 4499
475 4499
480 4499
485 4497
490 4491
495 4470
500 4470
505 4470
510 4465
515 4460
520 4451
525 4451
530 4451
535 4444
540 4444
545 4444
550 4442
555 4442
560 4442
565 4442
570 4434
575 4432
580 4432
585 4409
590 4409
595 4408
600 4408
605 4401
610 4400
615 4400
620 4397
625 4396
630 4396
635 4393
640 4392
645 4388
650 4387
655 4384
660 4376
665 4376
670 4365
675 4365
680 4359
685 4353
690 4347
695 4347
700 4347
705 4346
710 4345
715 4338
720 4338
725 4327
730 4327
735 4324
740 4322
745 4321
750 4320
755 4317
760 4317
765 4316
770 4316
775 4313
780 4312
785 4302
790 4297
795 4297
800 4294
805 4290
810 4290
815 4287
820 4280
825 4276
830 4274
835 4273
840 4269
845 4269
850 4262
855 4261
860 4260
865 4260
870 4260
875 4257
880 4257
885 4257
890 4257
895 4254
900 4251
905 4247
910 4243
915 4243
920 4243
925 4240
930 4228
935 4224
940 4222
945 4220
950 4219
955 4218
960 4216
965 4213
970 4208
975 4200
980 4192
985 4187
990 4168
995 4153
1000 4152
1005 4152
1010 4150
1015 4149
1020 4149
1025 4148
1030 4147
1035 4147
1040 4134
1045 4132
1050 4128
1055 4122
1060 4119
1065 4119
1070 4111
1075 4102
1080 4087
1085 4081
1090 4081
1095 4081
1100 4078
1105 4077
1110 4064
1115 4062
1120 4061
1125 4052
1130 4050
1135 4047
1140 4046
1145 4008
1150 4008
1155 4008
1160 4008
1165 4003
1170 3993
1175 3968
1180 3967
1185 3964
1190 3961
1195 3941
1200 3940
1205 3936
1210 3933
1215 3927
1220 3918
1225 3913
1230 3902
1235 3897
1240 3893
1245 3880
1250 3878
1255 3873
1260 3861
1265 3855
1270 3852
1275 3852
1280 3849
1285 3846
1290 3837
1295 3837
1300 3819
1305 3815
1310 3812
1315 3804
1320 3798
1325 3793
1330 3789
1335 3787
1340 3785
1345 3781
1350 3780
1355 3775
1360 3774
1365 3765
1370 3762
1375 3749
1380 3748
1385 3745
1390 3744
1395 3742
1400 3724
1405 3686
1410 3682
1415 3676
1420 3648
1425 3622
1430 3612
1435 3605
1440 3592
1445 3590
1450 3589
1455 3551
1460 3476
1465 3472
1470 3463
1475 3462
1480 3459
1485 3459
1490 3447
1495 3445
1500 3442
1505 3440
1510 3432
1515 3429
1520 3427
1525 3427
1530 3425
1535 3416
1540 3414
1545 3410
1550 3410
1555 3400
1560 3396
1565 3395
1570 3393
1575 3384
1580 3383
1585 3379
1590 3374
1595 3374
1600 3374
1605 3372
1610 3364
1615 3348
1620 3346
1625 3341
1630 3341
1635 3339
1640 3338
1645 3338
1650 3335
1655 3333
1660 3331
1665 3328
1670 3327
1675 3323
1680 3312
1685 3306
1690 3304
1695 3304
1700 3303
1705 3281
1710 3279
1715 3275
1720 3257
1725 3251
1730 3194
1735 3192
1740 3188
1745 3185
1750 3180
1755 3175
1760 3165
1765 3159
1770 3159
1775 3154
1780 3140
1785 3131
1790 3127
1795 3126
1800 3121
1805 3120
1810 3107
1815 3106
1820 3084
1825 3081
1830 3074
1835 3061
1840 3060
1845 3055
1850 3045
1855 3042
1860 3040
1865 3039
1870 3030
1875 3028
1880 3025
1885 3020
1890 3007
1895 2998
1900 2969
1905 2968
1910 2966
1915 2966
1920 2944
1925 2939
1930 2931
1935 2924
1940 2923
1945 2911
1950 2904
1955 2896
1960 2895
1965 2888
1970 2874
1975 2854
1980 2852
1985 2849
1990 2842
1995 2837
2000 2824
2005 2823
2010 2818
2015 2806
2020 2802
2025 2786
2030 2768
2035 2762
2040 2750
2045 2733
2050 2722
2055 2704
2060 2704
2065 2696
2070 2695
2075 2694
2080 2626
2085 2624
2090 2621
2095 2601
2100 2592
2105 2591
2110 2590
2115 2503
2120 2489
2125 2473
2130 2465
2135 2460
2140 2448
2145 2445
2150 2439
2155 2438
2160 2428
2165 2424
2170 2420
2175 2420
2180 2411
2185 2390
2190 2388
2195 2388
2200 2385
2205 2380
2210 2371
2215 2370
2220 2254
2225 2130
2230 2128
2235 2126
2240 2126
2245 2125
2250 2091
2255 2089
2260 2089
2265 2086
2270 2080
2275 1987
2280 1984
2285 1973
2290 1963
2295 1961
2300 1959
2305 1938
2310 1937
2315 1933
2320 1769
2325 1767
2330 1767
2335 1767
2340 1735
2345 1701
2350 1701
2355 1697
2360 1697
2365 1655
2370 1653
2375 1634
2380 1633
2385 1631
2390 1630
2395 1630
2400 1607
2405 1603
2410 1603
2415 1528
2420 1526
2425 1526
2430 1525
2435 1515
2440 1515
2445 1514
2450 1514
2455 1510
2460 1495
2465 1494
2470 1488
2475 1488
2480 1481
2485 1369
2490 1369
2495 1367
2500 1357
2505 1357
2510 1354
2515 1351
2520 1343
2525 1342
2530 1294
2535 1292
2540 1291
2545 1291
2550 1280
2555 1258
2560 1256
2565 1249
2570 1249
2575 1249
2580 1243
2585 1120
2590 1116
2595 1116
2600 1116
2605 1110
2610 1109
2615 1108
2620 1108
2625 1108
2630 1104
2635 1104
2640 1097
2645 1083
2650 1083
2655 1048
2660 1044
2665 1042
2670 1027
2675 1020
2680 1019
2685 1017
2690 1017
2695 1015
2700 1014
2705 1011
2710 1006
2715 1004
2720 999
2725 996
2730 995
2735 994
2740 977
2745 977
2750 957
2755 956
2760 956
2765 956
2770 954
2775 950
2780 948
2785 946
2790 946
2795 945
2800 945
2805 944
2810 944
2815 943
2820 942
2825 941
2830 941
2835 934
2840 928
2845 907
2850 906
2855 904
2860 900
2865 900
2870 896
2875 895
2880 892
2885 892
2890 886
2895 886
2900 886
2905 886
2910 886
2915 886
2920 864
2925 863
2930 860
2935 860
2940 859
2945 849
2950 848
2955 848
2960 842
2965 842
2970 842
2975 839
2980 839
2985 839
2990 839
2995 839
3000 839
3005 839
3010 832
3015 832
3020 831
3025 826
3030 826
3035 826
3040 826
3045 826
3050 822
3055 816
3060 816
3065 631
3070 627
3075 627
3080 627
3085 623
3090 620
3095 620
3100 620
3105 620
3110 620
3115 618
3120 615
3125 615
3130 611
3135 611
3140 611
3145 611
3150 599
3155 599
3160 598
3165 591
3170 590
3175 586
3180 579
3185 579
3190 575
3195 574
3200 573
3205 569
3210 555
3215 554
3220 554
3225 554
3230 554
3235 549
3240 548
3245 528
3250 528
3255 528
3260 528
3265 528
3270 526
3275 526
3280 526
3285 518
3290 518
3295 517
3300 517
3305 516
3310 516
3315 516
3320 516
3325 475
3330 475
3335 475
3340 474
3345 474
3350 474
3355 474
3360 463
3365 463
3370 463
3375 448
3380 448
3385 446
3390 443
3395 442
3400 426
3405 426
3410 426
3415 426
3420 423
3425 408
3430 406
3435 401
3440 401
3445 401
3450 399
3455 399
3460 391
3465 389
3470 389
3475 389
3480 389
3485 388
3490 388
3495 388
3500 387
3505 385
3510 368
3515 368
3520 366
3525 366
3530 365
3535 364
3540 362
3545 353
3550 353
3555 342
3560 339
3565 339
3570 320
3575 320
3580 320
3585 319
3590 319
3595 318
3600 307
3605 307
3610 306
3615 305
3620 302
3625 302
3630 299
3635 299
3640 299
3645 299
3650 297
3655 297
3660 295
3665 295
3670 295
3675 295
3680 294
3685 294
3690 292
3695 291
3700 291
3705 290
3710 290
3715 290
3720 290
3725 288
3730 287
3735 248
3740 137
3745 137
3750 137
3755 133
3760 122
3765 121
3770 121
3775 121
3780 111
3785 111
3790 111
3795 111
3800 106
3805 103
3810 101
3815 101
3820 95
3825 95
3830 95
3835 95
3840 84
3845 84
3850 84
3855 84
3860 84
3865 84
3870 84
3875 84
3880 53
3885 53
3890 53
3895 53
3900 53
3905 53
3910 53
3915 53
3920 53
3925 53
3930 53
3935 53
3940 53
3945 53
3950 47
3955 47
3960 47
3965 47
3970 47
3975 47
3980 47
3985 47
3990 47
3995 47
4000 47
4005 47
4010 47
4015 47
4020 47
4025 47
4030 47
4035 47
4040 47
4045 44
4050 44
4055 44
4060 38
4065 38
4070 38
4075 38
4080 36
4085 36
4090 34
4095 34
4100 34
4105 34
4110 34
4115 34
4120 34
4125 34
4130 34
4135 34
4140 34
4145 34
4150 34
4155 34
4160 34
4165 34
4170 34
4175 34
4180 34
4185 34
4190 34
4195 34
4200 34
4205 34
4210 32
4215 32
4220 32
4225 32
4230 32
4235 32
4240 32
4245 29
4250 29
4255 29
4260 29
4265 29
4270 29
4275 29
4280 29
4285 29
4290 29
4295 29
4300 27
4305 27
4310 27
4315 27
4320 27
4325 27
4330 27
4335 27
4340 27
4345 27
4350 27
4355 27
4360 27
4365 27
4370 27
4375 27
4380 26
4385 26
4390 26
4395 26
4400 26
4405 26
4410 26
4415 26
4420 26
4425 26
4430 26
4435 24
4440 24
4445 24
4450 24
4455 24
4460 24
4465 24
4470 24
4475 24
4480 24
4485 23
4490 23
4495 23
4500 23
4505 23
4510 23
4515 23
4520 23
4525 23
4530 23
4535 23
4540 23
4545 23
4550 23
4555 23
4560 23
4565 23
4570 23
4575 23
4580 23
4585 23
4590 23
4595 23
4600 23
4605 23
4610 23
4615 23
4620 23
4625 23
4630 23
4635 23
4640 23
4645 23
4650 23
4655 23
4660 22
4665 22
4670 22
4675 22
4680 22
4685 22
4690 22
4695 22
4700 22
4705 22
4710 22
4715 22
4720 22
4725 22
4730 22
4735 22
4740 22
4745 22
4750 22
4755 22
4760 22
4765 22
4770 22
4775 22
4780 22
4785 22
4790 20
4795 16
4800 16
4805 16
4810 16
4815 16
4820 16
4825 16
4830 16
4835 16
4840 16
4845 16
4850 16
4855 16
4860 16
4865 16
4870 16
4875 16
4880 16
4885 16
4890 16
4895 16
4900 16
4905 16
4910 16
4915 16
4920 16
4925 16
4930 16
4935 16
4940 16
4945 16
4950 16
4955 16
4960 16
4965 16
4970 16
4975 16
4980 16
4985 16
4990 16
4995 16
5000 16
5005 16
5010 16
5015 16
5020 16
5025 16
5030 16
5035 16
5040 16
5045 16
5050 16
5055 16
5060 16
5065 16
5070 16
5075 16
5080 16
5085 16
5090 16
5095 16
5100 16
5105 16
5110 14
5115 14
5120 14
5125 14
5130 14
5135 14
5140 14
5145 14
5150 14
5155 14
5160 12
5165 12
5170 12
5175 12
5180 12
5185 12
5190 12
5195 11
5200 11
5205 11
5210 11
5215 11
5220 11
5225 11
5230 11
5235 11
5240 11
5245 11
5250 11
5255 11
5260 11
5265 11
5270 11
5275 11
5280 11
5285 11
5290 11
5295 11
5300 11
5305 11
5310 11
5315 11
5320 11
5325 11
5330 11
5335 11
5340 11
5345 11
5350 11
5355 11
5360 11
5365 11
5370 11
5375 11
5380 11
5385 11
5390 11
5395 11
5400 11
5405 11
5410 11
5415 11
5420 11
5425 11
5430 11
5435 11
5440 11
5445 11
5450 11
5455 11
5460 9
5465 9
5470 9
5475 9
5480 9
5485 9
5490 9
5495 9
5500 9
5505 9
5510 9
5515 9
5520 9
5525 9
5530 9
5535 9
5540 9
5545 9
5550 9
5555 9
5560 9
5565 9
5570 9
5575 9
5580 9
5585 9
5590 9
5595 9
5600 9
5605 9
5610 9
5615 9
5620 9
5625 9
5630 9
5635 9
5640 9
5645 9
5650 9
5655 9
5660 9
5665 9
5670 9
5675 9
5680 9
5685 9
5690 9
5695 9
5700 9
5705 9
5710 9
5715 9
5720 9
5725 9
5730 9
5735 9
5740 9
5745 9
5750 6
5755 6
5760 6
5765 6
5770 6
5775 6
5780 6
5785 6
5790 6
5795 6
5800 6
5805 6
5810 6
5815 6
5820 6
5825 6
5830 6
5835 5
5840 5
5845 4
5850 4
5855 4
5860 4
5865 4
5870 4
5875 4
5880 4
5885 4
5890 4
5895 4
5900 4
5905 4
5910 4
5915 4
5920 4
5925 4
5930 4
5935 4
5940 4
5945 4
5950 4
5955 4
5960 4
5965 4
5970 4
5975 4
5980 4
5985 4
5990 4
5995 4
6000 4
6005 3
6010 3
6015 3
6020 3
6025 3
6030 3
6035 3
6040 3
6045 3
6050 3
6055 3
6060 3
6065 3
6070 3
6075 3
6080 3
6085 3
6090 3
6095 3
6100 3
6105 3
6110 3
6115 3
6120 3
6125 3
6130 3
6135 3
6140 3
6145 3
6150 3
6155 3
6160 3
6165 3
6170 3
6175 3
6180 3
6185 3
6190 3
6195 3
6200 3
6205 3
6210 3
6215 3
6220 2
6225 2
6230 2
6235 2
6240 2
6245 2
6250 2
6255 2
6260 2
6265 2
6270 2
6275 2
6280 2
6285 1
