0 4634
5 4626
10 4612
15 4607
20 4602
25 4597
30 4592
35 4587
40 4581
45 4576
50 4570
55 4562
60 4552
65 4546
70 4540
75 4535
80 4526
85 4521
90 4510
95 4504
100 4499
105 4494
110 4489
115 4484
120 4479
125 4473
130 4463
135 4458
140 4451
145 4444
150 4440
155 4435
160 4429
165 4421
170 4414
175 4409
180 4403
185 4397
190 4390
195 4382
200 4376
205 4367
210 4360
215 4355
220 4350
225 4345
230 4339
235 4332
240 4324
245 4318
250 4296
255 4291
260 4286
265 4273
270 4268
275 4263
280 4253
285 4238
290 4233
295 4220
300 4213
305 4211
310 4206
315 4198
320 4191
325 4184
330 4163
335 4147
340 4138
345 4134
350 4125
355 4107
360 4102
365 4080
370 4074
375 4070
380 4065
385 4058
390 4040
395 4034
400 4023
405 4013
410 4007
415 4003
420 3994
425 3980
430 3976
435 3965
440 3958
445 3951
450 3946
455 3943
460 3937
465 3932
470 3926
475 3917
480 3911
485 3890
490 3890
495 3885
500 3879
505 3873
510 3865
515 3862
520 3858
525 3853
530 3848
535 3837
540 3826
545 3817
550 3809
555 3804
560 3792
565 3788
570 3783
575 3777
580 3772
585 3765
590 3752
595 3747
600 3737
605 3730
610 3725
615 3714
620 3714
625 3708
630 3703
635 3697
640 3688
645 3677
650 3672
655 3669
660 3669
665 3669
670 3660
675 3652
680 3646
685 3635
690 3630
695 3625
700 3618
705 3610
710 3604
715 3593
720 3592
725 3586
730 3579
735 3555
740 3533
745 3528
750 3522
755 3513
760 3507
765 3501
770 3495
775 3488
780 3482
785 3477
790 3472
795 3465
800 3452
805 3447
810 3439
815 3434
820 3419
825 3414
830 3408
835 3403
840 3397
845 3387
850 3378
855 3368
860 3363
865 3357
870 3352
875 3345
880 3339
885 3333
890 3326
895 3318
900 3313
905 3307
910 3301
915 3293
920 3287
925 3278
930 3273
935 3214
940 3201
945 3195
950 3189
955 3189
960 3184
965 3174
970 3146
975 3141
980 3102
985 3102
990 3102
995 3086
1000 3080
1005 3072
1010 3064
1015 3055
1020 3048
1025 3043
1030 3032
1035 3018
1040 3010
1045 3005
1050 2995
1055 2989
1060 2966
1065 2958
1070 2954
1075 2950
1080 2935
1085 2926
1090 2919
1095 2913
1100 2909
1105 2903
1110 2888
1115 2881
1120 2872
1125 2859
1130 2853
1135 2849
1140 2839
1145 2826
1150 2822
1155 2783
1160 2775
1165 2761
1170 2754
1175 2748
1180 2743
1185 2728
1190 2726
1195 2718
1200 2709
1205 2698
1210 2675
1215 2668
1220 2655
1225 2649
1230 2609
1235 2598
1240 2589
1245 2578
1250 2568
1255 2546
1260 2539
1265 2520
1270 2513
1275 2507
1280 2501
1285 2494
1290 2484
1295 2475
1300 2468
1305 2459
1310 2439
1315 2345
1320 2304
1325 2289
1330 2276
1335 2275
1340 2275
1345 2275
1350 2273
1355 2267
1360 2264
1365 2260
1370 2255
1375 2249
1380 2241
1385 2230
1390 2223
1395 2214
1400 1951
1405 1943
1410 1943
1415 1943
1420 1942
1425 1913
1430 1911
1435 1901
1440 1896
1445 1896
1450 1896
1455 1887
1460 1878
1465 1865
1470 1856
1475 1855
1480 1754
1485 1754
1490 1754
1495 1754
1500 1750
1505 1745
1510 1709
1515 1698
1520 1692
1525 1692
1530 1638
1535 1630
1540 1621
1545 1621
1550 1609
1555 1606
1560 1601
1565 1596
1570 1579
1575 1575
1580 1513
1585 1509
1590 1493
1595 1489
1600 1489
1605 1489
1610 1482
1615 1474
1620 1469
1625 1457
1630 1456
1635 1358
1640 1353
1645 1280
1650 1279
1655 1277
1660 1260
1665 1214
1670 1206
1675 1204
1680 1199
1685 1198
1690 1198
1695 1196
1700 1195
1705 1194
1710 1189
1715 1158
1720 1158
1725 1135
1730 1135
1735 1135
1740 1135
1745 1135
1750 1122
1755 979
1760 972
1765 941
1770 941
1775 941
1780 941
1785 940
1790 933
1795 933
1800 933
1805 919
1810 913
1815 911
1820 893
1825 889
1830 884
1835 874
1840 874
1845 874
1850 874
1855 874
1860 860
1865 860
1870 859
1875 853
1880 841
1885 838
1890 560
1895 560
1900 560
1905 559
1910 559
1915 559
1920 559
1925 559
1930 559
1935 559
1940 559
1945 559
1950 557
1955 557
1960 554
1965 508
1970 506
1975 506
1980 505
1985 505
1990 490
1995 490
2000 490
2005 490
2010 490
2015 411
2020 410
2025 410
2030 409
2035 406
2040 406
2045 326
2050 326
2055 325
2060 325
2065 324
2070 324
2075 324
2080 324
2085 324
2090 324
2095 323
2100 323
2105 323
2110 323
2115 300
2120 300
2125 300
2130 300
2135 300
2140 300
2145 300
2150 300
2155 300
2160 287
2165 287
2170 287
2175 287
2180 287
2185 287
2190 287
2195 287
2200 287
2205 287
2210 277
2215 277
2220 272
2225 272
2230 272
2235 272
2240 272
2245 272
2250 246
2255 246
2260 246
2265 246
2270 246
2275 246
2280 246
2285 246
2290 246
2295 243
2300 240
2305 239
2310 239
2315 239
2320 239
2325 239
2330 239
2335 239
2340 233
2345 229
2350 224
2355 179
2360 179
2365 179
2370 176
2375 176
2380 176
2385 176
2390 176
2395 175
2400 175
2405 175
2410 175
2415 127
2420 127
2425 127
2430 117
2435 116
2440 114
2445 114
2450 108
2455 108
2460 107
2465 107
2470 107
2475 107
2480 107
2485 107
2490 106
2495 99
2500 99
2505 99
2510 99
2515 99
2520 99
2525 99
2530 99
2535 99
2540 99
2545 99
2550 99
2555 99
2560 99
2565 99
2570 99
2575 99
2580 99
2585 99
2590 99
2595 98
2600 98
2605 98
2610 98
2615 95
2620 72
2625 72
2630 72
2635 72
2640 72
2645 72
2650 72
2655 72
2660 71
2665 70
2670 70
2675 70
2680 70
2685 70
2690 70
2695 70
2700 59
2705 59
2710 59
2715 59
2720 59
2725 59
2730 59
2735 59
2740 59
2745 59
2750 59
2755 59
2760 59
2765 58
2770 58
2775 58
2780 58
2785 58
2790 58
2795 58
2800 55
2805 55
2810 55
2815 55
2820 55
2825 55
2830 40
2835 34
2840 34
2845 34
2850 34
2855 34
2860 34
2865 34
2870 34
2875 34
2880 34
2885 34
2890 34
2895 34
2900 34
2905 34
2910 34
2915 34
2920 34
2925 34
2930 34
