0 4634
5 4634
10 4634
15 4634
20 4634
25 4634
30 4634
35 4634
40 4634
45 4634
50 4634
55 4634
60 4634
65 4634
70 4634
75 4634
80 4633
85 4633
90 4631
95 4625
100 4625
105 4625
110 4625
115 4625
120 4624
125 4624
130 4624
135 4622
140 4622
145 4622
150 4622
155 4612
160 4612
165 4612
170 4612
175 4605
180 4605
185 4605
190 4605
195 4605
200 4605
205 4602
210 4600
215 4600
220 4595
225 4595
230 4595
235 4594
240 4594
245 4594
250 4589
255 4589
260 4586
265 4586
270 4584
275 4584
280 4574
285 4570
290 4570
295 4567
300 4567
305 4563
310 4563
315 4563
320 4563
325 4563
330 4562
335 4562
340 4562
345 4558
350 4558
355 4558
360 4556
365 4554
370 4553
375 4553
380 4548
385 4544
390 4544
395 4542
400 4542
405 4535
410 4535
415 4535
420 4531
425 4529
430 4519
435 4512
440 4506
445 4506
450 4506
455 4506
460 4506
465 4506
470 4502
475 4502
480 4502
485 4502
490 4502
495 4500
500 4495
505 4495
510 4493
515 4493
520 4486
525 4482
530 4479
535 4477
540 4470
545 4470
550 4462
555 4460
560 4460
565 4460
570 4460
575 4459
580 4459
585 4453
590 4432
595 4430
600 4428
605 4422
610 4414
615 4414
620 4405
625 4405
630 4403
635 4403
640 4403
645 4400
650 4400
655 4396
660 4394
665 4392
670 4390
675 4390
680 4379
685 4379
690 4379
695 4376
700 4363
705 4363
710 4363
715 4362
720 4359
725 4343
730 4342
735 4337
740 4331
745 4329
750 4323
755 4314
760 4314
765 4308
770 4305
775 4304
780 4294
785 4293
790 4291
795 4291
800 4288
805 4288
810 4287
815 4260
820 4254
825 4254
830 4248
835 4243
840 4243
845 4241
850 4236
855 4234
860 4233
865 4232
870 4232
875 4230
880 4229
885 4186
890 4180
895 4178
900 4178
905 4172
910 4172
915 4152
920 4148
925 4143
930 4135
935 4131
940 4131
945 4124
950 4116
955 4102
960 4101
965 4099
970 4098
975 4096
980 4086
985 4086
990 4080
995 4079
1000 4076
1005 4068
1010 4064
1015 4060
1020 4050
1025 4049
1030 4049
1035 4046
1040 4042
1045 4039
1050 4031
1055 4027
1060 4022
1065 4021
1070 4008
1075 4006
1080 4005
1085 4005
1090 3994
1095 3988
1100 3950
1105 3950
1110 3947
1115 3944
1120 3944
1125 3943
1130 3933
1135 3929
1140 3927
1145 3927
1150 3920
1155 3917
1160 3915
1165 3915
1170 3890
1175 3884
1180 3883
1185 3880
1190 3877
1195 3875
1200 3866
1205 3855
1210 3852
1215 3850
1220 3849
1225 3844
1230 3841
1235 3833
1240 3828
1245 3820
1250 3807
1255 3803
1260 3799
1265 3786
1270 3776
1275 3776
1280 3765
1285 3763
1290 3737
1295 3737
1300 3729
1305 3704
1310 3696
1315 3694
1320 3685
1325 3666
1330 3666
1335 3653
1340 3651
1345 3650
1350 3648
1355 3648
1360 3646
1365 3645
1370 3633
1375 3609
1380 3607
1385 3598
1390 3585
1395 3583
1400 3560
1405 3560
1410 3555
1415 3546
1420 3541
1425 3538
1430 3530
1435 3528
1440 3524
1445 3522
1450 3518
1455 3518
1460 3517
1465 3517
1470 3517
1475 3512
1480 3512
1485 3501
1490 3499
1495 3493
1500 3476
1505 3472
1510 3464
1515 3459
1520 3451
1525 3442
1530 3442
1535 3442
1540 3413
1545 3409
1550 3404
1555 3401
1560 3392
1565 3390
1570 3383
1575 3381
1580 3377
1585 3375
1590 3369
1595 3366
1600 3335
1605 3335
1610 3219
1615 3200
1620 3155
1625 3140
1630 3140
1635 3120
1640 3060
1645 3060
1650 3057
1655 3057
1660 3050
1665 3043
1670 3033
1675 3032
1680 3025
1685 3023
1690 3019
1695 3015
1700 2980
1705 2978
1710 2977
1715 2977
1720 2975
1725 2973
1730 2971
1735 2970
1740 2966
1745 2958
1750 2956
1755 2956
1760 2951
1765 2949
1770 2945
1775 2942
1780 2937
1785 2936
1790 2929
1795 2926
1800 2918
1805 2914
1810 2912
1815 2908
1820 2906
1825 2903
1830 2897
1835 2880
1840 2879
1845 2877
1850 2800
1855 2792
1860 2786
1865 2786
1870 2775
1875 2775
1880 2769
1885 2768
1890 2768
1895 2734
1900 2725
1905 2723
1910 2719
1915 2718
1920 2684
1925 2663
1930 2655
1935 2646
1940 2644
1945 2633
1950 2633
1955 2630
1960 2618
1965 2613
1970 2610
1975 2602
1980 2600
1985 2595
1990 2589
1995 2587
2000 2584
2005 2581
2010 2577
2015 2570
2020 2570
2025 2569
2030 2566
2035 2562
2040 2550
2045 2547
2050 2542
2055 2542
2060 2541
2065 2528
2070 2502
2075 2500
2080 2494
2085 2492
2090 2479
2095 2477
2100 2466
2105 2465
2110 2451
2115 2449
2120 2449
2125 2375
2130 2371
2135 2366
2140 2354
2145 2349
2150 2345
2155 2336
2160 2334
2165 2332
2170 2332
2175 2332
2180 2327
2185 2316
2190 2312
2195 2311
2200 2305
2205 2302
2210 2301
2215 2301
2220 2299
2225 2295
2230 2291
2235 2282
2240 2278
2245 2273
2250 2251
2255 2242
2260 2238
2265 2237
2270 2236
2275 2234
2280 2227
2285 2206
2290 2205
2295 2203
2300 2193
2305 2179
2310 2178
2315 2159
2320 2158
2325 2157
2330 2157
2335 2155
2340 2153
2345 2151
2350 2127
2355 2123
2360 2122
2365 2120
2370 2119
2375 2119
2380 2116
2385 2113
2390 2112
2395 1916
2400 1896
2405 1886
2410 1875
2415 1869
2420 1869
2425 1861
2430 1858
2435 1858
2440 1854
2445 1850
2450 1850
2455 1849
2460 1842
2465 1824
2470 1816
2475 1809
2480 1807
2485 1806
2490 1798
2495 1784
2500 1783
2505 1782
2510 1778
2515 1775
2520 1775
2525 1770
2530 1769
2535 1764
2540 1703
2545 1624
2550 1607
2555 1607
2560 1596
2565 1480
2570 1480
2575 1480
2580 1375
2585 1374
2590 1278
2595 1274
2600 1268
2605 1268
2610 1263
2615 1263
2620 1259
2625 1257
2630 1256
2635 1255
2640 1251
2645 1249
2650 1244
2655 1237
2660 1233
2665 1233
2670 1233
2675 1233
2680 1228
2685 1224
2690 1217
2695 1216
2700 1185
2705 1184
2710 1184
2715 1183
2720 1180
2725 1177
2730 1174
2735 1173
2740 1154
2745 1149
2750 1149
2755 1146
2760 1146
2765 1145
2770 1144
2775 1121
2780 1118
2785 1117
2790 1114
2795 1111
2800 940
2805 938
2810 932
2815 930
2820 930
2825 914
2830 911
2835 909
2840 909
2845 901
2850 898
2855 898
2860 895
2865 893
2870 889
2875 889
2880 878
2885 876
2890 872
2895 872
2900 868
2905 867
2910 867
2915 844
2920 843
2925 841
2930 841
2935 827
2940 826
2945 779
2950 713
2955 712
2960 712
2965 712
2970 709
2975 709
2980 706
2985 705
2990 704
2995 704
3000 702
3005 702
3010 701
3015 701
3020 701
3025 696
3030 695
3035 692
3040 691
3045 690
3050 690
3055 690
3060 689
3065 687
3070 687
3075 687
3080 687
3085 687
3090 615
3095 612
3100 612
3105 612
3110 597
3115 596
3120 596
3125 596
3130 456
3135 456
3140 456
3145 456
3150 456
3155 456
3160 456
3165 453
3170 453
3175 453
3180 453
3185 452
3190 452
3195 452
3200 452
3205 435
3210 435
3215 435
3220 433
3225 433
3230 431
3235 431
3240 430
3245 427
3250 427
3255 417
3260 417
3265 410
3270 409
3275 409
3280 409
3285 408
3290 407
3295 407
3300 403
3305 403
3310 403
3315 403
3320 403
3325 403
3330 403
3335 369
3340 369
3345 369
3350 351
3355 351
3360 351
3365 351
3370 351
3375 349
3380 349
3385 347
3390 346
3395 346
3400 342
3405 342
3410 342
3415 341
3420 341
3425 341
3430 338
3435 338
3440 335
3445 335
3450 335
3455 326
3460 326
3465 326
3470 326
3475 324
3480 324
3485 324
3490 324
3495 324
3500 324
3505 324
3510 324
3515 324
3520 324
3525 324
3530 324
3535 324
3540 324
3545 324
3550 324
3555 324
3560 324
3565 324
3570 323
3575 323
3580 323
3585 319
3590 319
3595 319
3600 319
3605 316
3610 315
3615 314
3620 311
3625 311
3630 311
3635 303
3640 303
3645 302
3650 168
3655 164
3660 164
3665 164
3670 164
3675 164
3680 164
3685 134
3690 134
3695 134
3700 132
3705 132
3710 132
3715 132
3720 132
3725 132
3730 132
3735 132
3740 132
3745 130
3750 130
3755 130
3760 130
3765 127
3770 127
3775 127
3780 127
3785 127
3790 126
3795 125
3800 125
3805 125
3810 124
3815 124
3820 124
3825 121
3830 121
3835 121
3840 121
3845 121
3850 121
3855 121
3860 119
3865 119
3870 119
3875 119
3880 106
3885 106
3890 106
3895 106
3900 106
3905 106
3910 106
3915 106
3920 106
3925 106
3930 105
3935 105
3940 105
3945 105
3950 105
3955 104
3960 104
3965 104
3970 104
3975 104
3980 90
3985 90
3990 90
3995 90
4000 90
4005 90
4010 90
4015 90
4020 89
4025 89
4030 89
4035 88
4040 88
4045 88
4050 88
4055 71
4060 71
4065 71
4070 71
4075 69
4080 69
4085 69
4090 69
4095 69
4100 69
4105 69
4110 69
4115 69
4120 69
4125 69
4130 69
4135 69
4140 69
4145 69
4150 69
4155 69
4160 69
4165 69
4170 69
4175 69
4180 69
4185 69
4190 69
4195 69
4200 65
4205 65
4210 65
4215 65
4220 65
4225 65
4230 65
4235 65
4240 65
4245 65
4250 65
4255 64
4260 64
4265 64
4270 64
4275 64
4280 64
4285 64
4290 64
4295 64
4300 60
4305 60
4310 60
4315 59
4320 59
4325 59
4330 59
4335 59
4340 59
4345 51
4350 51
4355 51
4360 51
4365 51
4370 51
4375 51
4380 47
4385 47
4390 47
4395 47
4400 47
4405 47
4410 47
4415 47
4420 47
4425 47
4430 47
4435 47
4440 47
4445 47
4450 47
4455 47
4460 47
4465 47
4470 47
4475 47
4480 47
4485 47
4490 47
4495 47
4500 47
4505 47
4510 47
4515 47
4520 47
4525 47
4530 47
4535 47
4540 47
4545 47
4550 47
4555 46
4560 46
4565 46
4570 46
4575 46
4580 46
4585 46
4590 44
4595 44
4600 44
4605 44
4610 44
4615 44
4620 44
4625 44
4630 44
4635 44
4640 44
4645 44
4650 44
4655 44
4660 44
4665 44
4670 44
4675 44
4680 44
4685 44
4690 44
4695 44
4700 44
4705 44
4710 44
4715 44
4720 32
4725 32
4730 32
4735 32
4740 32
4745 32
4750 32
4755 32
4760 32
4765 31
4770 31
4775 31
4780 31
4785 31
4790 31
4795 31
4800 31
4805 31
4810 31
4815 29
4820 29
4825 29
4830 29
4835 29
4840 29
4845 29
4850 29
4855 28
4860 28
4865 28
4870 28
4875 22
4880 22
4885 15
4890 15
4895 15
4900 15
4905 15
4910 15
4915 15
4920 15
4925 15
4930 15
4935 15
4940 15
4945 15
4950 15
4955 15
4960 15
4965 15
4970 15
4975 15
4980 15
4985 15
4990 15
4995 15
5000 15
5005 15
5010 15
5015 15
5020 15
5025 15
5030 15
5035 15
5040 15
5045 15
5050 12
5055 12
5060 12
5065 12
5070 12
5075 12
5080 12
5085 12
5090 12
5095 12
5100 12
5105 12
5110 11
5115 11
5120 11
5125 11
5130 11
5135 11
5140 11
5145 11
5150 11
5155 11
5160 11
5165 11
5170 11
5175 11
5180 11
5185 11
5190 11
5195 11
5200 11
5205 11
5210 11
5215 11
5220 11
5225 11
5230 11
5235 11
5240 11
5245 11
5250 11
5255 11
5260 11
5265 11
5270 11
5275 11
5280 11
5285 11
5290 11
5295 11
5300 11
5305 11
5310 11
5315 11
5320 11
5325 11
5330 11
5335 11
5340 11
5345 11
5350 11
5355 11
5360 11
5365 11
5370 11
5375 11
5380 11
5385 11
5390 11
5395 11
5400 11
5405 11
5410 11
5415 11
5420 11
5425 11
5430 11
5435 11
5440 11
5445 11
5450 11
5455 11
5460 11
5465 11
5470 11
5475 11
5480 11
5485 11
5490 10
5495 9
5500 9
5505 9
5510 9
5515 7
5520 7
5525 7
5530 7
5535 7
5540 7
5545 7
5550 7
5555 7
5560 7
5565 7
5570 7
5575 7
5580 7
5585 7
5590 7
5595 7
5600 7
5605 7
5610 7
5615 7
5620 7
5625 7
5630 7
5635 7
5640 7
5645 7
5650 7
5655 7
5660 7
5665 7
5670 7
5675 7
5680 7
5685 7
5690 7
5695 7
5700 7
5705 7
5710 7
5715 7
5720 7
5725 7
5730 7
5735 7
5740 7
5745 7
5750 7
5755 7
5760 7
5765 7
5770 7
5775 7
5780 7
5785 7
5790 7
5795 7
5800 7
5805 7
5810 7
5815 7
5820 7
5825 7
5830 6
5835 6
5840 6
5845 6
5850 6
5855 6
5860 6
5865 6
5870 6
5875 6
5880 6
5885 6
5890 5
5895 5
5900 5
5905 5
5910 5
5915 5
5920 5
5925 5
5930 5
5935 5
5940 5
5945 5
5950 5
5955 5
5960 5
5965 5
5970 5
5975 5
5980 5
5985 5
5990 5
5995 5
6000 5
6005 5
6010 5
6015 5
6020 5
6025 4
6030 4
6035 4
6040 4
6045 4
6050 4
6055 4
6060 4
6065 4
6070 4
6075 4
6080 4
6085 4
6090 4
6095 4
6100 4
6105 4
6110 4
6115 4
6120 4
6125 4
6130 4
6135 4
6140 4
6145 4
6150 4
6155 4
6160 4
6165 4
6170 3
6175 3
6180 3
6185 3
6190 3
6195 3
6200 3
6205 3
6210 3
6215 3
6220 3
6225 3
6230 3
6235 3
6240 3
6245 3
6250 3
6255 2
6260 2
6265 2
6270 2
6275 2
6280 2
6285 1
