0 4634
5 4627
10 4611
15 4604
20 4599
25 4594
30 4589
35 4584
40 4579
45 4574
50 4566
55 4558
60 4549
65 4542
70 4536
75 4531
80 4526
85 4519
90 4514
95 4509
100 4503
105 4493
110 4488
115 4467
120 4462
125 4456
130 4451
135 4444
140 4434
145 4428
150 4423
155 4415
160 4408
165 4402
170 4397
175 4391
180 4386
185 4379
190 4373
195 4368
200 4357
205 4348
210 4343
215 4337
220 4332
225 4323
230 4317
235 4312
240 4305
245 4300
250 4290
255 4279
260 4257
265 4253
270 4237
275 4224
280 4219
285 4208
290 4201
295 4196
300 4183
305 4177
310 4175
315 4170
320 4164
325 4159
330 4153
335 4147
340 4128
345 4124
350 4119
355 4106
360 4101
365 4089
370 4080
375 4057
380 4046
385 4043
390 4038
395 4033
400 4009
405 4003
410 3994
415 3989
420 3976
425 3968
430 3959
435 3945
440 3933
445 3929
450 3922
455 3916
460 3908
465 3902
470 3896
475 3890
480 3885
485 3879
490 3873
495 3866
500 3853
505 3850
510 3845
515 3840
520 3834
525 3820
530 3818
535 3814
540 3809
545 3802
550 3789
555 3785
560 3778
565 3771
570 3762
575 3757
580 3751
585 3746
590 3741
595 3733
600 3727
605 3717
610 3711
615 3701
620 3698
625 3694
630 3687
635 3683
640 3676
645 3668
650 3663
655 3658
660 3658
665 3658
670 3649
675 3643
680 3638
685 3633
690 3627
695 3620
700 3610
705 3603
710 3590
715 3589
720 3582
725 3577
730 3534
735 3527
740 3522
745 3509
750 3498
755 3491
760 3486
765 3479
770 3468
775 3463
780 3456
785 3450
790 3446
795 3439
800 3412
805 3404
810 3392
815 3386
820 3378
825 3373
830 3361
835 3355
840 3341
845 3336
850 3331
855 3322
860 3316
865 3307
870 3302
875 3294
880 3287
885 3282
890 3268
895 3262
900 3242
905 3235
910 3203
915 3194
920 3186
925 3174
930 3167
935 3161
940 3149
945 3139
950 3139
955 3133
960 3112
965 3091
970 3044
975 3044
980 3044
985 3044
990 3041
995 3035
1000 3028
1005 3022
1010 3004
1015 2997
1020 2976
1025 2972
1030 2966
1035 2953
1040 2948
1045 2941
1050 2934
1055 2929
1060 2915
1065 2892
1070 2885
1075 2878
1080 2874
1085 2867
1090 2489
1095 2489
1100 2483
1105 2476
1110 2472
1115 2467
1120 2444
1125 2434
1130 2428
1135 2408
1140 2406
1145 2401
1150 2393
1155 2388
1160 2383
1165 2353
1170 2353
1175 2343
1180 2338
1185 2331
1190 2324
1195 2313
1200 2306
1205 2305
1210 2297
1215 2289
1220 2287
1225 2287
1230 2286
1235 2273
1240 2267
1245 2252
1250 2238
1255 2223
1260 2221
1265 2213
1270 2191
1275 2176
1280 2161
1285 2156
1290 2140
1295 2140
1300 2096
1305 2090
1310 2077
1315 2069
1320 2062
1325 2049
1330 2035
1335 2032
1340 2025
1345 2015
1350 2009
1355 1984
1360 1984
1365 1976
1370 1962
1375 1961
1380 1961
1385 1956
1390 1948
1395 1942
1400 1935
1405 1927
1410 1909
1415 1909
1420 1897
1425 1358
1430 1355
1435 1355
1440 1355
1445 769
1450 767
1455 754
1460 752
1465 751
1470 741
1475 736
1480 727
1485 727
1490 725
1495 723
1500 570
1505 570
1510 570
1515 570
1520 570
1525 570
1530 570
1535 570
1540 570
1545 570
1550 570
1555 570
1560 570
1565 570
1570 570
1575 552
1580 552
1585 552
1590 552
1595 552
1600 552
1605 552
1610 517
1615 517
1620 517
1625 517
1630 517
1635 517
1640 517
1645 517
1650 517
1655 517
1660 517
1665 517
1670 512
1675 512
1680 512
1685 509
1690 509
1695 509
1700 509
1705 509
1710 507
1715 496
1720 487
1725 417
1730 411
1735 411
1740 393
1745 393
1750 387
1755 375
1760 374
1765 374
1770 374
1775 374
1780 374
1785 374
1790 374
1795 374
1800 374
1805 361
1810 304
1815 304
1820 304
1825 304
1830 297
1835 287
1840 287
1845 287
1850 287
1855 287
1860 280
1865 280
1870 276
1875 266
1880 265
1885 257
1890 257
1895 257
1900 257
1905 257
1910 257
1915 257
1920 257
1925 257
1930 256
1935 254
1940 254
1945 254
1950 254
1955 254
1960 254
1965 254
1970 254
1975 252
1980 252
1985 252
1990 252
1995 252
2000 252
2005 252
2010 252
2015 252
2020 252
2025 249
2030 249
2035 249
2040 249
2045 220
2050 220
2055 215
2060 215
2065 215
2070 215
2075 215
2080 215
2085 215
2090 215
2095 215
2100 215
2105 215
2110 215
2115 215
2120 215
2125 215
2130 215
2135 215
2140 215
2145 215
2150 214
2155 214
2160 214
2165 214
2170 214
2175 214
2180 214
2185 211
2190 211
2195 211
2200 211
2205 211
2210 191
2215 191
2220 191
2225 191
2230 191
2235 191
2240 191
2245 191
2250 185
2255 185
2260 185
2265 185
2270 185
2275 185
2280 185
2285 175
2290 175
2295 175
2300 175
2305 173
2310 173
2315 173
2320 173
2325 173
2330 173
2335 173
2340 173
2345 173
2350 173
2355 173
2360 173
2365 173
2370 172
2375 147
2380 147
2385 147
2390 147
2395 147
2400 147
2405 147
2410 147
2415 147
2420 145
2425 145
2430 145
2435 129
2440 76
2445 76
2450 76
2455 76
2460 76
2465 76
2470 72
2475 70
2480 70
2485 70
2490 70
2495 69
2500 69
2505 68
2510 68
2515 68
2520 68
2525 68
2530 68
2535 68
2540 68
2545 68
2550 68
2555 68
2560 68
2565 68
2570 68
2575 68
2580 68
2585 68
2590 68
2595 67
2600 67
2605 67
2610 67
2615 67
2620 67
2625 67
2630 67
2635 67
2640 67
2645 67
2650 67
2655 67
2660 67
2665 67
2670 67
2675 67
2680 67
2685 67
2690 67
2695 67
2700 67
2705 67
2710 67
2715 67
2720 67
2725 67
2730 65
2735 65
2740 65
2745 65
2750 65
2755 65
2760 65
2765 61
2770 61
2775 61
2780 61
2785 61
2790 61
2795 61
2800 61
2805 61
2810 61
2815 61
2820 61
2825 61
2830 61
2835 61
2840 61
2845 61
2850 61
2855 61
2860 61
2865 61
2870 61
2875 58
2880 57
2885 57
2890 57
2895 54
2900 54
2905 54
2910 54
2915 54
2920 53
2925 53
2930 53
2935 53
2940 53
2945 52
2950 50
2955 50
2960 50
2965 50
2970 50
2975 50
2980 49
2985 40
