0 4634
5 4634
10 4634
15 4634
20 4634
25 4634
30 4634
35 4634
40 4634
45 4634
50 4634
55 4634
60 4634
65 4634
70 4634
75 4634
80 4634
85 4634
90 4634
95 4634
100 4634
105 4634
110 4634
115 4634
120 4634
125 4634
130 4634
135 4634
140 4631
145 4631
150 4623
155 4623
160 4623
165 4623
170 4623
175 4623
180 4623
185 4622
190 4614
195 4613
200 4613
205 4613
210 4613
215 4613
220 4613
225 4613
230 4613
235 4607
240 4607
245 4602
250 4602
255 4602
260 4593
265 4593
270 4593
275 4593
280 4590
285 4590
290 4590
295 4590
300 4590
305 4586
310 4586
315 4584
320 4582
325 4582
330 4582
335 4548
340 4548
345 4547
350 4539
355 4539
360 4536
365 4534
370 4534
375 4534
380 4533
385 4532
390 4532
395 4528
400 4528
405 4528
410 4527
415 4526
420 4526
425 4526
430 4525
435 4517
440 4517
445 4516
450 4513
455 4511
460 4511
465 4506
470 4506
475 4501
480 4499
485 4498
490 4498
495 4495
500 4487
505 4487
510 4482
515 4482
520 4482
525 4480
530 4479
535 4477
540 4477
545 4477
550 4477
555 4477
560 4476
565 4476
570 4472
575 4472
580 4465
585 4465
590 4462
595 4451
600 4445
605 4441
610 4436
615 4435
620 4435
625 4427
630 4425
635 4420
640 4419
645 4418
650 4415
655 4414
660 4413
665 4408
670 4399
675 4391
680 4391
685 4387
690 4385
695 4384
700 4382
705 4382
710 4376
715 4370
720 4370
725 4370
730 4370
735 4369
740 4369
745 4368
750 4366
755 4365
760 4362
765 4362
770 4352
775 4352
780 4348
785 4343
790 4338
795 4331
800 4331
805 4330
810 4330
815 4330
820 4326
825 4325
830 4325
835 4323
840 4321
845 4320
850 4314
855 4311
860 4311
865 4311
870 4310
875 4309
880 4305
885 4302
890 4300
895 4299
900 4298
905 4283
910 4280
915 4279
920 4267
925 4267
930 4267
935 4267
940 4258
945 4253
950 4236
955 4236
960 4235
965 4235
970 4231
975 4227
980 4227
985 4197
990 4197
995 4195
1000 4189
1005 4179
1010 4179
1015 4177
1020 4176
1025 4174
1030 4172
1035 4171
1040 4170
1045 4164
1050 4147
1055 4140
1060 4131
1065 4118
1070 4096
1075 4093
1080 4082
1085 4081
1090 4080
1095 4079
1100 4075
1105 4069
1110 4064
1115 4063
1120 4047
1125 4042
1130 4042
1135 4040
1140 4040
1145 4039
1150 4039
1155 4036
1160 4031
1165 4026
1170 4021
1175 4018
1180 4016
1185 4014
1190 4005
1195 4005
1200 3994
1205 3972
1210 3952
1215 3950
1220 3950
1225 3948
1230 3947
1235 3947
1240 3945
1245 3940
1250 3938
1255 3921
1260 3920
1265 3918
1270 3917
1275 3915
1280 3903
1285 3894
1290 3894
1295 3893
1300 3893
1305 3892
1310 3890
1315 3885
1320 3883
1325 3879
1330 3864
1335 3832
1340 3832
1345 3830
1350 3814
1355 3814
1360 3800
1365 3792
1370 3790
1375 3786
1380 3782
1385 3772
1390 3745
1395 3744
1400 3737
1405 3732
1410 3726
1415 3725
1420 3720
1425 3714
1430 3713
1435 3702
1440 3692
1445 3681
1450 3677
1455 3676
1460 3674
1465 3666
1470 3666
1475 3662
1480 3655
1485 3642
1490 3625
1495 3611
1500 3611
1505 3609
1510 3599
1515 3592
1520 3587
1525 3579
1530 3571
1535 3564
1540 3562
1545 3561
1550 3554
1555 3547
1560 3543
1565 3541
1570 3539
1575 3537
1580 3537
1585 3533
1590 3531
1595 3516
1600 3509
1605 3498
1610 3478
1615 3476
1620 3445
1625 3427
1630 3422
1635 3416
1640 3414
1645 3410
1650 3403
1655 3299
1660 3295
1665 3295
1670 3289
1675 3278
1680 3253
1685 3252
1690 3246
1695 3246
1700 3226
1705 3223
1710 3220
1715 3217
1720 3210
1725 3182
1730 3165
1735 3164
1740 3161
1745 3157
1750 3150
1755 3127
1760 3123
1765 3117
1770 3106
1775 3083
1780 3082
1785 3082
1790 3066
1795 3058
1800 3040
1805 3039
1810 3028
1815 3028
1820 3022
1825 2999
1830 2999
1835 2982
1840 2981
1845 2981
1850 2981
1855 2979
1860 2970
1865 2968
1870 2967
1875 2959
1880 2949
1885 2949
1890 2948
1895 2944
1900 2910
1905 2905
1910 2898
1915 2897
1920 2895
1925 2892
1930 2875
1935 2852
1940 2851
1945 2841
1950 2837
1955 2813
1960 2808
1965 2764
1970 2764
1975 2688
1980 2682
1985 2680
1990 2678
1995 2642
2000 2634
2005 2625
2010 2622
2015 2619
2020 2618
2025 2604
2030 2584
2035 2584
2040 2579
2045 2573
2050 2567
2055 2563
2060 2562
2065 2557
2070 2530
2075 2519
2080 2519
2085 2517
2090 2517
2095 2517
2100 2510
2105 2508
2110 2494
2115 2493
2120 2480
2125 2478
2130 2477
2135 2475
2140 2464
2145 2455
2150 2450
2155 2434
2160 2429
2165 2428
2170 2428
2175 2424
2180 2419
2185 2406
2190 2397
2195 2379
2200 2373
2205 2368
2210 2367
2215 2367
2220 2361
2225 2358
2230 2355
2235 2329
2240 2283
2245 2271
2250 2269
2255 2261
2260 2256
2265 2253
2270 2253
2275 2244
2280 2241
2285 2236
2290 2234
2295 2234
2300 2223
2305 2221
2310 2218
2315 2215
2320 2193
2325 2193
2330 2186
2335 2185
2340 2182
2345 2083
2350 2070
2355 2067
2360 2060
2365 2050
2370 2045
2375 2042
2380 2042
2385 1771
2390 1766
2395 1765
2400 1765
2405 1764
2410 1743
2415 1743
2420 1740
2425 1739
2430 1734
2435 1725
2440 1724
2445 1711
2450 1703
2455 1703
2460 1701
2465 1695
2470 1691
2475 1687
2480 1686
2485 1677
2490 1674
2495 1672
2500 1667
2505 1659
2510 1659
2515 1657
2520 1655
2525 1651
2530 1642
2535 1634
2540 1631
2545 1629
2550 1624
2555 1618
2560 1618
2565 1616
2570 1613
2575 1603
2580 1603
2585 1602
2590 1594
2595 1593
2600 1579
2605 1577
2610 1573
2615 1571
2620 1532
2625 1532
2630 1518
2635 1506
2640 1505
2645 1504
2650 1413
2655 1408
2660 1395
2665 1395
2670 1393
2675 1392
2680 1388
2685 1387
2690 1386
2695 1385
2700 1378
2705 1377
2710 1368
2715 1355
2720 1339
2725 1259
2730 1257
2735 1251
2740 1250
2745 1249
2750 1248
2755 1247
2760 1246
2765 1246
2770 1246
2775 1244
2780 1236
2785 1236
2790 1233
2795 1231
2800 1208
2805 1204
2810 1204
2815 1203
2820 1202
2825 1183
2830 1180
2835 1178
2840 1177
2845 1173
2850 1169
2855 1156
2860 1156
2865 1152
2870 1152
2875 1148
2880 1146
2885 1142
2890 1141
2895 1139
2900 1139
2905 1109
2910 1103
2915 1040
2920 1037
2925 1036
2930 1036
2935 1030
2940 1028
2945 1028
2950 1028
2955 1027
2960 1027
2965 1026
2970 1025
2975 1025
2980 1018
2985 1014
2990 1014
2995 1010
3000 1010
3005 1009
3010 1009
3015 989
3020 987
3025 983
3030 983
3035 983
3040 979
3045 978
3050 976
3055 975
3060 942
3065 939
3070 936
3075 892
3080 892
3085 891
3090 891
3095 890
3100 890
3105 889
3110 881
3115 880
3120 869
3125 868
3130 866
3135 866
3140 866
3145 849
3150 849
3155 849
3160 846
3165 846
3170 846
3175 846
3180 846
3185 845
3190 842
3195 832
3200 832
3205 829
3210 810
3215 810
3220 810
3225 792
3230 792
3235 786
3240 786
3245 786
3250 786
3255 785
3260 782
3265 747
3270 746
3275 739
3280 735
3285 732
3290 730
3295 725
3300 673
3305 670
3310 660
3315 656
3320 629
3325 628
3330 561
3335 561
3340 560
3345 559
3350 546
3355 546
3360 544
3365 520
3370 520
3375 519
3380 517
3385 517
3390 517
3395 515
3400 515
3405 515
3410 513
3415 512
3420 508
3425 495
3430 491
3435 491
3440 487
3445 487
3450 482
3455 482
3460 482
3465 482
3470 481
3475 481
3480 481
3485 479
3490 474
3495 455
3500 454
3505 444
3510 441
3515 436
3520 436
3525 431
3530 431
3535 430
3540 430
3545 428
3550 428
3555 410
3560 363
3565 363
3570 355
3575 355
3580 355
3585 351
3590 308
3595 303
3600 303
3605 302
3610 302
3615 301
3620 301
3625 301
3630 301
3635 301
3640 300
3645 298
3650 297
3655 295
3660 295
3665 295
3670 295
3675 289
3680 289
3685 289
3690 286
3695 286
3700 286
3705 253
3710 253
3715 253
3720 253
3725 253
3730 253
3735 253
3740 253
3745 253
3750 253
3755 253
3760 250
3765 250
3770 250
3775 250
3780 250
3785 248
3790 228
3795 228
3800 228
3805 228
3810 228
3815 228
3820 228
3825 228
3830 228
3835 227
3840 227
3845 223
3850 223
3855 223
3860 223
3865 223
3870 223
3875 222
3880 221
3885 221
3890 221
3895 218
3900 218
3905 218
3910 218
3915 218
3920 217
3925 213
3930 213
3935 213
3940 213
3945 213
3950 213
3955 213
3960 213
3965 213
3970 213
3975 212
3980 212
3985 212
3990 211
3995 210
4000 210
4005 209
4010 208
4015 208
4020 208
4025 208
4030 206
4035 206
4040 201
4045 201
4050 201
4055 201
4060 201
4065 201
4070 201
4075 198
4080 139
4085 139
4090 105
4095 104
4100 104
4105 103
4110 103
4115 103
4120 103
4125 103
4130 103
4135 103
4140 103
4145 103
4150 100
4155 100
4160 57
4165 56
4170 56
4175 56
4180 56
4185 56
4190 56
4195 56
4200 56
4205 56
4210 56
4215 56
4220 56
4225 56
4230 56
4235 56
4240 56
4245 56
4250 56
4255 56
4260 56
4265 56
4270 56
4275 56
4280 56
4285 56
4290 56
4295 56
4300 56
4305 56
4310 56
4315 56
4320 55
4325 55
4330 55
4335 55
4340 55
4345 55
4350 55
4355 55
4360 53
4365 53
4370 53
4375 53
4380 53
4385 53
4390 53
4395 53
4400 53
4405 53
4410 53
4415 53
4420 52
4425 52
4430 46
4435 46
4440 46
4445 46
4450 45
4455 45
4460 45
4465 45
4470 45
4475 45
4480 45
4485 45
4490 45
4495 45
4500 45
4505 45
4510 45
4515 45
4520 45
4525 45
4530 43
4535 32
4540 32
4545 32
4550 32
4555 32
4560 32
4565 32
4570 32
4575 32
4580 32
4585 32
4590 32
4595 32
4600 32
4605 32
4610 32
4615 29
4620 29
4625 29
4630 29
4635 29
4640 29
4645 29
4650 29
4655 29
4660 28
4665 28
4670 23
4675 23
4680 23
4685 23
4690 22
4695 22
4700 22
4705 22
4710 22
4715 22
4720 22
4725 22
4730 22
4735 22
4740 22
4745 22
4750 21
4755 21
4760 21
4765 21
4770 21
4775 21
4780 21
4785 21
4790 21
4795 21
4800 21
4805 21
4810 21
4815 21
4820 21
4825 21
4830 21
4835 21
4840 21
4845 21
4850 21
4855 21
4860 21
4865 21
4870 21
4875 21
4880 21
4885 21
4890 21
4895 21
4900 21
4905 21
4910 21
4915 21
4920 21
4925 21
4930 21
4935 21
4940 21
4945 21
4950 21
4955 21
4960 21
4965 21
4970 21
4975 21
4980 20
4985 20
4990 20
4995 20
5000 20
5005 20
5010 18
5015 18
5020 18
5025 18
5030 15
5035 15
5040 15
5045 15
5050 15
5055 15
5060 15
5065 15
5070 15
5075 15
5080 15
5085 15
5090 15
5095 15
5100 15
5105 15
5110 15
5115 15
5120 15
5125 15
5130 15
5135 15
5140 15
5145 15
5150 15
5155 15
5160 15
5165 15
5170 15
5175 15
5180 15
5185 11
5190 11
5195 11
5200 11
5205 11
5210 11
5215 11
5220 11
5225 11
5230 11
5235 11
5240 11
5245 11
5250 11
5255 11
5260 11
5265 11
5270 11
5275 10
5280 10
5285 10
5290 10
5295 10
5300 10
5305 10
5310 10
5315 10
5320 10
5325 10
5330 10
5335 10
5340 10
5345 10
5350 10
5355 8
5360 8
5365 8
5370 8
5375 8
5380 8
5385 8
5390 8
5395 8
5400 8
5405 8
5410 8
5415 8
5420 8
5425 8
5430 8
5435 8
5440 8
5445 7
5450 7
5455 7
5460 7
5465 7
5470 7
5475 7
5480 7
5485 7
5490 7
5495 7
5500 7
5505 7
5510 7
5515 7
5520 7
5525 7
5530 7
5535 7
5540 7
5545 7
5550 7
5555 7
5560 7
5565 7
5570 7
5575 7
5580 7
5585 7
5590 7
5595 7
5600 7
5605 7
5610 7
5615 7
5620 7
5625 7
5630 7
5635 7
5640 7
5645 7
5650 7
5655 7
5660 7
5665 7
5670 7
5675 7
5680 7
5685 7
5690 7
5695 7
5700 7
5705 7
5710 7
5715 7
5720 7
5725 7
5730 7
5735 7
5740 7
5745 7
5750 7
5755 7
5760 7
5765 7
5770 7
5775 6
5780 6
5785 6
5790 6
5795 6
5800 6
5805 6
5810 6
5815 6
5820 6
5825 5
5830 5
5835 5
5840 5
5845 5
5850 5
5855 5
5860 5
5865 5
5870 5
5875 5
5880 5
5885 5
5890 5
5895 5
5900 5
5905 5
5910 5
5915 5
5920 5
5925 5
5930 5
5935 5
5940 5
5945 5
5950 5
5955 5
5960 5
5965 5
5970 5
5975 4
5980 4
5985 4
5990 4
5995 4
6000 4
6005 4
6010 4
6015 4
6020 4
6025 4
6030 4
6035 4
6040 4
6045 4
6050 4
6055 4
6060 4
6065 4
6070 4
6075 4
6080 4
6085 4
6090 4
6095 4
6100 4
6105 4
6110 4
6115 4
6120 4
6125 4
6130 4
6135 3
6140 3
6145 3
6150 3
6155 3
6160 3
6165 3
6170 3
6175 3
6180 3
6185 3
6190 3
6195 3
6200 3
6205 3
6210 3
6215 3
6220 3
6225 3
6230 3
6235 3
6240 3
6245 3
6250 3
6255 3
6260 3
6265 3
6270 2
6275 2
6280 2
6285 1
