0 4634
5 4634
10 4634
15 4633
20 4633
25 4633
30 4633
35 4633
40 4633
45 4633
50 4633
55 4633
60 4633
65 4633
70 4633
75 4633
80 4633
85 4633
90 4633
95 4633
100 4629
105 4629
110 4629
115 4629
120 4629
125 4621
130 4621
135 4621
140 4621
145 4620
150 4620
155 4620
160 4620
165 4620
170 4620
175 4619
180 4619
185 4613
190 4613
195 4613
200 4613
205 4613
210 4613
215 4612
220 4610
225 4608
230 4608
235 4603
240 4601
245 4601
250 4601
255 4600
260 4598
265 4598
270 4597
275 4582
280 4568
285 4565
290 4564
295 4564
300 4564
305 4563
310 4563
315 4563
320 4560
325 4559
330 4559
335 4542
340 4542
345 4541
350 4539
355 4539
360 4534
365 4532
370 4528
375 4528
380 4527
385 4527
390 4527
395 4520
400 4512
405 4512
410 4512
415 4510
420 4510
425 4506
430 4506
435 4505
440 4505
445 4505
450 4504
455 4499
460 4499
465 4494
470 4485
475 4485
480 4482
485 4482
490 4480
495 4479
500 4477
505 4473
510 4473
515 4473
520 4458
525 4452
530 4447
535 4436
540 4436
545 4436
550 4422
555 4420
560 4411
565 4410
570 4406
575 4406
580 4403
585 4400
590 4396
595 4390
600 4390
605 4390
610 4390
615 4390
620 4380
625 4380
630 4380
635 4354
640 4346
645 4345
650 4340
655 4333
660 4333
665 4331
670 4327
675 4327
680 4323
685 4323
690 4323
695 4323
700 4318
705 4318
710 4312
715 4311
720 4311
725 4309
730 4307
735 4306
740 4306
745 4304
750 4302
755 4301
760 4301
765 4300
770 4294
775 4291
780 4291
785 4284
790 4282
795 4282
800 4282
805 4282
810 4281
815 4281
820 4261
825 4261
830 4258
835 4255
840 4255
845 4251
850 4249
855 4248
860 4235
865 4228
870 4226
875 4224
880 4222
885 4216
890 4215
895 4212
900 4208
905 4208
910 4207
915 4204
920 4203
925 4191
930 4183
935 4154
940 4151
945 4151
950 4149
955 4149
960 4149
965 4149
970 4148
975 4145
980 4144
985 4124
990 4124
995 4123
1000 4117
1005 4113
1010 4112
1015 4067
1020 4067
1025 4065
1030 4059
1035 4055
1040 4052
1045 4043
1050 4043
1055 4041
1060 4036
1065 4036
1070 4029
1075 4021
1080 4018
1085 4009
1090 4002
1095 3995
1100 3995
1105 3966
1110 3965
1115 3963
1120 3957
1125 3946
1130 3921
1135 3918
1140 3917
1145 3915
1150 3902
1155 3900
1160 3872
1165 3870
1170 3868
1175 3865
1180 3865
1185 3861
1190 3861
1195 3860
1200 3858
1205 3857
1210 3840
1215 3839
1220 3826
1225 3826
1230 3823
1235 3812
1240 3811
1245 3810
1250 3807
1255 3805
1260 3802
1265 3795
1270 3795
1275 3794
1280 3779
1285 3777
1290 3770
1295 3770
1300 3751
1305 3743
1310 3728
1315 3724
1320 3717
1325 3706
1330 3706
1335 3705
1340 3702
1345 3693
1350 3642
1355 3637
1360 3627
1365 3616
1370 3605
1375 3603
1380 3593
1385 3593
1390 3555
1395 3555
1400 3555
1405 3554
1410 3553
1415 3541
1420 3479
1425 3469
1430 3469
1435 3459
1440 3458
1445 3457
1450 3451
1455 3443
1460 3443
1465 3443
1470 3442
1475 3440
1480 3439
1485 3438
1490 3431
1495 3423
1500 3422
1505 3422
1510 3415
1515 3410
1520 3407
1525 3401
1530 3396
1535 3394
1540 3393
1545 3390
1550 3387
1555 3385
1560 3380
1565 3377
1570 3312
1575 3312
1580 3305
1585 3302
1590 3300
1595 3296
1600 3295
1605 3289
1610 3281
1615 3274
1620 3273
1625 3272
1630 3266
1635 3264
1640 3262
1645 3254
1650 3248
1655 3244
1660 3244
1665 3241
1670 3234
1675 3224
1680 3221
1685 3213
1690 3208
1695 3171
1700 3167
1705 3167
1710 3166
1715 3155
1720 3146
1725 3145
1730 3145
1735 3137
1740 3134
1745 3133
1750 3131
1755 3125
1760 3082
1765 3064
1770 3061
1775 3061
1780 3060
1785 3058
1790 3055
1795 3044
1800 3039
1805 3035
1810 3030
1815 3006
1820 2991
1825 2984
1830 2982
1835 2976
1840 2973
1845 2963
1850 2958
1855 2948
1860 2944
1865 2944
1870 2944
1875 2942
1880 2940
1885 2936
1890 2933
1895 2925
1900 2913
1905 2903
1910 2898
1915 2888
1920 2868
1925 2859
1930 2855
1935 2806
1940 2802
1945 2801
1950 2796
1955 2794
1960 2789
1965 2778
1970 2778
1975 2778
1980 2774
1985 2754
1990 2752
1995 2751
2000 2751
2005 2750
2010 2736
2015 2730
2020 2730
2025 2693
2030 2684
2035 2681
2040 2679
2045 2677
2050 2663
2055 2649
2060 2644
2065 2642
2070 2639
2075 2638
2080 2631
2085 2592
2090 2576
2095 2567
2100 2559
2105 2558
2110 2519
2115 2499
2120 2497
2125 2436
2130 2434
2135 2430
2140 2427
2145 2414
2150 2413
2155 2401
2160 2394
2165 2390
2170 2378
2175 2378
2180 2367
2185 2359
2190 2356
2195 2350
2200 2330
2205 2326
2210 2323
2215 2307
2220 2305
2225 2302
2230 2302
2235 2276
2240 2273
2245 2231
2250 2224
2255 2224
2260 2215
2265 2213
2270 2202
2275 2195
2280 2186
2285 2185
2290 2180
2295 2180
2300 2171
2305 2171
2310 2168
2315 2154
2320 2153
2325 2151
2330 2132
2335 2132
2340 2131
2345 2129
2350 2118
2355 2115
2360 2113
2365 2102
2370 2099
2375 2096
2380 2087
2385 2079
2390 2075
2395 2074
2400 2036
2405 2033
2410 2033
2415 2015
2420 2013
2425 2005
2430 2005
2435 2004
2440 2000
2445 1998
2450 1963
2455 1963
2460 1961
2465 1954
2470 1945
2475 1929
2480 1920
2485 1919
2490 1915
2495 1911
2500 1911
2505 1899
2510 1889
2515 1885
2520 1877
2525 1876
2530 1874
2535 1846
2540 1845
2545 1841
2550 1831
2555 1825
2560 1818
2565 1805
2570 1796
2575 1780
2580 1779
2585 1778
2590 1772
2595 1771
2600 1767
2605 1760
2610 1755
2615 1744
2620 1676
2625 1673
2630 1603
2635 1593
2640 1592
2645 1553
2650 1549
2655 1543
2660 1530
2665 1528
2670 1528
2675 1527
2680 1527
2685 1524
2690 1519
2695 1519
2700 1512
2705 1512
2710 1512
2715 1504
2720 1499
2725 1485
2730 1485
2735 1460
2740 1459
2745 1432
2750 1429
2755 1428
2760 1428
2765 1425
2770 1418
2775 1417
2780 1401
2785 1393
2790 1380
2795 1380
2800 1375
2805 1374
2810 1366
2815 1348
2820 1347
2825 1346
2830 1344
2835 1341
2840 1334
2845 1334
2850 1333
2855 1331
2860 1326
2865 1324
2870 1308
2875 1302
2880 1297
2885 1297
2890 1295
2895 1293
2900 1293
2905 1176
2910 1166
2915 1150
2920 1145
2925 1137
2930 1136
2935 1135
2940 1128
2945 1128
2950 1121
2955 1121
2960 1118
2965 1112
2970 1109
2975 1108
2980 1099
2985 1099
2990 1098
2995 1089
3000 1089
3005 1048
3010 1047
3015 1046
3020 1042
3025 1034
3030 1033
3035 1032
3040 1029
3045 999
3050 997
3055 993
3060 977
3065 977
3070 976
3075 976
3080 958
3085 936
3090 932
3095 932
3100 924
3105 917
3110 917
3115 917
3120 901
3125 894
3130 883
3135 880
3140 880
3145 880
3150 862
3155 862
3160 844
3165 844
3170 632
3175 626
3180 626
3185 506
3190 487
3195 487
3200 487
3205 486
3210 479
3215 477
3220 474
3225 471
3230 471
3235 471
3240 417
3245 416
3250 407
3255 407
3260 403
3265 403
3270 403
3275 400
3280 397
3285 397
3290 390
3295 390
3300 388
3305 385
3310 385
3315 376
3320 345
3325 345
3330 333
3335 332
3340 332
3345 332
3350 325
3355 325
3360 320
3365 315
3370 315
3375 309
3380 309
3385 309
3390 309
3395 308
3400 307
3405 307
3410 307
3415 307
3420 307
3425 283
3430 283
3435 283
3440 283
3445 283
3450 282
3455 265
3460 263
3465 257
3470 257
3475 255
3480 255
3485 254
3490 252
3495 252
3500 252
3505 250
3510 250
3515 250
3520 250
3525 250
3530 250
3535 247
3540 247
3545 244
3550 244
3555 244
3560 243
3565 243
3570 243
3575 242
3580 242
3585 240
3590 240
3595 240
3600 240
3605 240
3610 191
3615 191
3620 191
3625 189
3630 189
3635 188
3640 188
3645 188
3650 187
3655 187
3660 185
3665 185
3670 185
3675 185
3680 185
3685 185
3690 181
3695 181
3700 180
3705 179
3710 179
3715 177
3720 174
3725 174
3730 174
3735 174
3740 174
3745 147
3750 147
3755 147
3760 146
3765 146
3770 145
3775 145
3780 145
3785 143
3790 125
3795 125
3800 125
3805 125
3810 125
3815 125
3820 125
3825 125
3830 125
3835 125
3840 125
3845 125
3850 124
3855 124
3860 123
3865 123
3870 123
3875 123
3880 123
3885 123
3890 123
3895 123
3900 123
3905 123
3910 123
3915 123
3920 123
3925 123
3930 123
3935 123
3940 123
3945 123
3950 123
3955 123
3960 121
3965 121
3970 121
3975 121
3980 120
3985 119
3990 119
3995 119
4000 119
4005 119
4010 119
4015 119
4020 70
4025 70
4030 70
4035 60
4040 59
4045 59
4050 59
4055 59
4060 59
4065 59
4070 59
4075 59
4080 59
4085 59
4090 56
4095 56
4100 56
4105 56
4110 56
4115 54
4120 54
4125 54
4130 54
4135 54
4140 54
4145 54
4150 54
4155 54
4160 54
4165 54
4170 53
4175 53
4180 53
4185 53
4190 53
4195 53
4200 53
4205 53
4210 53
4215 53
4220 53
4225 53
4230 53
4235 53
4240 53
4245 53
4250 53
4255 53
4260 53
4265 53
4270 53
4275 53
4280 49
4285 49
4290 49
4295 49
4300 49
4305 49
4310 49
4315 49
4320 48
4325 48
4330 48
4335 48
4340 48
4345 47
4350 47
4355 47
4360 47
4365 47
4370 47
4375 47
4380 47
4385 47
4390 47
4395 47
4400 47
4405 43
4410 43
4415 43
4420 43
4425 39
4430 39
4435 33
4440 33
4445 33
4450 33
4455 33
4460 33
4465 33
4470 33
4475 33
4480 33
4485 33
4490 33
4495 33
4500 33
4505 33
4510 33
4515 33
4520 33
4525 33
4530 33
4535 33
4540 33
4545 33
4550 33
4555 33
4560 33
4565 32
4570 32
4575 32
4580 32
4585 32
4590 32
4595 32
4600 32
4605 32
4610 32
4615 32
4620 31
4625 31
4630 31
4635 31
4640 31
4645 31
4650 31
4655 31
4660 31
4665 31
4670 31
4675 31
4680 23
4685 23
4690 23
4695 23
4700 23
4705 23
4710 23
4715 23
4720 23
4725 23
4730 23
4735 21
4740 21
4745 21
4750 21
4755 21
4760 21
4765 20
4770 20
4775 20
4780 20
4785 19
4790 19
4795 19
4800 19
4805 19
4810 19
4815 19
4820 19
4825 19
4830 19
4835 19
4840 19
4845 19
4850 19
4855 17
4860 17
4865 17
4870 17
4875 17
4880 17
4885 17
4890 17
4895 17
4900 17
4905 17
4910 17
4915 17
4920 17
4925 17
4930 17
4935 17
4940 17
4945 17
4950 17
4955 17
4960 17
4965 17
4970 17
4975 17
4980 17
4985 17
4990 17
4995 17
5000 17
5005 17
5010 17
5015 17
5020 17
5025 17
5030 17
5035 17
5040 17
5045 17
5050 17
5055 17
5060 17
5065 17
5070 17
5075 17
5080 17
5085 17
5090 17
5095 17
5100 17
5105 17
5110 17
5115 17
5120 17
5125 17
5130 17
5135 17
5140 17
5145 17
5150 17
5155 17
5160 17
5165 15
5170 15
5175 13
5180 13
5185 13
5190 13
5195 13
5200 13
5205 13
5210 13
5215 13
5220 13
5225 13
5230 13
5235 13
5240 13
5245 13
5250 13
5255 13
5260 13
5265 13
5270 13
5275 13
5280 13
5285 13
5290 13
5295 13
5300 13
5305 13
5310 12
5315 12
5320 12
5325 12
5330 11
5335 11
5340 11
5345 11
5350 11
5355 11
5360 11
5365 11
5370 11
5375 11
5380 11
5385 11
5390 11
5395 11
5400 11
5405 11
5410 11
5415 11
5420 11
5425 11
5430 11
5435 11
5440 11
5445 11
5450 11
5455 11
5460 10
5465 10
5470 10
5475 10
5480 10
5485 10
5490 10
5495 10
5500 10
5505 10
5510 10
5515 10
5520 10
5525 10
5530 10
5535 10
5540 10
5545 8
5550 8
5555 8
5560 8
5565 8
5570 8
5575 8
5580 8
5585 8
5590 8
5595 8
5600 8
5605 8
5610 8
5615 8
5620 8
5625 8
5630 8
5635 8
5640 8
5645 8
5650 8
5655 8
5660 8
5665 8
5670 8
5675 8
5680 8
5685 8
5690 8
5695 8
5700 7
5705 7
5710 7
5715 7
5720 7
5725 7
5730 7
5735 7
5740 7
5745 7
5750 7
5755 7
5760 7
5765 7
5770 7
5775 7
5780 5
5785 5
5790 5
5795 5
5800 5
5805 5
5810 5
5815 5
5820 5
5825 5
5830 5
5835 5
5840 5
5845 5
5850 5
5855 5
5860 5
5865 5
5870 5
5875 5
5880 5
5885 5
5890 5
5895 5
5900 5
5905 5
5910 5
5915 5
5920 5
5925 5
5930 5
5935 4
5940 4
5945 4
5950 4
5955 4
5960 4
5965 4
5970 4
5975 4
5980 4
5985 4
5990 4
5995 4
6000 4
6005 4
6010 4
6015 4
6020 4
6025 4
6030 4
6035 4
6040 4
6045 4
6050 4
6055 4
6060 4
6065 4
6070 4
6075 4
6080 4
6085 3
6090 3
6095 3
6100 3
6105 3
6110 3
6115 3
6120 3
6125 3
6130 3
6135 3
6140 3
6145 3
6150 3
6155 3
6160 3
6165 3
6170 3
6175 3
6180 3
6185 3
6190 3
6195 3
6200 3
6205 3
6210 3
6215 3
6220 3
6225 3
6230 3
6235 3
6240 3
6245 3
6250 3
6255 3
6260 3
6265 2
6270 2
6275 2
6280 2
6285 1
