0 4634
5 4628
10 4616
15 4607
20 4600
25 4595
30 4589
35 4584
40 4579
45 4574
50 4568
55 4561
60 4554
65 4548
70 4542
75 4535
80 4528
85 4523
90 4518
95 4513
100 4502
105 4495
110 4486
115 4481
120 4475
125 4469
130 4458
135 4452
140 4445
145 4440
150 4433
155 4428
160 4423
165 4417
170 4406
175 4401
180 4393
185 4388
190 4381
195 4373
200 4361
205 4356
210 4350
215 4345
220 4338
225 4330
230 4318
235 4300
240 4295
245 4290
250 4280
255 4274
260 4268
265 4266
270 4261
275 4251
280 4236
285 4224
290 4219
295 4210
300 4195
305 4187
310 4175
315 4171
320 4166
325 4157
330 4150
335 4136
340 4125
345 4116
350 4107
355 4097
360 4092
365 4070
370 4063
375 4038
380 4024
385 4020
390 4015
395 4010
400 4000
405 3987
410 3981
415 3967
420 3963
425 3958
430 3952
435 3937
440 3925
445 3919
450 3913
455 3905
460 3901
465 3896
470 3890
475 3884
480 3879
485 3871
490 3862
495 3857
500 3847
505 3842
510 3836
515 3819
520 3819
525 3819
530 3813
535 3806
540 3800
545 3795
550 3782
555 3777
560 3769
565 3762
570 3756
575 3746
580 3742
585 3737
590 3732
595 3722
600 3717
605 3708
610 3705
615 3698
620 3693
625 3688
630 3682
635 3679
640 3676
645 3671
650 3665
655 3652
660 3647
665 3643
670 3639
675 3629
680 3607
685 3601
690 3596
695 3590
700 3580
705 3569
710 3563
715 3556
720 3537
725 3537
730 3532
735 3527
740 3519
745 3510
750 3496
755 3490
760 3481
765 3476
770 3469
775 3463
780 3458
785 3450
790 3445
795 3440
800 3433
805 3426
810 3421
815 3416
820 3406
825 3400
830 3395
835 3389
840 3382
845 3374
850 3365
855 3358
860 3345
865 3340
870 3333
875 3328
880 3323
885 3317
890 3309
895 3303
900 3290
905 3283
910 3278
915 3270
920 3261
925 3237
930 3224
935 3219
940 3209
945 3198
950 3193
955 3185
960 3178
965 3173
970 3148
975 3142
980 3095
985 3095
990 3095
995 3077
1000 3067
1005 3060
1010 3046
1015 3041
1020 3032
1025 3001
1030 2996
1035 2991
1040 2981
1045 2976
1050 2968
1055 2937
1060 2932
1065 2908
1070 2900
1075 2894
1080 2877
1085 2856
1090 2849
1095 2842
1100 2837
1105 2830
1110 2451
1115 2439
1120 2352
1125 2346
1130 2341
1135 2334
1140 2325
1145 2314
1150 2298
1155 2297
1160 2292
1165 2262
1170 2260
1175 2245
1180 2235
1185 2223
1190 2214
1195 2209
1200 2190
1205 2190
1210 2190
1215 2189
1220 2180
1225 2173
1230 2173
1235 2168
1240 2162
1245 2157
1250 2150
1255 2149
1260 2137
1265 2106
1270 2100
1275 2089
1280 2085
1285 2062
1290 2054
1295 2047
1300 2043
1305 2035
1310 2025
1315 2023
1320 2018
1325 1996
1330 1949
1335 1944
1340 1938
1345 1917
1350 1908
1355 1902
1360 1901
1365 1894
1370 1894
1375 1892
1380 1887
1385 1878
1390 1873
1395 1864
1400 1859
1405 1798
1410 1796
1415 1785
1420 1783
1425 1778
1430 1777
1435 1777
1440 1775
1445 1755
1450 1741
1455 1706
1460 1699
1465 1694
1470 1682
1475 1676
1480 1676
1485 1673
1490 1535
1495 1535
1500 1529
1505 1509
1510 1509
1515 1509
1520 1509
1525 1509
1530 1509
1535 1509
1540 1480
1545 1443
1550 1436
1555 1419
1560 1390
1565 1379
1570 1376
1575 1372
1580 1372
1585 1365
1590 1362
1595 1347
1600 1344
1605 1344
1610 1343
1615 1259
1620 1258
1625 1258
1630 1255
1635 1249
1640 1237
1645 1222
1650 1221
1655 1219
1660 1185
1665 1099
1670 1099
1675 1098
1680 1054
1685 1043
1690 985
1695 976
1700 976
1705 976
1710 974
1715 973
1720 973
1725 972
1730 972
1735 968
1740 967
1745 967
1750 967
1755 967
1760 955
1765 950
1770 946
1775 938
1780 936
1785 930
1790 912
1795 906
1800 902
1805 901
1810 901
1815 835
1820 832
1825 832
1830 832
1835 832
1840 832
1845 832
1850 832
1855 832
1860 832
1865 832
1870 832
1875 832
1880 817
1885 814
1890 813
1895 813
1900 813
1905 812
1910 789
1915 787
1920 787
1925 786
1930 755
1935 754
1940 652
1945 652
1950 650
1955 648
1960 648
1965 648
1970 648
1975 645
1980 645
1985 645
1990 639
1995 638
2000 638
2005 638
2010 557
2015 557
2020 557
2025 557
2030 557
2035 556
2040 553
2045 552
2050 552
2055 549
2060 545
2065 544
2070 541
2075 534
2080 533
2085 533
2090 533
2095 533
2100 533
2105 532
2110 532
2115 526
2120 526
2125 526
2130 518
2135 518
2140 518
2145 518
2150 518
2155 493
2160 493
2165 485
2170 481
2175 443
2180 443
2185 443
2190 443
2195 436
2200 436
2205 436
2210 433
2215 422
2220 421
2225 421
2230 421
2235 421
2240 421
2245 286
2250 284
2255 284
2260 277
2265 270
2270 266
2275 266
2280 266
2285 266
2290 266
2295 262
2300 262
2305 262
2310 262
2315 262
2320 262
2325 262
2330 262
2335 262
2340 251
2345 251
2350 235
2355 188
2360 188
2365 188
2370 188
2375 188
2380 188
2385 188
2390 125
2395 125
2400 125
2405 125
2410 125
2415 125
2420 125
2425 125
2430 125
2435 125
2440 125
2445 125
2450 125
2455 119
2460 119
2465 119
2470 119
2475 119
2480 119
2485 119
2490 119
2495 119
2500 119
2505 119
2510 117
2515 117
2520 117
2525 117
2530 117
2535 117
2540 117
2545 117
2550 117
2555 117
2560 117
2565 117
2570 117
2575 117
2580 117
2585 117
2590 117
2595 117
2600 117
2605 117
2610 117
2615 117
2620 115
2625 115
2630 115
2635 113
2640 113
2645 113
2650 113
2655 113
2660 111
2665 89
2670 89
2675 89
2680 89
2685 89
2690 89
2695 89
2700 89
2705 89
2710 84
2715 81
2720 81
2725 81
2730 61
2735 61
2740 61
2745 61
2750 61
2755 61
2760 61
2765 61
2770 61
2775 61
2780 61
2785 61
2790 59
2795 59
2800 59
2805 59
2810 59
2815 59
2820 58
2825 45
2830 43
2835 37
2840 37
2845 37
2850 37
2855 37
2860 37
2865 37
2870 37
2875 37
2880 37
2885 37
2890 37
2895 37
2900 37
2905 35
2910 35
2915 35
2920 35
2925 34
2930 34
