0 4634
5 4628
10 4620
15 4615
20 4610
25 4604
30 4598
35 4592
40 4587
45 4580
50 4574
55 4566
60 4558
65 4553
70 4546
75 4541
80 4535
85 4529
90 4524
95 4519
100 4510
105 4504
110 4497
115 4492
120 4486
125 4480
130 4472
135 4466
140 4459
145 4452
150 4447
155 4441
160 4435
165 4427
170 4421
175 4415
180 4409
185 4403
190 4392
195 4385
200 4380
205 4373
210 4367
215 4362
220 4353
225 4346
230 4337
235 4326
240 4317
245 4307
250 4305
255 4290
260 4285
265 4279
270 4274
275 4269
280 4253
285 4246
290 4241
295 4235
300 4228
305 4221
310 4208
315 4201
320 4195
325 4178
330 4174
335 4166
340 4158
345 4151
350 4139
355 4133
360 4093
365 4088
370 4082
375 4075
380 4070
385 4064
390 4055
395 4046
400 4038
405 4021
410 4016
415 4011
420 4001
425 3995
430 3989
435 3980
440 3972
445 3966
450 3954
455 3946
460 3943
465 3938
470 3932
475 3927
480 3919
485 3913
490 3907
495 3899
500 3894
505 3886
510 3879
515 3871
520 3864
525 3855
530 3847
535 3837
540 3820
545 3810
550 3804
555 3791
560 3786
565 3782
570 3777
575 3772
580 3762
585 3755
590 3743
595 3743
600 3739
605 3734
610 3729
615 3713
620 3710
625 3705
630 3699
635 3692
640 3673
645 3668
650 3661
655 3657
660 3642
665 3634
670 3626
675 3621
680 3616
685 3611
690 3606
695 3597
700 3587
705 3581
710 3571
715 3565
720 3558
725 3553
730 3548
735 3534
740 3528
745 3522
750 3515
755 3510
760 3500
765 3455
770 3450
775 3444
780 3435
785 3430
790 3425
795 3420
800 3415
805 3407
810 3402
815 3366
820 3361
825 3356
830 3347
835 3340
840 3334
845 3320
850 3309
855 3299
860 3284
865 3279
870 3272
875 3267
880 3261
885 3249
890 3243
895 3234
900 3221
905 3214
910 3207
915 3201
920 3195
925 3188
930 3168
935 3157
940 3151
945 3149
950 3133
955 3124
960 3118
965 3106
970 3104
975 3098
980 3089
985 3067
990 3062
995 3004
1000 3004
1005 3004
1010 3004
1015 3004
1020 2982
1025 2976
1030 2968
1035 2944
1040 2935
1045 2917
1050 2908
1055 2903
1060 2893
1065 2888
1070 2879
1075 2850
1080 2842
1085 2837
1090 2831
1095 2826
1100 2821
1105 2811
1110 2446
1115 2444
1120 2437
1125 2432
1130 2427
1135 2408
1140 2402
1145 2395
1150 2347
1155 2341
1160 2336
1165 2330
1170 2311
1175 2311
1180 2308
1185 2300
1190 2292
1195 2288
1200 2278
1205 2268
1210 2253
1215 2242
1220 2241
1225 2234
1230 2217
1235 2216
1240 2216
1245 2215
1250 2180
1255 2180
1260 2177
1265 2172
1270 2166
1275 2157
1280 2150
1285 2145
1290 2139
1295 2123
1300 2101
1305 2077
1310 2076
1315 2069
1320 2064
1325 2056
1330 2029
1335 2025
1340 2020
1345 2008
1350 2002
1355 1995
1360 1975
1365 1939
1370 1934
1375 1924
1380 1915
1385 1908
1390 1908
1395 1900
1400 1898
1405 1898
1410 1891
1415 1882
1420 1873
1425 1864
1430 1859
1435 1854
1440 1843
1445 1823
1450 1817
1455 1814
1460 1810
1465 1806
1470 1806
1475 1048
1480 1048
1485 1047
1490 1042
1495 1034
1500 1029
1505 1020
1510 1015
1515 1005
1520 998
1525 995
1530 995
1535 995
1540 989
1545 972
1550 972
1555 972
1560 972
1565 972
1570 972
1575 972
1580 970
1585 956
1590 954
1595 950
1600 950
1605 950
1610 950
1615 950
1620 950
1625 950
1630 950
1635 944
1640 944
1645 873
1650 872
1655 872
1660 864
1665 816
1670 815
1675 815
1680 784
1685 778
1690 770
1695 770
1700 770
1705 712
1710 565
1715 565
1720 565
1725 562
1730 562
1735 562
1740 562
1745 562
1750 562
1755 562
1760 562
1765 562
1770 562
1775 545
1780 542
1785 539
1790 539
1795 539
1800 539
1805 539
1810 539
1815 539
1820 539
1825 532
1830 530
1835 510
1840 494
1845 488
1850 478
1855 478
1860 478
1865 478
1870 473
1875 473
1880 473
1885 473
1890 473
1895 473
1900 473
1905 461
1910 450
1915 450
1920 450
1925 450
1930 450
1935 450
1940 450
1945 450
1950 450
1955 450
1960 443
1965 443
1970 443
1975 443
1980 442
1985 439
1990 418
1995 363
2000 330
2005 330
2010 330
2015 330
2020 330
2025 330
2030 330
2035 330
2040 330
2045 330
2050 330
2055 329
2060 329
2065 329
2070 329
2075 326
2080 324
2085 324
2090 324
2095 324
2100 324
2105 324
2110 324
2115 323
2120 323
2125 315
2130 314
2135 302
2140 302
2145 302
2150 302
2155 302
2160 302
2165 302
2170 302
2175 300
2180 300
2185 300
2190 300
2195 300
2200 300
2205 300
2210 300
2215 300
2220 300
2225 280
2230 278
2235 278
2240 278
2245 278
2250 278
2255 278
2260 278
2265 278
2270 273
2275 273
2280 273
2285 273
2290 273
2295 271
2300 262
2305 262
2310 262
2315 262
2320 262
2325 261
2330 261
2335 256
2340 248
2345 248
2350 248
2355 248
2360 248
2365 248
2370 248
2375 248
2380 248
2385 247
2390 229
2395 228
2400 220
2405 220
2410 220
2415 220
2420 220
2425 220
2430 220
2435 220
2440 220
2445 220
2450 219
2455 218
2460 218
2465 218
2470 218
2475 218
2480 218
2485 218
2490 218
2495 218
2500 215
2505 213
2510 211
2515 211
2520 209
2525 208
2530 208
2535 208
2540 208
2545 208
2550 208
2555 208
2560 190
2565 190
2570 158
2575 158
2580 158
2585 158
2590 143
2595 143
2600 143
2605 143
2610 143
2615 143
2620 143
2625 143
2630 143
2635 143
2640 143
2645 143
2650 143
2655 143
2660 143
2665 140
2670 140
2675 140
2680 136
2685 135
2690 135
2695 135
2700 135
2705 135
2710 135
2715 135
2720 133
2725 133
2730 133
2735 133
2740 133
2745 133
2750 133
2755 133
2760 133
2765 133
2770 133
2775 133
2780 133
2785 133
2790 117
2795 117
2800 116
2805 116
2810 116
2815 116
2820 116
2825 110
2830 107
2835 107
2840 107
2845 107
2850 107
2855 107
2860 107
2865 107
2870 99
2875 95
2880 93
2885 90
2890 90
2895 71
2900 71
2905 71
2910 71
2915 70
2920 70
2925 70
2930 70
2935 70
2940 70
2945 70
2950 70
2955 70
2960 70
2965 70
2970 70
2975 70
2980 68
