0 4634
5 4627
10 4614
15 4607
20 4602
25 4597
30 4591
35 4586
40 4581
45 4576
50 4569
55 4563
60 4556
65 4551
70 4545
75 4538
80 4533
85 4527
90 4521
95 4516
100 4510
105 4500
110 4495
115 4490
120 4472
125 4467
130 4462
135 4456
140 4450
145 4444
150 4438
155 4432
160 4426
165 4421
170 4415
175 4410
180 4405
185 4397
190 4391
195 4385
200 4379
205 4372
210 4361
215 4355
220 4350
225 4344
230 4338
235 4332
240 4320
245 4302
250 4296
255 4288
260 4280
265 4275
270 4273
275 4266
280 4252
285 4237
290 4224
295 4219
300 4212
305 4201
310 4196
315 4187
320 4180
325 4175
330 4165
335 4159
340 4151
345 4141
350 4120
355 4109
360 4103
365 4094
370 4086
375 4080
380 4073
385 4062
390 4047
395 4041
400 4038
405 4033
410 4027
415 4022
420 4014
425 4006
430 3988
435 3988
440 3980
445 3967
450 3954
455 3942
460 3937
465 3929
470 3920
475 3915
480 3909
485 3903
490 3898
495 3893
500 3888
505 3880
510 3874
515 3844
520 3843
525 3786
530 3780
535 3774
540 3770
545 3753
550 3748
555 3741
560 3733
565 3723
570 3714
575 3705
580 3700
585 3693
590 3687
595 3682
600 3676
605 3671
610 3666
615 3655
620 3650
625 3638
630 3635
635 3630
640 3625
645 3614
650 3611
655 3608
660 3603
665 3598
670 3587
675 3582
680 3576
685 3572
690 3571
695 3560
700 3544
705 3537
710 3531
715 3526
720 3520
725 3513
730 3508
735 3501
740 3496
745 3486
750 3484
755 3478
760 3471
765 3452
770 3442
775 3434
780 3428
785 3422
790 3415
795 3407
800 3402
805 3396
810 3387
815 3382
820 3376
825 3364
830 3361
835 3331
840 3326
845 3321
850 3307
855 3304
860 3299
865 3292
870 3288
875 3288
880 3288
885 3288
890 3284
895 3278
900 3273
905 3264
910 3254
915 3246
920 3237
925 3222
930 3210
935 3203
940 3193
945 3192
950 3186
955 3181
960 3174
965 3167
970 3150
975 3147
980 3142
985 3134
990 3129
995 3110
1000 3065
1005 3061
1010 3014
1015 3014
1020 3014
1025 3014
1030 3005
1035 3000
1040 2995
1045 2985
1050 2972
1055 2949
1060 2945
1065 2937
1070 2925
1075 2921
1080 2911
1085 2890
1090 2863
1095 2857
1100 2854
1105 2848
1110 2837
1115 2828
1120 2779
1125 2768
1130 2761
1135 2752
1140 2735
1145 2729
1150 2713
1155 2697
1160 2693
1165 2683
1170 2680
1175 2675
1180 2645
1185 2645
1190 2644
1195 2639
1200 2631
1205 2625
1210 2619
1215 2612
1220 2603
1225 2596
1230 2584
1235 2575
1240 2569
1245 2563
1250 2560
1255 2545
1260 2530
1265 2521
1270 2512
1275 2498
1280 2490
1285 2484
1290 2466
1295 2092
1300 2088
1305 2081
1310 2079
1315 2021
1320 2011
1325 2002
1330 1996
1335 1994
1340 1985
1345 1974
1350 1964
1355 1948
1360 1901
1365 1855
1370 1850
1375 1838
1380 1823
1385 1803
1390 1793
1395 1793
1400 1789
1405 1783
1410 1774
1415 1767
1420 1761
1425 1754
1430 1746
1435 1727
1440 1713
1445 1702
1450 1696
1455 1694
1460 1691
1465 1674
1470 1665
1475 1659
1480 1636
1485 1628
1490 1622
1495 1617
1500 1614
1505 1583
1510 1580
1515 1575
1520 1419
1525 1416
1530 1398
1535 1398
1540 1398
1545 1398
1550 1398
1555 1398
1560 1398
1565 1398
1570 1397
1575 1393
1580 1391
1585 1385
1590 1378
1595 1349
1600 1348
1605 1346
1610 1344
1615 1344
1620 1331
1625 1271
1630 1271
1635 1267
1640 1189
1645 1167
1650 1167
1655 1167
1660 1160
1665 1146
1670 1144
1675 1140
1680 1139
1685 1106
1690 1100
1695 1093
1700 1075
1705 1073
1710 1063
1715 1027
1720 1006
1725 1006
1730 995
1735 991
1740 991
1745 990
1750 980
1755 972
1760 967
1765 953
1770 953
1775 953
1780 953
1785 952
1790 951
1795 858
1800 853
1805 835
1810 835
1815 835
1820 825
1825 825
1830 790
1835 790
1840 790
1845 786
1850 786
1855 782
1860 782
1865 782
1870 782
1875 782
1880 782
1885 765
1890 765
1895 710
1900 710
1905 710
1910 357
1915 357
1920 356
1925 356
1930 356
1935 355
1940 337
1945 337
1950 337
1955 337
1960 337
1965 335
1970 330
1975 310
1980 310
1985 310
1990 310
1995 310
2000 310
2005 310
2010 308
2015 304
2020 304
2025 304
2030 266
2035 219
2040 219
2045 219
2050 219
2055 219
2060 219
2065 219
2070 219
2075 219
2080 219
2085 219
2090 219
2095 219
2100 219
2105 219
2110 219
2115 219
2120 219
2125 219
2130 219
2135 219
2140 218
2145 218
2150 218
2155 218
2160 218
2165 218
2170 218
2175 218
2180 202
2185 202
2190 202
2195 202
2200 202
2205 201
2210 201
2215 201
2220 201
2225 201
2230 201
2235 198
2240 183
2245 183
2250 183
2255 183
2260 183
2265 183
2270 183
2275 183
2280 149
2285 149
2290 149
2295 149
2300 149
2305 149
2310 149
2315 149
2320 149
2325 149
2330 149
2335 149
2340 149
2345 149
2350 149
2355 149
2360 147
2365 147
2370 147
2375 147
2380 147
2385 147
2390 147
2395 147
2400 146
2405 128
2410 125
2415 94
2420 94
2425 94
2430 94
2435 94
2440 94
2445 94
2450 91
2455 91
2460 91
2465 91
2470 91
2475 91
2480 91
2485 91
2490 91
2495 89
2500 89
2505 89
2510 89
2515 89
2520 89
2525 89
2530 89
2535 89
2540 89
2545 89
2550 89
2555 89
2560 89
2565 89
2570 67
2575 67
2580 67
2585 67
2590 67
2595 67
2600 66
2605 64
2610 64
2615 64
2620 64
2625 64
2630 64
2635 64
2640 64
2645 64
2650 64
2655 64
2660 62
2665 60
2670 60
2675 60
2680 60
2685 60
2690 60
2695 60
2700 60
2705 60
2710 60
2715 60
2720 60
2725 60
2730 60
2735 60
2740 60
2745 60
2750 60
2755 60
2760 60
2765 58
2770 56
2775 56
2780 56
2785 56
2790 42
2795 39
2800 39
2805 39
2810 39
2815 39
2820 39
2825 39
2830 39
2835 39
2840 39
2845 39
2850 39
2855 39
2860 36
2865 36
2870 36
2875 36
2880 36
2885 36
2890 36
2895 36
2900 36
2905 36
2910 36
2915 36
2920 36
2925 36
2930 30
2935 24
2940 23
