0 4634
5 4634
10 4634
15 4634
20 4634
25 4634
30 4634
35 4634
40 4634
45 4634
50 4634
55 4634
60 4634
65 4632
70 4624
75 4624
80 4624
85 4624
90 4624
95 4619
100 4619
105 4619
110 4619
115 4619
120 4619
125 4600
130 4600
135 4600
140 4600
145 4598
150 4598
155 4598
160 4597
165 4597
170 4591
175 4589
180 4589
185 4589
190 4589
195 4589
200 4589
205 4589
210 4589
215 4589
220 4589
225 4585
230 4584
235 4584
240 4584
245 4561
250 4560
255 4559
260 4549
265 4549
270 4549
275 4548
280 4544
285 4542
290 4542
295 4539
300 4539
305 4539
310 4538
315 4538
320 4538
325 4524
330 4524
335 4524
340 4524
345 4523
350 4523
355 4521
360 4520
365 4517
370 4516
375 4515
380 4512
385 4512
390 4512
395 4512
400 4512
405 4507
410 4506
415 4504
420 4504
425 4504
430 4503
435 4502
440 4500
445 4500
450 4500
455 4497
460 4493
465 4484
470 4483
475 4483
480 4483
485 4478
490 4477
495 4471
500 4463
505 4463
510 4457
515 4457
520 4449
525 4447
530 4443
535 4443
540 4442
545 4442
550 4442
555 4441
560 4439
565 4437
570 4435
575 4427
580 4424
585 4416
590 4414
595 4409
600 4409
605 4409
610 4404
615 4404
620 4399
625 4398
630 4392
635 4389
640 4384
645 4384
650 4382
655 4380
660 4380
665 4379
670 4365
675 4365
680 4365
685 4363
690 4362
695 4360
700 4354
705 4351
710 4341
715 4340
720 4340
725 4335
730 4335
735 4331
740 4331
745 4318
750 4316
755 4313
760 4309
765 4305
770 4296
775 4294
780 4288
785 4286
790 4235
795 4224
800 4214
805 4210
810 4207
815 4199
820 4197
825 4195
830 4191
835 4188
840 4185
845 4174
850 4171
855 4171
860 4171
865 4169
870 4161
875 4153
880 4152
885 4128
890 4124
895 4119
900 4119
905 4112
910 4109
915 4103
920 4102
925 4097
930 4097
935 4097
940 4096
945 4085
950 4084
955 4082
960 4074
965 4060
970 4041
975 4035
980 4034
985 4033
990 4033
995 4022
1000 4017
1005 4012
1010 4007
1015 4003
1020 3994
1025 3989
1030 3988
1035 3988
1040 3987
1045 3984
1050 3983
1055 3982
1060 3977
1065 3976
1070 3951
1075 3949
1080 3943
1085 3940
1090 3940
1095 3933
1100 3930
1105 3928
1110 3926
1115 3925
1120 3900
1125 3899
1130 3894
1135 3894
1140 3891
1145 3886
1150 3886
1155 3886
1160 3884
1165 3884
1170 3884
1175 3880
1180 3874
1185 3870
1190 3863
1195 3854
1200 3848
1205 3841
1210 3840
1215 3837
1220 3835
1225 3825
1230 3823
1235 3823
1240 3809
1245 3804
1250 3800
1255 3796
1260 3789
1265 3788
1270 3781
1275 3777
1280 3771
1285 3766
1290 3766
1295 3766
1300 3764
1305 3764
1310 3763
1315 3751
1320 3748
1325 3738
1330 3732
1335 3726
1340 3723
1345 3722
1350 3705
1355 3703
1360 3698
1365 3695
1370 3691
1375 3685
1380 3678
1385 3667
1390 3664
1395 3664
1400 3659
1405 3658
1410 3631
1415 3626
1420 3625
1425 3624
1430 3614
1435 3604
1440 3598
1445 3597
1450 3589
1455 3588
1460 3588
1465 3587
1470 3582
1475 3576
1480 3573
1485 3553
1490 3552
1495 3549
1500 3546
1505 3546
1510 3545
1515 3544
1520 3544
1525 3543
1530 3542
1535 3542
1540 3538
1545 3536
1550 3535
1555 3534
1560 3534
1565 3534
1570 3532
1575 3516
1580 3501
1585 3499
1590 3499
1595 3497
1600 3493
1605 3493
1610 3484
1615 3476
1620 3457
1625 3448
1630 3441
1635 3423
1640 3416
1645 3412
1650 3403
1655 3396
1660 3384
1665 3384
1670 3380
1675 3375
1680 3372
1685 3363
1690 3337
1695 3335
1700 3268
1705 3262
1710 3262
1715 3262
1720 3262
1725 3255
1730 3253
1735 3252
1740 3247
1745 3244
1750 3243
1755 3238
1760 3224
1765 3223
1770 3222
1775 3218
1780 3212
1785 3209
1790 3146
1795 3109
1800 3022
1805 3020
1810 3012
1815 3007
1820 3007
1825 3000
1830 2983
1835 2974
1840 2973
1845 2971
1850 2969
1855 2966
1860 2958
1865 2955
1870 2946
1875 2944
1880 2932
1885 2931
1890 2930
1895 2921
1900 2800
1905 2793
1910 2790
1915 2577
1920 2577
1925 2574
1930 2573
1935 2570
1940 2564
1945 2563
1950 2546
1955 2544
1960 2526
1965 2521
1970 2521
1975 2516
1980 2513
1985 2511
1990 2508
1995 2481
2000 2478
2005 2477
2010 2461
2015 2459
2020 2459
2025 2442
2030 2430
2035 2420
2040 2414
2045 2410
2050 2410
2055 2402
2060 2398
2065 2397
2070 2396
2075 2382
2080 2382
2085 2380
2090 2368
2095 2356
2100 2352
2105 2350
2110 2350
2115 2341
2120 2339
2125 2338
2130 2338
2135 2314
2140 2299
2145 2291
2150 2289
2155 2271
2160 2268
2165 2267
2170 2266
2175 2261
2180 2252
2185 2251
2190 2243
2195 2237
2200 2237
2205 2237
2210 2233
2215 2232
2220 2226
2225 2219
2230 2196
2235 2190
2240 2032
2245 2013
2250 2009
2255 2001
2260 2001
2265 1998
2270 1987
2275 1970
2280 1969
2285 1968
2290 1966
2295 1956
2300 1955
2305 1955
2310 1946
2315 1945
2320 1937
2325 1898
2330 1895
2335 1894
2340 1863
2345 1825
2350 1785
2355 1783
2360 1782
2365 1781
2370 1777
2375 1767
2380 1759
2385 1738
2390 1735
2395 1735
2400 1732
2405 1730
2410 1724
2415 1724
2420 1722
2425 1721
2430 1719
2435 1715
2440 1714
2445 1712
2450 1712
2455 1707
2460 1698
2465 1485
2470 1422
2475 1421
2480 1420
2485 1416
2490 1414
2495 1413
2500 1413
2505 1413
2510 1399
2515 1397
2520 1395
2525 1390
2530 1389
2535 1388
2540 1382
2545 1381
2550 1376
2555 1373
2560 1373
2565 1341
2570 1339
2575 1339
2580 1339
2585 1339
2590 1337
2595 1333
2600 1329
2605 1326
2610 1325
2615 1322
2620 1322
2625 1321
2630 1321
2635 1320
2640 1312
2645 1312
2650 1312
2655 1312
2660 1312
2665 1308
2670 1305
2675 1305
2680 1223
2685 1222
2690 1220
2695 1220
2700 1216
2705 1214
2710 1213
2715 1213
2720 1213
2725 1211
2730 1151
2735 1151
2740 1149
2745 1146
2750 1112
2755 1096
2760 1094
2765 1093
2770 1093
2775 1082
2780 1081
2785 1081
2790 1075
2795 1075
2800 1074
2805 1074
2810 1073
2815 1072
2820 1072
2825 1071
2830 1071
2835 1068
2840 1067
2845 1065
2850 1037
2855 1034
2860 1029
2865 1029
2870 968
2875 968
2880 961
2885 961
2890 953
2895 949
2900 943
2905 939
2910 930
2915 930
2920 924
2925 924
2930 911
2935 910
2940 910
2945 904
2950 904
2955 902
2960 728
2965 674
2970 672
2975 663
2980 662
2985 662
2990 662
2995 660
3000 660
3005 659
3010 658
3015 656
3020 630
3025 627
3030 627
3035 621
3040 620
3045 620
3050 620
3055 615
3060 613
3065 612
3070 612
3075 612
3080 612
3085 606
3090 606
3095 604
3100 527
3105 527
3110 504
3115 504
3120 504
3125 503
3130 501
3135 501
3140 501
3145 499
3150 499
3155 499
3160 495
3165 494
3170 477
3175 477
3180 477
3185 476
3190 469
3195 469
3200 354
3205 354
3210 348
3215 348
3220 347
3225 347
3230 347
3235 332
3240 332
3245 332
3250 332
3255 332
3260 332
3265 328
3270 323
3275 323
3280 323
3285 323
3290 323
3295 323
3300 323
3305 323
3310 323
3315 323
3320 323
3325 322
3330 322
3335 322
3340 320
3345 311
3350 295
3355 295
3360 295
3365 294
3370 294
3375 294
3380 288
3385 283
3390 283
3395 283
3400 283
3405 273
3410 273
3415 273
3420 271
3425 269
3430 269
3435 268
3440 268
3445 268
3450 268
3455 268
3460 268
3465 235
3470 235
3475 234
3480 233
3485 233
3490 232
3495 231
3500 231
3505 230
3510 230
3515 230
3520 230
3525 229
3530 229
3535 229
3540 229
3545 200
3550 200
3555 200
3560 200
3565 200
3570 200
3575 200
3580 200
3585 198
3590 198
3595 198
3600 198
3605 198
3610 198
3615 198
3620 151
3625 151
3630 151
3635 151
3640 150
3645 147
3650 147
3655 147
3660 147
3665 145
3670 145
3675 134
3680 133
3685 133
3690 132
3695 121
3700 121
3705 121
3710 121
3715 121
3720 121
3725 121
3730 121
3735 120
3740 120
3745 120
3750 120
3755 120
3760 120
3765 120
3770 120
3775 120
3780 120
3785 120
3790 104
3795 104
3800 104
3805 104
3810 104
3815 104
3820 104
3825 104
3830 104
3835 104
3840 104
3845 104
3850 104
3855 104
3860 104
3865 104
3870 104
3875 104
3880 104
3885 99
3890 99
3895 99
3900 99
3905 99
3910 99
3915 99
3920 99
3925 99
3930 99
3935 99
3940 98
3945 98
3950 98
3955 96
3960 96
3965 49
3970 47
3975 47
3980 47
3985 47
3990 47
3995 47
4000 47
4005 47
4010 47
4015 47
4020 47
4025 47
4030 47
4035 47
4040 47
4045 47
4050 47
4055 47
4060 47
4065 47
4070 47
4075 47
4080 47
4085 47
4090 47
4095 47
4100 47
4105 47
4110 47
4115 44
4120 44
4125 44
4130 44
4135 44
4140 44
4145 44
4150 44
4155 44
4160 44
4165 44
4170 44
4175 44
4180 44
4185 44
4190 44
4195 44
4200 44
4205 44
4210 44
4215 44
4220 44
4225 44
4230 44
4235 44
4240 44
4245 44
4250 44
4255 44
4260 44
4265 44
4270 44
4275 44
4280 44
4285 44
4290 44
4295 42
4300 42
4305 37
4310 37
4315 37
4320 37
4325 37
4330 37
4335 37
4340 37
4345 37
4350 37
4355 37
4360 37
4365 37
4370 37
4375 37
4380 37
4385 36
4390 36
4395 36
4400 36
4405 36
4410 36
4415 36
4420 36
4425 36
4430 36
4435 36
4440 36
4445 36
4450 36
4455 26
4460 26
4465 26
4470 26
4475 22
4480 22
4485 22
4490 22
4495 22
4500 22
4505 22
4510 21
4515 21
4520 21
4525 21
4530 21
4535 21
4540 21
4545 21
4550 21
4555 21
4560 21
4565 20
4570 20
4575 20
4580 20
4585 20
4590 20
4595 20
4600 20
4605 20
4610 20
4615 20
4620 20
4625 20
4630 20
4635 20
4640 20
4645 20
4650 20
4655 20
4660 20
4665 20
4670 20
4675 20
4680 20
4685 20
4690 20
4695 20
4700 20
4705 20
4710 20
4715 20
4720 20
4725 20
4730 20
4735 20
4740 20
4745 20
4750 20
4755 20
4760 20
4765 20
4770 20
4775 20
4780 20
4785 20
4790 20
4795 20
4800 20
4805 20
4810 20
4815 20
4820 20
4825 20
4830 18
4835 18
4840 18
4845 18
4850 18
4855 18
4860 18
4865 18
4870 18
4875 18
4880 18
4885 18
4890 18
4895 18
4900 18
4905 18
4910 18
4915 18
4920 18
4925 18
4930 18
4935 18
4940 18
4945 18
4950 18
4955 18
4960 18
4965 18
4970 18
4975 18
4980 18
4985 18
4990 18
4995 18
5000 18
5005 18
5010 18
5015 18
5020 18
5025 18
5030 18
5035 18
5040 18
5045 18
5050 18
5055 15
5060 15
5065 15
5070 15
5075 15
5080 15
5085 15
5090 15
5095 15
5100 15
5105 15
5110 15
5115 15
5120 15
5125 15
5130 15
5135 15
5140 15
5145 15
5150 15
5155 15
5160 15
5165 15
5170 13
5175 13
5180 13
5185 13
5190 13
5195 13
5200 13
5205 13
5210 13
5215 13
5220 13
5225 13
5230 13
5235 13
5240 13
5245 13
5250 13
5255 13
5260 13
5265 13
5270 13
5275 13
5280 13
5285 13
5290 13
5295 12
5300 12
5305 12
5310 12
5315 12
5320 12
5325 12
5330 12
5335 12
5340 12
5345 12
5350 12
5355 12
5360 12
5365 12
5370 12
5375 12
5380 12
5385 12
5390 12
5395 12
5400 12
5405 12
5410 12
5415 12
5420 12
5425 12
5430 12
5435 12
5440 12
5445 12
5450 11
5455 11
5460 11
5465 11
5470 11
5475 11
5480 11
5485 11
5490 11
5495 11
5500 11
5505 11
5510 11
5515 11
5520 11
5525 11
5530 11
5535 9
5540 9
5545 9
5550 9
5555 8
5560 8
5565 8
5570 8
5575 8
5580 8
5585 8
5590 8
5595 8
5600 8
5605 8
5610 8
5615 8
5620 8
5625 8
5630 8
5635 8
5640 8
5645 8
5650 8
5655 8
5660 8
5665 8
5670 8
5675 8
5680 8
5685 8
5690 8
5695 7
5700 7
5705 7
5710 7
5715 7
5720 7
5725 7
5730 7
5735 7
5740 7
5745 7
5750 7
5755 7
5760 7
5765 7
5770 7
5775 7
5780 7
5785 7
5790 7
5795 7
5800 7
5805 7
5810 6
5815 6
5820 6
5825 6
5830 6
5835 6
5840 6
5845 6
5850 6
5855 6
5860 6
5865 6
5870 6
5875 6
5880 6
5885 6
5890 6
5895 6
5900 6
5905 6
5910 6
5915 6
5920 6
5925 6
5930 6
5935 6
5940 6
5945 6
5950 6
5955 6
5960 6
5965 6
5970 6
5975 6
5980 6
5985 6
5990 6
5995 6
6000 6
6005 6
6010 6
6015 6
6020 6
6025 5
6030 5
6035 5
6040 5
6045 5
6050 5
6055 5
6060 5
6065 5
6070 5
6075 5
6080 5
6085 5
6090 5
6095 5
6100 5
6105 5
6110 5
6115 5
6120 5
6125 3
6130 3
6135 3
6140 3
6145 3
6150 3
6155 3
6160 3
6165 3
6170 3
6175 3
6180 3
6185 3
6190 3
6195 3
6200 3
6205 3
6210 3
6215 3
6220 3
6225 3
6230 3
6235 3
6240 3
6245 2
6250 2
6255 2
6260 2
6265 2
6270 2
6275 2
6280 2
6285 1
