0 4634
5 4626
10 4614
15 4609
20 4603
25 4598
30 4593
35 4586
40 4577
45 4571
50 4565
55 4555
60 4549
65 4544
70 4537
75 4532
80 4526
85 4520
90 4510
95 4505
100 4499
105 4492
110 4486
115 4480
120 4472
125 4467
130 4461
135 4454
140 4445
145 4440
150 4435
155 4429
160 4422
165 4416
170 4410
175 4405
180 4396
185 4387
190 4381
195 4374
200 4368
205 4360
210 4354
215 4344
220 4335
225 4329
230 4324
235 4313
240 4308
245 4303
250 4300
255 4286
260 4273
265 4267
270 4256
275 4250
280 4236
285 4220
290 4208
295 4202
300 4201
305 4194
310 4189
315 4181
320 4174
325 4167
330 4160
335 4140
340 4133
345 4126
350 4117
355 4112
360 4092
365 4086
370 4061
375 4044
380 4038
385 4031
390 4024
395 4001
400 3992
405 3986
410 3973
415 3971
420 3967
425 3960
430 3949
435 3943
440 3936
445 3931
450 3924
455 3918
460 3915
465 3910
470 3905
475 3898
480 3893
485 3887
490 3881
495 3854
500 3845
505 3798
510 3790
515 3781
520 3768
525 3764
530 3757
535 3752
540 3742
545 3733
550 3723
555 3716
560 3703
565 3698
570 3693
575 3688
580 3683
585 3677
590 3667
595 3662
600 3655
605 3650
610 3645
615 3636
620 3632
625 3627
630 3622
635 3609
640 3605
645 3599
650 3594
655 3588
660 3588
665 3586
670 3580
675 3575
680 3569
685 3563
690 3557
695 3548
700 3542
705 3524
710 3523
715 3520
720 3514
725 3505
730 3500
735 3494
740 3487
745 3482
750 3469
755 3462
760 3459
765 3451
770 3446
775 3440
780 3434
785 3427
790 3418
795 3415
800 3387
805 3381
810 3371
815 3361
820 3355
825 3349
830 3349
835 3349
840 3349
845 3346
850 3341
855 3335
860 3328
865 3321
870 3309
875 3300
880 3293
885 3286
890 3264
895 3258
900 3251
905 3244
910 3233
915 3227
920 3205
925 3195
930 3185
935 3163
940 3159
945 3157
950 3152
955 3132
960 3129
965 3110
970 3104
975 3067
980 3067
985 3067
990 3067
995 3055
1000 3047
1005 3041
1010 3022
1015 3016
1020 3012
1025 3001
1030 2996
1035 2984
1040 2972
1045 2959
1050 2954
1055 2948
1060 2938
1065 2932
1070 2926
1075 2922
1080 2912
1085 2903
1090 2892
1095 2886
1100 2871
1105 2865
1110 2859
1115 2838
1120 2833
1125 2826
1130 2812
1135 2807
1140 2802
1145 2777
1150 2768
1155 2763
1160 2745
1165 2736
1170 2724
1175 2718
1180 2704
1185 2698
1190 2692
1195 2676
1200 2667
1205 2663
1210 2654
1215 2644
1220 2624
1225 2616
1230 2601
1235 2596
1240 2574
1245 2570
1250 2565
1255 2559
1260 2553
1265 2548
1270 2519
1275 2506
1280 2475
1285 2474
1290 2438
1295 2431
1300 2422
1305 2415
1310 2409
1315 2402
1320 2378
1325 2332
1330 2326
1335 2315
1340 2296
1345 2288
1350 2267
1355 2257
1360 2254
1365 2253
1370 2250
1375 2244
1380 2236
1385 2229
1390 2224
1395 2219
1400 2199
1405 2192
1410 1940
1415 1937
1420 1937
1425 1937
1430 1151
1435 1136
1440 1128
1445 1128
1450 1128
1455 1128
1460 1128
1465 1128
1470 1128
1475 1128
1480 1128
1485 1128
1490 1128
1495 1128
1500 1126
1505 1121
1510 905
1515 905
1520 815
1525 808
1530 806
1535 801
1540 796
1545 786
1550 778
1555 775
1560 769
1565 769
1570 769
1575 769
1580 769
1585 769
1590 769
1595 769
1600 769
1605 769
1610 769
1615 769
1620 769
1625 769
1630 769
1635 768
1640 753
1645 753
1650 753
1655 753
1660 753
1665 753
1670 752
1675 744
1680 718
1685 706
1690 648
1695 645
1700 639
1705 623
1710 615
1715 592
1720 589
1725 588
1730 588
1735 588
1740 588
1745 588
1750 588
1755 588
1760 573
1765 505
1770 502
1775 502
1780 502
1785 502
1790 502
1795 502
1800 502
1805 502
1810 502
1815 502
1820 502
1825 497
1830 497
1835 483
1840 483
1845 483
1850 483
1855 483
1860 483
1865 483
1870 473
1875 473
1880 473
1885 473
1890 473
1895 472
1900 472
1905 472
1910 472
1915 472
1920 472
1925 472
1930 472
1935 472
1940 470
1945 470
1950 470
1955 470
1960 470
1965 470
1970 470
1975 470
1980 470
1985 457
1990 456
1995 456
2000 430
2005 430
2010 430
2015 342
2020 342
2025 342
2030 342
2035 342
2040 342
2045 342
2050 342
2055 342
2060 340
2065 340
2070 337
2075 288
2080 286
2085 286
2090 286
2095 283
2100 283
2105 283
2110 283
2115 283
2120 283
2125 283
2130 273
2135 273
2140 273
2145 273
2150 271
2155 254
2160 254
2165 254
2170 254
2175 254
2180 254
2185 254
2190 249
2195 242
2200 242
2205 242
2210 242
2215 242
2220 242
2225 242
2230 242
2235 233
2240 233
2245 233
2250 233
2255 233
2260 233
2265 233
2270 233
2275 233
2280 233
2285 233
2290 233
2295 233
2300 233
2305 233
2310 233
2315 233
2320 228
2325 225
2330 224
2335 224
2340 224
2345 224
2350 224
2355 224
2360 224
2365 209
2370 208
2375 206
2380 115
2385 115
2390 115
2395 115
2400 115
2405 115
2410 115
2415 115
2420 115
2425 115
2430 79
2435 79
2440 79
2445 76
2450 76
2455 76
2460 76
2465 76
2470 76
2475 76
2480 76
2485 67
2490 60
2495 60
2500 60
2505 60
2510 60
2515 60
2520 60
2525 60
2530 60
2535 60
2540 60
2545 60
2550 60
2555 60
2560 60
2565 58
2570 58
2575 58
2580 58
2585 58
2590 58
2595 58
2600 58
2605 58
2610 58
2615 58
2620 58
2625 58
2630 58
2635 58
2640 58
2645 50
2650 50
2655 50
2660 50
2665 50
2670 50
2675 50
2680 50
2685 50
2690 50
2695 50
2700 50
2705 50
2710 50
2715 50
2720 50
2725 50
2730 50
2735 50
2740 46
2745 46
2750 46
2755 46
2760 46
2765 42
2770 42
2775 42
2780 42
2785 42
2790 42
2795 42
2800 42
2805 42
2810 42
2815 42
2820 42
2825 42
2830 42
2835 42
2840 28
2845 28
2850 28
2855 28
2860 28
2865 28
2870 28
2875 28
2880 28
2885 28
2890 28
2895 28
2900 28
2905 28
2910 28
2915 28
2920 28
2925 28
2930 28
2935 28
