0 4634
5 4634
10 4634
15 4634
20 4634
25 4634
30 4634
35 4634
40 4634
45 4634
50 4634
55 4634
60 4634
65 4634
70 4634
75 4634
80 4628
85 4628
90 4628
95 4628
100 4628
105 4628
110 4628
115 4628
120 4628
125 4628
130 4628
135 4628
140 4627
145 4627
150 4627
155 4621
160 4621
165 4621
170 4621
175 4609
180 4606
185 4605
190 4605
195 4605
200 4604
205 4601
210 4594
215 4588
220 4582
225 4582
230 4579
235 4579
240 4579
245 4579
250 4576
255 4572
260 4572
265 4566
270 4566
275 4566
280 4565
285 4561
290 4559
295 4546
300 4546
305 4546
310 4544
315 4544
320 4544
325 4537
330 4531
335 4531
340 4531
345 4531
350 4531
355 4531
360 4525
365 4515
370 4515
375 4504
380 4500
385 4497
390 4497
395 4497
400 4496
405 4496
410 4493
415 4462
420 4462
425 4462
430 4456
435 4456
440 4454
445 4454
450 4449
455 4448
460 4448
465 4448
470 4448
475 4446
480 4444
485 4421
490 4421
495 4415
500 4412
505 4409
510 4409
515 4409
520 4409
525 4402
530 4402
535 4402
540 4401
545 4400
550 4399
555 4399
560 4399
565 4395
570 4395
575 4389
580 4389
585 4385
590 4374
595 4373
600 4372
605 4372
610 4369
615 4368
620 4364
625 4364
630 4364
635 4364
640 4364
645 4364
650 4361
655 4347
660 4346
665 4338
670 4338
675 4330
680 4330
685 4328
690 4328
695 4321
700 4313
705 4313
710 4312
715 4310
720 4310
725 4301
730 4300
735 4299
740 4299
745 4295
750 4289
755 4287
760 4283
765 4280
770 4279
775 4277
780 4273
785 4271
790 4269
795 4264
800 4264
805 4264
810 4259
815 4249
820 4241
825 4241
830 4235
835 4229
840 4221
845 4220
850 4211
855 4204
860 4198
865 4194
870 4194
875 4190
880 4187
885 4187
890 4184
895 4177
900 4174
905 4172
910 4170
915 4170
920 4168
925 4159
930 4157
935 4157
940 4155
945 4147
950 4146
955 4146
960 4146
965 4146
970 4133
975 4128
980 4125
985 4120
990 4120
995 4109
1000 4104
1005 4103
1010 4095
1015 4087
1020 4086
1025 4081
1030 4073
1035 4073
1040 4073
1045 4062
1050 4060
1055 4053
1060 4049
1065 4048
1070 4043
1075 4039
1080 4032
1085 4031
1090 4027
1095 4018
1100 4008
1105 4002
1110 3996
1115 3994
1120 3993
1125 3990
1130 3987
1135 3980
1140 3975
1145 3968
1150 3968
1155 3967
1160 3967
1165 3964
1170 3959
1175 3951
1180 3951
1185 3940
1190 3933
1195 3926
1200 3926
1205 3925
1210 3923
1215 3920
1220 3913
1225 3913
1230 3913
1235 3898
1240 3872
1245 3869
1250 3865
1255 3861
1260 3851
1265 3851
1270 3844
1275 3840
1280 3824
1285 3815
1290 3813
1295 3807
1300 3805
1305 3795
1310 3791
1315 3784
1320 3780
1325 3774
1330 3771
1335 3759
1340 3758
1345 3754
1350 3748
1355 3748
1360 3747
1365 3738
1370 3734
1375 3732
1380 3724
1385 3715
1390 3711
1395 3701
1400 3699
1405 3685
1410 3681
1415 3679
1420 3679
1425 3649
1430 3635
1435 3633
1440 3627
1445 3626
1450 3607
1455 3601
1460 3599
1465 3593
1470 3592
1475 3589
1480 3588
1485 3584
1490 3567
1495 3566
1500 3564
1505 3555
1510 3552
1515 3551
1520 3547
1525 3544
1530 3544
1535 3536
1540 3536
1545 3531
1550 3514
1555 3500
1560 3479
1565 3471
1570 3470
1575 3462
1580 3457
1585 3453
1590 3451
1595 3431
1600 3430
1605 3429
1610 3421
1615 3420
1620 3411
1625 3407
1630 3405
1635 3363
1640 3349
1645 3346
1650 3340
1655 3337
1660 3332
1665 3331
1670 3323
1675 3313
1680 3274
1685 3271
1690 3271
1695 3262
1700 3260
1705 3256
1710 3254
1715 3253
1720 3237
1725 3234
1730 3230
1735 3221
1740 3219
1745 3207
1750 3204
1755 3198
1760 3192
1765 3188
1770 3183
1775 3181
1780 3178
1785 3175
1790 3153
1795 3132
1800 3129
1805 3125
1810 3125
1815 3118
1820 3072
1825 3069
1830 3062
1835 3055
1840 2995
1845 2983
1850 2980
1855 2977
1860 2970
1865 2969
1870 2956
1875 2955
1880 2936
1885 2935
1890 2931
1895 2922
1900 2919
1905 2915
1910 2909
1915 2906
1920 2904
1925 2891
1930 2888
1935 2887
1940 2883
1945 2872
1950 2866
1955 2836
1960 2835
1965 2834
1970 2807
1975 2806
1980 2805
1985 2663
1990 2660
1995 2657
2000 2655
2005 2651
2010 2649
2015 2646
2020 2638
2025 2637
2030 2633
2035 2633
2040 2630
2045 2625
2050 2625
2055 2619
2060 2610
2065 2609
2070 2592
2075 2590
2080 2534
2085 2518
2090 2510
2095 2510
2100 2509
2105 2504
2110 2496
2115 2472
2120 2470
2125 2470
2130 2470
2135 2466
2140 2466
2145 2444
2150 2444
2155 2440
2160 2438
2165 2433
2170 2431
2175 2409
2180 2409
2185 2407
2190 2400
2195 2398
2200 2396
2205 2392
2210 2391
2215 2375
2220 2375
2225 2317
2230 2295
2235 2289
2240 2284
2245 2281
2250 2278
2255 2278
2260 2268
2265 2265
2270 2265
2275 2262
2280 2201
2285 2183
2290 2178
2295 2145
2300 2139
2305 2127
2310 2123
2315 2119
2320 2118
2325 2113
2330 2110
2335 2109
2340 2107
2345 2093
2350 2082
2355 2074
2360 2074
2365 2063
2370 2056
2375 2036
2380 2034
2385 2032
2390 2031
2395 2025
2400 2021
2405 2018
2410 2014
2415 2014
2420 1990
2425 1964
2430 1964
2435 1959
2440 1951
2445 1938
2450 1938
2455 1931
2460 1931
2465 1930
2470 1927
2475 1925
2480 1912
2485 1904
2490 1876
2495 1875
2500 1875
2505 1873
2510 1871
2515 1815
2520 1815
2525 1775
2530 1771
2535 1751
2540 1751
2545 1750
2550 1749
2555 1745
2560 1712
2565 1700
2570 1696
2575 1693
2580 1693
2585 1687
2590 1687
2595 1683
2600 1677
2605 1676
2610 1506
2615 1506
2620 1504
2625 1503
2630 1500
2635 1498
2640 1489
2645 1484
2650 1443
2655 1439
2660 1435
2665 1433
2670 1431
2675 1431
2680 1426
2685 1372
2690 1369
2695 1340
2700 1331
2705 1311
2710 1305
2715 1303
2720 1295
2725 1292
2730 1244
2735 1242
2740 1240
2745 1239
2750 1237
2755 1228
2760 1227
2765 1226
2770 1226
2775 1226
2780 1222
2785 1218
2790 1176
2795 1112
2800 1107
2805 1105
2810 1097
2815 1080
2820 1070
2825 1068
2830 1037
2835 1036
2840 1036
2845 1034
2850 1029
2855 1025
2860 1025
2865 1021
2870 1021
2875 1021
2880 1021
2885 848
2890 835
2895 834
2900 832
2905 825
2910 825
2915 825
2920 818
2925 817
2930 816
2935 816
2940 816
2945 806
2950 803
2955 802
2960 796
2965 795
2970 795
2975 791
2980 782
2985 781
2990 771
2995 770
3000 770
3005 766
3010 732
3015 732
3020 732
3025 730
3030 729
3035 729
3040 728
3045 728
3050 726
3055 701
3060 696
3065 687
3070 670
3075 670
3080 666
3085 664
3090 659
3095 658
3100 658
3105 658
3110 658
3115 651
3120 649
3125 644
3130 642
3135 642
3140 641
3145 638
3150 638
3155 638
3160 636
3165 633
3170 630
3175 630
3180 628
3185 627
3190 627
3195 627
3200 618
3205 618
3210 618
3215 607
3220 586
3225 585
3230 585
3235 585
3240 583
3245 581
3250 561
3255 561
3260 561
3265 559
3270 559
3275 558
3280 558
3285 558
3290 558
3295 555
3300 555
3305 535
3310 535
3315 529
3320 529
3325 529
3330 527
3335 527
3340 498
3345 498
3350 498
3355 486
3360 485
3365 484
3370 484
3375 476
3380 475
3385 474
3390 474
3395 473
3400 473
3405 434
3410 427
3415 427
3420 426
3425 425
3430 425
3435 425
3440 423
3445 423
3450 401
3455 401
3460 400
3465 399
3470 398
3475 397
3480 397
3485 397
3490 396
3495 396
3500 396
3505 396
3510 396
3515 396
3520 396
3525 392
3530 392
3535 392
3540 392
3545 392
3550 391
3555 391
3560 391
3565 391
3570 391
3575 391
3580 390
3585 387
3590 387
3595 383
3600 235
3605 233
3610 233
3615 231
3620 231
3625 231
3630 231
3635 231
3640 231
3645 224
3650 222
3655 222
3660 215
3665 215
3670 215
3675 213
3680 212
3685 209
3690 209
3695 209
3700 209
3705 209
3710 209
3715 209
3720 209
3725 209
3730 208
3735 208
3740 207
3745 207
3750 207
3755 207
3760 207
3765 207
3770 201
3775 201
3780 201
3785 201
3790 187
3795 170
3800 170
3805 170
3810 170
3815 170
3820 164
3825 159
3830 159
3835 159
3840 159
3845 159
3850 159
3855 159
3860 127
3865 127
3870 127
3875 126
3880 126
3885 125
3890 125
3895 125
3900 119
3905 119
3910 119
3915 119
3920 114
3925 114
3930 114
3935 114
3940 114
3945 114
3950 114
3955 114
3960 114
3965 114
3970 114
3975 114
3980 111
3985 111
3990 111
3995 111
4000 110
4005 110
4010 110
4015 110
4020 106
4025 106
4030 106
4035 106
4040 106
4045 106
4050 105
4055 105
4060 105
4065 105
4070 105
4075 99
4080 70
4085 70
4090 70
4095 70
4100 70
4105 70
4110 70
4115 70
4120 70
4125 70
4130 70
4135 70
4140 70
4145 70
4150 70
4155 70
4160 70
4165 70
4170 70
4175 67
4180 67
4185 67
4190 67
4195 67
4200 67
4205 67
4210 67
4215 67
4220 67
4225 67
4230 67
4235 67
4240 67
4245 67
4250 67
4255 67
4260 67
4265 67
4270 67
4275 67
4280 67
4285 67
4290 67
4295 67
4300 67
4305 67
4310 67
4315 67
4320 67
4325 67
4330 67
4335 67
4340 65
4345 65
4350 65
4355 65
4360 65
4365 64
4370 64
4375 64
4380 64
4385 64
4390 64
4395 63
4400 63
4405 63
4410 63
4415 47
4420 47
4425 47
4430 47
4435 47
4440 47
4445 46
4450 46
4455 46
4460 46
4465 45
4470 41
4475 41
4480 41
4485 41
4490 38
4495 38
4500 38
4505 38
4510 38
4515 38
4520 38
4525 38
4530 38
4535 38
4540 38
4545 38
4550 38
4555 38
4560 29
4565 29
4570 29
4575 29
4580 29
4585 29
4590 29
4595 29
4600 29
4605 29
4610 29
4615 29
4620 29
4625 29
4630 29
4635 29
4640 28
4645 28
4650 28
4655 28
4660 28
4665 28
4670 28
4675 28
4680 28
4685 28
4690 28
4695 28
4700 28
4705 28
4710 28
4715 28
4720 28
4725 28
4730 28
4735 28
4740 28
4745 28
4750 28
4755 27
4760 27
4765 26
4770 26
4775 26
4780 26
4785 26
4790 18
4795 18
4800 18
4805 18
4810 18
4815 18
4820 18
4825 18
4830 18
4835 18
4840 18
4845 18
4850 18
4855 18
4860 18
4865 18
4870 17
4875 17
4880 17
4885 17
4890 17
4895 17
4900 17
4905 17
4910 17
4915 17
4920 17
4925 17
4930 17
4935 17
4940 16
4945 16
4950 16
4955 12
4960 12
4965 12
4970 12
4975 12
4980 12
4985 12
4990 12
4995 11
5000 11
5005 11
5010 11
5015 11
5020 10
5025 10
5030 10
5035 10
5040 10
5045 10
5050 10
5055 10
5060 10
5065 10
5070 10
5075 10
5080 10
5085 10
5090 10
5095 10
5100 10
5105 10
5110 10
5115 10
5120 10
5125 10
5130 10
5135 10
5140 10
5145 10
5150 10
5155 10
5160 10
5165 10
5170 10
5175 10
5180 10
5185 10
5190 10
5195 10
5200 10
5205 10
5210 10
5215 10
5220 10
5225 10
5230 10
5235 10
5240 10
5245 10
5250 10
5255 9
5260 9
5265 9
5270 9
5275 9
5280 9
5285 9
5290 9
5295 8
5300 8
5305 8
5310 7
5315 7
5320 7
5325 7
5330 7
5335 7
5340 7
5345 7
5350 7
5355 7
5360 7
5365 7
5370 7
5375 7
5380 7
5385 7
5390 7
5395 7
5400 7
5405 7
5410 7
5415 7
5420 7
5425 7
5430 7
5435 7
5440 7
5445 7
5450 7
5455 7
5460 7
5465 7
5470 7
5475 7
5480 7
5485 7
5490 7
5495 7
5500 7
5505 7
5510 7
5515 7
5520 7
5525 7
5530 7
5535 7
5540 7
5545 7
5550 7
5555 7
5560 7
5565 6
5570 6
5575 6
5580 6
5585 6
5590 6
5595 6
5600 6
5605 6
5610 6
5615 6
5620 6
5625 6
5630 6
5635 6
5640 6
5645 6
5650 6
5655 6
5660 5
5665 5
5670 5
5675 5
5680 5
5685 5
5690 5
5695 5
5700 5
5705 5
5710 5
5715 5
5720 5
5725 5
5730 5
5735 5
5740 5
5745 5
5750 5
5755 5
5760 5
5765 5
5770 5
5775 5
5780 5
5785 5
5790 5
5795 4
5800 4
5805 4
5810 4
5815 4
5820 4
5825 4
5830 4
5835 4
5840 4
5845 4
5850 4
5855 4
5860 4
5865 4
5870 4
5875 4
5880 4
5885 4
5890 4
5895 4
5900 4
5905 4
5910 4
5915 4
5920 4
5925 4
5930 4
5935 4
5940 4
5945 4
5950 4
5955 4
5960 4
5965 4
5970 4
5975 4
5980 4
5985 4
5990 4
5995 4
6000 4
6005 4
6010 4
6015 4
6020 4
6025 4
6030 4
6035 3
6040 3
6045 3
6050 3
6055 3
6060 3
6065 3
6070 3
6075 3
6080 3
6085 3
6090 3
6095 3
6100 3
6105 3
6110 3
6115 3
6120 3
6125 3
6130 3
6135 3
6140 3
6145 3
6150 3
6155 3
6160 3
6165 3
6170 3
6175 3
6180 3
6185 3
6190 3
6195 3
6200 2
6205 2
6210 2
6215 2
6220 2
6225 2
6230 2
6235 2
6240 2
6245 2
6250 2
6255 2
6260 2
6265 2
6270 2
6275 2
6280 2
6285 1
