0 4634
5 4628
10 4616
15 4610
20 4603
25 4598
30 4593
35 4588
40 4583
45 4578
50 4571
55 4564
60 4556
65 4550
70 4545
75 4537
80 4530
85 4525
90 4520
95 4514
100 4509
105 4504
110 4499
115 4481
120 4476
125 4471
130 4464
135 4459
140 4454
145 4445
150 4439
155 4432
160 4426
165 4420
170 4411
175 4406
180 4400
185 4395
190 4388
195 4377
200 4369
205 4361
210 4356
215 4350
220 4344
225 4336
230 4329
235 4322
240 4319
245 4307
250 4279
255 4277
260 4263
265 4248
270 4242
275 4236
280 4203
285 4186
290 4185
295 4178
300 4171
305 4168
310 4162
315 4157
320 4150
325 4145
330 4130
335 4125
340 4112
345 4102
350 4097
355 4076
360 4070
365 4060
370 4053
375 4046
380 4041
385 4019
390 4010
395 3999
400 3975
405 3966
410 3966
415 3962
420 3953
425 3939
430 3933
435 3928
440 3920
445 3915
450 3908
455 3903
460 3897
465 3892
470 3887
475 3880
480 3870
485 3828
490 3823
495 3816
500 3811
505 3800
510 3776
515 3770
520 3763
525 3751
530 3743
535 3733
540 3725
545 3720
550 3713
555 3708
560 3703
565 3698
570 3685
575 3680
580 3670
585 3667
590 3659
595 3654
600 3643
605 3643
610 3640
615 3635
620 3630
625 3622
630 3618
635 3613
640 3608
645 3597
650 3596
655 3591
660 3582
665 3576
670 3571
675 3565
680 3559
685 3554
690 3543
695 3538
700 3529
705 3519
710 3512
715 3479
720 3466
725 3461
730 3456
735 3449
740 3440
745 3428
750 3422
755 3418
760 3412
765 3404
770 3399
775 3394
780 3387
785 3382
790 3376
795 3347
800 3338
805 3333
810 3328
815 3322
820 3315
825 3311
830 3311
835 3311
840 3311
845 3308
850 3303
855 3289
860 3284
865 3274
870 3261
875 3254
880 3245
885 3232
890 3224
895 3218
900 3211
905 3201
910 3190
915 3183
920 3177
925 3171
930 3162
935 3157
940 3150
945 3145
950 3136
955 3126
960 3119
965 3102
970 3084
975 3079
980 3035
985 3035
990 3035
995 3031
1000 3025
1005 3014
1010 2995
1015 2990
1020 2985
1025 2975
1030 2970
1035 2958
1040 2951
1045 2946
1050 2701
1055 2690
1060 2677
1065 2672
1070 2639
1075 2633
1080 2628
1085 2458
1090 2455
1095 2442
1100 2442
1105 2437
1110 2431
1115 2424
1120 2409
1125 2404
1130 2395
1135 2390
1140 2376
1145 2370
1150 2363
1155 2355
1160 2329
1165 2323
1170 2323
1175 2320
1180 2312
1185 2306
1190 2299
1195 2288
1200 2280
1205 2279
1210 2273
1215 2239
1220 2239
1225 2239
1230 2237
1235 2196
1240 2196
1245 2175
1250 2163
1255 2154
1260 2150
1265 2142
1270 2139
1275 2135
1280 2116
1285 2106
1290 2106
1295 2082
1300 2072
1305 2066
1310 2053
1315 2052
1320 2047
1325 2039
1330 2034
1335 2028
1340 2008
1345 2000
1350 1994
1355 1977
1360 1971
1365 1956
1370 1954
1375 1941
1380 1941
1385 1831
1390 1831
1395 1825
1400 1820
1405 1813
1410 1805
1415 1793
1420 1780
1425 1776
1430 1514
1435 1512
1440 1509
1445 1509
1450 1507
1455 1489
1460 760
1465 743
1470 737
1475 737
1480 734
1485 718
1490 717
1495 716
1500 713
1505 713
1510 713
1515 713
1520 713
1525 713
1530 713
1535 713
1540 713
1545 713
1550 713
1555 713
1560 713
1565 707
1570 687
1575 656
1580 656
1585 642
1590 640
1595 640
1600 640
1605 640
1610 640
1615 640
1620 640
1625 640
1630 640
1635 640
1640 640
1645 640
1650 640
1655 640
1660 640
1665 638
1670 638
1675 638
1680 638
1685 638
1690 638
1695 635
1700 599
1705 589
1710 587
1715 554
1720 533
1725 532
1730 523
1735 522
1740 521
1745 521
1750 521
1755 521
1760 521
1765 521
1770 521
1775 521
1780 514
1785 496
1790 488
1795 488
1800 488
1805 488
1810 488
1815 488
1820 488
1825 488
1830 488
1835 488
1840 488
1845 488
1850 488
1855 488
1860 488
1865 488
1870 488
1875 488
1880 488
1885 488
1890 488
1895 488
1900 488
1905 488
1910 486
1915 486
1920 486
1925 486
1930 486
1935 486
1940 486
1945 486
1950 484
1955 484
1960 484
1965 484
1970 484
1975 484
1980 484
1985 484
1990 484
1995 484
2000 478
2005 478
2010 478
2015 477
2020 472
2025 472
2030 469
2035 469
2040 468
2045 450
2050 450
2055 450
2060 450
2065 450
2070 450
2075 446
2080 446
2085 443
2090 443
2095 443
2100 441
2105 436
2110 390
2115 390
2120 389
2125 389
2130 389
2135 384
2140 384
2145 384
2150 384
2155 384
2160 382
2165 357
2170 357
2175 357
2180 355
2185 354
2190 353
2195 344
2200 344
2205 344
2210 344
2215 344
2220 336
2225 336
2230 336
2235 336
2240 336
2245 336
2250 336
2255 333
2260 329
2265 329
2270 329
2275 329
2280 329
2285 329
2290 329
2295 311
2300 311
2305 311
2310 311
2315 311
2320 311
2325 311
2330 311
2335 307
2340 295
2345 294
2350 294
2355 294
2360 294
2365 294
2370 294
2375 294
2380 253
2385 247
2390 223
2395 124
2400 124
2405 124
2410 124
2415 124
2420 124
2425 124
2430 124
2435 122
2440 122
2445 122
2450 122
2455 108
2460 69
2465 68
2470 68
2475 68
2480 68
2485 68
2490 68
2495 68
2500 60
2505 60
2510 60
2515 60
2520 60
2525 60
2530 59
2535 59
2540 59
2545 59
2550 59
2555 59
2560 59
2565 59
2570 59
2575 59
2580 59
2585 54
2590 54
2595 54
2600 54
2605 54
2610 54
2615 52
2620 52
2625 52
2630 52
2635 52
2640 52
2645 52
2650 52
2655 52
2660 52
2665 52
2670 52
2675 52
2680 52
2685 52
2690 52
2695 52
2700 52
2705 52
2710 52
2715 52
2720 52
2725 52
2730 52
2735 49
2740 49
2745 49
2750 49
2755 49
2760 40
2765 35
2770 35
2775 35
2780 34
2785 34
2790 34
2795 34
2800 34
2805 34
2810 34
2815 34
2820 34
2825 34
2830 34
2835 34
2840 28
2845 28
2850 28
2855 28
2860 28
2865 28
2870 28
2875 28
2880 28
2885 28
2890 28
2895 27
2900 22
2905 22
2910 22
2915 22
