0 4634
5 4628
10 4614
15 4607
20 4599
25 4594
30 4589
35 4584
40 4577
45 4572
50 4562
55 4557
60 4552
65 4547
70 4539
75 4534
80 4526
85 4520
90 4515
95 4508
100 4502
105 4494
110 4487
115 4482
120 4476
125 4470
130 4464
135 4459
140 4454
145 4447
150 4440
155 4433
160 4428
165 4423
170 4418
175 4412
180 4402
185 4396
190 4390
195 4385
200 4369
205 4361
210 4356
215 4349
220 4344
225 4338
230 4328
235 4322
240 4317
245 4309
250 4304
255 4291
260 4286
265 4281
270 4269
275 4264
280 4251
285 4246
290 4238
295 4230
300 4227
305 4218
310 4210
315 4207
320 4201
325 4193
330 4188
335 4179
340 4162
345 4144
350 4135
355 4130
360 4125
365 4105
370 4098
375 4055
380 4053
385 4041
390 4033
395 4029
400 4024
405 4018
410 4010
415 3994
420 3987
425 3981
430 3976
435 3970
440 3958
445 3954
450 3947
455 3941
460 3935
465 3930
470 3925
475 3919
480 3914
485 3909
490 3902
495 3878
500 3872
505 3866
510 3861
515 3856
520 3851
525 3846
530 3840
535 3828
540 3817
545 3813
550 3792
555 3786
560 3777
565 3771
570 3767
575 3761
580 3756
585 3746
590 3741
595 3733
600 3726
605 3721
610 3715
615 3714
620 3710
625 3704
630 3692
635 3687
640 3678
645 3673
650 3668
655 3668
660 3667
665 3661
670 3655
675 3650
680 3645
685 3633
690 3624
695 3617
700 3602
705 3596
710 3590
715 3583
720 3570
725 3561
730 3545
735 3536
740 3527
745 3521
750 3515
755 3509
760 3500
765 3492
770 3487
775 3482
780 3474
785 3464
790 3427
795 3422
800 3415
805 3403
810 3391
815 3384
820 3379
825 3355
830 3321
835 3321
840 3321
845 3321
850 3316
855 3311
860 3304
865 3299
870 3293
875 3287
880 3269
885 3264
890 3252
895 3241
900 3234
905 3227
910 3219
915 3216
920 3204
925 3193
930 3187
935 3179
940 3162
945 3157
950 3151
955 3136
960 3131
965 3058
970 3058
975 3058
980 3058
985 3051
990 3034
995 3022
1000 2996
1005 2992
1010 2988
1015 2970
1020 2965
1025 2952
1030 2947
1035 2933
1040 2928
1045 2601
1050 2588
1055 2578
1060 2575
1065 2559
1070 2554
1075 2447
1080 2447
1085 2446
1090 2441
1095 2435
1100 2430
1105 2425
1110 2413
1115 2406
1120 2401
1125 2345
1130 2343
1135 2340
1140 2334
1145 2283
1150 2280
1155 2278
1160 2256
1165 2250
1170 2248
1175 2242
1180 2234
1185 2225
1190 2213
1195 2205
1200 2203
1205 2193
1210 2191
1215 2188
1220 2188
1225 2188
1230 2186
1235 2170
1240 2139
1245 2136
1250 2131
1255 2120
1260 2112
1265 2106
1270 2096
1275 2087
1280 1982
1285 1975
1290 1954
1295 1949
1300 1944
1305 1936
1310 1935
1315 1923
1320 1918
1325 1911
1330 1895
1335 1887
1340 1881
1345 1872
1350 1860
1355 1859
1360 1859
1365 1858
1370 1850
1375 1847
1380 1839
1385 1834
1390 1827
1395 1821
1400 1794
1405 1793
1410 1396
1415 1396
1420 1393
1425 1391
1430 1391
1435 1200
1440 1192
1445 1189
1450 1186
1455 1186
1460 1185
1465 1175
1470 1169
1475 585
1480 577
1485 577
1490 577
1495 577
1500 577
1505 577
1510 577
1515 577
1520 577
1525 577
1530 577
1535 577
1540 577
1545 577
1550 577
1555 577
1560 577
1565 558
1570 558
1575 558
1580 558
1585 558
1590 558
1595 558
1600 503
1605 503
1610 503
1615 503
1620 503
1625 503
1630 503
1635 503
1640 503
1645 503
1650 503
1655 503
1660 503
1665 503
1670 503
1675 503
1680 503
1685 503
1690 502
1695 497
1700 492
1705 485
1710 455
1715 438
1720 436
1725 427
1730 406
1735 405
1740 405
1745 405
1750 405
1755 405
1760 405
1765 405
1770 405
1775 394
1780 386
1785 386
1790 386
1795 386
1800 386
1805 386
1810 386
1815 386
1820 386
1825 386
1830 386
1835 386
1840 386
1845 386
1850 386
1855 386
1860 386
1865 386
1870 386
1875 386
1880 386
1885 386
1890 386
1895 386
1900 384
1905 384
1910 384
1915 384
1920 384
1925 384
1930 384
1935 384
1940 384
1945 379
1950 379
1955 379
1960 379
1965 379
1970 379
1975 379
1980 379
1985 379
1990 379
1995 379
2000 374
2005 370
2010 370
2015 323
2020 323
2025 323
2030 323
2035 321
2040 319
2045 319
2050 319
2055 319
2060 319
2065 319
2070 319
2075 318
2080 318
2085 317
2090 293
2095 293
2100 293
2105 291
2110 290
2115 290
2120 290
2125 290
2130 290
2135 290
2140 279
2145 279
2150 279
2155 279
2160 279
2165 279
2170 279
2175 273
2180 273
2185 273
2190 273
2195 273
2200 273
2205 168
2210 168
2215 168
2220 168
2225 168
2230 168
2235 168
2240 168
2245 168
2250 158
2255 158
2260 158
2265 158
2270 158
2275 158
2280 158
2285 158
2290 158
2295 158
2300 158
2305 158
2310 158
2315 158
2320 158
2325 156
2330 131
2335 131
2340 131
2345 131
2350 131
2355 131
2360 131
2365 131
2370 131
2375 104
2380 100
2385 72
2390 72
2395 72
2400 72
2405 72
2410 72
2415 72
2420 72
2425 72
2430 72
2435 72
2440 72
2445 72
2450 72
2455 72
2460 72
2465 72
2470 72
2475 72
2480 72
2485 72
2490 72
2495 72
2500 72
2505 72
2510 72
2515 72
2520 72
2525 72
2530 72
2535 72
2540 72
2545 72
2550 72
2555 72
2560 72
2565 72
2570 72
2575 72
2580 72
2585 72
2590 72
2595 72
2600 72
2605 72
2610 71
2615 71
2620 71
2625 71
2630 71
2635 71
2640 71
2645 71
2650 71
2655 71
2660 71
2665 71
2670 71
2675 71
2680 71
2685 71
2690 71
2695 71
2700 71
2705 71
2710 71
2715 71
2720 71
2725 69
2730 69
2735 69
2740 69
2745 69
2750 69
2755 65
2760 32
2765 32
2770 32
2775 32
2780 32
2785 32
2790 32
2795 32
2800 32
2805 32
2810 32
2815 32
2820 32
2825 32
2830 32
2835 32
2840 32
2845 32
2850 32
2855 32
2860 32
2865 32
2870 32
2875 32
2880 32
2885 32
2890 32
2895 32
2900 32
2905 32
2910 32
2915 32
2920 32
