0 4634
5 4627
10 4619
15 4614
20 4609
25 4604
30 4598
35 4593
40 4579
45 4574
50 4567
55 4558
60 4552
65 4546
70 4538
75 4532
80 4526
85 4521
90 4514
95 4509
100 4500
105 4495
110 4490
115 4485
120 4478
125 4472
130 4464
135 4459
140 4454
145 4445
150 4414
155 4409
160 4403
165 4397
170 4392
175 4386
180 4377
185 4371
190 4365
195 4353
200 4345
205 4339
210 4318
215 4313
220 4308
225 4301
230 4295
235 4291
240 4288
245 4274
250 4269
255 4264
260 4259
265 4249
270 4244
275 4239
280 4229
285 4220
290 4218
295 4213
300 4208
305 4198
310 4192
315 4185
320 4178
325 4160
330 4155
335 4145
340 4139
345 4132
350 4127
355 4097
360 4086
365 4081
370 4075
375 4071
380 4063
385 4056
390 4040
395 4034
400 4030
405 4024
410 4019
415 4014
420 4008
425 4003
430 3995
435 3990
440 3984
445 3977
450 3971
455 3964
460 3952
465 3950
470 3945
475 3939
480 3934
485 3907
490 3899
495 3891
500 3886
505 3873
510 3859
515 3843
520 3838
525 3829
530 3821
535 3816
540 3811
545 3806
550 3797
555 3788
560 3783
565 3778
570 3771
575 3766
580 3761
585 3759
590 3747
595 3742
600 3732
605 3723
610 3716
615 3710
620 3706
625 3702
630 3702
635 3690
640 3684
645 3679
650 3673
655 3668
660 3662
665 3652
670 3647
675 3638
680 3622
685 3617
690 3608
695 3573
700 3555
705 3549
710 3542
715 3533
720 3528
725 3522
730 3516
735 3508
740 3501
745 3496
750 3491
755 3485
760 3477
765 3448
770 3440
775 3435
780 3419
785 3410
790 3405
795 3397
800 3389
805 3381
810 3374
815 3365
820 3357
825 3352
830 3345
835 3334
840 3327
845 3314
850 3309
855 3303
860 3293
865 3281
870 3275
875 3270
880 3257
885 3242
890 3234
895 3222
900 3218
905 3211
910 3206
915 3195
920 3190
925 3187
930 3177
935 3168
940 3121
945 3121
950 3121
955 3114
960 3100
965 3094
970 3087
975 3082
980 3069
985 3052
990 3047
995 3041
1000 3033
1005 3028
1010 3020
1015 2996
1020 2991
1025 2988
1030 2981
1035 2976
1040 2971
1045 2569
1050 2564
1055 2561
1060 2550
1065 2547
1070 2541
1075 2533
1080 2525
1085 2516
1090 2508
1095 2500
1100 2469
1105 2454
1110 2454
1115 2452
1120 2443
1125 2429
1130 2422
1135 2414
1140 2409
1145 2400
1150 2392
1155 2384
1160 2377
1165 2359
1170 2351
1175 2351
1180 2346
1185 2329
1190 2314
1195 2308
1200 2296
1205 2290
1210 2283
1215 2281
1220 2238
1225 2233
1230 2228
1235 2203
1240 2187
1245 2181
1250 2168
1255 2165
1260 2154
1265 2149
1270 2146
1275 2138
1280 2120
1285 2108
1290 2097
1295 2092
1300 2078
1305 2078
1310 2078
1315 2070
1320 2060
1325 2058
1330 2052
1335 2047
1340 2039
1345 2034
1350 2026
1355 2018
1360 1999
1365 1993
1370 1986
1375 1983
1380 1981
1385 1981
1390 1981
1395 1964
1400 1950
1405 1938
1410 1933
1415 1926
1420 1917
1425 1907
1430 1900
1435 1896
1440 1888
1445 1738
1450 1738
1455 1738
1460 1729
1465 897
1470 891
1475 891
1480 891
1485 891
1490 891
1495 889
1500 874
1505 863
1510 863
1515 862
1520 855
1525 847
1530 836
1535 832
1540 829
1545 829
1550 822
1555 822
1560 821
1565 821
1570 821
1575 821
1580 821
1585 821
1590 821
1595 821
1600 821
1605 812
1610 797
1615 797
1620 792
1625 792
1630 792
1635 792
1640 789
1645 777
1650 777
1655 768
1660 762
1665 733
1670 733
1675 730
1680 720
1685 720
1690 720
1695 719
1700 719
1705 719
1710 719
1715 719
1720 719
1725 719
1730 717
1735 691
1740 690
1745 690
1750 690
1755 690
1760 690
1765 690
1770 690
1775 690
1780 690
1785 690
1790 690
1795 690
1800 690
1805 690
1810 690
1815 690
1820 682
1825 659
1830 659
1835 659
1840 659
1845 659
1850 659
1855 659
1860 659
1865 648
1870 648
1875 648
1880 648
1885 561
1890 561
1895 561
1900 560
1905 528
1910 520
1915 520
1920 520
1925 520
1930 520
1935 520
1940 520
1945 520
1950 517
1955 503
1960 341
1965 341
1970 297
1975 297
1980 297
1985 297
1990 297
1995 297
2000 297
2005 297
2010 297
2015 297
2020 297
2025 297
2030 297
2035 297
2040 295
2045 293
2050 269
2055 269
2060 269
2065 268
2070 268
2075 268
2080 268
2085 268
2090 268
2095 268
2100 268
2105 265
2110 265
2115 265
2120 265
2125 265
2130 264
2135 264
2140 264
2145 264
2150 264
2155 264
2160 264
2165 240
2170 240
2175 240
2180 240
2185 240
2190 240
2195 240
2200 240
2205 231
2210 231
2215 231
2220 231
2225 231
2230 231
2235 231
2240 231
2245 231
2250 231
2255 231
2260 230
2265 224
2270 222
2275 222
2280 222
2285 222
2290 219
2295 209
2300 209
2305 208
2310 208
2315 208
2320 208
2325 208
2330 208
2335 208
2340 206
2345 203
2350 178
2355 145
2360 145
2365 145
2370 145
2375 145
2380 145
2385 145
2390 144
2395 144
2400 144
2405 144
2410 141
2415 124
2420 101
2425 101
2430 101
2435 101
2440 101
2445 101
2450 101
2455 101
2460 101
2465 101
2470 101
2475 101
2480 101
2485 101
2490 101
2495 101
2500 101
2505 101
2510 101
2515 101
2520 101
2525 101
2530 101
2535 100
2540 100
2545 100
2550 100
2555 100
2560 100
2565 100
2570 100
2575 100
2580 100
2585 100
2590 100
2595 100
2600 97
2605 90
2610 90
2615 90
2620 90
2625 86
2630 86
2635 86
2640 86
2645 86
2650 86
2655 86
2660 86
2665 86
2670 86
2675 84
2680 84
2685 84
2690 84
2695 84
2700 84
2705 84
2710 84
2715 84
2720 84
2725 82
2730 82
2735 82
2740 82
2745 82
2750 82
2755 82
2760 82
2765 81
2770 81
2775 81
2780 78
2785 78
2790 78
2795 78
2800 78
2805 76
2810 73
2815 71
2820 67
2825 67
2830 67
2835 67
2840 67
2845 67
2850 67
2855 67
2860 67
2865 67
2870 47
2875 47
2880 47
2885 47
2890 47
2895 47
2900 47
