0 4634
5 4634
10 4634
15 4634
20 4634
25 4634
30 4634
35 4607
40 4607
45 4607
50 4607
55 4607
60 4607
65 4607
70 4607
75 4607
80 4607
85 4607
90 4607
95 4607
100 4603
105 4603
110 4603
115 4603
120 4603
125 4602
130 4602
135 4602
140 4602
145 4602
150 4602
155 4602
160 4602
165 4602
170 4602
175 4599
180 4599
185 4595
190 4595
195 4595
200 4591
205 4591
210 4591
215 4591
220 4591
225 4591
230 4591
235 4590
240 4590
245 4590
250 4584
255 4583
260 4583
265 4583
270 4583
275 4583
280 4583
285 4583
290 4583
295 4583
300 4583
305 4583
310 4576
315 4576
320 4576
325 4568
330 4567
335 4567
340 4567
345 4566
350 4562
355 4562
360 4562
365 4562
370 4562
375 4559
380 4559
385 4558
390 4553
395 4550
400 4543
405 4543
410 4542
415 4542
420 4542
425 4542
430 4536
435 4536
440 4535
445 4525
450 4522
455 4517
460 4517
465 4516
470 4516
475 4516
480 4516
485 4516
490 4514
495 4509
500 4509
505 4508
510 4508
515 4508
520 4508
525 4498
530 4491
535 4489
540 4487
545 4485
550 4484
555 4480
560 4475
565 4466
570 4453
575 4442
580 4437
585 4427
590 4420
595 4417
600 4417
605 4405
610 4405
615 4398
620 4395
625 4375
630 4370
635 4359
640 4359
645 4354
650 4352
655 4345
660 4341
665 4331
670 4331
675 4330
680 4326
685 4322
690 4322
695 4322
700 4319
705 4285
710 4285
715 4277
720 4272
725 4269
730 4269
735 4254
740 4251
745 4251
750 4251
755 4249
760 4248
765 4233
770 4228
775 4190
780 4184
785 4175
790 4154
795 4153
800 4150
805 4137
810 4137
815 4134
820 4133
825 4131
830 4112
835 4112
840 4112
845 4109
850 4109
855 4096
860 4093
865 4087
870 4087
875 4082
880 4065
885 4064
890 4063
895 4062
900 4061
905 4055
910 4048
915 4048
920 4045
925 4045
930 4044
935 4040
940 4035
945 4030
950 4029
955 4028
960 4028
965 4026
970 4023
975 4004
980 4002
985 4002
990 4000
995 3994
1000 3993
1005 3989
1010 3988
1015 3983
1020 3982
1025 3981
1030 3977
1035 3972
1040 3972
1045 3972
1050 3972
1055 3967
1060 3955
1065 3945
1070 3944
1075 3942
1080 3940
1085 3930
1090 3926
1095 3924
1100 3917
1105 3916
1110 3912
1115 3912
1120 3912
1125 3911
1130 3910
1135 3898
1140 3891
1145 3882
1150 3881
1155 3858
1160 3845
1165 3832
1170 3830
1175 3829
1180 3826
1185 3823
1190 3822
1195 3822
1200 3809
1205 3809
1210 3809
1215 3805
1220 3794
1225 3790
1230 3790
1235 3785
1240 3783
1245 3781
1250 3773
1255 3768
1260 3755
1265 3752
1270 3750
1275 3749
1280 3749
1285 3749
1290 3746
1295 3729
1300 3726
1305 3724
1310 3722
1315 3714
1320 3713
1325 3709
1330 3705
1335 3704
1340 3697
1345 3695
1350 3690
1355 3677
1360 3666
1365 3643
1370 3592
1375 3592
1380 3583
1385 3580
1390 3567
1395 3567
1400 3563
1405 3561
1410 3553
1415 3550
1420 3550
1425 3521
1430 3512
1435 3509
1440 3490
1445 3488
1450 3486
1455 3483
1460 3483
1465 3466
1470 3462
1475 3454
1480 3450
1485 3450
1490 3443
1495 3442
1500 3426
1505 3421
1510 3421
1515 3420
1520 3414
1525 3402
1530 3401
1535 3390
1540 3367
1545 3350
1550 3346
1555 3302
1560 3302
1565 3301
1570 3299
1575 3298
1580 3296
1585 3288
1590 3260
1595 3253
1600 3251
1605 3244
1610 3239
1615 3233
1620 3221
1625 3219
1630 3172
1635 3170
1640 3154
1645 3147
1650 3138
1655 3131
1660 3129
1665 3127
1670 3126
1675 3122
1680 3120
1685 3117
1690 3109
1695 3099
1700 3099
1705 3097
1710 3078
1715 3063
1720 3055
1725 3050
1730 3034
1735 3017
1740 3017
1745 3017
1750 3017
1755 3010
1760 2984
1765 2984
1770 2978
1775 2953
1780 2948
1785 2946
1790 2944
1795 2941
1800 2938
1805 2925
1810 2918
1815 2917
1820 2913
1825 2908
1830 2908
1835 2906
1840 2905
1845 2905
1850 2897
1855 2884
1860 2863
1865 2823
1870 2819
1875 2786
1880 2786
1885 2761
1890 2760
1895 2759
1900 2756
1905 2747
1910 2743
1915 2741
1920 2734
1925 2727
1930 2672
1935 2671
1940 2663
1945 2652
1950 2635
1955 2630
1960 2630
1965 2614
1970 2609
1975 2609
1980 2606
1985 2558
1990 2557
1995 2552
2000 2551
2005 2550
2010 2544
2015 2543
2020 2541
2025 2535
2030 2511
2035 2511
2040 2509
2045 2504
2050 2503
2055 2475
2060 2459
2065 2457
2070 2457
2075 2434
2080 2432
2085 2429
2090 2331
2095 2330
2100 2327
2105 2323
2110 2319
2115 2310
2120 2303
2125 2299
2130 2299
2135 2295
2140 2289
2145 2287
2150 2285
2155 2284
2160 2209
2165 2209
2170 2203
2175 2202
2180 2202
2185 2199
2190 2192
2195 2190
2200 2189
2205 2180
2210 2178
2215 2095
2220 2084
2225 2084
2230 2073
2235 2059
2240 2032
2245 2031
2250 2024
2255 2011
2260 2008
2265 2005
2270 2004
2275 2001
2280 1999
2285 1997
2290 1987
2295 1983
2300 1978
2305 1978
2310 1977
2315 1974
2320 1971
2325 1970
2330 1968
2335 1831
2340 1825
2345 1823
2350 1823
2355 1807
2360 1780
2365 1776
2370 1769
2375 1769
2380 1762
2385 1762
2390 1761
2395 1758
2400 1745
2405 1741
2410 1740
2415 1733
2420 1708
2425 1691
2430 1680
2435 1676
2440 1676
2445 1674
2450 1672
2455 1671
2460 1667
2465 1667
2470 1667
2475 1661
2480 1659
2485 1659
2490 1633
2495 1620
2500 1618
2505 1615
2510 1614
2515 1613
2520 1600
2525 1599
2530 1596
2535 1594
2540 1580
2545 1577
2550 1573
2555 1570
2560 1570
2565 1566
2570 1565
2575 1560
2580 1435
2585 1432
2590 1432
2595 1431
2600 1423
2605 1421
2610 1418
2615 1414
2620 1409
2625 1384
2630 1382
2635 1323
2640 1315
2645 1314
2650 1309
2655 1308
2660 1248
2665 1243
2670 1230
2675 1230
2680 1225
2685 1213
2690 1137
2695 1137
2700 1133
2705 1131
2710 1116
2715 1113
2720 1111
2725 1111
2730 1111
2735 1100
2740 1100
2745 1099
2750 1096
2755 1096
2760 1096
2765 1095
2770 1091
2775 1089
2780 1088
2785 1084
2790 1067
2795 1064
2800 1061
2805 1058
2810 1056
2815 1056
2820 1045
2825 1044
2830 1041
2835 1041
2840 839
2845 839
2850 836
2855 835
2860 834
2865 834
2870 834
2875 834
2880 833
2885 832
2890 831
2895 831
2900 825
2905 824
2910 821
2915 821
2920 820
2925 820
2930 820
2935 819
2940 819
2945 819
2950 819
2955 811
2960 811
2965 811
2970 794
2975 793
2980 793
2985 793
2990 792
2995 790
3000 784
3005 784
3010 779
3015 779
3020 777
3025 775
3030 773
3035 773
3040 772
3045 756
3050 756
3055 756
3060 755
3065 754
3070 749
3075 733
3080 712
3085 711
3090 707
3095 686
3100 684
3105 684
3110 682
3115 682
3120 682
3125 681
3130 681
3135 670
3140 670
3145 667
3150 653
3155 653
3160 650
3165 647
3170 646
3175 646
3180 643
3185 643
3190 643
3195 643
3200 640
3205 625
3210 625
3215 625
3220 625
3225 614
3230 600
3235 599
3240 599
3245 599
3250 599
3255 598
3260 598
3265 595
3270 594
3275 587
3280 587
3285 585
3290 583
3295 568
3300 568
3305 567
3310 567
3315 567
3320 567
3325 566
3330 566
3335 566
3340 566
3345 566
3350 565
3355 565
3360 564
3365 557
3370 552
3375 552
3380 552
3385 552
3390 552
3395 546
3400 546
3405 527
3410 526
3415 525
3420 524
3425 524
3430 524
3435 498
3440 498
3445 477
3450 444
3455 444
3460 444
3465 444
3470 444
3475 444
3480 411
3485 403
3490 403
3495 401
3500 401
3505 398
3510 397
3515 397
3520 397
3525 384
3530 376
3535 374
3540 374
3545 372
3550 372
3555 371
3560 371
3565 371
3570 371
3575 369
3580 369
3585 369
3590 369
3595 369
3600 350
3605 349
3610 344
3615 344
3620 343
3625 342
3630 340
3635 339
3640 335
3645 335
3650 335
3655 334
3660 333
3665 333
3670 332
3675 329
3680 326
3685 321
3690 321
3695 321
3700 321
3705 321
3710 321
3715 321
3720 319
3725 319
3730 319
3735 319
3740 319
3745 318
3750 317
3755 317
3760 316
3765 316
3770 316
3775 316
3780 311
3785 311
3790 311
3795 299
3800 265
3805 259
3810 258
3815 258
3820 257
3825 248
3830 230
3835 230
3840 230
3845 230
3850 230
3855 230
3860 229
3865 228
3870 228
3875 228
3880 227
3885 226
3890 226
3895 225
3900 225
3905 225
3910 148
3915 145
3920 145
3925 145
3930 145
3935 145
3940 145
3945 142
3950 142
3955 142
3960 141
3965 138
3970 138
3975 138
3980 138
3985 138
3990 138
3995 133
4000 83
4005 83
4010 83
4015 81
4020 78
4025 78
4030 78
4035 78
4040 78
4045 78
4050 77
4055 69
4060 69
4065 69
4070 69
4075 69
4080 69
4085 69
4090 69
4095 66
4100 66
4105 66
4110 63
4115 63
4120 63
4125 63
4130 63
4135 63
4140 63
4145 63
4150 62
4155 62
4160 62
4165 62
4170 62
4175 62
4180 62
4185 62
4190 62
4195 62
4200 62
4205 62
4210 62
4215 62
4220 62
4225 58
4230 58
4235 58
4240 55
4245 55
4250 55
4255 55
4260 55
4265 55
4270 55
4275 55
4280 55
4285 55
4290 55
4295 55
4300 55
4305 55
4310 55
4315 55
4320 55
4325 55
4330 54
4335 54
4340 54
4345 54
4350 54
4355 54
4360 54
4365 54
4370 54
4375 54
4380 54
4385 54
4390 54
4395 54
4400 54
4405 54
4410 54
4415 54
4420 54
4425 54
4430 54
4435 30
4440 30
4445 30
4450 30
4455 30
4460 30
4465 30
4470 30
4475 30
4480 30
4485 30
4490 30
4495 30
4500 30
4505 30
4510 30
4515 30
4520 30
4525 30
4530 30
4535 30
4540 30
4545 30
4550 30
4555 30
4560 30
4565 30
4570 30
4575 30
4580 30
4585 30
4590 30
4595 30
4600 30
4605 30
4610 30
4615 30
4620 28
4625 28
4630 28
4635 28
4640 28
4645 28
4650 28
4655 28
4660 28
4665 28
4670 28
4675 28
4680 28
4685 28
4690 28
4695 28
4700 28
4705 28
4710 28
4715 28
4720 28
4725 28
4730 28
4735 28
4740 27
4745 27
4750 27
4755 27
4760 27
4765 27
4770 27
4775 27
4780 27
4785 27
4790 27
4795 27
4800 27
4805 27
4810 27
4815 27
4820 25
4825 25
4830 25
4835 25
4840 25
4845 25
4850 25
4855 25
4860 25
4865 25
4870 25
4875 25
4880 25
4885 25
4890 25
4895 25
4900 23
4905 23
4910 23
4915 22
4920 22
4925 22
4930 22
4935 22
4940 22
4945 22
4950 22
4955 18
4960 18
4965 18
4970 18
4975 18
4980 18
4985 18
4990 18
4995 18
5000 18
5005 18
5010 18
5015 18
5020 18
5025 18
5030 18
5035 18
5040 18
5045 18
5050 18
5055 18
5060 18
5065 18
5070 18
5075 18
5080 18
5085 18
5090 18
5095 15
5100 15
5105 14
5110 14
5115 14
5120 14
5125 14
5130 14
5135 14
5140 14
5145 14
5150 14
5155 14
5160 14
5165 14
5170 11
5175 11
5180 11
5185 11
5190 11
5195 11
5200 11
5205 11
5210 11
5215 11
5220 11
5225 11
5230 11
5235 11
5240 11
5245 11
5250 11
5255 11
5260 11
5265 11
5270 11
5275 11
5280 11
5285 11
5290 11
5295 11
5300 11
5305 11
5310 11
5315 11
5320 11
5325 11
5330 11
5335 11
5340 11
5345 11
5350 11
5355 11
5360 11
5365 11
5370 9
5375 9
5380 9
5385 8
5390 8
5395 8
5400 8
5405 8
5410 8
5415 8
5420 8
5425 8
5430 8
5435 8
5440 8
5445 8
5450 8
5455 8
5460 8
5465 8
5470 8
5475 8
5480 8
5485 8
5490 8
5495 8
5500 8
5505 8
5510 8
5515 8
5520 8
5525 8
5530 8
5535 8
5540 8
5545 8
5550 8
5555 8
5560 8
5565 8
5570 8
5575 8
5580 8
5585 8
5590 8
5595 8
5600 8
5605 8
5610 8
5615 8
5620 8
5625 8
5630 8
5635 8
5640 8
5645 8
5650 7
5655 7
5660 7
5665 7
5670 7
5675 7
5680 7
5685 7
5690 7
5695 7
5700 7
5705 7
5710 7
5715 6
5720 6
5725 6
5730 6
5735 6
5740 6
5745 6
5750 6
5755 6
5760 6
5765 6
5770 6
5775 6
5780 6
5785 6
5790 6
5795 6
5800 6
5805 6
5810 6
5815 6
5820 6
5825 6
5830 6
5835 6
5840 6
5845 6
5850 5
5855 5
5860 5
5865 5
5870 5
5875 5
5880 5
5885 5
5890 5
5895 5
5900 5
5905 5
5910 5
5915 5
5920 5
5925 5
5930 5
5935 5
5940 5
5945 5
5950 5
5955 5
5960 5
5965 5
5970 5
5975 5
5980 5
5985 5
5990 5
5995 5
6000 4
6005 4
6010 4
6015 4
6020 4
6025 4
6030 4
6035 4
6040 4
6045 4
6050 4
6055 4
6060 4
6065 4
6070 4
6075 4
6080 4
6085 4
6090 4
6095 4
6100 4
6105 4
6110 4
6115 4
6120 4
6125 4
6130 4
6135 4
6140 4
6145 3
6150 3
6155 3
6160 3
6165 3
6170 3
6175 3
6180 3
6185 3
6190 3
6195 3
6200 3
6205 3
6210 3
6215 3
6220 3
6225 3
6230 3
6235 3
6240 3
6245 3
6250 2
6255 2
6260 2
6265 2
6270 2
6275 2
6280 2
6285 1
