0 4634
5 4634
10 4634
15 4634
20 4634
25 4634
30 4634
35 4634
40 4632
45 4632
50 4632
55 4632
60 4632
65 4632
70 4632
75 4632
80 4632
85 4632
90 4632
95 4632
100 4631
105 4626
110 4626
115 4626
120 4626
125 4626
130 4626
135 4625
140 4625
145 4625
150 4624
155 4624
160 4624
165 4624
170 4622
175 4622
180 4622
185 4622
190 4618
195 4618
200 4618
205 4618
210 4618
215 4618
220 4616
225 4616
230 4616
235 4616
240 4616
245 4610
250 4610
255 4610
260 4600
265 4600
270 4592
275 4592
280 4592
285 4592
290 4578
295 4578
300 4576
305 4576
310 4576
315 4575
320 4575
325 4575
330 4572
335 4570
340 4567
345 4567
350 4567
355 4566
360 4566
365 4563
370 4559
375 4555
380 4555
385 4555
390 4543
395 4542
400 4542
405 4540
410 4536
415 4536
420 4536
425 4535
430 4533
435 4532
440 4530
445 4529
450 4525
455 4521
460 4521
465 4518
470 4514
475 4513
480 4509
485 4509
490 4504
495 4497
500 4497
505 4493
510 4490
515 4488
520 4488
525 4487
530 4486
535 4486
540 4486
545 4483
550 4482
555 4482
560 4469
565 4469
570 4469
575 4464
580 4464
585 4461
590 4458
595 4457
600 4454
605 4454
610 4454
615 4453
620 4453
625 4442
630 4441
635 4435
640 4432
645 4427
650 4422
655 4419
660 4402
665 4399
670 4394
675 4391
680 4387
685 4387
690 4385
695 4377
700 4374
705 4371
710 4367
715 4367
720 4364
725 4354
730 4353
735 4352
740 4350
745 4344
750 4341
755 4341
760 4341
765 4331
770 4323
775 4323
780 4323
785 4321
790 4316
795 4316
800 4313
805 4313
810 4312
815 4304
820 4302
825 4302
830 4297
835 4297
840 4294
845 4287
850 4285
855 4285
860 4285
865 4285
870 4279
875 4279
880 4270
885 4269
890 4269
895 4269
900 4268
905 4259
910 4247
915 4242
920 4237
925 4227
930 4226
935 4225
940 4214
945 4193
950 4190
955 4189
960 4178
965 4177
970 4168
975 4168
980 4165
985 4164
990 4156
995 4156
1000 4154
1005 4151
1010 4148
1015 4140
1020 4137
1025 4134
1030 4130
1035 4130
1040 4126
1045 4123
1050 4123
1055 4119
1060 4106
1065 4104
1070 4101
1075 4096
1080 4096
1085 4091
1090 4091
1095 4088
1100 4083
1105 4076
1110 4071
1115 4063
1120 4055
1125 4055
1130 4039
1135 4034
1140 4031
1145 4019
1150 4016
1155 4016
1160 4014
1165 4010
1170 4009
1175 3992
1180 3983
1185 3975
1190 3975
1195 3961
1200 3959
1205 3957
1210 3947
1215 3947
1220 3945
1225 3945
1230 3942
1235 3939
1240 3928
1245 3922
1250 3920
1255 3920
1260 3919
1265 3919
1270 3919
1275 3889
1280 3886
1285 3872
1290 3867
1295 3862
1300 3858
1305 3850
1310 3840
1315 3797
1320 3797
1325 3795
1330 3780
1335 3780
1340 3734
1345 3731
1350 3726
1355 3720
1360 3714
1365 3709
1370 3709
1375 3708
1380 3708
1385 3706
1390 3706
1395 3706
1400 3697
1405 3686
1410 3686
1415 3666
1420 3659
1425 3656
1430 3655
1435 3654
1440 3651
1445 3650
1450 3643
1455 3636
1460 3633
1465 3627
1470 3616
1475 3612
1480 3612
1485 3594
1490 3593
1495 3592
1500 3591
1505 3581
1510 3580
1515 3557
1520 3553
1525 3540
1530 3536
1535 3481
1540 3433
1545 3430
1550 3430
1555 3421
1560 3417
1565 3412
1570 3410
1575 3407
1580 3407
1585 3392
1590 3387
1595 3383
1600 3367
1605 3348
1610 3341
1615 3339
1620 3328
1625 3324
1630 3309
1635 3303
1640 3296
1645 3295
1650 3294
1655 3293
1660 3263
1665 3248
1670 3241
1675 3238
1680 3236
1685 3232
1690 3223
1695 3221
1700 3210
1705 3206
1710 3205
1715 3173
1720 3168
1725 3165
1730 3165
1735 3164
1740 3161
1745 3160
1750 3158
1755 3151
1760 3146
1765 3139
1770 3131
1775 3128
1780 3118
1785 3108
1790 3103
1795 3102
1800 3101
1805 3097
1810 3096
1815 3091
1820 3067
1825 3063
1830 3050
1835 3044
1840 3043
1845 3032
1850 3029
1855 3029
1860 3026
1865 2997
1870 2978
1875 2972
1880 2971
1885 2971
1890 2971
1895 2945
1900 2938
1905 2936
1910 2929
1915 2922
1920 2917
1925 2886
1930 2875
1935 2867
1940 2867
1945 2865
1950 2859
1955 2850
1960 2846
1965 2820
1970 2818
1975 2817
1980 2808
1985 2803
1990 2757
1995 2754
2000 2710
2005 2699
2010 2694
2015 2694
2020 2692
2025 2691
2030 2688
2035 2683
2040 2681
2045 2675
2050 2675
2055 2670
2060 2664
2065 2645
2070 2643
2075 2638
2080 2634
2085 2629
2090 2624
2095 2622
2100 2617
2105 2606
2110 2602
2115 2591
2120 2587
2125 2580
2130 2550
2135 2548
2140 2489
2145 2474
2150 2472
2155 2471
2160 2471
2165 2437
2170 2426
2175 2424
2180 2421
2185 2420
2190 2418
2195 2415
2200 2415
2205 2408
2210 2407
2215 2400
2220 2397
2225 2392
2230 2336
2235 2328
2240 2327
2245 2313
2250 2290
2255 2277
2260 2272
2265 2270
2270 2266
2275 2263
2280 2251
2285 2247
2290 2242
2295 2225
2300 2113
2305 2108
2310 2105
2315 2085
2320 2084
2325 2082
2330 2079
2335 2076
2340 2074
2345 2067
2350 2061
2355 2054
2360 2043
2365 2035
2370 2022
2375 2018
2380 2012
2385 2006
2390 2001
2395 1996
2400 1995
2405 1991
2410 1968
2415 1968
2420 1959
2425 1959
2430 1892
2435 1788
2440 1787
2445 1777
2450 1777
2455 1777
2460 1772
2465 1761
2470 1760
2475 1755
2480 1751
2485 1750
2490 1746
2495 1740
2500 1692
2505 1691
2510 1685
2515 1683
2520 1679
2525 1678
2530 1675
2535 1673
2540 1670
2545 1669
2550 1666
2555 1646
2560 1643
2565 1633
2570 1622
2575 1622
2580 1618
2585 1463
2590 1460
2595 1458
2600 1445
2605 1442
2610 1441
2615 1425
2620 1424
2625 1424
2630 1410
2635 1410
2640 1410
2645 1409
2650 1409
2655 1407
2660 1366
2665 1364
2670 1363
2675 1362
2680 1362
2685 1316
2690 1311
2695 1311
2700 1310
2705 1304
2710 1272
2715 1272
2720 1272
2725 1265
2730 1262
2735 1260
2740 1260
2745 1249
2750 1246
2755 1240
2760 1238
2765 1237
2770 1228
2775 1215
2780 1213
2785 1186
2790 1171
2795 1166
2800 1164
2805 1163
2810 1162
2815 1161
2820 1161
2825 1148
2830 1148
2835 1147
2840 1133
2845 1132
2850 1122
2855 1121
2860 1121
2865 1117
2870 1116
2875 1113
2880 1111
2885 1110
2890 1109
2895 1107
2900 1100
2905 1100
2910 1097
2915 1072
2920 1071
2925 1071
2930 1052
2935 1041
2940 1032
2945 1030
2950 1025
2955 1017
2960 1017
2965 1013
2970 1013
2975 1013
2980 1012
2985 1011
2990 1008
2995 1008
3000 1006
3005 1006
3010 1005
3015 986
3020 982
3025 980
3030 979
3035 978
3040 846
3045 846
3050 845
3055 840
3060 839
3065 777
3070 775
3075 768
3080 768
3085 753
3090 753
3095 753
3100 753
3105 663
3110 657
3115 656
3120 656
3125 656
3130 655
3135 650
3140 650
3145 650
3150 650
3155 650
3160 648
3165 646
3170 645
3175 645
3180 628
3185 628
3190 627
3195 626
3200 626
3205 625
3210 625
3215 622
3220 622
3225 621
3230 620
3235 617
3240 617
3245 617
3250 617
3255 616
3260 615
3265 615
3270 558
3275 553
3280 553
3285 541
3290 541
3295 540
3300 535
3305 535
3310 535
3315 535
3320 529
3325 529
3330 526
3335 521
3340 520
3345 514
3350 514
3355 514
3360 512
3365 497
3370 497
3375 496
3380 496
3385 495
3390 485
3395 485
3400 485
3405 484
3410 475
3415 475
3420 469
3425 468
3430 468
3435 468
3440 468
3445 468
3450 468
3455 466
3460 447
3465 447
3470 445
3475 445
3480 442
3485 442
3490 442
3495 438
3500 438
3505 438
3510 427
3515 427
3520 427
3525 427
3530 427
3535 420
3540 418
3545 418
3550 418
3555 413
3560 413
3565 409
3570 409
3575 409
3580 409
3585 408
3590 406
3595 405
3600 405
3605 403
3610 398
3615 398
3620 397
3625 397
3630 397
3635 391
3640 389
3645 389
3650 385
3655 385
3660 385
3665 385
3670 384
3675 384
3680 384
3685 384
3690 382
3695 352
3700 347
3705 347
3710 347
3715 347
3720 340
3725 340
3730 337
3735 337
3740 337
3745 333
3750 331
3755 329
3760 322
3765 318
3770 172
3775 172
3780 165
3785 165
3790 165
3795 165
3800 165
3805 165
3810 165
3815 165
3820 165
3825 165
3830 164
3835 164
3840 164
3845 163
3850 163
3855 163
3860 163
3865 163
3870 163
3875 163
3880 163
3885 160
3890 160
3895 160
3900 160
3905 156
3910 131
3915 131
3920 131
3925 124
3930 121
3935 121
3940 121
3945 121
3950 121
3955 121
3960 121
3965 121
3970 121
3975 120
3980 120
3985 117
3990 117
3995 117
4000 117
4005 109
4010 109
4015 109
4020 109
4025 109
4030 109
4035 109
4040 108
4045 108
4050 108
4055 108
4060 108
4065 108
4070 108
4075 96
4080 96
4085 96
4090 96
4095 96
4100 96
4105 96
4110 96
4115 95
4120 92
4125 92
4130 91
4135 91
4140 91
4145 90
4150 90
4155 90
4160 90
4165 90
4170 90
4175 90
4180 90
4185 90
4190 90
4195 90
4200 90
4205 89
4210 89
4215 89
4220 89
4225 89
4230 87
4235 87
4240 87
4245 87
4250 84
4255 82
4260 80
4265 80
4270 80
4275 80
4280 80
4285 80
4290 80
4295 80
4300 80
4305 79
4310 79
4315 79
4320 79
4325 79
4330 79
4335 79
4340 79
4345 79
4350 79
4355 79
4360 79
4365 73
4370 73
4375 71
4380 71
4385 71
4390 71
4395 71
4400 71
4405 71
4410 64
4415 64
4420 64
4425 64
4430 64
4435 64
4440 63
4445 63
4450 63
4455 63
4460 63
4465 63
4470 63
4475 62
4480 62
4485 35
4490 35
4495 35
4500 35
4505 35
4510 33
4515 33
4520 33
4525 33
4530 33
4535 27
4540 27
4545 27
4550 27
4555 27
4560 27
4565 27
4570 27
4575 27
4580 27
4585 27
4590 27
4595 27
4600 27
4605 27
4610 27
4615 27
4620 27
4625 27
4630 27
4635 27
4640 27
4645 27
4650 27
4655 27
4660 27
4665 27
4670 27
4675 27
4680 27
4685 27
4690 27
4695 27
4700 27
4705 27
4710 27
4715 27
4720 27
4725 27
4730 26
4735 26
4740 26
4745 26
4750 26
4755 26
4760 26
4765 26
4770 26
4775 26
4780 26
4785 26
4790 26
4795 26
4800 26
4805 26
4810 26
4815 26
4820 26
4825 26
4830 26
4835 26
4840 26
4845 26
4850 26
4855 26
4860 26
4865 26
4870 26
4875 26
4880 26
4885 26
4890 26
4895 25
4900 24
4905 24
4910 24
4915 24
4920 24
4925 24
4930 24
4935 24
4940 24
4945 24
4950 24
4955 24
4960 24
4965 24
4970 24
4975 24
4980 24
4985 24
4990 24
4995 24
5000 24
5005 24
5010 24
5015 24
5020 24
5025 24
5030 24
5035 24
5040 24
5045 24
5050 24
5055 24
5060 24
5065 24
5070 24
5075 24
5080 24
5085 24
5090 24
5095 24
5100 24
5105 24
5110 24
5115 24
5120 24
5125 24
5130 24
5135 24
5140 24
5145 24
5150 24
5155 24
5160 24
5165 24
5170 24
5175 24
5180 24
5185 24
5190 24
5195 24
5200 24
5205 24
5210 24
5215 24
5220 24
5225 24
5230 24
5235 24
5240 24
5245 24
5250 24
5255 19
5260 19
5265 19
5270 19
5275 19
5280 19
5285 19
5290 19
5295 19
5300 19
5305 19
5310 19
5315 19
5320 19
5325 19
5330 19
5335 19
5340 19
5345 19
5350 19
5355 9
5360 9
5365 9
5370 9
5375 9
5380 9
5385 9
5390 9
5395 9
5400 9
5405 9
5410 9
5415 9
5420 9
5425 9
5430 8
5435 8
5440 8
5445 8
5450 8
5455 8
5460 8
5465 8
5470 8
5475 8
5480 8
5485 8
5490 7
5495 7
5500 7
5505 7
5510 7
5515 7
5520 7
5525 7
5530 7
5535 7
5540 7
5545 7
5550 7
5555 7
5560 7
5565 7
5570 7
5575 7
5580 7
5585 7
5590 7
5595 7
5600 7
5605 7
5610 7
5615 7
5620 7
5625 7
5630 7
5635 7
5640 7
5645 7
5650 7
5655 7
5660 7
5665 7
5670 7
5675 6
5680 6
5685 6
5690 6
5695 6
5700 6
5705 6
5710 6
5715 6
5720 6
5725 6
5730 6
5735 6
5740 6
5745 6
5750 6
5755 6
5760 6
5765 6
5770 6
5775 6
5780 6
5785 6
5790 6
5795 6
5800 6
5805 6
5810 6
5815 6
5820 6
5825 6
5830 6
5835 6
5840 6
5845 6
5850 6
5855 6
5860 6
5865 6
5870 6
5875 6
5880 6
5885 6
5890 6
5895 6
5900 6
5905 6
5910 6
5915 6
5920 6
5925 6
5930 6
5935 6
5940 6
5945 6
5950 6
5955 6
5960 6
5965 6
5970 4
5975 4
5980 4
5985 4
5990 4
5995 4
6000 4
6005 4
6010 4
6015 4
6020 3
6025 3
6030 3
6035 3
6040 3
6045 3
6050 3
6055 3
6060 3
6065 3
6070 3
6075 3
6080 3
6085 3
6090 3
6095 3
6100 3
6105 3
6110 3
6115 3
6120 3
6125 3
6130 3
6135 3
6140 3
6145 3
6150 3
6155 3
6160 3
6165 3
6170 3
6175 3
6180 2
6185 2
6190 2
6195 2
6200 2
6205 2
6210 2
6215 2
6220 2
6225 2
6230 2
6235 2
6240 2
6245 2
6250 2
6255 2
6260 2
6265 2
6270 2
6275 2
6280 2
6285 1
