0 4634
5 4627
10 4613
15 4606
20 4598
25 4593
30 4588
35 4582
40 4575
45 4570
50 4565
55 4560
60 4551
65 4545
70 4539
75 4534
80 4528
85 4523
90 4518
95 4512
100 4503
105 4498
110 4491
115 4485
120 4480
125 4473
130 4468
135 4463
140 4454
145 4447
150 4439
155 4433
160 4428
165 4423
170 4418
175 4412
180 4405
185 4400
190 4394
195 4389
200 4384
205 4378
210 4372
215 4367
220 4360
225 4355
230 4343
235 4336
240 4316
245 4311
250 4299
255 4284
260 4278
265 4271
270 4264
275 4258
280 4254
285 4244
290 4239
295 4235
300 4230
305 4222
310 4212
315 4207
320 4196
325 4183
330 4173
335 4165
340 4155
345 4149
350 4128
355 4118
360 4112
365 4105
370 4100
375 4095
380 4090
385 4080
390 4074
395 4052
400 4045
405 4041
410 4033
415 4020
420 4014
425 4010
430 4000
435 3994
440 3988
445 3982
450 3972
455 3967
460 3961
465 3952
470 3946
475 3921
480 3910
485 3907
490 3902
495 3897
500 3887
505 3871
510 3865
515 3860
520 3854
525 3842
530 3837
535 3830
540 3822
545 3813
550 3806
555 3800
560 3795
565 3789
570 3784
575 3775
580 3770
585 3757
590 3754
595 3749
600 3745
605 3741
610 3736
615 3730
620 3722
625 3717
630 3712
635 3709
640 3706
645 3694
650 3688
655 3682
660 3676
665 3671
670 3664
675 3655
680 3643
685 3627
690 3619
695 3613
700 3605
705 3595
710 3580
715 3573
720 3563
725 3554
730 3548
735 3543
740 3538
745 3530
750 3525
755 3519
760 3513
765 3507
770 3501
775 3485
780 3453
785 3448
790 3443
795 3437
800 3432
805 3427
810 3421
815 3414
820 3401
825 3389
830 3384
835 3379
840 3371
845 3365
850 3355
855 3342
860 3337
865 3323
870 3317
875 3311
880 3303
885 3294
890 3287
895 3280
900 3274
905 3265
910 3225
915 3216
920 3213
925 3205
930 3204
935 3196
940 3191
945 3147
950 3147
955 3147
960 3147
965 3125
970 3119
975 3112
980 3092
985 3087
990 3060
995 3047
1000 3042
1005 3032
1010 3027
1015 3021
1020 2752
1025 2747
1030 2729
1035 2724
1040 2715
1045 2711
1050 2701
1055 2688
1060 2684
1065 2678
1070 2672
1075 2665
1080 2588
1085 2582
1090 2542
1095 2537
1100 2530
1105 2512
1110 2484
1115 2484
1120 2463
1125 2455
1130 2452
1135 2445
1140 2439
1145 2429
1150 2424
1155 2416
1160 2407
1165 2390
1170 2382
1175 2380
1180 2380
1185 2380
1190 2375
1195 2370
1200 2358
1205 2351
1210 2347
1215 2332
1220 2330
1225 2323
1230 2306
1235 2176
1240 2170
1245 2133
1250 2126
1255 2121
1260 2113
1265 2099
1270 2094
1275 2073
1280 2063
1285 2057
1290 2028
1295 2013
1300 2006
1305 1993
1310 1980
1315 1980
1320 1968
1325 1963
1330 1958
1335 1948
1340 1937
1345 1932
1350 1925
1355 1918
1360 1901
1365 1893
1370 1885
1375 1882
1380 1878
1385 1878
1390 1129
1395 1122
1400 1111
1405 1106
1410 1098
1415 1091
1420 1084
1425 1079
1430 1073
1435 1066
1440 1065
1445 910
1450 910
1455 909
1460 902
1465 883
1470 883
1475 883
1480 883
1485 883
1490 883
1495 883
1500 872
1505 870
1510 868
1515 868
1520 868
1525 868
1530 868
1535 868
1540 868
1545 867
1550 800
1555 797
1560 797
1565 791
1570 785
1575 769
1580 769
1585 768
1590 765
1595 689
1600 661
1605 657
1610 638
1615 638
1620 638
1625 638
1630 638
1635 638
1640 637
1645 628
1650 599
1655 599
1660 591
1665 584
1670 579
1675 560
1680 558
1685 549
1690 545
1695 545
1700 544
1705 544
1710 541
1715 536
1720 536
1725 536
1730 536
1735 536
1740 518
1745 471
1750 432
1755 383
1760 383
1765 383
1770 383
1775 383
1780 383
1785 383
1790 383
1795 383
1800 383
1805 383
1810 383
1815 383
1820 383
1825 383
1830 383
1835 383
1840 383
1845 383
1850 383
1855 383
1860 373
1865 373
1870 373
1875 373
1880 373
1885 373
1890 373
1895 373
1900 373
1905 371
1910 371
1915 371
1920 371
1925 371
1930 371
1935 371
1940 371
1945 366
1950 366
1955 366
1960 353
1965 353
1970 353
1975 353
1980 353
1985 353
1990 353
1995 353
2000 353
2005 353
2010 353
2015 352
2020 352
2025 344
2030 288
2035 288
2040 288
2045 287
2050 287
2055 285
2060 285
2065 285
2070 285
2075 285
2080 285
2085 285
2090 285
2095 279
2100 279
2105 279
2110 279
2115 262
2120 262
2125 262
2130 262
2135 262
2140 262
2145 262
2150 262
2155 242
2160 242
2165 242
2170 242
2175 242
2180 242
2185 242
2190 242
2195 234
2200 234
2205 234
2210 234
2215 234
2220 234
2225 223
2230 223
2235 223
2240 223
2245 223
2250 223
2255 223
2260 223
2265 223
2270 223
2275 222
2280 220
2285 219
2290 219
2295 219
2300 219
2305 219
2310 219
2315 219
2320 219
2325 210
2330 209
2335 204
2340 138
2345 138
2350 138
2355 138
2360 138
2365 138
2370 84
2375 84
2380 84
2385 70
2390 70
2395 70
2400 70
2405 70
2410 70
2415 70
2420 70
2425 70
2430 70
2435 70
2440 70
2445 70
2450 70
2455 70
2460 70
2465 70
2470 70
2475 70
2480 70
2485 70
2490 70
2495 70
2500 70
2505 70
2510 70
2515 70
2520 70
2525 70
2530 70
2535 70
2540 70
2545 69
2550 69
2555 69
2560 69
2565 69
2570 69
2575 69
2580 69
2585 69
2590 69
2595 69
2600 69
2605 69
2610 69
2615 69
2620 69
2625 69
2630 69
2635 69
2640 69
2645 69
2650 69
2655 69
2660 69
2665 69
2670 69
2675 66
2680 66
2685 66
2690 66
2695 66
2700 64
2705 32
2710 32
2715 32
2720 32
2725 32
2730 32
2735 32
2740 32
2745 32
2750 32
2755 32
2760 32
2765 31
2770 28
2775 28
2780 28
2785 28
2790 28
2795 28
2800 28
2805 28
2810 28
2815 28
2820 28
2825 28
2830 28
2835 28
2840 28
2845 28
2850 28
2855 28
2860 28
2865 28
2870 28
2875 28
2880 28
