0 4634
5 4627
10 4610
15 4605
20 4599
25 4593
30 4588
35 4583
40 4577
45 4572
50 4565
55 4558
60 4551
65 4543
70 4538
75 4533
80 4528
85 4520
90 4510
95 4505
100 4500
105 4495
110 4490
115 4485
120 4480
125 4474
130 4469
135 4464
140 4459
145 4452
150 4446
155 4439
160 4434
165 4428
170 4421
175 4414
180 4407
185 4402
190 4396
195 4389
200 4382
205 4375
210 4369
215 4362
220 4357
225 4350
230 4345
235 4338
240 4323
245 4317
250 4299
255 4293
260 4270
265 4252
270 4246
275 4235
280 4223
285 4216
290 4210
295 4204
300 4199
305 4193
310 4188
315 4183
320 4176
325 4171
330 4163
335 4154
340 4148
345 4129
350 4122
355 4076
360 4063
365 4057
370 4052
375 4048
380 4040
385 4030
390 4025
395 4012
400 4009
405 3997
410 3986
415 3978
420 3971
425 3965
430 3957
435 3952
440 3945
445 3939
450 3934
455 3923
460 3911
465 3900
470 3860
475 3852
480 3845
485 3840
490 3836
495 3829
500 3821
505 3807
510 3803
515 3798
520 3791
525 3782
530 3777
535 3772
540 3767
545 3760
550 3750
555 3743
560 3736
565 3728
570 3723
575 3718
580 3704
585 3704
590 3700
595 3695
600 3687
605 3684
610 3677
615 3671
620 3666
625 3660
630 3653
635 3653
640 3644
645 3637
650 3631
655 3623
660 3617
665 3606
670 3598
675 3586
680 3581
685 3563
690 3561
695 3555
700 3550
705 3542
710 3532
715 3526
720 3520
725 3515
730 3460
735 3454
740 3448
745 3439
750 3433
755 3427
760 3421
765 3412
770 3409
775 3401
780 3396
785 3391
790 3382
795 3373
800 3367
805 3360
810 3360
815 3360
820 3360
825 3360
830 3357
835 3346
840 3333
845 3327
850 3317
855 3310
860 3302
865 3291
870 3280
875 3273
880 3267
885 3244
890 3229
895 3221
900 3218
905 3212
910 3199
915 3192
920 3186
925 3183
930 3161
935 3158
940 3153
945 3096
950 3096
955 3096
960 3096
965 3095
970 3086
975 3079
980 3074
985 3044
990 3038
995 3034
1000 3026
1005 3021
1010 3012
1015 3003
1020 2994
1025 2986
1030 2972
1035 2969
1040 2944
1045 2939
1050 2933
1055 2923
1060 2900
1065 2895
1070 2890
1075 2872
1080 2866
1085 2858
1090 2854
1095 2846
1100 2839
1105 2825
1110 2813
1115 2803
1120 2775
1125 2770
1130 2770
1135 2750
1140 2745
1145 2737
1150 2729
1155 2720
1160 2716
1165 2708
1170 2702
1175 2687
1180 2669
1185 2662
1190 2652
1195 2640
1200 2633
1205 2609
1210 2604
1215 2599
1220 2585
1225 2582
1230 2574
1235 2566
1240 2564
1245 2534
1250 2526
1255 2516
1260 2493
1265 2488
1270 2484
1275 2477
1280 2471
1285 2463
1290 2453
1295 2445
1300 2424
1305 2385
1310 2378
1315 2365
1320 2347
1325 2341
1330 2331
1335 2318
1340 2311
1345 1955
1350 1951
1355 1944
1360 1939
1365 1933
1370 1928
1375 1922
1380 1859
1385 1859
1390 1852
1395 1468
1400 1468
1405 1461
1410 1460
1415 1460
1420 1440
1425 1433
1430 1431
1435 1129
1440 1129
1445 1115
1450 1107
1455 1095
1460 1088
1465 1088
1470 1085
1475 814
1480 728
1485 728
1490 728
1495 728
1500 728
1505 728
1510 728
1515 728
1520 728
1525 721
1530 721
1535 720
1540 697
1545 689
1550 683
1555 675
1560 669
1565 665
1570 665
1575 665
1580 665
1585 665
1590 665
1595 665
1600 665
1605 665
1610 665
1615 665
1620 665
1625 665
1630 665
1635 645
1640 645
1645 645
1650 645
1655 645
1660 645
1665 638
1670 624
1675 616
1680 607
1685 607
1690 607
1695 594
1700 571
1705 570
1710 570
1715 570
1720 570
1725 521
1730 521
1735 521
1740 521
1745 521
1750 519
1755 507
1760 430
1765 427
1770 427
1775 427
1780 427
1785 427
1790 427
1795 427
1800 427
1805 427
1810 427
1815 427
1820 427
1825 427
1830 427
1835 427
1840 427
1845 427
1850 427
1855 427
1860 427
1865 427
1870 427
1875 427
1880 427
1885 424
1890 405
1895 405
1900 405
1905 405
1910 405
1915 377
1920 372
1925 371
1930 371
1935 371
1940 371
1945 371
1950 371
1955 371
1960 371
1965 371
1970 371
1975 371
1980 360
1985 359
1990 359
1995 359
2000 356
2005 344
2010 344
2015 342
2020 321
2025 321
2030 321
2035 321
2040 321
2045 321
2050 321
2055 321
2060 321
2065 320
2070 320
2075 319
2080 318
2085 315
2090 272
2095 272
2100 272
2105 271
2110 269
2115 269
2120 269
2125 269
2130 269
2135 269
2140 269
2145 266
2150 266
2155 266
2160 266
2165 266
2170 265
2175 265
2180 265
2185 265
2190 265
2195 265
2200 265
2205 265
2210 237
2215 236
2220 236
2225 236
2230 236
2235 236
2240 236
2245 236
2250 236
2255 227
2260 227
2265 227
2270 227
2275 227
2280 227
2285 227
2290 227
2295 227
2300 227
2305 227
2310 227
2315 227
2320 227
2325 227
2330 226
2335 226
2340 226
2345 226
2350 226
2355 226
2360 226
2365 226
2370 226
2375 222
2380 173
2385 173
2390 173
2395 173
2400 173
2405 173
2410 173
2415 172
2420 172
2425 171
2430 171
2435 121
2440 119
2445 115
2450 114
2455 113
2460 113
2465 112
2470 112
2475 98
2480 96
2485 96
2490 96
2495 96
2500 96
2505 96
2510 96
2515 96
2520 81
2525 81
2530 81
2535 81
2540 81
2545 81
2550 81
2555 81
2560 81
2565 81
2570 81
2575 81
2580 81
2585 81
2590 81
2595 81
2600 81
2605 81
2610 81
2615 81
2620 81
2625 81
2630 81
2635 81
2640 78
2645 71
2650 71
2655 71
2660 71
2665 71
2670 71
2675 71
2680 71
2685 71
2690 71
2695 71
2700 71
2705 71
2710 71
2715 71
2720 71
2725 71
2730 71
2735 71
2740 71
2745 71
2750 71
2755 68
2760 68
2765 68
2770 68
2775 68
2780 68
2785 68
2790 67
2795 67
2800 67
2805 67
2810 67
2815 67
2820 67
2825 67
2830 47
2835 38
2840 38
2845 38
2850 38
2855 38
2860 38
2865 38
2870 38
2875 38
2880 38
2885 38
2890 38
2895 38
2900 36
2905 29
2910 29
2915 29
2920 29
