0 4634
5 4625
10 4611
15 4606
20 4599
25 4594
30 4589
35 4584
40 4577
45 4567
50 4560
55 4554
60 4549
65 4542
70 4536
75 4531
80 4524
85 4517
90 4512
95 4507
100 4500
105 4494
110 4477
115 4471
120 4466
125 4461
130 4456
135 4451
140 4446
145 4437
150 4432
155 4426
160 4421
165 4416
170 4410
175 4405
180 4400
185 4394
190 4389
195 4384
200 4379
205 4374
210 4368
215 4358
220 4339
225 4333
230 4328
235 4322
240 4317
245 4313
250 4307
255 4302
260 4296
265 4291
270 4279
275 4270
280 4265
285 4256
290 4248
295 4244
300 4239
305 4230
310 4224
315 4219
320 4205
325 4197
330 4192
335 4182
340 4177
345 4157
350 4152
355 4118
360 4106
365 4100
370 4095
375 4089
380 4085
385 4080
390 4072
395 4063
400 4049
405 4040
410 4036
415 4027
420 4011
425 3999
430 3995
435 3989
440 3982
445 3974
450 3967
455 3962
460 3957
465 3952
470 3944
475 3938
480 3929
485 3916
490 3915
495 3910
500 3903
505 3898
510 3883
515 3880
520 3875
525 3869
530 3863
535 3852
540 3848
545 3838
550 3831
555 3824
560 3818
565 3810
570 3804
575 3798
580 3793
585 3783
590 3774
595 3759
600 3758
605 3752
610 3747
615 3738
620 3735
625 3731
630 3724
635 3715
640 3711
645 3702
650 3697
655 3692
660 3688
665 3688
670 3677
675 3671
680 3665
685 3660
690 3651
695 3646
700 3637
705 3632
710 3621
715 3601
720 3597
725 3596
730 3591
735 3586
740 3577
745 3546
750 3537
755 3530
760 3522
765 3517
770 3511
775 3504
780 3494
785 3488
790 3481
795 3476
800 3471
805 3466
810 3459
815 3431
820 3424
825 3410
830 3399
835 3393
840 3377
845 3365
850 3355
855 3347
860 3339
865 3333
870 3326
875 3320
880 3312
885 3303
890 3293
895 3286
900 3280
905 3266
910 3260
915 3242
920 3235
925 3227
930 3214
935 3207
940 3188
945 3184
950 3168
955 3164
960 3142
965 3142
970 3135
975 3113
980 3107
985 3101
990 3077
995 3075
1000 3071
1005 3062
1010 3038
1015 3030
1020 3011
1025 3002
1030 2995
1035 2979
1040 2974
1045 2963
1050 2954
1055 2946
1060 2934
1065 2682
1070 2672
1075 2668
1080 2662
1085 2653
1090 2648
1095 2641
1100 2636
1105 2629
1110 2624
1115 2606
1120 2597
1125 2591
1130 2586
1135 2578
1140 2570
1145 2520
1150 2513
1155 2505
1160 2501
1165 2495
1170 2488
1175 2484
1180 2478
1185 2472
1190 2459
1195 2447
1200 2445
1205 2441
1210 2432
1215 2431
1220 2424
1225 2424
1230 2415
1235 2404
1240 2401
1245 2392
1250 2383
1255 2375
1260 2369
1265 2363
1270 2349
1275 2336
1280 2334
1285 2310
1290 2304
1295 2293
1300 2285
1305 2280
1310 2270
1315 2259
1320 2255
1325 2236
1330 2205
1335 2189
1340 2183
1345 2177
1350 2162
1355 2159
1360 2156
1365 2138
1370 2136
1375 2131
1380 2124
1385 2116
1390 2105
1395 2099
1400 2090
1405 2064
1410 2029
1415 2014
1420 2011
1425 2006
1430 2006
1435 2006
1440 1981
1445 1908
1450 1908
1455 1901
1460 1890
1465 1875
1470 1869
1475 1865
1480 1865
1485 1862
1490 1754
1495 1754
1500 967
1505 952
1510 952
1515 952
1520 952
1525 952
1530 952
1535 952
1540 950
1545 908
1550 904
1555 904
1560 904
1565 904
1570 904
1575 904
1580 904
1585 904
1590 904
1595 904
1600 840
1605 775
1610 774
1615 767
1620 761
1625 745
1630 716
1635 716
1640 713
1645 705
1650 692
1655 692
1660 692
1665 691
1670 661
1675 613
1680 613
1685 613
1690 612
1695 584
1700 571
1705 563
1710 552
1715 552
1720 552
1725 543
1730 543
1735 543
1740 543
1745 543
1750 543
1755 543
1760 543
1765 537
1770 520
1775 518
1780 518
1785 518
1790 518
1795 518
1800 518
1805 518
1810 518
1815 518
1820 518
1825 518
1830 518
1835 518
1840 518
1845 516
1850 516
1855 516
1860 516
1865 516
1870 516
1875 516
1880 516
1885 516
1890 516
1895 516
1900 516
1905 516
1910 516
1915 516
1920 508
1925 498
1930 498
1935 492
1940 485
1945 471
1950 471
1955 471
1960 471
1965 471
1970 471
1975 471
1980 471
1985 471
1990 471
1995 471
2000 471
2005 470
2010 470
2015 466
2020 223
2025 223
2030 223
2035 223
2040 223
2045 223
2050 223
2055 223
2060 223
2065 223
2070 223
2075 222
2080 222
2085 221
2090 219
2095 219
2100 219
2105 218
2110 218
2115 218
2120 218
2125 218
2130 218
2135 218
2140 218
2145 215
2150 215
2155 215
2160 215
2165 213
2170 213
2175 213
2180 213
2185 213
2190 213
2195 213
2200 210
2205 195
2210 195
2215 195
2220 195
2225 195
2230 195
2235 195
2240 195
2245 194
2250 187
2255 187
2260 187
2265 187
2270 187
2275 187
2280 187
2285 187
2290 178
2295 178
2300 178
2305 178
2310 178
2315 178
2320 178
2325 178
2330 178
2335 175
2340 175
2345 175
2350 175
2355 175
2360 175
2365 175
2370 175
2375 175
2380 175
2385 173
2390 167
2395 126
2400 126
2405 126
2410 126
2415 126
2420 126
2425 126
2430 99
2435 99
2440 99
2445 95
2450 95
2455 95
2460 95
2465 95
2470 95
2475 95
2480 95
2485 95
2490 93
2495 93
2500 93
2505 93
2510 93
2515 93
2520 92
2525 85
2530 85
2535 85
2540 85
2545 85
2550 85
2555 85
2560 85
2565 85
2570 82
2575 82
2580 82
2585 82
2590 82
2595 82
2600 82
2605 82
2610 82
2615 82
2620 82
2625 82
2630 81
2635 81
2640 81
2645 81
2650 81
2655 81
2660 81
2665 81
2670 80
2675 80
2680 80
2685 80
2690 80
2695 80
2700 80
2705 80
2710 73
2715 73
2720 73
2725 73
2730 73
2735 73
2740 73
2745 73
2750 62
2755 62
2760 57
2765 57
2770 57
2775 57
2780 57
2785 57
2790 46
2795 46
2800 46
2805 46
2810 45
2815 45
2820 45
2825 45
2830 45
2835 43
2840 42
2845 32
2850 29
2855 29
2860 29
2865 29
2870 29
2875 29
2880 29
2885 29
2890 29
2895 29
2900 29
2905 28
2910 28
2915 28
2920 28
