0 4634
5 4634
10 4634
15 4634
20 4632
25 4632
30 4632
35 4632
40 4632
45 4632
50 4632
55 4632
60 4632
65 4632
70 4632
75 4632
80 4632
85 4632
90 4632
95 4632
100 4632
105 4632
110 4632
115 4632
120 4632
125 4632
130 4632
135 4632
140 4632
145 4632
150 4632
155 4631
160 4631
165 4631
170 4630
175 4630
180 4630
185 4630
190 4630
195 4630
200 4630
205 4630
210 4630
215 4630
220 4630
225 4629
230 4629
235 4629
240 4605
245 4604
250 4603
255 4603
260 4599
265 4598
270 4598
275 4598
280 4597
285 4597
290 4597
295 4597
300 4597
305 4597
310 4596
315 4590
320 4590
325 4590
330 4590
335 4590
340 4590
345 4590
350 4590
355 4590
360 4588
365 4588
370 4588
375 4586
380 4586
385 4586
390 4584
395 4584
400 4583
405 4583
410 4583
415 4583
420 4583
425 4583
430 4581
435 4576
440 4576
445 4576
450 4574
455 4574
460 4566
465 4562
470 4551
475 4548
480 4548
485 4548
490 4548
495 4548
500 4547
505 4536
510 4534
515 4534
520 4527
525 4526
530 4523
535 4523
540 4522
545 4516
550 4511
555 4510
560 4506
565 4502
570 4501
575 4466
580 4463
585 4463
590 4463
595 4463
600 4455
605 4453
610 4450
615 4450
620 4450
625 4449
630 4449
635 4443
640 4442
645 4439
650 4439
655 4438
660 4431
665 4428
670 4425
675 4420
680 4406
685 4406
690 4402
695 4393
700 4393
705 4392
710 4386
715 4381
720 4379
725 4363
730 4348
735 4346
740 4344
745 4323
750 4318
755 4317
760 4313
765 4307
770 4307
775 4307
780 4307
785 4304
790 4301
795 4299
800 4295
805 4294
810 4289
815 4284
820 4273
825 4272
830 4272
835 4271
840 4271
845 4271
850 4259
855 4259
860 4253
865 4253
870 4245
875 4239
880 4237
885 4236
890 4231
895 4229
900 4228
905 4227
910 4220
915 4211
920 4207
925 4206
930 4205
935 4204
940 4200
945 4197
950 4192
955 4159
960 4157
965 4156
970 4143
975 4143
980 4136
985 4129
990 4126
995 4118
1000 4118
1005 4118
1010 4117
1015 4117
1020 4117
1025 4109
1030 4100
1035 4094
1040 4092
1045 4090
1050 4090
1055 4090
1060 4072
1065 4070
1070 4061
1075 4059
1080 4048
1085 4038
1090 4037
1095 4037
1100 4036
1105 4036
1110 4022
1115 4022
1120 3990
1125 3990
1130 3985
1135 3984
1140 3984
1145 3980
1150 3972
1155 3972
1160 3967
1165 3950
1170 3945
1175 3939
1180 3939
1185 3935
1190 3932
1195 3931
1200 3926
1205 3916
1210 3913
1215 3867
1220 3859
1225 3858
1230 3856
1235 3845
1240 3845
1245 3845
1250 3841
1255 3841
1260 3839
1265 3834
1270 3832
1275 3828
1280 3828
1285 3825
1290 3816
1295 3816
1300 3816
1305 3813
1310 3810
1315 3806
1320 3772
1325 3756
1330 3753
1335 3751
1340 3751
1345 3743
1350 3740
1355 3729
1360 3722
1365 3715
1370 3692
1375 3692
1380 3688
1385 3688
1390 3682
1395 3678
1400 3677
1405 3668
1410 3661
1415 3660
1420 3659
1425 3659
1430 3652
1435 3651
1440 3638
1445 3634
1450 3628
1455 3620
1460 3617
1465 3609
1470 3609
1475 3604
1480 3601
1485 3600
1490 3591
1495 3590
1500 3566
1505 3544
1510 3536
1515 3503
1520 3501
1525 3500
1530 3458
1535 3445
1540 3437
1545 3436
1550 3426
1555 3423
1560 3423
1565 3418
1570 3416
1575 3415
1580 3415
1585 3400
1590 3397
1595 3394
1600 3392
1605 3385
1610 3380
1615 3380
1620 3372
1625 3366
1630 3363
1635 3361
1640 3355
1645 3347
1650 3318
1655 3311
1660 3307
1665 3305
1670 3304
1675 3302
1680 3270
1685 3255
1690 3253
1695 3253
1700 3249
1705 3241
1710 3237
1715 3236
1720 3216
1725 3216
1730 3210
1735 3200
1740 3190
1745 3177
1750 3175
1755 3173
1760 3172
1765 3164
1770 3162
1775 3154
1780 3149
1785 3147
1790 3142
1795 3136
1800 3123
1805 3122
1810 3121
1815 3119
1820 3100
1825 3098
1830 3095
1835 3093
1840 3089
1845 3088
1850 3074
1855 3073
1860 3073
1865 3071
1870 3069
1875 2882
1880 2880
1885 2877
1890 2874
1895 2869
1900 2864
1905 2863
1910 2857
1915 2855
1920 2852
1925 2849
1930 2845
1935 2798
1940 2790
1945 2778
1950 2773
1955 2770
1960 2751
1965 2743
1970 2743
1975 2743
1980 2740
1985 2738
1990 2737
1995 2728
2000 2728
2005 2724
2010 2720
2015 2710
2020 2708
2025 2503
2030 2469
2035 2468
2040 2467
2045 2461
2050 2459
2055 2455
2060 2451
2065 2450
2070 2424
2075 2419
2080 2419
2085 2419
2090 2417
2095 2410
2100 2409
2105 2406
2110 2405
2115 2397
2120 2394
2125 2394
2130 2372
2135 2346
2140 2339
2145 2305
2150 2298
2155 2293
2160 2291
2165 2288
2170 2284
2175 2283
2180 2275
2185 2190
2190 2189
2195 2189
2200 2187
2205 2133
2210 2128
2215 2128
2220 2126
2225 2121
2230 2079
2235 2074
2240 2068
2245 2067
2250 2057
2255 2053
2260 2048
2265 2040
2270 2034
2275 2031
2280 2029
2285 2004
2290 2004
2295 1997
2300 1997
2305 1997
2310 1996
2315 1994
2320 1993
2325 1986
2330 1951
2335 1949
2340 1946
2345 1943
2350 1943
2355 1940
2360 1938
2365 1938
2370 1938
2375 1936
2380 1935
2385 1935
2390 1873
2395 1872
2400 1869
2405 1869
2410 1869
2415 1868
2420 1867
2425 1864
2430 1853
2435 1842
2440 1830
2445 1829
2450 1827
2455 1826
2460 1824
2465 1799
2470 1799
2475 1798
2480 1797
2485 1790
2490 1788
2495 1788
2500 1788
2505 1780
2510 1774
2515 1702
2520 1702
2525 1701
2530 1698
2535 1696
2540 1690
2545 1676
2550 1672
2555 1672
2560 1634
2565 1629
2570 1609
2575 1457
2580 1456
2585 1332
2590 1311
2595 1311
2600 1298
2605 1285
2610 1280
2615 1280
2620 1270
2625 1260
2630 1253
2635 1253
2640 936
2645 936
2650 936
2655 933
2660 925
2665 923
2670 921
2675 920
2680 918
2685 918
2690 910
2695 908
2700 902
2705 902
2710 901
2715 900
2720 889
2725 887
2730 886
2735 883
2740 813
2745 812
2750 812
2755 812
2760 807
2765 807
2770 792
2775 790
2780 790
2785 789
2790 789
2795 789
2800 783
2805 781
2810 754
2815 754
2820 754
2825 751
2830 751
2835 751
2840 751
2845 751
2850 747
2855 746
2860 746
2865 746
2870 743
2875 743
2880 741
2885 741
2890 740
2895 740
2900 739
2905 738
2910 736
2915 736
2920 733
2925 729
2930 729
2935 728
2940 728
2945 726
2950 726
2955 704
2960 704
2965 703
2970 703
2975 703
2980 684
2985 683
2990 681
2995 675
3000 673
3005 671
3010 670
3015 667
3020 667
3025 667
3030 667
3035 667
3040 656
3045 656
3050 651
3055 646
3060 645
3065 645
3070 643
3075 643
3080 640
3085 640
3090 636
3095 632
3100 623
3105 622
3110 616
3115 615
3120 615
3125 613
3130 609
3135 597
3140 597
3145 597
3150 597
3155 592
3160 592
3165 587
3170 587
3175 587
3180 580
3185 488
3190 488
3195 454
3200 454
3205 453
3210 434
3215 433
3220 433
3225 432
3230 430
3235 430
3240 430
3245 428
3250 426
3255 426
3260 426
3265 426
3270 423
3275 423
3280 412
3285 412
3290 410
3295 409
3300 407
3305 402
3310 402
3315 402
3320 402
3325 401
3330 400
3335 398
3340 397
3345 397
3350 397
3355 397
3360 395
3365 395
3370 395
3375 395
3380 395
3385 392
3390 392
3395 392
3400 392
3405 392
3410 392
3415 392
3420 390
3425 390
3430 390
3435 382
3440 382
3445 382
3450 382
3455 371
3460 371
3465 371
3470 371
3475 371
3480 371
3485 368
3490 367
3495 366
3500 365
3505 365
3510 365
3515 364
3520 364
3525 364
3530 364
3535 364
3540 362
3545 362
3550 345
3555 345
3560 345
3565 345
3570 315
3575 315
3580 314
3585 314
3590 296
3595 292
3600 284
3605 283
3610 283
3615 281
3620 281
3625 280
3630 280
3635 280
3640 280
3645 280
3650 280
3655 266
3660 266
3665 266
3670 266
3675 264
3680 263
3685 263
3690 263
3695 263
3700 263
3705 262
3710 262
3715 262
3720 262
3725 244
3730 243
3735 243
3740 243
3745 243
3750 243
3755 240
3760 238
3765 238
3770 237
3775 237
3780 237
3785 237
3790 237
3795 237
3800 237
3805 234
3810 232
3815 232
3820 232
3825 232
3830 232
3835 230
3840 213
3845 197
3850 197
3855 197
3860 197
3865 197
3870 197
3875 196
3880 196
3885 196
3890 196
3895 196
3900 196
3905 194
3910 194
3915 194
3920 194
3925 194
3930 194
3935 193
3940 193
3945 193
3950 193
3955 193
3960 193
3965 193
3970 193
3975 191
3980 191
3985 191
3990 191
3995 191
4000 101
4005 101
4010 101
4015 101
4020 101
4025 101
4030 101
4035 101
4040 101
4045 90
4050 90
4055 88
4060 88
4065 88
4070 86
4075 86
4080 86
4085 86
4090 86
4095 86
4100 86
4105 86
4110 86
4115 86
4120 86
4125 86
4130 86
4135 86
4140 86
4145 86
4150 86
4155 84
4160 84
4165 83
4170 83
4175 83
4180 83
4185 83
4190 83
4195 83
4200 83
4205 83
4210 83
4215 83
4220 83
4225 83
4230 83
4235 83
4240 83
4245 83
4250 79
4255 79
4260 79
4265 77
4270 76
4275 76
4280 76
4285 76
4290 76
4295 69
4300 69
4305 69
4310 69
4315 69
4320 69
4325 69
4330 69
4335 69
4340 69
4345 69
4350 69
4355 69
4360 69
4365 68
4370 57
4375 57
4380 57
4385 57
4390 57
4395 57
4400 57
4405 57
4410 57
4415 57
4420 57
4425 57
4430 57
4435 57
4440 56
4445 56
4450 56
4455 56
4460 56
4465 56
4470 56
4475 56
4480 56
4485 56
4490 56
4495 56
4500 56
4505 56
4510 56
4515 56
4520 56
4525 56
4530 56
4535 56
4540 56
4545 56
4550 56
4555 56
4560 56
4565 56
4570 56
4575 56
4580 56
4585 56
4590 56
4595 56
4600 53
4605 53
4610 28
4615 28
4620 28
4625 28
4630 28
4635 28
4640 28
4645 28
4650 28
4655 28
4660 28
4665 28
4670 28
4675 28
4680 28
4685 28
4690 28
4695 28
4700 28
4705 28
4710 28
4715 28
4720 28
4725 28
4730 28
4735 28
4740 28
4745 28
4750 28
4755 28
4760 28
4765 28
4770 20
4775 20
4780 20
4785 20
4790 19
4795 19
4800 19
4805 19
4810 19
4815 19
4820 19
4825 19
4830 18
4835 18
4840 18
4845 18
4850 18
4855 18
4860 18
4865 18
4870 18
4875 18
4880 18
4885 18
4890 18
4895 18
4900 18
4905 18
4910 18
4915 18
4920 18
4925 18
4930 18
4935 18
4940 18
4945 18
4950 18
4955 18
4960 18
4965 18
4970 18
4975 18
4980 18
4985 18
4990 18
4995 17
5000 17
5005 17
5010 17
5015 17
5020 17
5025 17
5030 17
5035 17
5040 17
5045 17
5050 17
5055 17
5060 17
5065 17
5070 17
5075 17
5080 17
5085 17
5090 17
5095 17
5100 17
5105 17
5110 17
5115 17
5120 17
5125 17
5130 16
5135 16
5140 16
5145 16
5150 15
5155 13
5160 13
5165 13
5170 13
5175 13
5180 13
5185 13
5190 13
5195 13
5200 13
5205 13
5210 13
5215 13
5220 13
5225 13
5230 13
5235 13
5240 13
5245 13
5250 13
5255 13
5260 13
5265 13
5270 13
5275 13
5280 13
5285 13
5290 12
5295 12
5300 11
5305 11
5310 11
5315 11
5320 11
5325 11
5330 11
5335 11
5340 11
5345 11
5350 11
5355 11
5360 11
5365 11
5370 11
5375 11
5380 11
5385 11
5390 11
5395 11
5400 11
5405 11
5410 11
5415 11
5420 11
5425 11
5430 11
5435 11
5440 11
5445 11
5450 9
5455 9
5460 9
5465 9
5470 9
5475 9
5480 9
5485 9
5490 9
5495 9
5500 9
5505 9
5510 9
5515 9
5520 9
5525 9
5530 9
5535 9
5540 9
5545 9
5550 9
5555 9
5560 9
5565 9
5570 9
5575 9
5580 9
5585 9
5590 9
5595 9
5600 9
5605 9
5610 9
5615 9
5620 7
5625 7
5630 7
5635 7
5640 7
5645 7
5650 7
5655 7
5660 7
5665 6
5670 6
5675 6
5680 6
5685 6
5690 6
5695 6
5700 6
5705 5
5710 5
5715 5
5720 5
5725 5
5730 5
5735 5
5740 5
5745 5
5750 5
5755 5
5760 5
5765 5
5770 5
5775 5
5780 5
5785 5
5790 5
5795 5
5800 5
5805 5
5810 5
5815 5
5820 5
5825 5
5830 5
5835 5
5840 5
5845 5
5850 5
5855 5
5860 5
5865 5
5870 5
5875 5
5880 5
5885 5
5890 5
5895 5
5900 5
5905 5
5910 5
5915 5
5920 5
5925 5
5930 4
5935 4
5940 4
5945 4
5950 4
5955 4
5960 4
5965 4
5970 4
5975 4
5980 4
5985 4
5990 4
5995 4
6000 4
6005 4
6010 4
6015 4
6020 4
6025 4
6030 4
6035 4
6040 4
6045 4
6050 4
6055 4
6060 4
6065 4
6070 4
6075 3
6080 3
6085 3
6090 3
6095 3
6100 3
6105 3
6110 3
6115 3
6120 3
6125 3
6130 3
6135 3
6140 3
6145 3
6150 3
6155 3
6160 3
6165 3
6170 3
6175 3
6180 3
6185 3
6190 3
6195 3
6200 3
6205 3
6210 3
6215 3
6220 2
6225 2
6230 2
6235 2
6240 2
6245 2
6250 2
6255 2
6260 2
6265 2
6270 2
6275 2
6280 2
6285 1
