0 4634
5 4634
10 4634
15 4634
20 4634
25 4634
30 4634
35 4634
40 4634
45 4634
50 4634
55 4630
60 4630
65 4630
70 4630
75 4627
80 4627
85 4627
90 4624
95 4624
100 4624
105 4624
110 4624
115 4624
120 4624
125 4623
130 4623
135 4623
140 4623
145 4623
150 4623
155 4623
160 4622
165 4622
170 4622
175 4617
180 4617
185 4617
190 4617
195 4616
200 4616
205 4616
210 4616
215 4616
220 4616
225 4615
230 4615
235 4612
240 4602
245 4602
250 4602
255 4602
260 4602
265 4602
270 4601
275 4601
280 4601
285 4601
290 4596
295 4592
300 4592
305 4592
310 4592
315 4566
320 4564
325 4555
330 4552
335 4552
340 4549
345 4540
350 4540
355 4536
360 4536
365 4533
370 4533
375 4533
380 4533
385 4512
390 4505
395 4502
400 4502
405 4502
410 4502
415 4502
420 4502
425 4493
430 4492
435 4489
440 4489
445 4488
450 4486
455 4484
460 4476
465 4459
470 4459
475 4458
480 4444
485 4444
490 4436
495 4436
500 4433
505 4432
510 4432
515 4432
520 4430
525 4429
530 4428
535 4421
540 4413
545 4413
550 4413
555 4410
560 4410
565 4410
570 4408
575 4407
580 4407
585 4400
590 4399
595 4397
600 4396
605 4394
610 4394
615 4391
620 4391
625 4386
630 4384
635 4382
640 4380
645 4380
650 4378
655 4378
660 4374
665 4373
670 4365
675 4363
680 4363
685 4357
690 4355
695 4355
700 4354
705 4354
710 4352
715 4352
720 4349
725 4349
730 4344
735 4343
740 4343
745 4342
750 4342
755 4337
760 4329
765 4329
770 4322
775 4319
780 4318
785 4313
790 4312
795 4308
800 4306
805 4305
810 4303
815 4300
820 4296
825 4294
830 4293
835 4293
840 4260
845 4257
850 4255
855 4250
860 4246
865 4239
870 4239
875 4234
880 4229
885 4227
890 4220
895 4218
900 4216
905 4211
910 4210
915 4207
920 4206
925 4201
930 4201
935 4198
940 4194
945 4193
950 4191
955 4183
960 4178
965 4176
970 4165
975 4164
980 4164
985 4164
990 4157
995 4143
1000 4141
1005 4138
1010 4135
1015 4134
1020 4132
1025 4128
1030 4125
1035 4121
1040 4100
1045 4097
1050 4097
1055 4095
1060 4090
1065 4089
1070 4081
1075 4071
1080 4066
1085 4064
1090 4063
1095 4060
1100 4053
1105 4044
1110 4042
1115 4035
1120 4034
1125 4030
1130 4030
1135 4026
1140 4023
1145 4011
1150 4005
1155 4004
1160 4001
1165 4000
1170 3991
1175 3990
1180 3988
1185 3962
1190 3957
1195 3948
1200 3934
1205 3916
1210 3914
1215 3899
1220 3894
1225 3894
1230 3894
1235 3894
1240 3891
1245 3888
1250 3878
1255 3873
1260 3871
1265 3868
1270 3861
1275 3856
1280 3854
1285 3850
1290 3831
1295 3827
1300 3825
1305 3812
1310 3811
1315 3809
1320 3805
1325 3803
1330 3799
1335 3789
1340 3769
1345 3768
1350 3768
1355 3762
1360 3753
1365 3691
1370 3686
1375 3681
1380 3681
1385 3678
1390 3678
1395 3675
1400 3671
1405 3671
1410 3669
1415 3668
1420 3667
1425 3658
1430 3657
1435 3655
1440 3642
1445 3637
1450 3629
1455 3626
1460 3614
1465 3614
1470 3590
1475 3588
1480 3580
1485 3560
1490 3559
1495 3551
1500 3547
1505 3540
1510 3515
1515 3515
1520 3511
1525 3511
1530 3504
1535 3502
1540 3501
1545 3494
1550 3493
1555 3493
1560 3489
1565 3479
1570 3479
1575 3474
1580 3463
1585 3458
1590 3456
1595 3454
1600 3441
1605 3437
1610 3436
1615 3428
1620 3416
1625 3412
1630 3410
1635 3408
1640 3403
1645 3401
1650 3382
1655 3380
1660 3358
1665 3353
1670 3353
1675 3338
1680 3298
1685 3290
1690 3131
1695 3117
1700 3114
1705 3111
1710 3080
1715 3075
1720 3070
1725 3066
1730 3065
1735 3062
1740 3059
1745 3056
1750 3044
1755 3044
1760 3043
1765 3040
1770 3037
1775 3033
1780 3023
1785 3023
1790 3018
1795 3017
1800 3015
1805 3014
1810 3007
1815 3002
1820 3000
1825 3000
1830 2997
1835 2997
1840 2987
1845 2969
1850 2969
1855 2968
1860 2963
1865 2962
1870 2954
1875 2951
1880 2949
1885 2949
1890 2948
1895 2947
1900 2947
1905 2933
1910 2933
1915 2930
1920 2913
1925 2911
1930 2905
1935 2895
1940 2892
1945 2882
1950 2879
1955 2876
1960 2873
1965 2871
1970 2870
1975 2869
1980 2869
1985 2868
1990 2867
1995 2847
2000 2844
2005 2842
2010 2840
2015 2834
2020 2833
2025 2831
2030 2827
2035 2811
2040 2806
2045 2803
2050 2801
2055 2795
2060 2780
2065 2777
2070 2775
2075 2772
2080 2767
2085 2764
2090 2759
2095 2756
2100 2750
2105 2745
2110 2735
2115 2726
2120 2725
2125 2711
2130 2704
2135 2703
2140 2686
2145 2686
2150 2677
2155 2672
2160 2671
2165 2666
2170 2658
2175 2657
2180 2654
2185 2650
2190 2647
2195 2645
2200 2645
2205 2645
2210 2643
2215 2636
2220 2635
2225 2634
2230 2584
2235 2572
2240 2569
2245 2564
2250 2543
2255 2532
2260 2526
2265 2526
2270 2461
2275 2456
2280 2453
2285 2453
2290 2453
2295 2435
2300 2432
2305 2406
2310 2401
2315 2399
2320 2389
2325 2363
2330 2358
2335 2346
2340 2342
2345 2342
2350 2336
2355 2317
2360 2304
2365 2301
2370 2289
2375 2280
2380 2280
2385 2269
2390 2251
2395 2247
2400 2176
2405 2168
2410 2167
2415 2162
2420 2139
2425 2114
2430 2111
2435 2102
2440 2100
2445 2092
2450 2086
2455 2080
2460 2077
2465 2074
2470 2069
2475 2066
2480 2065
2485 2062
2490 2059
2495 2056
2500 2056
2505 1912
2510 1902
2515 1900
2520 1894
2525 1810
2530 1804
2535 1801
2540 1796
2545 1778
2550 1775
2555 1761
2560 1760
2565 1758
2570 1757
2575 1752
2580 1680
2585 1679
2590 1635
2595 1635
2600 1629
2605 1564
2610 1561
2615 1551
2620 1547
2625 1544
2630 1544
2635 1538
2640 1527
2645 1519
2650 1516
2655 1512
2660 1509
2665 1460
2670 1460
2675 1442
2680 1432
2685 1430
2690 1426
2695 1422
2700 1419
2705 1419
2710 1413
2715 1282
2720 1282
2725 1260
2730 1095
2735 1092
2740 1092
2745 1092
2750 1088
2755 1088
2760 1088
2765 1087
2770 988
2775 987
2780 986
2785 986
2790 978
2795 978
2800 968
2805 951
2810 948
2815 939
2820 937
2825 937
2830 910
2835 910
2840 910
2845 910
2850 909
2855 909
2860 901
2865 896
2870 896
2875 896
2880 894
2885 889
2890 887
2895 884
2900 883
2905 881
2910 881
2915 880
2920 880
2925 861
2930 860
2935 857
2940 857
2945 856
2950 855
2955 854
2960 854
2965 854
2970 851
2975 851
2980 841
2985 616
2990 610
2995 606
3000 554
3005 551
3010 551
3015 547
3020 547
3025 546
3030 499
3035 499
3040 486
3045 485
3050 485
3055 485
3060 467
3065 459
3070 458
3075 458
3080 437
3085 435
3090 435
3095 435
3100 429
3105 429
3110 427
3115 427
3120 427
3125 427
3130 427
3135 427
3140 427
3145 423
3150 423
3155 423
3160 408
3165 408
3170 408
3175 408
3180 408
3185 408
3190 396
3195 390
3200 389
3205 389
3210 389
3215 389
3220 389
3225 388
3230 388
3235 367
3240 361
3245 361
3250 355
3255 354
3260 354
3265 350
3270 350
3275 349
3280 349
3285 347
3290 347
3295 336
3300 336
3305 336
3310 335
3315 324
3320 324
3325 324
3330 323
3335 323
3340 323
3345 323
3350 323
3355 322
3360 281
3365 281
3370 279
3375 279
3380 279
3385 279
3390 274
3395 257
3400 257
3405 255
3410 255
3415 255
3420 254
3425 254
3430 254
3435 254
3440 165
3445 165
3450 164
3455 164
3460 158
3465 158
3470 158
3475 158
3480 158
3485 158
3490 158
3495 158
3500 158
3505 158
3510 158
3515 158
3520 158
3525 158
3530 158
3535 158
3540 157
3545 157
3550 157
3555 156
3560 156
3565 156
3570 156
3575 156
3580 151
3585 151
3590 151
3595 151
3600 151
3605 151
3610 151
3615 151
3620 151
3625 151
3630 151
3635 151
3640 151
3645 151
3650 151
3655 151
3660 77
3665 77
3670 77
3675 77
3680 77
3685 77
3690 77
3695 76
3700 76
3705 76
3710 76
3715 76
3720 76
3725 76
3730 76
3735 76
3740 76
3745 76
3750 76
3755 76
3760 76
3765 76
3770 76
3775 76
3780 76
3785 76
3790 76
3795 75
3800 75
3805 75
3810 75
3815 75
3820 75
3825 75
3830 75
3835 75
3840 75
3845 75
3850 75
3855 66
3860 66
3865 66
3870 66
3875 66
3880 66
3885 66
3890 60
3895 60
3900 60
3905 60
3910 60
3915 58
3920 58
3925 58
3930 58
3935 58
3940 58
3945 58
3950 58
3955 58
3960 58
3965 56
3970 56
3975 56
3980 56
3985 56
3990 56
3995 56
4000 56
4005 45
4010 45
4015 45
4020 45
4025 45
4030 45
4035 43
4040 43
4045 36
4050 36
4055 36
4060 35
4065 35
4070 35
4075 35
4080 35
4085 35
4090 35
4095 35
4100 35
4105 35
4110 35
4115 35
4120 35
4125 35
4130 35
4135 35
4140 35
4145 35
4150 35
4155 35
4160 35
4165 35
4170 35
4175 35
4180 35
4185 35
4190 35
4195 35
4200 34
4205 34
4210 34
4215 33
4220 33
4225 33
4230 33
4235 33
4240 33
4245 33
4250 33
4255 32
4260 32
4265 32
4270 31
4275 31
4280 31
4285 31
4290 31
4295 31
4300 31
4305 31
4310 31
4315 31
4320 29
4325 28
4330 28
4335 28
4340 28
4345 28
4350 28
4355 28
4360 28
4365 28
4370 28
4375 28
4380 28
4385 28
4390 28
4395 28
4400 28
4405 28
4410 28
4415 28
4420 28
4425 24
4430 24
4435 24
4440 24
4445 24
4450 24
4455 24
4460 24
4465 24
4470 24
4475 24
4480 24
4485 24
4490 24
4495 24
4500 24
4505 24
4510 24
4515 24
4520 24
4525 23
4530 23
4535 23
4540 23
4545 23
4550 23
4555 23
4560 23
4565 23
4570 23
4575 23
4580 23
4585 23
4590 23
4595 23
4600 23
4605 23
4610 23
4615 23
4620 23
4625 23
4630 23
4635 23
4640 23
4645 23
4650 23
4655 23
4660 23
4665 23
4670 23
4675 19
4680 19
4685 19
4690 19
4695 19
4700 19
4705 19
4710 19
4715 19
4720 19
4725 19
4730 19
4735 19
4740 18
4745 18
4750 18
4755 18
4760 18
4765 18
4770 18
4775 18
4780 18
4785 18
4790 18
4795 18
4800 18
4805 18
4810 18
4815 18
4820 18
4825 18
4830 18
4835 18
4840 18
4845 18
4850 18
4855 18
4860 18
4865 18
4870 18
4875 18
4880 18
4885 18
4890 18
4895 18
4900 17
4905 17
4910 17
4915 17
4920 17
4925 16
4930 16
4935 16
4940 16
4945 16
4950 16
4955 16
4960 16
4965 16
4970 15
4975 15
4980 15
4985 15
4990 15
4995 15
5000 15
5005 15
5010 15
5015 15
5020 15
5025 15
5030 15
5035 15
5040 15
5045 15
5050 15
5055 15
5060 15
5065 15
5070 15
5075 15
5080 15
5085 15
5090 15
5095 15
5100 15
5105 15
5110 15
5115 15
5120 15
5125 15
5130 15
5135 15
5140 15
5145 15
5150 15
5155 15
5160 15
5165 15
5170 15
5175 15
5180 15
5185 15
5190 15
5195 15
5200 15
5205 15
5210 15
5215 15
5220 15
5225 15
5230 12
5235 12
5240 12
5245 12
5250 12
5255 11
5260 11
5265 11
5270 11
5275 11
5280 11
5285 11
5290 11
5295 11
5300 11
5305 11
5310 11
5315 11
5320 11
5325 11
5330 11
5335 11
5340 11
5345 11
5350 11
5355 11
5360 11
5365 11
5370 11
5375 11
5380 11
5385 11
5390 11
5395 11
5400 11
5405 11
5410 10
5415 9
5420 9
5425 9
5430 9
5435 9
5440 9
5445 9
5450 9
5455 9
5460 9
5465 9
5470 9
5475 9
5480 9
5485 9
5490 9
5495 9
5500 9
5505 9
5510 9
5515 9
5520 9
5525 9
5530 9
5535 9
5540 9
5545 9
5550 9
5555 9
5560 9
5565 9
5570 9
5575 9
5580 9
5585 9
5590 9
5595 9
5600 9
5605 9
5610 9
5615 9
5620 9
5625 9
5630 9
5635 9
5640 9
5645 9
5650 9
5655 9
5660 9
5665 9
5670 9
5675 9
5680 8
5685 8
5690 8
5695 8
5700 8
5705 8
5710 8
5715 8
5720 8
5725 8
5730 8
5735 8
5740 8
5745 8
5750 8
5755 8
5760 8
5765 8
5770 8
5775 8
5780 8
5785 8
5790 7
5795 7
5800 7
5805 7
5810 7
5815 7
5820 7
5825 7
5830 7
5835 7
5840 7
5845 7
5850 7
5855 7
5860 7
5865 7
5870 7
5875 7
5880 6
5885 6
5890 6
5895 5
5900 5
5905 5
5910 5
5915 5
5920 5
5925 5
5930 5
5935 5
5940 4
5945 4
5950 4
5955 4
5960 4
5965 4
5970 4
5975 4
5980 4
5985 4
5990 4
5995 4
6000 4
6005 4
6010 4
6015 4
6020 4
6025 4
6030 4
6035 4
6040 4
6045 4
6050 4
6055 4
6060 4
6065 4
6070 4
6075 4
6080 4
6085 3
6090 3
6095 3
6100 3
6105 3
6110 3
6115 3
6120 3
6125 3
6130 3
6135 3
6140 3
6145 3
6150 3
6155 3
6160 3
6165 3
6170 3
6175 3
6180 3
6185 3
6190 3
6195 3
6200 3
6205 3
6210 3
6215 3
6220 3
6225 3
6230 3
6235 3
6240 3
6245 3
6250 3
6255 3
6260 3
6265 3
6270 3
6275 2
6280 2
6285 1
