0 4634
5 4628
10 4612
15 4607
20 4600
25 4595
30 4590
35 4584
40 4576
45 4572
50 4562
55 4556
60 4550
65 4545
70 4538
75 4532
80 4526
85 4519
90 4513
95 4508
100 4503
105 4497
110 4491
115 4484
120 4452
125 4447
130 4442
135 4436
140 4429
145 4423
150 4418
155 4409
160 4402
165 4397
170 4391
175 4386
180 4376
185 4371
190 4364
195 4358
200 4351
205 4343
210 4337
215 4332
220 4326
225 4321
230 4316
235 4309
240 4299
245 4288
250 4283
255 4265
260 4251
265 4238
270 4233
275 4223
280 4217
285 4196
290 4194
295 4183
300 4180
305 4177
310 4172
315 4166
320 4161
325 4155
330 4135
335 4122
340 4117
345 4109
350 4104
355 4084
360 4078
365 4024
370 4009
375 3996
380 3991
385 3987
390 3982
395 3973
400 3966
405 3955
410 3951
415 3945
420 3935
425 3924
430 3916
435 3911
440 3905
445 3900
450 3891
455 3885
460 3879
465 3874
470 3864
475 3833
480 3833
485 3828
490 3822
495 3816
500 3806
505 3804
510 3796
515 3788
520 3783
525 3768
530 3760
535 3744
540 3739
545 3729
550 3721
555 3715
560 3710
565 3705
570 3692
575 3684
580 3678
585 3673
590 3667
595 3665
600 3659
605 3654
610 3646
615 3637
620 3632
625 3619
630 3613
635 3608
640 3605
645 3605
650 3604
655 3598
660 3593
665 3588
670 3582
675 3572
680 3568
685 3559
690 3553
695 3533
700 3533
705 3523
710 3517
715 3508
720 3494
725 3488
730 3483
735 3473
740 3464
745 3426
750 3419
755 3413
760 3407
765 3400
770 3395
775 3388
780 3382
785 3372
790 3366
795 3334
800 3329
805 3324
810 3317
815 3307
820 3294
825 3284
830 3278
835 3271
840 3237
845 3237
850 3237
855 3236
860 3231
865 3225
870 3214
875 3206
880 3201
885 3194
890 3188
895 3183
900 3162
905 3155
910 3150
915 3144
920 3136
925 3125
930 3112
935 3102
940 3095
945 3081
950 3074
955 3067
960 3063
965 3049
970 2998
975 2998
980 2998
985 2998
990 2993
995 2985
1000 2982
1005 2975
1010 2971
1015 2962
1020 2957
1025 2944
1030 2939
1035 2654
1040 2648
1045 2638
1050 2629
1055 2624
1060 2475
1065 2471
1070 2462
1075 2462
1080 2456
1085 2450
1090 2444
1095 2439
1100 2416
1105 2404
1110 2398
1115 2384
1120 2382
1125 2378
1130 2356
1135 2350
1140 2345
1145 2332
1150 2326
1155 2315
1160 2311
1165 2306
1170 2297
1175 2292
1180 2280
1185 2271
1190 2269
1195 2262
1200 2245
1205 2245
1210 2245
1215 2244
1220 2052
1225 2036
1230 1150
1235 1144
1240 1134
1245 1127
1250 1121
1255 1119
1260 1119
1265 1119
1270 1119
1275 1093
1280 1086
1285 1079
1290 1073
1295 1073
1300 1073
1305 1066
1310 1061
1315 1036
1320 1036
1325 1036
1330 1036
1335 1016
1340 1011
1345 1011
1350 1011
1355 999
1360 998
1365 992
1370 983
1375 974
1380 969
1385 963
1390 957
1395 908
1400 903
1405 886
1410 883
1415 883
1420 883
1425 883
1430 883
1435 882
1440 873
1445 834
1450 570
1455 570
1460 570
1465 570
1470 570
1475 570
1480 570
1485 570
1490 570
1495 570
1500 570
1505 570
1510 570
1515 570
1520 570
1525 570
1530 570
1535 570
1540 566
1545 519
1550 504
1555 504
1560 504
1565 504
1570 504
1575 501
1580 475
1585 475
1590 475
1595 475
1600 475
1605 475
1610 475
1615 475
1620 470
1625 466
1630 466
1635 466
1640 466
1645 466
1650 466
1655 464
1660 444
1665 417
1670 404
1675 399
1680 399
1685 399
1690 398
1695 388
1700 383
1705 382
1710 382
1715 382
1720 382
1725 382
1730 382
1735 382
1740 382
1745 382
1750 380
1755 243
1760 239
1765 239
1770 239
1775 239
1780 239
1785 239
1790 239
1795 239
1800 239
1805 239
1810 239
1815 239
1820 239
1825 239
1830 239
1835 239
1840 239
1845 239
1850 239
1855 239
1860 239
1865 239
1870 239
1875 239
1880 239
1885 230
1890 230
1895 230
1900 230
1905 230
1910 230
1915 230
1920 230
1925 229
1930 223
1935 223
1940 223
1945 223
1950 223
1955 223
1960 223
1965 223
1970 223
1975 223
1980 223
1985 223
1990 223
1995 223
2000 218
2005 215
2010 209
2015 209
2020 209
2025 209
2030 209
2035 209
2040 209
2045 209
2050 209
2055 209
2060 209
2065 209
2070 209
2075 209
2080 209
2085 209
2090 207
2095 207
2100 207
2105 207
2110 207
2115 207
2120 200
2125 199
2130 199
2135 199
2140 199
2145 198
2150 198
2155 198
2160 198
2165 198
2170 198
2175 198
2180 198
2185 181
2190 181
2195 181
2200 181
2205 181
2210 181
2215 181
2220 181
2225 180
2230 173
2235 173
2240 173
2245 173
2250 173
2255 173
2260 173
2265 173
2270 173
2275 173
2280 173
2285 173
2290 173
2295 173
2300 171
2305 170
2310 169
2315 169
2320 169
2325 169
2330 169
2335 169
2340 169
2345 169
2350 167
2355 164
2360 161
2365 149
2370 143
2375 143
2380 143
2385 133
2390 131
2395 131
2400 131
2405 130
2410 130
2415 130
2420 130
2425 69
2430 67
2435 67
2440 67
2445 67
2450 67
2455 67
2460 67
2465 67
2470 67
2475 67
2480 67
2485 67
2490 67
2495 67
2500 67
2505 65
2510 65
2515 65
2520 65
2525 65
2530 65
2535 65
2540 65
2545 65
2550 65
2555 65
2560 65
2565 65
2570 65
2575 65
2580 65
2585 65
2590 65
2595 65
2600 65
2605 65
2610 61
2615 50
2620 50
2625 50
2630 50
2635 50
2640 50
2645 50
2650 50
2655 50
2660 50
2665 50
2670 50
2675 50
2680 50
2685 50
2690 50
2695 50
2700 50
2705 50
2710 50
2715 47
2720 47
2725 47
2730 47
2735 47
2740 32
2745 32
2750 32
2755 32
2760 32
2765 32
2770 32
2775 32
2780 32
2785 32
2790 32
2795 32
2800 32
2805 32
2810 32
2815 32
2820 32
2825 32
2830 32
2835 24
2840 24
2845 24
2850 24
2855 24
2860 24
2865 24
2870 24
2875 24
2880 24
2885 24
2890 24
2895 24
2900 24
2905 24
2910 24
2915 24
