0 4634
5 4634
10 4634
15 4634
20 4634
25 4634
30 4634
35 4634
40 4634
45 4633
50 4633
55 4633
60 4633
65 4633
70 4633
75 4633
80 4633
85 4633
90 4633
95 4633
100 4633
105 4633
110 4633
115 4633
120 4633
125 4633
130 4631
135 4629
140 4629
145 4629
150 4627
155 4627
160 4627
165 4625
170 4623
175 4623
180 4623
185 4623
190 4623
195 4623
200 4622
205 4622
210 4622
215 4620
220 4620
225 4587
230 4587
235 4587
240 4587
245 4587
250 4579
255 4574
260 4574
265 4574
270 4568
275 4568
280 4568
285 4568
290 4567
295 4567
300 4563
305 4563
310 4563
315 4563
320 4558
325 4557
330 4557
335 4557
340 4553
345 4552
350 4552
355 4551
360 4550
365 4547
370 4547
375 4547
380 4547
385 4547
390 4543
395 4539
400 4539
405 4536
410 4528
415 4522
420 4522
425 4522
430 4522
435 4522
440 4522
445 4522
450 4516
455 4509
460 4509
465 4501
470 4501
475 4501
480 4501
485 4501
490 4490
495 4490
500 4485
505 4485
510 4485
515 4484
520 4479
525 4478
530 4476
535 4476
540 4476
545 4476
550 4473
555 4472
560 4468
565 4460
570 4457
575 4457
580 4453
585 4453
590 4452
595 4451
600 4448
605 4448
610 4445
615 4437
620 4435
625 4435
630 4434
635 4434
640 4434
645 4433
650 4433
655 4425
660 4419
665 4407
670 4403
675 4397
680 4394
685 4393
690 4391
695 4391
700 4390
705 4376
710 4375
715 4357
720 4344
725 4344
730 4337
735 4335
740 4333
745 4332
750 4329
755 4328
760 4328
765 4326
770 4322
775 4322
780 4322
785 4317
790 4307
795 4305
800 4296
805 4294
810 4292
815 4284
820 4272
825 4271
830 4267
835 4267
840 4267
845 4267
850 4253
855 4253
860 4251
865 4232
870 4229
875 4229
880 4226
885 4223
890 4221
895 4218
900 4161
905 4154
910 4148
915 4148
920 4147
925 4144
930 4144
935 4142
940 4142
945 4134
950 4131
955 4131
960 4119
965 4118
970 4117
975 4115
980 4113
985 4109
990 4106
995 4098
1000 4095
1005 4095
1010 4093
1015 4089
1020 4089
1025 4089
1030 4089
1035 4088
1040 4088
1045 4087
1050 4067
1055 4065
1060 4060
1065 4054
1070 4053
1075 4051
1080 4051
1085 4048
1090 4042
1095 4033
1100 4027
1105 4025
1110 4023
1115 4015
1120 4001
1125 4000
1130 3998
1135 3997
1140 3990
1145 3989
1150 3985
1155 3979
1160 3978
1165 3974
1170 3973
1175 3972
1180 3970
1185 3964
1190 3960
1195 3955
1200 3952
1205 3950
1210 3947
1215 3946
1220 3940
1225 3940
1230 3939
1235 3935
1240 3932
1245 3930
1250 3929
1255 3928
1260 3927
1265 3925
1270 3923
1275 3920
1280 3889
1285 3885
1290 3871
1295 3864
1300 3861
1305 3857
1310 3848
1315 3837
1320 3832
1325 3781
1330 3742
1335 3725
1340 3715
1345 3706
1350 3695
1355 3695
1360 3695
1365 3691
1370 3691
1375 3683
1380 3683
1385 3683
1390 3673
1395 3671
1400 3671
1405 3669
1410 3669
1415 3666
1420 3665
1425 3661
1430 3658
1435 3640
1440 3637
1445 3628
1450 3628
1455 3617
1460 3617
1465 3616
1470 3600
1475 3593
1480 3587
1485 3585
1490 3580
1495 3577
1500 3576
1505 3572
1510 3572
1515 3551
1520 3546
1525 3546
1530 3541
1535 3535
1540 3530
1545 3520
1550 3507
1555 3502
1560 3490
1565 3478
1570 3478
1575 3465
1580 3413
1585 3406
1590 3229
1595 3228
1600 3228
1605 3226
1610 3225
1615 3222
1620 3186
1625 3184
1630 3184
1635 3182
1640 3177
1645 3169
1650 3165
1655 3161
1660 3147
1665 3144
1670 3132
1675 3129
1680 3122
1685 3094
1690 3067
1695 3062
1700 3059
1705 3054
1710 3038
1715 3035
1720 3029
1725 3018
1730 3018
1735 3011
1740 3011
1745 3008
1750 2993
1755 2986
1760 2980
1765 2979
1770 2966
1775 2958
1780 2954
1785 2953
1790 2950
1795 2949
1800 2944
1805 2943
1810 2924
1815 2908
1820 2874
1825 2872
1830 2771
1835 2769
1840 2768
1845 2749
1850 2743
1855 2737
1860 2732
1865 2719
1870 2717
1875 2710
1880 2696
1885 2670
1890 2657
1895 2647
1900 2646
1905 2638
1910 2637
1915 2633
1920 2627
1925 2624
1930 2621
1935 2575
1940 2357
1945 2355
1950 2353
1955 2351
1960 2333
1965 2333
1970 2330
1975 2324
1980 2322
1985 2322
1990 2313
1995 2305
2000 2304
2005 2301
2010 2298
2015 2292
2020 2288
2025 2284
2030 2276
2035 2276
2040 2263
2045 2094
2050 2091
2055 2091
2060 2080
2065 2080
2070 2059
2075 2056
2080 2055
2085 2054
2090 2051
2095 2051
2100 2051
2105 2051
2110 2012
2115 2012
2120 2006
2125 2006
2130 2001
2135 1986
2140 1983
2145 1966
2150 1958
2155 1957
2160 1953
2165 1952
2170 1948
2175 1947
2180 1935
2185 1929
2190 1928
2195 1928
2200 1927
2205 1856
2210 1854
2215 1852
2220 1852
2225 1849
2230 1846
2235 1846
2240 1844
2245 1838
2250 1836
2255 1836
2260 1833
2265 1832
2270 1816
2275 1792
2280 1782
2285 1782
2290 1781
2295 1781
2300 1780
2305 1774
2310 1764
2315 1758
2320 1753
2325 1750
2330 1750
2335 1749
2340 1746
2345 1734
2350 1720
2355 1717
2360 1710
2365 1708
2370 1692
2375 1680
2380 1656
2385 1650
2390 1623
2395 1621
2400 1621
2405 1619
2410 1619
2415 1614
2420 1606
2425 1604
2430 1603
2435 1599
2440 1541
2445 1539
2450 1539
2455 1538
2460 1536
2465 1532
2470 1529
2475 1526
2480 1521
2485 1521
2490 1516
2495 1513
2500 1495
2505 1492
2510 1492
2515 1487
2520 1486
2525 1478
2530 1470
2535 1467
2540 1461
2545 1461
2550 1456
2555 1456
2560 1454
2565 1453
2570 1453
2575 1432
2580 1431
2585 1429
2590 1419
2595 1417
2600 1404
2605 1397
2610 1393
2615 1370
2620 1368
2625 1367
2630 1360
2635 1335
2640 1334
2645 1332
2650 1326
2655 1326
2660 1326
2665 1302
2670 1301
2675 1301
2680 1299
2685 1293
2690 1277
2695 1274
2700 1251
2705 1250
2710 1250
2715 1225
2720 1223
2725 1220
2730 1216
2735 1211
2740 1185
2745 1182
2750 1181
2755 1181
2760 1181
2765 1173
2770 1171
2775 1171
2780 1166
2785 1160
2790 1160
2795 1154
2800 1132
2805 1129
2810 1129
2815 1120
2820 1056
2825 1056
2830 1055
2835 1053
2840 1053
2845 986
2850 983
2855 939
2860 934
2865 933
2870 933
2875 933
2880 933
2885 932
2890 928
2895 923
2900 923
2905 921
2910 921
2915 921
2920 918
2925 915
2930 915
2935 911
2940 910
2945 910
2950 909
2955 880
2960 869
2965 869
2970 867
2975 854
2980 854
2985 760
2990 760
2995 760
3000 759
3005 757
3010 757
3015 747
3020 747
3025 737
3030 713
3035 701
3040 552
3045 552
3050 552
3055 552
3060 552
3065 549
3070 549
3075 549
3080 549
3085 545
3090 545
3095 542
3100 535
3105 516
3110 515
3115 513
3120 513
3125 513
3130 513
3135 471
3140 471
3145 467
3150 464
3155 464
3160 464
3165 463
3170 353
3175 353
3180 352
3185 352
3190 349
3195 347
3200 344
3205 344
3210 342
3215 342
3220 333
3225 333
3230 333
3235 333
3240 333
3245 332
3250 332
3255 331
3260 331
3265 331
3270 330
3275 330
3280 329
3285 329
3290 328
3295 328
3300 328
3305 325
3310 324
3315 318
3320 318
3325 318
3330 318
3335 318
3340 318
3345 311
3350 294
3355 292
3360 292
3365 292
3370 292
3375 292
3380 292
3385 292
3390 292
3395 292
3400 290
3405 287
3410 287
3415 287
3420 287
3425 214
3430 214
3435 214
3440 214
3445 211
3450 210
3455 210
3460 198
3465 198
3470 198
3475 198
3480 193
3485 192
3490 192
3495 192
3500 192
3505 192
3510 189
3515 189
3520 189
3525 182
3530 182
3535 182
3540 182
3545 182
3550 182
3555 182
3560 181
3565 181
3570 181
3575 178
3580 178
3585 178
3590 177
3595 177
3600 171
3605 99
3610 99
3615 99
3620 99
3625 99
3630 99
3635 99
3640 99
3645 99
3650 97
3655 97
3660 97
3665 97
3670 97
3675 97
3680 97
3685 95
3690 94
3695 94
3700 94
3705 70
3710 70
3715 70
3720 70
3725 70
3730 70
3735 68
3740 68
3745 68
3750 68
3755 68
3760 68
3765 68
3770 68
3775 68
3780 68
3785 66
3790 66
3795 66
3800 66
3805 66
3810 66
3815 66
3820 66
3825 64
3830 64
3835 64
3840 64
3845 64
3850 64
3855 64
3860 63
3865 63
3870 63
3875 63
3880 63
3885 63
3890 63
3895 63
3900 63
3905 63
3910 63
3915 63
3920 63
3925 63
3930 63
3935 63
3940 63
3945 63
3950 63
3955 63
3960 63
3965 63
3970 63
3975 63
3980 63
3985 63
3990 63
3995 63
4000 63
4005 63
4010 53
4015 53
4020 53
4025 53
4030 53
4035 53
4040 53
4045 53
4050 53
4055 53
4060 53
4065 53
4070 52
4075 52
4080 52
4085 52
4090 52
4095 52
4100 52
4105 52
4110 52
4115 52
4120 52
4125 52
4130 52
4135 52
4140 50
4145 50
4150 50
4155 50
4160 50
4165 50
4170 50
4175 50
4180 50
4185 50
4190 50
4195 50
4200 49
4205 47
4210 36
4215 35
4220 35
4225 35
4230 35
4235 35
4240 35
4245 35
4250 35
4255 35
4260 35
4265 35
4270 34
4275 34
4280 34
4285 34
4290 34
4295 31
4300 31
4305 31
4310 31
4315 29
4320 29
4325 29
4330 29
4335 29
4340 29
4345 29
4350 29
4355 29
4360 29
4365 29
4370 29
4375 29
4380 29
4385 29
4390 29
4395 29
4400 29
4405 29
4410 29
4415 29
4420 29
4425 29
4430 29
4435 29
4440 29
4445 29
4450 29
4455 29
4460 29
4465 29
4470 29
4475 29
4480 29
4485 29
4490 29
4495 29
4500 28
4505 28
4510 28
4515 25
4520 25
4525 25
4530 25
4535 25
4540 25
4545 25
4550 25
4555 25
4560 25
4565 24
4570 24
4575 24
4580 24
4585 24
4590 24
4595 24
4600 24
4605 24
4610 24
4615 24
4620 24
4625 24
4630 24
4635 24
4640 24
4645 24
4650 24
4655 24
4660 24
4665 24
4670 24
4675 24
4680 24
4685 24
4690 23
4695 18
4700 18
4705 18
4710 18
4715 18
4720 18
4725 17
4730 17
4735 17
4740 17
4745 17
4750 17
4755 17
4760 17
4765 17
4770 17
4775 17
4780 17
4785 17
4790 16
4795 16
4800 16
4805 16
4810 16
4815 16
4820 16
4825 16
4830 16
4835 15
4840 15
4845 15
4850 15
4855 15
4860 15
4865 15
4870 15
4875 15
4880 14
4885 14
4890 14
4895 14
4900 14
4905 14
4910 14
4915 14
4920 14
4925 14
4930 14
4935 14
4940 14
4945 13
4950 13
4955 13
4960 13
4965 13
4970 12
4975 12
4980 12
4985 12
4990 12
4995 12
5000 12
5005 12
5010 12
5015 12
5020 12
5025 12
5030 12
5035 12
5040 12
5045 12
5050 12
5055 11
5060 11
5065 11
5070 11
5075 11
5080 11
5085 11
5090 11
5095 11
5100 11
5105 11
5110 11
5115 11
5120 11
5125 11
5130 9
5135 9
5140 9
5145 9
5150 9
5155 9
5160 9
5165 9
5170 9
5175 9
5180 9
5185 9
5190 9
5195 9
5200 9
5205 9
5210 9
5215 9
5220 9
5225 9
5230 9
5235 9
5240 9
5245 9
5250 9
5255 9
5260 9
5265 9
5270 9
5275 9
5280 9
5285 9
5290 9
5295 9
5300 9
5305 9
5310 9
5315 9
5320 9
5325 9
5330 7
5335 7
5340 7
5345 7
5350 7
5355 7
5360 7
5365 7
5370 7
5375 7
5380 7
5385 7
5390 7
5395 6
5400 6
5405 6
5410 6
5415 6
5420 6
5425 6
5430 6
5435 6
5440 6
5445 6
5450 6
5455 6
5460 6
5465 6
5470 6
5475 6
5480 6
5485 6
5490 6
5495 6
5500 6
5505 6
5510 6
5515 6
5520 6
5525 6
5530 6
5535 6
5540 6
5545 6
5550 6
5555 6
5560 6
5565 6
5570 6
5575 6
5580 6
5585 6
5590 6
5595 6
5600 6
5605 6
5610 6
5615 6
5620 6
5625 6
5630 6
5635 6
5640 6
5645 6
5650 6
5655 6
5660 6
5665 6
5670 6
5675 6
5680 6
5685 6
5690 6
5695 6
5700 6
5705 6
5710 6
5715 6
5720 5
5725 5
5730 5
5735 5
5740 5
5745 5
5750 5
5755 5
5760 5
5765 5
5770 5
5775 5
5780 5
5785 5
5790 5
5795 5
5800 5
5805 5
5810 5
5815 5
5820 5
5825 5
5830 5
5835 5
5840 5
5845 5
5850 5
5855 5
5860 5
5865 5
5870 5
5875 5
5880 5
5885 4
5890 4
5895 4
5900 4
5905 4
5910 4
5915 4
5920 4
5925 4
5930 4
5935 4
5940 4
5945 4
5950 4
5955 4
5960 4
5965 4
5970 4
5975 4
5980 4
5985 4
5990 4
5995 4
6000 4
6005 4
6010 4
6015 4
6020 4
6025 4
6030 4
6035 4
6040 4
6045 4
6050 4
6055 4
6060 4
6065 4
6070 4
6075 4
6080 4
6085 4
6090 4
6095 4
6100 3
6105 3
6110 3
6115 3
6120 3
6125 3
6130 3
6135 3
6140 3
6145 3
6150 3
6155 3
6160 3
6165 3
6170 3
6175 3
6180 3
6185 3
6190 3
6195 3
6200 3
6205 3
6210 3
6215 3
6220 3
6225 3
6230 2
6235 2
6240 2
6245 2
6250 2
6255 2
6260 2
6265 2
6270 2
6275 2
6280 2
6285 1
