0 4634
5 4634
10 4634
15 4634
20 4634
25 4634
30 4634
35 4634
40 4634
45 4633
50 4633
55 4632
60 4632
65 4632
70 4632
75 4632
80 4632
85 4632
90 4632
95 4632
100 4632
105 4632
110 4632
115 4616
120 4616
125 4616
130 4616
135 4616
140 4609
145 4608
150 4608
155 4606
160 4606
165 4605
170 4605
175 4605
180 4603
185 4603
190 4603
195 4603
200 4603
205 4603
210 4603
215 4603
220 4599
225 4596
230 4588
235 4586
240 4580
245 4580
250 4579
255 4578
260 4576
265 4576
270 4576
275 4574
280 4573
285 4573
290 4572
295 4564
300 4551
305 4548
310 4547
315 4536
320 4533
325 4533
330 4529
335 4529
340 4529
345 4529
350 4529
355 4529
360 4528
365 4528
370 4528
375 4528
380 4527
385 4526
390 4520
395 4519
400 4519
405 4517
410 4512
415 4512
420 4512
425 4499
430 4496
435 4492
440 4492
445 4491
450 4491
455 4491
460 4491
465 4489
470 4479
475 4475
480 4475
485 4475
490 4475
495 4475
500 4474
505 4470
510 4470
515 4469
520 4469
525 4467
530 4462
535 4427
540 4425
545 4425
550 4423
555 4419
560 4419
565 4419
570 4413
575 4413
580 4406
585 4405
590 4398
595 4396
600 4396
605 4392
610 4386
615 4378
620 4373
625 4372
630 4372
635 4372
640 4361
645 4360
650 4360
655 4357
660 4355
665 4354
670 4350
675 4348
680 4348
685 4348
690 4348
695 4345
700 4344
705 4342
710 4336
715 4336
720 4335
725 4335
730 4333
735 4329
740 4329
745 4326
750 4326
755 4325
760 4325
765 4323
770 4316
775 4315
780 4313
785 4303
790 4293
795 4279
800 4273
805 4272
810 4262
815 4261
820 4256
825 4251
830 4247
835 4244
840 4240
845 4223
850 4215
855 4213
860 4211
865 4208
870 4202
875 4197
880 4195
885 4192
890 4181
895 4180
900 4178
905 4170
910 4151
915 4150
920 4148
925 4148
930 4148
935 4146
940 4138
945 4137
950 4128
955 4124
960 4124
965 4123
970 4120
975 4116
980 4114
985 4087
990 4083
995 4081
1000 4071
1005 4068
1010 4064
1015 4062
1020 4057
1025 4054
1030 4052
1035 4051
1040 4048
1045 4047
1050 4047
1055 4047
1060 4045
1065 4034
1070 4032
1075 4024
1080 4020
1085 4009
1090 4008
1095 4006
1100 3999
1105 3990
1110 3987
1115 3983
1120 3980
1125 3969
1130 3953
1135 3943
1140 3943
1145 3940
1150 3940
1155 3936
1160 3931
1165 3918
1170 3917
1175 3911
1180 3911
1185 3908
1190 3891
1195 3863
1200 3844
1205 3839
1210 3829
1215 3811
1220 3810
1225 3810
1230 3810
1235 3809
1240 3801
1245 3798
1250 3795
1255 3792
1260 3785
1265 3771
1270 3766
1275 3763
1280 3761
1285 3750
1290 3748
1295 3724
1300 3722
1305 3717
1310 3708
1315 3702
1320 3701
1325 3701
1330 3695
1335 3695
1340 3685
1345 3674
1350 3671
1355 3657
1360 3653
1365 3650
1370 3644
1375 3641
1380 3620
1385 3617
1390 3615
1395 3614
1400 3608
1405 3564
1410 3563
1415 3558
1420 3537
1425 3536
1430 3532
1435 3511
1440 3498
1445 3480
1450 3478
1455 3472
1460 3470
1465 3464
1470 3462
1475 3447
1480 3445
1485 3427
1490 3409
1495 3404
1500 3398
1505 3396
1510 3395
1515 3384
1520 3379
1525 3376
1530 3375
1535 3373
1540 3367
1545 3358
1550 3356
1555 3352
1560 3344
1565 3340
1570 3337
1575 3332
1580 3326
1585 3323
1590 3320
1595 3313
1600 3309
1605 3301
1610 3299
1615 3292
1620 3286
1625 3281
1630 3259
1635 3117
1640 3112
1645 3112
1650 3111
1655 3101
1660 3090
1665 3086
1670 3082
1675 3082
1680 3078
1685 3075
1690 3074
1695 3069
1700 3057
1705 3057
1710 3054
1715 3053
1720 3048
1725 3044
1730 3035
1735 3032
1740 2879
1745 2879
1750 2873
1755 2871
1760 2862
1765 2857
1770 2843
1775 2841
1780 2839
1785 2825
1790 2821
1795 2814
1800 2813
1805 2776
1810 2774
1815 2768
1820 2765
1825 2764
1830 2753
1835 2750
1840 2750
1845 2740
1850 2736
1855 2709
1860 2707
1865 2705
1870 2691
1875 2681
1880 2679
1885 2678
1890 2674
1895 2664
1900 2660
1905 2660
1910 2660
1915 2658
1920 2657
1925 2656
1930 2656
1935 2654
1940 2653
1945 2649
1950 2638
1955 2637
1960 2619
1965 2611
1970 2611
1975 2609
1980 2608
1985 2603
1990 2601
1995 2599
2000 2588
2005 2586
2010 2573
2015 2551
2020 2543
2025 2538
2030 2536
2035 2529
2040 2529
2045 2517
2050 2473
2055 2470
2060 2470
2065 2445
2070 2438
2075 2433
2080 2427
2085 2426
2090 2415
2095 2407
2100 2404
2105 2396
2110 2393
2115 2393
2120 2390
2125 2390
2130 2387
2135 2377
2140 2375
2145 2372
2150 2372
2155 2372
2160 2370
2165 2370
2170 2367
2175 2354
2180 2345
2185 2344
2190 2342
2195 2330
2200 2319
2205 2315
2210 2314
2215 2307
2220 2249
2225 2243
2230 2241
2235 2231
2240 2228
2245 2226
2250 2225
2255 2223
2260 2220
2265 2196
2270 2193
2275 2191
2280 2191
2285 2184
2290 2177
2295 2177
2300 2162
2305 2160
2310 2158
2315 2156
2320 2156
2325 2150
2330 2148
2335 2146
2340 2144
2345 2141
2350 2139
2355 2133
2360 2132
2365 2123
2370 2117
2375 2117
2380 2099
2385 2064
2390 2063
2395 2052
2400 2027
2405 2026
2410 2013
2415 1994
2420 1989
2425 1976
2430 1974
2435 1970
2440 1968
2445 1968
2450 1966
2455 1960
2460 1957
2465 1957
2470 1948
2475 1947
2480 1943
2485 1941
2490 1916
2495 1915
2500 1911
2505 1862
2510 1856
2515 1855
2520 1854
2525 1849
2530 1848
2535 1847
2540 1843
2545 1838
2550 1835
2555 1835
2560 1835
2565 1814
2570 1812
2575 1812
2580 1794
2585 1791
2590 1790
2595 1774
2600 1765
2605 1756
2610 1752
2615 1752
2620 1740
2625 1720
2630 1705
2635 1702
2640 1700
2645 1696
2650 1665
2655 1659
2660 1658
2665 1658
2670 1619
2675 1615
2680 1591
2685 1558
2690 1556
2695 1502
2700 1497
2705 1491
2710 1491
2715 1490
2720 1489
2725 1470
2730 1435
2735 1433
2740 1431
2745 1421
2750 1419
2755 1416
2760 1416
2765 1411
2770 1411
2775 1410
2780 1407
2785 1397
2790 1395
2795 1392
2800 1376
2805 1376
2810 1374
2815 1345
2820 1325
2825 1317
2830 1314
2835 1311
2840 1310
2845 1309
2850 1307
2855 1296
2860 1296
2865 1295
2870 1295
2875 1295
2880 1293
2885 1293
2890 1230
2895 1230
2900 1230
2905 1229
2910 1229
2915 1229
2920 1224
2925 1220
2930 1218
2935 1148
2940 1146
2945 1114
2950 1113
2955 1113
2960 1108
2965 1105
2970 1100
2975 1100
2980 984
2985 982
2990 982
2995 977
3000 970
3005 970
3010 970
3015 967
3020 967
3025 966
3030 966
3035 833
3040 833
3045 756
3050 755
3055 752
3060 749
3065 749
3070 749
3075 749
3080 747
3085 747
3090 745
3095 737
3100 735
3105 730
3110 730
3115 730
3120 730
3125 730
3130 730
3135 729
3140 709
3145 698
3150 697
3155 694
3160 691
3165 688
3170 684
3175 684
3180 675
3185 675
3190 675
3195 673
3200 671
3205 667
3210 667
3215 664
3220 664
3225 664
3230 664
3235 646
3240 644
3245 589
3250 585
3255 580
3260 580
3265 572
3270 572
3275 570
3280 570
3285 570
3290 569
3295 569
3300 568
3305 558
3310 558
3315 554
3320 554
3325 554
3330 554
3335 554
3340 553
3345 553
3350 553
3355 337
3360 337
3365 337
3370 337
3375 337
3380 336
3385 336
3390 335
3395 331
3400 331
3405 331
3410 316
3415 316
3420 316
3425 316
3430 316
3435 316
3440 312
3445 312
3450 312
3455 312
3460 272
3465 272
3470 272
3475 272
3480 256
3485 256
3490 227
3495 227
3500 227
3505 227
3510 224
3515 224
3520 224
3525 224
3530 224
3535 224
3540 224
3545 223
3550 223
3555 222
3560 222
3565 222
3570 222
3575 221
3580 218
3585 218
3590 218
3595 218
3600 217
3605 209
3610 209
3615 209
3620 209
3625 208
3630 208
3635 208
3640 208
3645 207
3650 207
3655 207
3660 205
3665 205
3670 205
3675 204
3680 204
3685 203
3690 202
3695 199
3700 199
3705 199
3710 199
3715 198
3720 197
3725 196
3730 196
3735 196
3740 196
3745 196
3750 142
3755 142
3760 142
3765 142
3770 142
3775 142
3780 142
3785 142
3790 142
3795 142
3800 142
3805 142
3810 142
3815 142
3820 142
3825 142
3830 142
3835 142
3840 142
3845 142
3850 142
3855 142
3860 142
3865 141
3870 106
3875 105
3880 105
3885 105
3890 105
3895 105
3900 105
3905 105
3910 105
3915 104
3920 104
3925 104
3930 67
3935 67
3940 67
3945 67
3950 67
3955 67
3960 67
3965 67
3970 67
3975 66
3980 66
3985 60
3990 60
3995 60
4000 60
4005 60
4010 60
4015 60
4020 59
4025 59
4030 59
4035 59
4040 59
4045 59
4050 59
4055 59
4060 57
4065 57
4070 57
4075 57
4080 57
4085 57
4090 57
4095 56
4100 56
4105 56
4110 56
4115 56
4120 56
4125 56
4130 56
4135 56
4140 56
4145 56
4150 56
4155 54
4160 53
4165 53
4170 53
4175 53
4180 53
4185 53
4190 53
4195 53
4200 52
4205 52
4210 52
4215 52
4220 52
4225 52
4230 52
4235 52
4240 52
4245 52
4250 52
4255 52
4260 52
4265 52
4270 52
4275 52
4280 52
4285 52
4290 51
4295 51
4300 51
4305 51
4310 51
4315 51
4320 51
4325 51
4330 51
4335 51
4340 51
4345 51
4350 51
4355 51
4360 51
4365 51
4370 51
4375 51
4380 51
4385 51
4390 51
4395 51
4400 51
4405 51
4410 51
4415 51
4420 44
4425 44
4430 44
4435 44
4440 44
4445 44
4450 44
4455 44
4460 44
4465 44
4470 44
4475 44
4480 44
4485 44
4490 39
4495 39
4500 39
4505 39
4510 39
4515 39
4520 39
4525 39
4530 39
4535 39
4540 39
4545 39
4550 37
4555 37
4560 37
4565 37
4570 37
4575 37
4580 37
4585 37
4590 37
4595 37
4600 37
4605 37
4610 37
4615 37
4620 37
4625 37
4630 37
4635 37
4640 37
4645 37
4650 37
4655 37
4660 37
4665 37
4670 37
4675 37
4680 37
4685 37
4690 37
4695 37
4700 37
4705 30
4710 26
4715 26
4720 26
4725 26
4730 26
4735 26
4740 26
4745 26
4750 24
4755 24
4760 24
4765 15
4770 15
4775 15
4780 15
4785 15
4790 15
4795 15
4800 15
4805 15
4810 15
4815 15
4820 15
4825 15
4830 14
4835 14
4840 14
4845 14
4850 14
4855 14
4860 14
4865 14
4870 14
4875 14
4880 14
4885 14
4890 14
4895 14
4900 14
4905 14
4910 14
4915 14
4920 14
4925 14
4930 13
4935 13
4940 13
4945 13
4950 13
4955 13
4960 13
4965 13
4970 13
4975 13
4980 12
4985 12
4990 12
4995 12
5000 12
5005 12
5010 12
5015 12
5020 12
5025 12
5030 11
5035 11
5040 11
5045 11
5050 11
5055 11
5060 11
5065 11
5070 11
5075 11
5080 11
5085 11
5090 11
5095 11
5100 11
5105 11
5110 11
5115 11
5120 11
5125 11
5130 11
5135 11
5140 11
5145 11
5150 11
5155 11
5160 11
5165 11
5170 11
5175 11
5180 11
5185 11
5190 11
5195 11
5200 11
5205 11
5210 11
5215 11
5220 11
5225 11
5230 11
5235 11
5240 11
5245 11
5250 11
5255 11
5260 11
5265 11
5270 11
5275 11
5280 11
5285 11
5290 11
5295 11
5300 11
5305 11
5310 11
5315 11
5320 11
5325 11
5330 11
5335 11
5340 11
5345 11
5350 11
5355 11
5360 11
5365 11
5370 11
5375 11
5380 11
5385 11
5390 11
5395 11
5400 11
5405 11
5410 11
5415 11
5420 11
5425 11
5430 11
5435 11
5440 11
5445 11
5450 11
5455 11
5460 11
5465 11
5470 11
5475 11
5480 11
5485 11
5490 11
5495 11
5500 11
5505 11
5510 11
5515 11
5520 11
5525 11
5530 10
5535 10
5540 10
5545 10
5550 10
5555 10
5560 10
5565 10
5570 10
5575 10
5580 10
5585 10
5590 10
5595 10
5600 10
5605 10
5610 10
5615 10
5620 10
5625 10
5630 10
5635 10
5640 10
5645 10
5650 10
5655 10
5660 10
5665 10
5670 10
5675 10
5680 10
5685 9
5690 9
5695 9
5700 9
5705 9
5710 9
5715 9
5720 9
5725 9
5730 9
5735 8
5740 8
5745 8
5750 8
5755 8
5760 8
5765 8
5770 8
5775 8
5780 8
5785 8
5790 8
5795 7
5800 7
5805 7
5810 5
5815 5
5820 5
5825 5
5830 5
5835 5
5840 5
5845 5
5850 5
5855 5
5860 5
5865 5
5870 5
5875 5
5880 5
5885 5
5890 5
5895 5
5900 5
5905 5
5910 5
5915 4
5920 4
5925 4
5930 4
5935 4
5940 4
5945 4
5950 4
5955 4
5960 4
5965 4
5970 4
5975 4
5980 4
5985 4
5990 4
5995 4
6000 4
6005 4
6010 4
6015 4
6020 4
6025 4
6030 4
6035 4
6040 4
6045 4
6050 4
6055 4
6060 4
6065 4
6070 4
6075 4
6080 4
6085 4
6090 4
6095 4
6100 4
6105 4
6110 4
6115 4
6120 4
6125 4
6130 4
6135 4
6140 4
6145 4
6150 4
6155 4
6160 4
6165 4
6170 4
6175 4
6180 4
6185 4
6190 4
6195 4
6200 4
6205 3
6210 3
6215 3
6220 3
6225 3
6230 3
6235 3
6240 3
6245 3
6250 3
6255 2
6260 2
6265 2
6270 2
6275 2
6280 2
6285 1
