1 0.0006471095772217428
2 0.0010785159620362382
3 0.0010785159620362382
4 0.0015099223468507334
5 0.0032355478861087143
6 0.004745470232959448
7 0.005176876617773943
8 0.0056082830025884385
9 0.006902502157031924
10 0.009706643658326143
11 0.010569456427955135
12 0.012295081967213115
13 0.016609145815358068
14 0.019628990509059533
15 0.02286453839516825
16 0.02631578947368421
17 0.02911993097497843
18 0.030629853321829163
19 0.037748058671268334
20 0.040336496980155304
21 0.043356341673856776
22 0.04702329594477998
23 0.050258843830888696
24 0.05629853321829163
25 0.06061259706643658
26 0.06449525452976704
27 0.07053494391716997
28 0.07722174288179465
29 0.08067299396031061
30 0.08520276100086281
31 0.08886971527178603
32 0.09620362381363244
33 0.10073339085418465
34 0.10893011216566005
35 0.11216566005176877
36 0.11906816220880069
37 0.1272648835202761
38 0.13157894736842105
39 0.14236410698878343
40 0.1490509059534081
41 0.15379637618636754
42 0.15811044003451252
43 0.16199309749784296
44 0.17083692838654013
45 0.17601380500431407
46 0.1870146678170837
47 0.1943485763589301
48 0.20319240724762727
49 0.2120362381363244
50 0.22497842968075926
51 0.23252804141501293
52 0.23705780845556515
53 0.24115616911130286
54 0.24892148403796377
55 0.25366695427092323
56 0.26229508196721313
57 0.2698446937014668
58 0.2754529767040552
59 0.2776100086281277
60 0.28472821397756687
61 0.29680759275237273
62 0.30651423641069886
63 0.317083692838654
64 0.3287316652286454
65 0.3384383088869715
66 0.3455565142364107
67 0.35224331320103536
68 0.36194995685936154
69 0.37251941328731664
70 0.3781276962899051
71 0.3863244176013805
72 0.3943054357204487
73 0.4012079378774806
74 0.40875754961173427
75 0.41867989646246767
76 0.4214840379637619
77 0.4275237273511648
78 0.4324849007765315
79 0.43636755823986195
80 0.4426229508196721
81 0.44823123382226054
82 0.4501725625539258
83 0.46031061259706646
84 0.46311475409836067
85 0.46937014667817084
86 0.47368421052631576
87 0.4810181190681622
88 0.4870578084555651
89 0.49374460742018983
90 0.5004314063848145
91 0.5077653149266609
92 0.5120793787748059
93 0.5138050043140638
94 0.5230802415875755
95 0.5207075064710958
96 0.5230802415875755
97 0.5301984469370147
98 0.5431406384814496
99 0.5463761863675582
100 0.5545729076790337
101 0.5599654874892148
102 0.5638481449525453
103 0.563632441760138
104 0.573123382226057
105 0.5750647109577222
106 0.5841242450388265
107 0.5882226056945643
108 0.5895168248490078
109 0.5882226056945643
110 0.5886540120793787
111 0.5936151855047455
112 0.5977135461604832
113 0.6026747195858498
114 0.6080672993960311
115 0.6138912855910268
116 0.6169111302847282
117 0.6182053494391717
118 0.6281276962899051
119 0.6246764452113891
120 0.6264020707506471
121 0.634167385677308
122 0.6363244176013805
123 0.6343830888697153
124 0.637618636755824
125 0.6384814495254529
126 0.6455996548748921
127 0.6520707506471096
128 0.659404659188956
129 0.6667385677308024
130 0.6652286453839517
131 0.6751509922346851
132 0.6747195858498706
133 0.6764452113891286
134 0.6842105263157895
135 0.681190681622088
136 0.6822691975841243
137 0.6878774805867127
138 0.6852890422778257
139 0.682916307161346
140 0.6805435720448663
141 0.6859361518550474
142 0.6917601380500431
143 0.6980155306298533
144 0.6995254529767041
145 0.6999568593615185
146 0.7049180327868853
147 0.7034081104400345
148 0.7081535806729939
149 0.7018981880931838
150 0.7031924072476272
151 0.7006039689387403
152 0.7077221742881795
153 0.7131147540983607
154 0.7152717860224331
155 0.7191544434857636
156 0.724762726488352
157 0.7267040552200172
158 0.7310181190681622
159 0.7359792924935289
160 0.7344693701466781
161 0.7340379637618637
162 0.7409404659188956
163 0.7443917169974116
164 0.7441760138050043
165 0.748274374460742
166 0.7547454702329595
167 0.7523727351164797
168 0.7506471095772217
169 0.75
170 0.750862812769629
171 0.751725625539258
172 0.7584124245038827
173 0.7618636755823986
174 0.7616479723899914
175 0.7616479723899914
176 0.7668248490077653
177 0.7655306298533219
178 0.7616479723899914
179 0.7549611734253667
180 0.7540983606557377
181 0.7605694564279551
182 0.7663934426229508
183 0.7666091458153581
184 0.7696289905090595
185 0.7679033649698016
186 0.7696289905090595
187 0.7737273511647972
188 0.774374460742019
189 0.77351164797239
190 0.7724331320103538
191 0.7767471958584987
192 0.7722174288179465
193 0.7724331320103538
194 0.7748058671268335
195 0.7756686798964625
196 0.7704918032786885
197 0.7724331320103538
198 0.769197584124245
199 0.7676876617773943
200 0.7670405522001725
201 0.7668248490077653
202 0.7748058671268335
203 0.7661777394305436
204 0.7655306298533219
205 0.7597066436583262
206 0.7575496117342536
207 0.7575496117342536
208 0.7668248490077653
209 0.7659620362381363
210 0.7605694564279551
211 0.7625107851596203
212 0.7612165660051768
213 0.7676876617773943
214 0.7679033649698016
215 0.7672562553925798
216 0.7704918032786885
217 0.7685504745470233
218 0.7642364106988784
219 0.7635893011216566
220 0.7635893011216566
221 0.7655306298533219
222 0.7648835202761001
223 0.7638050043140638
224 0.7618636755823986
225 0.7631578947368421
226 0.7663934426229508
227 0.7666091458153581
228 0.769197584124245
229 0.7687661777394306
230 0.7672562553925798
231 0.7663934426229508
232 0.7681190681622088
233 0.771786022433132
234 0.7694132873166523
235 0.7707075064710958
236 0.7687661777394306
237 0.7676876617773943
238 0.7676876617773943
239 0.7672562553925798
240 0.7728645383951682
241 0.7763157894736842
242 0.7754529767040552
243 0.7817083692838654
244 0.7819240724762726
245 0.7903364969801553
246 0.7849439171699741
247 0.790120793787748
248 0.7888265746333045
249 0.7903364969801553
250 0.7847282139775669
251 0.7886108714408974
252 0.7784728213977566
253 0.7823554788610871
254 0.7819240724762726
255 0.792709232096635
256 0.7903364969801553
257 0.7840811044003452
258 0.7896893874029336
259 0.7888265746333045
260 0.7858067299396031
261 0.7890422778257118
262 0.7866695427092321
263 0.7883951682484901
264 0.7834339948231234
265 0.7890422778257118
266 0.7858067299396031
267 0.7845125107851596
268 0.7834339948231234
269 0.7836496980155306
270 0.780414150129422
271 0.7765314926660914
272 0.7851596203623814
273 0.7864538395168249
274 0.7888265746333045
275 0.7834339948231234
276 0.7808455565142364
277 0.7834339948231234
278 0.7883951682484901
279 0.7914150129421915
280 0.7862381363244176
281 0.7888265746333045
282 0.7847282139775669
283 0.7832182916307161
284 0.7808455565142364
285 0.7795513373597929
286 0.7812769628990509
287 0.7888265746333045
288 0.7907679033649698
289 0.7862381363244176
290 0.7855910267471958
291 0.790120793787748
292 0.7933563416738568
293 0.795297670405522
294 0.7905522001725626
295 0.7858067299396031
296 0.7879637618636756
297 0.7976704055220017
298 0.790120793787748
299 0.7879637618636756
300 0.7907679033649698
301 0.7896893874029336
302 0.7840811044003452
303 0.7832182916307161
304 0.7825711820534944
305 0.7830025884383088
306 0.7823554788610871
307 0.7763157894736842
308 0.777825711820535
309 0.7780414150129422
310 0.7782571182053495
311 0.7722174288179465
312 0.7765314926660914
313 0.7745901639344263
314 0.7745901639344263
315 0.7761000862812769
316 0.7776100086281277
317 0.7750215703192407
318 0.7745901639344263
319 0.7812769628990509
320 0.7838654012079379
321 0.7830025884383088
322 0.7819240724762726
323 0.7868852459016393
324 0.7894736842105263
325 0.7920621225194133
326 0.7903364969801553
327 0.7873166522864539
328 0.7823554788610871
329 0.7823554788610871
330 0.7871009490940466
331 0.7881794650560828
332 0.7914150129421915
333 0.792709232096635
334 0.7896893874029336
335 0.7853753235547886
336 0.7832182916307161
337 0.7810612597066436
338 0.7845125107851596
339 0.7916307161345988
340 0.7871009490940466
341 0.7879637618636756
342 0.7924935289042278
343 0.7916307161345988
344 0.793572044866264
345 0.7922778257118205
346 0.7890422778257118
347 0.7886108714408974
348 0.7924935289042278
349 0.7855910267471958
350 0.7838654012079379
351 0.7892579810181191
352 0.7858067299396031
353 0.7845125107851596
354 0.7789042277825712
355 0.7773943054357204
356 0.7748058671268335
357 0.7761000862812769
358 0.7877480586712683
359 0.7830025884383088
360 0.7858067299396031
361 0.7810612597066436
362 0.7797670405522001
363 0.7771786022433133
364 0.7780414150129422
365 0.7860224331320104
366 0.7845125107851596
367 0.7849439171699741
368 0.7879637618636756
369 0.7892579810181191
370 0.7855910267471958
371 0.7881794650560828
372 0.7858067299396031
373 0.7808455565142364
374 0.7789042277825712
375 0.7806298533218292
376 0.7771786022433133
377 0.777825711820535
378 0.7817083692838654
379 0.7823554788610871
380 0.7756686798964625
381 0.7814926660914582
382 0.7866695427092321
383 0.7875323554788611
384 0.7933563416738568
385 0.7996117342536669
386 0.7993960310612597
387 0.7963761863675582
388 0.7877480586712683
389 0.7879637618636756
390 0.7830025884383088
391 0.7838654012079379
392 0.7797670405522001
393 0.7791199309749784
394 0.7806298533218292
395 0.7806298533218292
396 0.7875323554788611
397 0.7905522001725626
398 0.7855910267471958
399 0.7851596203623814
400 0.7864538395168249
401 0.7881794650560828
402 0.7825711820534944
403 0.7799827437446074
404 0.7799827437446074
405 0.7840811044003452
406 0.7896893874029336
407 0.7911993097497843
408 0.7931406384814496
409 0.7937877480586712
410 0.7877480586712683
411 0.7890422778257118
412 0.7812769628990509
413 0.7799827437446074
414 0.7797670405522001
415 0.7819240724762726
416 0.7830025884383088
417 0.780414150129422
418 0.7812769628990509
419 0.7817083692838654
420 0.776962899050906
421 0.7836496980155306
422 0.7858067299396031
423 0.7862381363244176
424 0.7864538395168249
425 0.7827868852459017
426 0.7851596203623814
427 0.7814926660914582
428 0.7827868852459017
429 0.7855910267471958
430 0.7868852459016393
431 0.776962899050906
432 0.7797670405522001
433 0.7780414150129422
434 0.7866695427092321
435 0.7868852459016393
436 0.7849439171699741
437 0.7730802415875755
438 0.775237273511648
439 0.7722174288179465
440 0.7750215703192407
441 0.7817083692838654
442 0.7795513373597929
443 0.7761000862812769
444 0.7715703192407247
445 0.7754529767040552
446 0.7776100086281277
447 0.7817083692838654
448 0.7791199309749784
449 0.7789042277825712
450 0.7732959447799828
451 0.7756686798964625
452 0.7806298533218292
453 0.7814926660914582
454 0.7827868852459017
455 0.7823554788610871
456 0.7858067299396031
457 0.7886108714408974
458 0.7881794650560828
459 0.7827868852459017
460 0.7819240724762726
461 0.7799827437446074
462 0.7782571182053495
463 0.7732959447799828
464 0.7666091458153581
465 0.7728645383951682
466 0.7724331320103538
467 0.7782571182053495
468 0.7724331320103538
469 0.7773943054357204
470 0.7730802415875755
471 0.7745901639344263
472 0.775237273511648
473 0.7728645383951682
474 0.7814926660914582
475 0.7823554788610871
476 0.7832182916307161
477 0.7821397756686799
478 0.772648835202761
479 0.7847282139775669
480 0.7851596203623814
481 0.7851596203623814
482 0.7877480586712683
483 0.7875323554788611
484 0.7914150129421915
485 0.7942191544434858
486 0.7942191544434858
487 0.8030629853321829
488 0.8004745470232959
489 0.7976704055220017
490 0.7981018119068162
491 0.7890422778257118
492 0.7933563416738568
493 0.7911993097497843
494 0.7851596203623814
495 0.7858067299396031
496 0.7886108714408974
497 0.7909836065573771
498 0.7890422778257118
499 0.7847282139775669
500 0.7849439171699741
501 0.7855910267471958
502 0.7855910267471958
503 0.7866695427092321
504 0.7886108714408974
505 0.7909836065573771
506 0.7933563416738568
507 0.7890422778257118
508 0.7896893874029336
509 0.7931406384814496
510 0.7931406384814496
511 0.790120793787748
512 0.7914150129421915
513 0.7864538395168249
514 0.7888265746333045
515 0.7911993097497843
516 0.7920621225194133
517 0.7862381363244176
518 0.7883951682484901
519 0.7819240724762726
520 0.7836496980155306
521 0.7862381363244176
522 0.7855910267471958
523 0.7849439171699741
524 0.7810612597066436
525 0.7825711820534944
526 0.7845125107851596
527 0.7853753235547886
528 0.7842968075927523
529 0.7875323554788611
530 0.7931406384814496
531 0.7946505608283002
532 0.7937877480586712
533 0.7933563416738568
534 0.7929249352890423
535 0.7877480586712683
536 0.7823554788610871
537 0.7808455565142364
538 0.7741587575496117
539 0.7821397756686799
540 0.7881794650560828
541 0.7849439171699741
542 0.7814926660914582
543 0.7763157894736842
544 0.7767471958584987
545 0.7845125107851596
546 0.7801984469370147
547 0.7786885245901639
548 0.7810612597066436
549 0.7739430543572045
550 0.775237273511648
551 0.7754529767040552
552 0.7763157894736842
553 0.7806298533218292
554 0.7817083692838654
555 0.7840811044003452
556 0.7840811044003452
557 0.7877480586712683
558 0.7834339948231234
559 0.7842968075927523
560 0.7842968075927523
561 0.7838654012079379
562 0.7797670405522001
563 0.7819240724762726
564 0.7782571182053495
565 0.7823554788610871
566 0.7797670405522001
567 0.7806298533218292
568 0.7817083692838654
569 0.7793356341673857
570 0.7793356341673857
571 0.7860224331320104
572 0.7840811044003452
573 0.780414150129422
574 0.7773943054357204
575 0.7806298533218292
576 0.7814926660914582
577 0.7776100086281277
578 0.776962899050906
579 0.7758843830888698
580 0.77351164797239
581 0.7730802415875755
582 0.7724331320103538
583 0.7713546160483176
584 0.7754529767040552
585 0.7732959447799828
586 0.7704918032786885
587 0.7776100086281277
588 0.7877480586712683
589 0.7907679033649698
590 0.790120793787748
591 0.7918464193270061
592 0.7909836065573771
593 0.7793356341673857
594 0.7819240724762726
595 0.792709232096635
596 0.793572044866264
597 0.7830025884383088
598 0.7836496980155306
599 0.7821397756686799
600 0.7765314926660914
601 0.777825711820535
602 0.7810612597066436
603 0.7786885245901639
604 0.7756686798964625
605 0.7739430543572045
606 0.7776100086281277
607 0.7825711820534944
608 0.7860224331320104
609 0.7886108714408974
610 0.793572044866264
611 0.7875323554788611
612 0.7851596203623814
613 0.7886108714408974
614 0.7918464193270061
615 0.7957290767903364
616 0.8009059534081104
617 0.8039257981018119
618 0.8056514236410699
619 0.8043572044866264
620 0.8041415012942191
621 0.8006902502157032
622 0.8017687661777394
623 0.7985332182916307
624 0.8045729076790337
625 0.8000431406384815
626 0.7985332182916307
627 0.7896893874029336
628 0.7914150129421915
629 0.7840811044003452
630 0.7862381363244176
631 0.7868852459016393
632 0.7845125107851596
633 0.7780414150129422
634 0.7765314926660914
635 0.7806298533218292
636 0.7814926660914582
637 0.7864538395168249
638 0.7860224331320104
639 0.7862381363244176
640 0.7862381363244176
641 0.7877480586712683
642 0.7888265746333045
643 0.7890422778257118
644 0.7873166522864539
645 0.7806298533218292
646 0.7834339948231234
647 0.7814926660914582
648 0.7812769628990509
649 0.7830025884383088
650 0.7797670405522001
651 0.7866695427092321
652 0.7911993097497843
653 0.7922778257118205
654 0.793572044866264
655 0.7903364969801553
656 0.7909836065573771
657 0.794434857635893
658 0.7976704055220017
659 0.7957290767903364
660 0.7929249352890423
661 0.7899050905953409
662 0.7894736842105263
663 0.7946505608283002
664 0.796160483175151
665 0.795297670405522
666 0.7931406384814496
667 0.7911993097497843
668 0.7914150129421915
669 0.7896893874029336
670 0.7838654012079379
671 0.7851596203623814
672 0.7834339948231234
673 0.7797670405522001
674 0.7842968075927523
675 0.775237273511648
676 0.777825711820535
677 0.7765314926660914
678 0.7704918032786885
679 0.7704918032786885
680 0.772648835202761
681 0.7758843830888698
682 0.7797670405522001
683 0.7765314926660914
684 0.7761000862812769
685 0.7823554788610871
686 0.7868852459016393
687 0.7918464193270061
688 0.7931406384814496
689 0.7924935289042278
690 0.7920621225194133
691 0.7914150129421915
692 0.7940034512510785
693 0.7968075927523728
694 0.7991803278688525
695 0.7937877480586712
696 0.7883951682484901
697 0.7942191544434858
698 0.796160483175151
699 0.7942191544434858
700 0.7955133735979293
