1 0.0012942191544434857
2 0.0015099223468507334
3 0.001725625539257981
4 0.0025884383088869713
5 0.0032355478861087143
6 0.005392579810181191
7 0.006255392579810181
8 0.006686798964624676
9 0.007765314926660914
10 0.009490940465918895
11 0.010785159620362382
12 0.01272648835202761
13 0.012942191544434857
14 0.012942191544434857
15 0.015099223468507334
16 0.017903364969801553
17 0.020491803278688523
18 0.022433132010353754
19 0.024805867126833477
20 0.028041415012942193
21 0.029551337359792925
22 0.03192407247627265
23 0.035806729939603106
24 0.04184641932700604
25 0.044219154443485766
26 0.04723899913718723
27 0.049396031061259706
28 0.05263157894736842
29 0.05586712683347714
30 0.05996548748921484
31 0.06363244176013805
32 0.067946505608283
33 0.07377049180327869
34 0.07830025884383089
35 0.08067299396031061
36 0.08584987057808456
37 0.08994823123382226
38 0.0942622950819672
39 0.09943917169974116
40 0.10612597066436583
41 0.11259706643658327
42 0.11604831751509923
43 0.12402933563416739
44 0.1309318377911993
45 0.1371872303710095
46 0.1408541846419327
47 0.14408973252804141
48 0.1453839516824849
49 0.15034512510785158
50 0.15724762726488353
51 0.1643658326143227
52 0.17105263157894737
53 0.17730802415875754
54 0.18097497842968077
55 0.1861518550474547
56 0.19003451251078515
57 0.19758412424503882
58 0.20750647109577222
59 0.2128990509059534
60 0.22497842968075926
61 0.2336065573770492
62 0.23964624676445212
63 0.2450388265746333
64 0.25625539257981017
65 0.25970664365832613
66 0.2644521138912856
67 0.27113891285591024
68 0.2758843830888697
69 0.28235547886108714
70 0.28688524590163933
71 0.2948662640207075
72 0.3043572044866264
73 0.3147109577221743
74 0.32484900776531495
75 0.3352027610008628
76 0.3425366695427092
77 0.34749784296807595
78 0.35785159620362383
79 0.36928386540120794
80 0.37359792924935287
81 0.3800690250215703
82 0.38610871440897326
83 0.39365832614322693
84 0.3990509059534081
85 0.40509059534081104
86 0.41199309749784296
87 0.4188955996548749
88 0.4242881794650561
89 0.4270923209663503
90 0.43183779119930976
91 0.43485763589301124
92 0.44348576358930114
93 0.4516824849007765
94 0.457290767903365
95 0.4654874892148404
96 0.46527178602243313
97 0.47044866264020707
98 0.4771354616048318
99 0.48123382226056943
100 0.4842536669542709
101 0.4928817946505608
102 0.49978429680759273
103 0.5077653149266609
104 0.5103537532355479
105 0.5170405522001725
106 0.5286885245901639
107 0.5325711820534944
108 0.5360224331320104
109 0.5429249352890423
110 0.5504745470232959
111 0.5504745470232959
112 0.5509059534081104
113 0.5586712683347713
114 0.5612597066436583
115 0.5681622088006902
116 0.5778688524590164
117 0.586281276962899
118 0.5871440897325281
119 0.5899482312338222
120 0.5927523727351165
121 0.5968507333908541
122 0.6018119068162209
123 0.6063416738567731
124 0.6102243313201036
125 0.612381363244176
126 0.618421052631579
127 0.6240293356341674
128 0.6298533218291631
129 0.6302847282139775
130 0.6317946505608283
131 0.6378343399482312
132 0.6462467644521139
133 0.6490509059534081
134 0.6505608283002589
135 0.6522864538395168
136 0.6542277825711821
137 0.6544434857635893
138 0.6570319240724762
139 0.6613459879206213
140 0.6609145815358067
141 0.6615616911130284
142 0.66458153580673
143 0.6693270060396894
144 0.6682484900776532
145 0.6697584124245038
146 0.6716997411561692
147 0.6673856773080241
148 0.6630716134598792
149 0.6734253666954271
150 0.6725625539257981
151 0.6773080241587576
152 0.677739430543572
153 0.6852890422778257
154 0.6883088869715271
155 0.6798964624676446
156 0.6831320103537533
157 0.6852890422778257
158 0.6941328731665228
159 0.6932700603968939
160 0.6934857635893011
161 0.6984469370146679
162 0.7051337359792925
163 0.7085849870578085
164 0.7116048317515099
165 0.709879206212252
166 0.7118205349439172
167 0.7100949094046591
168 0.7124676445211389
169 0.7131147540983607
170 0.7159188955996548
171 0.7090163934426229
172 0.7070750647109577
173 0.705565142364107
174 0.7006039689387403
175 0.6997411561691113
176 0.703839516824849
177 0.7059965487489215
178 0.7122519413287317
179 0.7154874892148404
180 0.7148403796376186
181 0.7185073339085418
182 0.722174288179465
183 0.724762726488352
184 0.7254098360655737
185 0.7258412424503883
186 0.7236842105263158
187 0.7189387402933564
188 0.7226056945642796
189 0.7219585849870578
190 0.7204486626402071
191 0.7219585849870578
192 0.7238999137187231
193 0.7292924935289042
194 0.7297238999137188
195 0.7286453839516824
196 0.7346850733390854
197 0.7355478861087144
198 0.7389991371872304
199 0.7383520276100086
200 0.7420189818809318
201 0.7433132010353753
202 0.7422346850733391
203 0.7461173425366695
204 0.7446074201898188
205 0.7471958584987057
206 0.7480586712683348
207 0.7493528904227783
208 0.7515099223468508
209 0.7487057808455565
210 0.7484900776531492
211 0.75
212 0.7569025021570319
213 0.7549611734253667
214 0.75862812769629
215 0.7610008628127696
216 0.7648835202761001
217 0.7633735979292493
218 0.7610008628127696
219 0.7694132873166523
220 0.7655306298533219
221 0.7610008628127696
222 0.7597066436583262
223 0.7633735979292493
224 0.7635893011216566
225 0.7599223468507333
226 0.7566867989646247
227 0.7573339085418465
228 0.7594909404659189
229 0.7566867989646247
230 0.7547454702329595
231 0.75862812769629
232 0.7564710957722174
233 0.7573339085418465
234 0.7612165660051768
235 0.7590595340811044
236 0.7603537532355479
237 0.7599223468507333
238 0.7558239861949957
239 0.7506471095772217
240 0.7484900776531492
241 0.7538826574633305
242 0.7605694564279551
243 0.7581967213114754
244 0.7579810181190682
245 0.7646678170836928
246 0.7650992234685073
247 0.7679033649698016
248 0.7607851596203624
249 0.7646678170836928
250 0.7612165660051768
251 0.7670405522001725
252 0.7707075064710958
253 0.769197584124245
254 0.7704918032786885
255 0.7711389128559103
256 0.7722174288179465
257 0.7720017256255393
258 0.7679033649698016
259 0.7748058671268335
260 0.7739430543572045
261 0.7728645383951682
262 0.7681190681622088
263 0.7661777394305436
264 0.7663934426229508
265 0.7638050043140638
266 0.7640207075064711
267 0.7631578947368421
268 0.7659620362381363
269 0.7663934426229508
270 0.7648835202761001
271 0.7702761000862812
272 0.7663934426229508
273 0.765746333045729
274 0.7737273511647972
275 0.7702761000862812
276 0.7679033649698016
277 0.7638050043140638
278 0.7655306298533219
279 0.7700603968938741
280 0.774374460742019
281 0.7720017256255393
282 0.7776100086281277
283 0.7737273511647972
284 0.772648835202761
285 0.7771786022433133
286 0.7799827437446074
287 0.7761000862812769
288 0.775237273511648
289 0.771786022433132
290 0.7720017256255393
291 0.777825711820535
292 0.777825711820535
293 0.7797670405522001
294 0.7791199309749784
295 0.7858067299396031
296 0.7786885245901639
297 0.7754529767040552
298 0.77351164797239
299 0.7773943054357204
300 0.7812769628990509
301 0.7797670405522001
302 0.7739430543572045
303 0.7730802415875755
304 0.7715703192407247
305 0.7795513373597929
306 0.780414150129422
307 0.7780414150129422
308 0.7797670405522001
309 0.7776100086281277
310 0.7795513373597929
311 0.7786885245901639
312 0.7823554788610871
313 0.7836496980155306
314 0.7858067299396031
315 0.7853753235547886
316 0.7832182916307161
317 0.7842968075927523
318 0.7873166522864539
319 0.7879637618636756
320 0.7892579810181191
321 0.7864538395168249
322 0.7937877480586712
323 0.792709232096635
324 0.7899050905953409
325 0.7903364969801553
326 0.7946505608283002
327 0.7916307161345988
328 0.7903364969801553
329 0.7914150129421915
330 0.7970232959447799
331 0.7985332182916307
332 0.7993960310612597
333 0.7955133735979293
334 0.7922778257118205
335 0.7890422778257118
336 0.7922778257118205
337 0.7888265746333045
338 0.7860224331320104
339 0.7849439171699741
340 0.7823554788610871
341 0.7847282139775669
342 0.7894736842105263
343 0.7881794650560828
344 0.7890422778257118
345 0.794434857635893
346 0.790120793787748
347 0.790120793787748
348 0.7873166522864539
349 0.7851596203623814
350 0.7855910267471958
351 0.7914150129421915
352 0.7922778257118205
353 0.7860224331320104
354 0.7881794650560828
355 0.7888265746333045
356 0.7842968075927523
357 0.7873166522864539
358 0.7888265746333045
359 0.7894736842105263
360 0.7881794650560828
361 0.7862381363244176
362 0.7851596203623814
363 0.7894736842105263
364 0.7942191544434858
365 0.7899050905953409
366 0.7911993097497843
367 0.7903364969801553
368 0.7877480586712683
369 0.7855910267471958
370 0.7825711820534944
371 0.7801984469370147
372 0.7791199309749784
373 0.7801984469370147
374 0.7758843830888698
375 0.7791199309749784
376 0.7786885245901639
377 0.7825711820534944
378 0.7842968075927523
379 0.7806298533218292
380 0.7877480586712683
381 0.7875323554788611
382 0.793572044866264
383 0.7866695427092321
384 0.7894736842105263
385 0.7911993097497843
386 0.7825711820534944
387 0.7814926660914582
388 0.7838654012079379
389 0.7819240724762726
390 0.7883951682484901
391 0.7862381363244176
392 0.7853753235547886
393 0.7860224331320104
394 0.7922778257118205
395 0.790120793787748
396 0.7866695427092321
397 0.7836496980155306
398 0.7795513373597929
399 0.7806298533218292
400 0.7782571182053495
401 0.7819240724762726
402 0.7892579810181191
403 0.7810612597066436
404 0.7827868852459017
405 0.7814926660914582
406 0.7858067299396031
407 0.792709232096635
408 0.7911993097497843
409 0.7911993097497843
410 0.7899050905953409
411 0.7916307161345988
412 0.7886108714408974
413 0.792709232096635
414 0.7929249352890423
415 0.7933563416738568
416 0.7918464193270061
417 0.7991803278688525
418 0.7929249352890423
419 0.792709232096635
420 0.7937877480586712
421 0.7940034512510785
422 0.7929249352890423
423 0.7920621225194133
424 0.7946505608283002
425 0.7899050905953409
426 0.7914150129421915
427 0.7886108714408974
428 0.7916307161345988
429 0.7948662640207075
430 0.795297670405522
431 0.7911993097497843
432 0.7976704055220017
433 0.7933563416738568
434 0.7875323554788611
435 0.7860224331320104
436 0.7840811044003452
437 0.7851596203623814
438 0.7873166522864539
439 0.776962899050906
440 0.7793356341673857
441 0.7739430543572045
442 0.7789042277825712
443 0.7784728213977566
444 0.7767471958584987
445 0.7784728213977566
446 0.7866695427092321
447 0.7830025884383088
448 0.7840811044003452
449 0.7849439171699741
450 0.7909836065573771
451 0.7909836065573771
452 0.7903364969801553
453 0.7853753235547886
454 0.7819240724762726
455 0.7791199309749784
456 0.7812769628990509
457 0.7832182916307161
458 0.7860224331320104
459 0.7830025884383088
460 0.7879637618636756
461 0.7806298533218292
462 0.7827868852459017
463 0.7849439171699741
464 0.7851596203623814
465 0.7806298533218292
466 0.7810612597066436
467 0.7830025884383088
468 0.7786885245901639
469 0.7730802415875755
470 0.7773943054357204
471 0.772648835202761
472 0.7715703192407247
473 0.777825711820535
474 0.7806298533218292
475 0.7873166522864539
476 0.7836496980155306
477 0.7853753235547886
478 0.7894736842105263
479 0.7894736842105263
480 0.7845125107851596
481 0.7773943054357204
482 0.7847282139775669
483 0.7842968075927523
484 0.7883951682484901
485 0.7903364969801553
486 0.7890422778257118
487 0.7924935289042278
488 0.8004745470232959
489 0.7970232959447799
490 0.7959447799827437
491 0.7955133735979293
492 0.7931406384814496
493 0.7933563416738568
494 0.7868852459016393
495 0.7860224331320104
496 0.7886108714408974
497 0.7883951682484901
498 0.7879637618636756
499 0.7883951682484901
500 0.7868852459016393
501 0.7832182916307161
502 0.7847282139775669
503 0.7840811044003452
504 0.7881794650560828
505 0.7903364969801553
506 0.7931406384814496
507 0.7899050905953409
508 0.7911993097497843
509 0.7868852459016393
510 0.7877480586712683
511 0.7886108714408974
512 0.7896893874029336
513 0.7881794650560828
514 0.7892579810181191
515 0.7907679033649698
516 0.7911993097497843
517 0.7860224331320104
518 0.7855910267471958
519 0.7886108714408974
520 0.7931406384814496
521 0.7942191544434858
522 0.7976704055220017
523 0.7965918895599655
524 0.7955133735979293
525 0.7946505608283002
526 0.7972389991371872
527 0.7959447799827437
528 0.7909836065573771
529 0.7866695427092321
530 0.7836496980155306
531 0.7791199309749784
532 0.7812769628990509
533 0.7737273511647972
534 0.7789042277825712
535 0.7864538395168249
536 0.7871009490940466
537 0.7799827437446074
538 0.7795513373597929
539 0.7832182916307161
540 0.7896893874029336
541 0.7899050905953409
542 0.790120793787748
543 0.7965918895599655
544 0.7924935289042278
545 0.7896893874029336
546 0.792709232096635
547 0.7991803278688525
548 0.7924935289042278
549 0.7970232959447799
550 0.7942191544434858
551 0.7907679033649698
552 0.7875323554788611
553 0.7894736842105263
554 0.7918464193270061
555 0.7948662640207075
556 0.7877480586712683
557 0.7922778257118205
558 0.7950819672131147
559 0.7933563416738568
560 0.7972389991371872
561 0.7965918895599655
562 0.8004745470232959
563 0.798748921484038
564 0.7957290767903364
565 0.7963761863675582
566 0.7993960310612597
567 0.7950819672131147
568 0.8037100949094047
569 0.7983175150992234
570 0.7946505608283002
571 0.7950819672131147
572 0.796160483175151
573 0.7892579810181191
574 0.7946505608283002
575 0.7918464193270061
576 0.796160483175151
577 0.7922778257118205
578 0.790120793787748
579 0.7918464193270061
580 0.7955133735979293
581 0.794434857635893
582 0.798748921484038
583 0.795297670405522
584 0.7955133735979293
585 0.8002588438308887
586 0.798748921484038
587 0.7959447799827437
588 0.7950819672131147
589 0.7905522001725626
590 0.7875323554788611
591 0.7896893874029336
592 0.7888265746333045
593 0.7847282139775669
594 0.7799827437446074
595 0.7782571182053495
596 0.775237273511648
597 0.774374460742019
598 0.7763157894736842
599 0.7817083692838654
600 0.7795513373597929
601 0.774374460742019
602 0.7704918032786885
603 0.7681190681622088
604 0.7685504745470233
605 0.769197584124245
606 0.7689818809318378
607 0.770923209663503
608 0.772648835202761
609 0.7724331320103538
610 0.7730802415875755
611 0.7771786022433133
612 0.7758843830888698
613 0.7812769628990509
614 0.7799827437446074
615 0.7789042277825712
616 0.7795513373597929
617 0.7806298533218292
618 0.7877480586712683
619 0.7855910267471958
620 0.7920621225194133
621 0.7948662640207075
622 0.7972389991371872
623 0.796160483175151
624 0.7881794650560828
625 0.7849439171699741
626 0.790120793787748
627 0.7929249352890423
628 0.7929249352890423
629 0.7931406384814496
630 0.7914150129421915
631 0.792709232096635
632 0.7896893874029336
633 0.7946505608283002
634 0.7955133735979293
635 0.7866695427092321
636 0.7853753235547886
637 0.7810612597066436
638 0.7819240724762726
639 0.7827868852459017
640 0.7819240724762726
641 0.7830025884383088
642 0.7905522001725626
643 0.7924935289042278
644 0.7849439171699741
645 0.7890422778257118
646 0.7860224331320104
647 0.7838654012079379
648 0.7847282139775669
649 0.7799827437446074
650 0.7793356341673857
651 0.7851596203623814
652 0.7840811044003452
653 0.7892579810181191
654 0.7871009490940466
655 0.7860224331320104
656 0.7871009490940466
657 0.7881794650560828
658 0.7981018119068162
659 0.8022001725625539
660 0.792709232096635
661 0.796160483175151
662 0.7916307161345988
663 0.7873166522864539
664 0.7877480586712683
665 0.7830025884383088
666 0.7830025884383088
667 0.7825711820534944
668 0.7851596203623814
669 0.7832182916307161
670 0.7793356341673857
671 0.7849439171699741
672 0.7847282139775669
673 0.7892579810181191
674 0.7920621225194133
675 0.7918464193270061
676 0.792709232096635
677 0.7845125107851596
678 0.7886108714408974
679 0.7866695427092321
680 0.7851596203623814
681 0.7860224331320104
682 0.7838654012079379
683 0.7860224331320104
684 0.7840811044003452
685 0.7914150129421915
686 0.7920621225194133
687 0.7868852459016393
688 0.7924935289042278
689 0.797886108714409
690 0.8009059534081104
691 0.8041415012942191
692 0.7998274374460742
693 0.7998274374460742
694 0.7981018119068162
695 0.7946505608283002
696 0.7983175150992234
697 0.7931406384814496
698 0.7922778257118205
699 0.7937877480586712
700 0.7890422778257118
