1 0.00021570319240724764
2 0.00021570319240724764
3 0.0006471095772217428
4 0.0008628127696289905
5 0.0010785159620362382
6 0.0010785159620362382
7 0.0010785159620362382
8 0.0012942191544434857
9 0.0015099223468507334
10 0.001725625539257981
11 0.0019413287316652286
12 0.0019413287316652286
13 0.0019413287316652286
14 0.0019413287316652286
15 0.002372735116479724
16 0.0025884383088869713
17 0.0025884383088869713
18 0.0032355478861087143
19 0.0045297670405522
20 0.0045297670405522
21 0.005392579810181191
22 0.006255392579810181
23 0.006255392579810181
24 0.0064710957722174285
25 0.006902502157031924
26 0.007333908541846419
27 0.00819672131147541
28 0.008628127696289905
29 0.00819672131147541
30 0.007118205349439172
31 0.007981018119068163
32 0.008412424503882658
33 0.009706643658326143
34 0.010138050043140638
35 0.011432269197584125
36 0.012295081967213115
37 0.013589301121656601
38 0.013805004314063849
39 0.015099223468507334
40 0.015099223468507334
41 0.015962036238136326
42 0.01639344262295082
43 0.017040552200172563
44 0.019197584124245038
45 0.020276100086281276
46 0.02286453839516825
47 0.023295944779982744
48 0.025021570319240724
49 0.02610008628127696
50 0.027610008628127698
51 0.02998274374460742
52 0.0321397756686799
53 0.03300258843830889
54 0.034943917169974116
55 0.036022433132010354
56 0.037748058671268334
57 0.03968938740293356
58 0.040983606557377046
59 0.04270923209663503
60 0.045944779982743746
61 0.04961173425366695
62 0.05176876617773943
63 0.051121656600517686
64 0.05457290767903365
65 0.056082830025884385
66 0.05543572044866264
67 0.05802415875754961
68 0.06061259706643658
69 0.062122519413287315
70 0.06492666091458153
71 0.06902502157031924
72 0.07204486626402071
73 0.07506471095772217
74 0.0815358067299396
75 0.08800690250215704
76 0.08930112165660052
77 0.09210526315789473
78 0.09361518550474547
79 0.09728213977566869
80 0.09943917169974116
81 0.10375323554788611
82 0.10655737704918032
83 0.11216566005176877
84 0.11561691113028473
85 0.12122519413287317
86 0.12661777394305435
87 0.1317946505608283
88 0.13912855910267471
89 0.14322691975841242
90 0.15034512510785158
91 0.15918895599654875
92 0.1643658326143227
93 0.1712683347713546
94 0.17644521138912855
95 0.18140638481449525
96 0.1915444348576359
97 0.19909404659188956
98 0.20319240724762727
99 0.21031061259706643
100 0.2137618636755824
101 0.22519413287316653
102 0.23101811906816222
103 0.24396031061259707
104 0.2512942191544435
105 0.25884383088869717
106 0.2698446937014668
107 0.2756686798964625
108 0.27955133735979293
109 0.2901207937877481
110 0.3002588438308887
111 0.3114754098360656
112 0.31924072476272647
113 0.32916307161345987
114 0.33498705780845556
115 0.34663503019844694
116 0.35353753235547886
117 0.3604400345125108
118 0.365832614322692
119 0.36885245901639346
120 0.37251941328731664
121 0.3817946505608283
122 0.38934426229508196
123 0.39106988783433994
124 0.3966781708369284
125 0.4044434857635893
126 0.40832614322691974
127 0.4188955996548749
128 0.4253666954270923
129 0.42946505608283003
130 0.43507333908541845
131 0.4456427955133736
132 0.4510353753235548
133 0.457290767903365
134 0.46074201898188094
135 0.4672131147540984
136 0.47476272648835205
137 0.4831751509922347
138 0.4868421052631579
139 0.49396031061259704
140 0.4941760138050043
141 0.5
142 0.5056082830025884
143 0.5116479723899914
144 0.5138050043140638
145 0.5163934426229508
146 0.5159620362381363
147 0.5207075064710958
148 0.5280414150129422
149 0.5340811044003452
150 0.5440034512510785
151 0.5515530629853321
152 0.5545729076790337
153 0.5601811906816221
154 0.5632010353753235
155 0.5698878343399483
156 0.5666522864538395
157 0.5737704918032787
158 0.5772217428817946
159 0.5823986194995686
160 0.5852027610008628
161 0.5856341673856773
162 0.5908110440034513
163 0.5951251078515962
164 0.5987920621225195
165 0.6044003451251079
166 0.6089301121656601
167 0.6087144089732528
168 0.6119499568593615
169 0.6190681622088007
170 0.6238136324417601
171 0.6302847282139775
172 0.635893011216566
173 0.6417169974115617
174 0.6449525452976704
175 0.6503451251078516
176 0.6563848144952545
177 0.6606988783433995
178 0.6635030198446937
179 0.6643658326143227
180 0.667169974115617
181 0.6667385677308024
182 0.6723468507333908
183 0.6710526315789473
184 0.6682484900776532
185 0.6613459879206213
186 0.6697584124245038
187 0.6749352890422778
188 0.6736410698878343
189 0.674288179465056
190 0.6779551337359793
191 0.6760138050043141
192 0.6757981018119068
193 0.6790336496980155
194 0.683779119930975
195 0.6887402933563417
196 0.6883088869715271
197 0.6958584987057809
198 0.6967213114754098
199 0.703839516824849
200 0.705565142364107
201 0.7094477998274374
202 0.7109577221742882
203 0.7148403796376186
204 0.7254098360655737
205 0.7245470232959448
206 0.7245470232959448
207 0.7219585849870578
208 0.724762726488352
209 0.7245470232959448
210 0.7232528041415013
211 0.7249784296807593
212 0.7251941328731665
213 0.7262726488352028
214 0.7260569456427955
215 0.7217428817946505
216 0.7241156169111302
217 0.7310181190681622
218 0.7366264020707507
219 0.7480586712683348
220 0.7430974978429681
221 0.7426660914581535
222 0.7446074201898188
223 0.7506471095772217
224 0.7523727351164797
225 0.749137187230371
226 0.7484900776531492
227 0.7459016393442623
228 0.7443917169974116
229 0.7435289042277826
230 0.7411561691113029
231 0.7452545297670405
232 0.7506471095772217
233 0.7484900776531492
234 0.7512942191544435
235 0.751725625539258
236 0.7504314063848145
237 0.7521570319240725
238 0.7540983606557377
239 0.747411561691113
240 0.749137187230371
241 0.7467644521138913
242 0.748274374460742
243 0.7556082830025884
244 0.7523727351164797
245 0.7495685936151855
246 0.7536669542709232
247 0.7532355478861087
248 0.7599223468507333
249 0.7625107851596203
250 0.7633735979292493
251 0.7644521138912856
252 0.7650992234685073
253 0.7597066436583262
254 0.7562553925798102
255 0.7629421915444349
256 0.7666091458153581
257 0.7638050043140638
258 0.7616479723899914
259 0.7564710957722174
260 0.7635893011216566
261 0.7607851596203624
262 0.7642364106988784
263 0.7612165660051768
264 0.75862812769629
265 0.7694132873166523
266 0.7711389128559103
267 0.7724331320103538
268 0.7698446937014668
269 0.7698446937014668
270 0.774374460742019
271 0.7730802415875755
272 0.770923209663503
273 0.7745901639344263
274 0.780414150129422
275 0.7773943054357204
276 0.7806298533218292
277 0.7745901639344263
278 0.7765314926660914
279 0.7670405522001725
280 0.7666091458153581
281 0.7666091458153581
282 0.7620793787748059
283 0.7668248490077653
284 0.7674719585849871
285 0.7627264883520276
286 0.7618636755823986
287 0.7696289905090595
288 0.7732959447799828
289 0.770923209663503
290 0.7616479723899914
291 0.7653149266609146
292 0.7687661777394306
293 0.7698446937014668
294 0.7663934426229508
295 0.7640207075064711
296 0.7694132873166523
297 0.7711389128559103
298 0.771786022433132
299 0.7741587575496117
300 0.7713546160483176
301 0.7722174288179465
302 0.771786022433132
303 0.7724331320103538
304 0.7707075064710958
305 0.7748058671268335
306 0.7821397756686799
307 0.7814926660914582
308 0.7789042277825712
309 0.7776100086281277
310 0.7765314926660914
311 0.7773943054357204
312 0.7799827437446074
313 0.7801984469370147
314 0.7711389128559103
315 0.7644521138912856
316 0.7737273511647972
317 0.7771786022433133
318 0.7808455565142364
319 0.7782571182053495
320 0.7737273511647972
321 0.7720017256255393
322 0.7761000862812769
323 0.7799827437446074
324 0.7838654012079379
325 0.7801984469370147
326 0.7810612597066436
327 0.7806298533218292
328 0.7814926660914582
329 0.7806298533218292
330 0.7871009490940466
331 0.7821397756686799
332 0.7810612597066436
333 0.7808455565142364
334 0.7745901639344263
335 0.7771786022433133
336 0.7767471958584987
337 0.7808455565142364
338 0.7849439171699741
339 0.7754529767040552
340 0.7773943054357204
341 0.774374460742019
342 0.7758843830888698
343 0.776962899050906
344 0.7745901639344263
345 0.777825711820535
346 0.7806298533218292
347 0.777825711820535
348 0.7773943054357204
349 0.7836496980155306
350 0.7801984469370147
351 0.780414150129422
352 0.7894736842105263
353 0.7892579810181191
354 0.790120793787748
355 0.7842968075927523
356 0.7899050905953409
357 0.7940034512510785
358 0.7871009490940466
359 0.7845125107851596
360 0.7830025884383088
361 0.7855910267471958
362 0.7823554788610871
363 0.7830025884383088
364 0.7765314926660914
365 0.7748058671268335
366 0.772648835202761
367 0.7784728213977566
368 0.7728645383951682
369 0.7756686798964625
370 0.776962899050906
371 0.7789042277825712
372 0.7793356341673857
373 0.7771786022433133
374 0.7810612597066436
375 0.7838654012079379
376 0.7812769628990509
377 0.7817083692838654
378 0.7739430543572045
379 0.7754529767040552
380 0.7702761000862812
381 0.7700603968938741
382 0.7715703192407247
383 0.768334771354616
384 0.771786022433132
385 0.7650992234685073
386 0.7685504745470233
387 0.7648835202761001
388 0.7601380500431406
389 0.7612165660051768
390 0.7631578947368421
391 0.7635893011216566
392 0.7672562553925798
393 0.7642364106988784
394 0.7739430543572045
395 0.7758843830888698
396 0.7700603968938741
397 0.770923209663503
398 0.7782571182053495
399 0.780414150129422
400 0.777825711820535
401 0.7797670405522001
402 0.7812769628990509
403 0.7825711820534944
404 0.7862381363244176
405 0.7838654012079379
406 0.7862381363244176
407 0.780414150129422
408 0.7840811044003452
409 0.7847282139775669
410 0.7791199309749784
411 0.7763157894736842
412 0.774374460742019
413 0.7756686798964625
414 0.771786022433132
415 0.7700603968938741
416 0.7739430543572045
417 0.7741587575496117
418 0.7739430543572045
419 0.7786885245901639
420 0.7765314926660914
421 0.7720017256255393
422 0.772648835202761
423 0.7761000862812769
424 0.776962899050906
425 0.7767471958584987
426 0.7761000862812769
427 0.7707075064710958
428 0.7782571182053495
429 0.780414150129422
430 0.7830025884383088
431 0.7817083692838654
432 0.7789042277825712
433 0.7761000862812769
434 0.777825711820535
435 0.7745901639344263
436 0.7784728213977566
437 0.7780414150129422
438 0.7767471958584987
439 0.7784728213977566
440 0.7879637618636756
441 0.790120793787748
442 0.7909836065573771
443 0.7905522001725626
444 0.7853753235547886
445 0.7819240724762726
446 0.7894736842105263
447 0.7877480586712683
448 0.7914150129421915
449 0.7903364969801553
450 0.7842968075927523
451 0.7858067299396031
452 0.7776100086281277
453 0.7756686798964625
454 0.7782571182053495
455 0.776962899050906
456 0.7765314926660914
457 0.7763157894736842
458 0.7784728213977566
459 0.7799827437446074
460 0.7814926660914582
461 0.780414150129422
462 0.7845125107851596
463 0.7814926660914582
464 0.7860224331320104
465 0.7877480586712683
466 0.7814926660914582
467 0.7840811044003452
468 0.7847282139775669
469 0.7786885245901639
470 0.7808455565142364
471 0.7866695427092321
472 0.7791199309749784
473 0.777825711820535
474 0.7830025884383088
475 0.7793356341673857
476 0.7732959447799828
477 0.775237273511648
478 0.7834339948231234
479 0.7862381363244176
480 0.7840811044003452
481 0.7817083692838654
482 0.7836496980155306
483 0.7767471958584987
484 0.7817083692838654
485 0.7767471958584987
486 0.7830025884383088
487 0.7830025884383088
488 0.7793356341673857
489 0.780414150129422
490 0.7812769628990509
491 0.7776100086281277
492 0.7767471958584987
493 0.7786885245901639
494 0.775237273511648
495 0.7771786022433133
496 0.7758843830888698
497 0.7758843830888698
498 0.7713546160483176
499 0.7745901639344263
500 0.7765314926660914
501 0.7771786022433133
502 0.7801984469370147
503 0.7838654012079379
504 0.7842968075927523
505 0.7862381363244176
506 0.7851596203623814
507 0.7849439171699741
508 0.7806298533218292
509 0.7864538395168249
510 0.7883951682484901
511 0.7924935289042278
512 0.7838654012079379
513 0.7909836065573771
514 0.7929249352890423
515 0.7970232959447799
516 0.7950819672131147
517 0.7946505608283002
518 0.7957290767903364
519 0.7976704055220017
520 0.7981018119068162
521 0.7985332182916307
522 0.7972389991371872
523 0.7946505608283002
524 0.796160483175151
525 0.7955133735979293
526 0.7963761863675582
527 0.7916307161345988
528 0.7942191544434858
529 0.793572044866264
530 0.7922778257118205
531 0.795297670405522
532 0.790120793787748
533 0.7907679033649698
534 0.7832182916307161
535 0.7808455565142364
536 0.7821397756686799
537 0.7845125107851596
538 0.7825711820534944
539 0.7877480586712683
540 0.7924935289042278
541 0.7942191544434858
542 0.7896893874029336
543 0.7931406384814496
544 0.7981018119068162
545 0.7959447799827437
546 0.7963761863675582
547 0.7974547023295945
548 0.8034943917169974
549 0.7950819672131147
550 0.794434857635893
551 0.7903364969801553
552 0.7959447799827437
553 0.7937877480586712
554 0.7937877480586712
555 0.7920621225194133
556 0.790120793787748
557 0.7892579810181191
558 0.7892579810181191
559 0.7911993097497843
560 0.7924935289042278
561 0.7890422778257118
562 0.7823554788610871
563 0.7840811044003452
564 0.7892579810181191
565 0.7937877480586712
566 0.793572044866264
567 0.7940034512510785
568 0.7916307161345988
569 0.7907679033649698
570 0.7886108714408974
571 0.7791199309749784
572 0.7855910267471958
573 0.7892579810181191
574 0.7855910267471958
575 0.7886108714408974
576 0.7911993097497843
577 0.7974547023295945
578 0.7909836065573771
579 0.7855910267471958
580 0.7853753235547886
581 0.7911993097497843
582 0.7890422778257118
583 0.7950819672131147
584 0.7989646246764452
585 0.7963761863675582
586 0.7989646246764452
587 0.8024158757549612
588 0.7957290767903364
589 0.7974547023295945
590 0.7957290767903364
591 0.7940034512510785
592 0.7993960310612597
593 0.7983175150992234
594 0.7942191544434858
595 0.8019844693701467
596 0.7976704055220017
597 0.7991803278688525
598 0.7918464193270061
599 0.7916307161345988
600 0.7853753235547886
601 0.7784728213977566
602 0.77351164797239
603 0.7754529767040552
604 0.7674719585849871
605 0.769197584124245
606 0.7720017256255393
607 0.7711389128559103
608 0.7676876617773943
609 0.7689818809318378
610 0.7745901639344263
611 0.772648835202761
612 0.774374460742019
613 0.7748058671268335
614 0.7750215703192407
615 0.7789042277825712
616 0.7722174288179465
617 0.772648835202761
618 0.7784728213977566
619 0.7761000862812769
620 0.7758843830888698
621 0.776962899050906
622 0.7789042277825712
623 0.7834339948231234
624 0.7821397756686799
625 0.7877480586712683
626 0.7842968075927523
627 0.7801984469370147
628 0.777825711820535
629 0.7784728213977566
630 0.7780414150129422
631 0.7866695427092321
632 0.7886108714408974
633 0.7886108714408974
634 0.790120793787748
635 0.7890422778257118
636 0.7883951682484901
637 0.7873166522864539
638 0.7883951682484901
639 0.7853753235547886
640 0.7836496980155306
641 0.7791199309749784
642 0.7817083692838654
643 0.7830025884383088
644 0.7773943054357204
645 0.777825711820535
646 0.7806298533218292
647 0.7765314926660914
648 0.7756686798964625
649 0.7715703192407247
650 0.7761000862812769
651 0.7754529767040552
652 0.7786885245901639
653 0.7819240724762726
654 0.7799827437446074
655 0.7799827437446074
656 0.7754529767040552
657 0.7765314926660914
658 0.7765314926660914
659 0.7773943054357204
660 0.7808455565142364
661 0.7810612597066436
662 0.780414150129422
663 0.774374460742019
664 0.774374460742019
665 0.7780414150129422
666 0.7748058671268335
667 0.7758843830888698
668 0.790120793787748
669 0.7860224331320104
670 0.7832182916307161
671 0.7782571182053495
672 0.7801984469370147
673 0.7855910267471958
674 0.7842968075927523
675 0.7845125107851596
676 0.7851596203623814
677 0.7894736842105263
678 0.7862381363244176
679 0.7821397756686799
680 0.7823554788610871
681 0.7834339948231234
682 0.7840811044003452
683 0.7858067299396031
684 0.7881794650560828
685 0.7942191544434858
686 0.8026315789473685
687 0.8009059534081104
688 0.8050043140638481
689 0.8024158757549612
690 0.8017687661777394
691 0.8056514236410699
692 0.8015530629853321
693 0.7968075927523728
694 0.7948662640207075
695 0.7924935289042278
696 0.795297670405522
697 0.7922778257118205
698 0.7903364969801553
699 0.7911993097497843
700 0.797886108714409
