1 0.0004314063848144953
2 0.0006471095772217428
3 0.0015099223468507334
4 0.0028041415012942193
5 0.0032355478861087143
6 0.0036669542709232097
7 0.0036669542709232097
8 0.004961173425366695
9 0.005176876617773943
10 0.006686798964624676
11 0.007981018119068163
12 0.009490940465918895
13 0.009706643658326143
14 0.01100086281276963
15 0.012295081967213115
16 0.012942191544434857
17 0.014236410698878344
18 0.014883520276100086
19 0.016609145815358068
20 0.018334771354616048
21 0.01898188093183779
22 0.020276100086281276
23 0.021354616048317517
24 0.02178602243313201
25 0.023295944779982744
26 0.025884383088869714
27 0.028472821397756688
28 0.031061259706643658
29 0.034296807592752374
30 0.036022433132010354
31 0.03710094909404659
32 0.040983606557377046
33 0.043356341673856776
34 0.04810181190681622
35 0.05155306298533218
36 0.05500431406384815
37 0.05802415875754961
38 0.06276962899050906
39 0.06406384814495254
40 0.06967213114754098
41 0.07139775668679896
42 0.0774374460742019
43 0.07937877480586712
44 0.08433994823123382
45 0.08433994823123382
46 0.09210526315789473
47 0.09339948231233822
48 0.1000862812769629
49 0.1091458153580673
50 0.11345987920621226
51 0.12187230371009491
52 0.1272648835202761
53 0.13697152717860225
54 0.14473684210526316
55 0.1507765314926661
56 0.15811044003451252
57 0.16458153580672993
58 0.1721311475409836
59 0.1766609145815358
60 0.1807592752372735
61 0.18744607420189818
62 0.19628990509059535
63 0.202113891285591
64 0.20772217428817946
65 0.21160483175150993
66 0.22174288179465057
67 0.23080241587575495
68 0.23986194995685936
69 0.24482312338222606
70 0.2545297670405522
71 0.2640207075064711
72 0.27092320966350303
73 0.2741587575496117
74 0.27933563416738566
75 0.28645383951682485
76 0.2924935289042278
77 0.2983175150992235
78 0.3073770491803279
79 0.3127696289905091
80 0.3203192407247627
81 0.32808455565142364
82 0.3373597929249353
83 0.33930112165660054
84 0.34792924935289044
85 0.3544003451251079
86 0.3617342536669543
87 0.37079378774805866
88 0.3781276962899051
89 0.38330457290767905
90 0.38740293356341676
91 0.39344262295081966
92 0.4003451251078516
93 0.4057377049180328
94 0.408541846419327
95 0.41242450388265744
96 0.41954270923209663
97 0.4227782571182053
98 0.4333477135461605
99 0.4385245901639344
100 0.4456427955133736
101 0.45297670405522
102 0.45534943917169973
103 0.45944779982743744
104 0.46397756686798963
105 0.4682916307161346
106 0.47540983606557374
107 0.4784296807592752
108 0.4855478861087144
109 0.48943054357204485
110 0.5
111 0.5071182053494392
112 0.5043140638481449
113 0.5129421915444349
114 0.5166091458153581
115 0.5241587575496117
116 0.5265314926660914
117 0.5347282139775669
118 0.5353753235547886
119 0.5416307161345988
120 0.5472389991371872
121 0.5474547023295945
122 0.5498274374460742
123 0.5504745470232959
124 0.5530629853321829
125 0.5612597066436583
126 0.567946505608283
127 0.5718291630716135
128 0.5754961173425367
129 0.5783002588438308
130 0.5761432269197584
131 0.5817515099223468
132 0.582830025884383
133 0.5858498705780846
134 0.5873597929249353
135 0.5916738567730803
136 0.5985763589301122
137 0.6039689387402933
138 0.6093615185504746
139 0.6067730802415876
140 0.610655737704918
141 0.6175582398619499
142 0.6169111302847282
143 0.6160483175150993
144 0.6179896462467644
145 0.6203623813632442
146 0.6207937877480587
147 0.6259706643658326
148 0.6255392579810182
149 0.6328731665228645
150 0.6397756686798964
151 0.6391285591026747
152 0.6399913718723037
153 0.6425798101811907
154 0.6471095772217429
155 0.6540120793787748
156 0.6507765314926661
157 0.655090595340811
158 0.6596203623813632
159 0.6542277825711821
160 0.6583261432269197
161 0.661993097497843
162 0.6660914581535806
163 0.6686798964624676
164 0.6686798964624676
165 0.6693270060396894
166 0.6719154443485763
167 0.6764452113891286
168 0.6779551337359793
169 0.6824849007765315
170 0.6822691975841243
171 0.682053494391717
172 0.6850733390854185
173 0.6952113891285591
174 0.6967213114754098
175 0.6988783433994823
176 0.7003882657463331
177 0.7034081104400345
178 0.7059965487489215
179 0.7053494391716998
180 0.7066436583261432
181 0.7053494391716998
182 0.7059965487489215
183 0.706427955133736
184 0.7059965487489215
185 0.706427955133736
186 0.707290767903365
187 0.7105263157894737
188 0.7174288179465056
189 0.7094477998274374
190 0.7107420189818809
191 0.7178602243313201
192 0.7146246764452114
193 0.7150560828300259
194 0.7148403796376186
195 0.7169974115616912
196 0.7178602243313201
197 0.7187230371009491
198 0.7254098360655737
199 0.7234685073339086
200 0.7279982743744607
201 0.7254098360655737
202 0.7277825711820535
203 0.729076790336497
204 0.7236842105263158
205 0.7262726488352028
206 0.7331751509922347
207 0.7305867126833477
208 0.7349007765314927
209 0.7325280414150129
210 0.7318809318377912
211 0.7383520276100086
212 0.746548748921484
213 0.7398619499568594
214 0.7405090595340811
215 0.7411561691113029
216 0.730802415875755
217 0.7338222605694564
218 0.731665228645384
219 0.7377049180327869
220 0.7389991371872304
221 0.7418032786885246
222 0.7467644521138913
223 0.7536669542709232
224 0.7569025021570319
225 0.7588438308886971
226 0.7588438308886971
227 0.7530198446937014
228 0.7502157031924073
229 0.75
230 0.7506471095772217
231 0.7523727351164797
232 0.7571182053494392
233 0.7512942191544435
234 0.7581967213114754
235 0.7556082830025884
236 0.7463330457290768
237 0.7497842968075927
238 0.7562553925798102
239 0.7610008628127696
240 0.769197584124245
241 0.7631578947368421
242 0.7685504745470233
243 0.7635893011216566
244 0.7629421915444349
245 0.7629421915444349
246 0.75862812769629
247 0.7599223468507333
248 0.7577653149266609
249 0.7558239861949957
250 0.7521570319240725
251 0.7569025021570319
252 0.7538826574633305
253 0.7540983606557377
254 0.7592752372735116
255 0.7571182053494392
256 0.7569025021570319
257 0.75862812769629
258 0.75862812769629
259 0.7579810181190682
260 0.7573339085418465
261 0.7594909404659189
262 0.7549611734253667
263 0.7597066436583262
264 0.7659620362381363
265 0.7646678170836928
266 0.7612165660051768
267 0.7538826574633305
268 0.756039689387403
269 0.7581967213114754
270 0.7569025021570319
271 0.7588438308886971
272 0.7601380500431406
273 0.7588438308886971
274 0.765746333045729
275 0.7655306298533219
276 0.7681190681622088
277 0.7681190681622088
278 0.7724331320103538
279 0.7720017256255393
280 0.7763157894736842
281 0.7754529767040552
282 0.7748058671268335
283 0.770923209663503
284 0.7724331320103538
285 0.7756686798964625
286 0.7737273511647972
287 0.7765314926660914
288 0.7812769628990509
289 0.7761000862812769
290 0.7732959447799828
291 0.7782571182053495
292 0.771786022433132
293 0.7720017256255393
294 0.7763157894736842
295 0.7761000862812769
296 0.7784728213977566
297 0.7763157894736842
298 0.7797670405522001
299 0.7817083692838654
300 0.7797670405522001
301 0.7825711820534944
302 0.7851596203623814
303 0.7866695427092321
304 0.7877480586712683
305 0.7838654012079379
306 0.7825711820534944
307 0.7793356341673857
308 0.7881794650560828
309 0.7920621225194133
310 0.7924935289042278
311 0.7881794650560828
312 0.7862381363244176
313 0.7855910267471958
314 0.7840811044003452
315 0.7817083692838654
316 0.7780414150129422
317 0.7784728213977566
318 0.7849439171699741
319 0.7789042277825712
320 0.7840811044003452
321 0.7855910267471958
322 0.7767471958584987
323 0.7795513373597929
324 0.7737273511647972
325 0.7761000862812769
326 0.7814926660914582
327 0.7789042277825712
328 0.7795513373597929
329 0.7741587575496117
330 0.7745901639344263
331 0.774374460742019
332 0.7801984469370147
333 0.777825711820535
334 0.7793356341673857
335 0.7687661777394306
336 0.7776100086281277
337 0.7784728213977566
338 0.7791199309749784
339 0.7827868852459017
340 0.7810612597066436
341 0.7823554788610871
342 0.7847282139775669
343 0.780414150129422
344 0.7806298533218292
345 0.7842968075927523
346 0.7851596203623814
347 0.7823554788610871
348 0.7838654012079379
349 0.7832182916307161
350 0.7830025884383088
351 0.7795513373597929
352 0.7836496980155306
353 0.7838654012079379
354 0.7782571182053495
355 0.7819240724762726
356 0.7821397756686799
357 0.7842968075927523
358 0.7849439171699741
359 0.7907679033649698
360 0.7918464193270061
361 0.7793356341673857
362 0.7821397756686799
363 0.7819240724762726
364 0.7836496980155306
365 0.7741587575496117
366 0.7758843830888698
367 0.774374460742019
368 0.7741587575496117
369 0.777825711820535
370 0.7789042277825712
371 0.7840811044003452
372 0.7937877480586712
373 0.7909836065573771
374 0.7914150129421915
375 0.7909836065573771
376 0.7883951682484901
377 0.7817083692838654
378 0.7806298533218292
379 0.780414150129422
380 0.7821397756686799
381 0.7851596203623814
382 0.7890422778257118
383 0.7873166522864539
384 0.7918464193270061
385 0.7914150129421915
386 0.7942191544434858
387 0.7963761863675582
388 0.7937877480586712
389 0.7998274374460742
390 0.7996117342536669
391 0.798748921484038
392 0.7985332182916307
393 0.7998274374460742
394 0.7996117342536669
395 0.8019844693701467
396 0.7996117342536669
397 0.7924935289042278
398 0.7942191544434858
399 0.7907679033649698
400 0.7866695427092321
401 0.7879637618636756
402 0.7907679033649698
403 0.7886108714408974
404 0.7942191544434858
405 0.7911993097497843
406 0.7963761863675582
407 0.7905522001725626
408 0.7937877480586712
409 0.7914150129421915
410 0.7918464193270061
411 0.7907679033649698
412 0.7918464193270061
413 0.7871009490940466
414 0.7849439171699741
415 0.7838654012079379
416 0.7855910267471958
417 0.7806298533218292
418 0.7776100086281277
419 0.774374460742019
420 0.7799827437446074
421 0.775237273511648
422 0.7737273511647972
423 0.7789042277825712
424 0.7842968075927523
425 0.7845125107851596
426 0.7881794650560828
427 0.7905522001725626
428 0.7877480586712683
429 0.7899050905953409
430 0.795297670405522
431 0.7948662640207075
432 0.7918464193270061
433 0.7950819672131147
434 0.7931406384814496
435 0.7896893874029336
436 0.7931406384814496
437 0.7877480586712683
438 0.7924935289042278
439 0.790120793787748
440 0.7918464193270061
441 0.793572044866264
442 0.7860224331320104
443 0.7879637618636756
444 0.7920621225194133
445 0.797886108714409
446 0.8000431406384815
447 0.794434857635893
448 0.7959447799827437
449 0.792709232096635
450 0.7970232959447799
451 0.7948662640207075
452 0.798748921484038
453 0.8050043140638481
454 0.7940034512510785
455 0.7920621225194133
456 0.796160483175151
457 0.7955133735979293
458 0.7976704055220017
459 0.7976704055220017
460 0.7991803278688525
461 0.8032786885245902
462 0.8071613459879207
463 0.8080241587575496
464 0.8032786885245902
465 0.8058671268334772
466 0.7996117342536669
467 0.797886108714409
468 0.7970232959447799
469 0.7911993097497843
470 0.7955133735979293
471 0.7985332182916307
472 0.7916307161345988
473 0.7931406384814496
474 0.792709232096635
475 0.7890422778257118
476 0.7866695427092321
477 0.7845125107851596
478 0.7886108714408974
479 0.7881794650560828
480 0.7879637618636756
481 0.7948662640207075
482 0.7946505608283002
483 0.7922778257118205
484 0.7892579810181191
485 0.7782571182053495
486 0.7875323554788611
487 0.7866695427092321
488 0.7879637618636756
489 0.7911993097497843
490 0.7868852459016393
491 0.7890422778257118
492 0.7875323554788611
493 0.7929249352890423
494 0.7909836065573771
495 0.7922778257118205
496 0.7985332182916307
497 0.7996117342536669
498 0.7989646246764452
499 0.7963761863675582
500 0.801337359792925
501 0.7993960310612597
502 0.794434857635893
503 0.7918464193270061
504 0.7858067299396031
505 0.7905522001725626
506 0.7911993097497843
507 0.8015530629853321
508 0.7948662640207075
509 0.7911993097497843
510 0.7914150129421915
511 0.7909836065573771
512 0.7864538395168249
513 0.7879637618636756
514 0.7883951682484901
515 0.7812769628990509
516 0.7834339948231234
517 0.7847282139775669
518 0.7832182916307161
519 0.7840811044003452
520 0.7883951682484901
521 0.7877480586712683
522 0.7838654012079379
523 0.7886108714408974
524 0.7883951682484901
525 0.7920621225194133
526 0.7914150129421915
527 0.7881794650560828
528 0.7886108714408974
529 0.7881794650560828
530 0.7892579810181191
531 0.7851596203623814
532 0.7888265746333045
533 0.7827868852459017
534 0.7840811044003452
535 0.7817083692838654
536 0.7810612597066436
537 0.7799827437446074
538 0.7907679033649698
539 0.7810612597066436
540 0.7801984469370147
541 0.7853753235547886
542 0.7830025884383088
543 0.7780414150129422
544 0.7821397756686799
545 0.7836496980155306
546 0.7830025884383088
547 0.7812769628990509
548 0.7834339948231234
549 0.7905522001725626
550 0.7888265746333045
551 0.7864538395168249
552 0.7931406384814496
553 0.7963761863675582
554 0.7996117342536669
555 0.793572044866264
556 0.7914150129421915
557 0.7851596203623814
558 0.7773943054357204
559 0.7840811044003452
560 0.7883951682484901
561 0.7909836065573771
562 0.7911993097497843
563 0.7972389991371872
564 0.7940034512510785
565 0.7929249352890423
566 0.7911993097497843
567 0.8041415012942191
568 0.8017687661777394
569 0.7983175150992234
570 0.797886108714409
571 0.8000431406384815
572 0.8009059534081104
573 0.7974547023295945
574 0.7914150129421915
575 0.7924935289042278
576 0.794434857635893
577 0.7957290767903364
578 0.7916307161345988
579 0.7937877480586712
580 0.797886108714409
581 0.7950819672131147
582 0.7892579810181191
583 0.7918464193270061
584 0.7965918895599655
585 0.7914150129421915
586 0.7886108714408974
587 0.7827868852459017
588 0.7836496980155306
589 0.7842968075927523
590 0.7810612597066436
591 0.7758843830888698
592 0.7789042277825712
593 0.7851596203623814
594 0.7832182916307161
595 0.7817083692838654
596 0.7855910267471958
597 0.7881794650560828
598 0.7907679033649698
599 0.7907679033649698
600 0.7886108714408974
601 0.7855910267471958
602 0.7858067299396031
603 0.7920621225194133
604 0.7909836065573771
605 0.7868852459016393
606 0.7845125107851596
607 0.7834339948231234
608 0.7866695427092321
609 0.7875323554788611
610 0.7847282139775669
611 0.777825711820535
612 0.7765314926660914
613 0.776962899050906
614 0.7789042277825712
615 0.7756686798964625
616 0.7795513373597929
617 0.777825711820535
618 0.776962899050906
619 0.7799827437446074
620 0.7808455565142364
621 0.7810612597066436
622 0.7817083692838654
623 0.7814926660914582
624 0.7892579810181191
625 0.7845125107851596
626 0.7801984469370147
627 0.7756686798964625
628 0.7707075064710958
629 0.7750215703192407
630 0.7799827437446074
631 0.7827868852459017
632 0.7771786022433133
633 0.780414150129422
634 0.770923209663503
635 0.771786022433132
636 0.7715703192407247
637 0.7756686798964625
638 0.7817083692838654
639 0.7791199309749784
640 0.7761000862812769
641 0.7724331320103538
642 0.7640207075064711
643 0.7655306298533219
644 0.7707075064710958
645 0.7720017256255393
646 0.7750215703192407
647 0.777825711820535
648 0.7745901639344263
649 0.7737273511647972
650 0.7771786022433133
651 0.7819240724762726
652 0.792709232096635
653 0.7920621225194133
654 0.7866695427092321
655 0.7907679033649698
656 0.7911993097497843
657 0.790120793787748
658 0.7916307161345988
659 0.7959447799827437
660 0.7924935289042278
661 0.7888265746333045
662 0.7875323554788611
663 0.7840811044003452
664 0.7847282139775669
665 0.7834339948231234
666 0.7886108714408974
667 0.7868852459016393
668 0.7806298533218292
669 0.7817083692838654
670 0.7789042277825712
671 0.775237273511648
672 0.7737273511647972
673 0.7741587575496117
674 0.7741587575496117
675 0.7763157894736842
676 0.7763157894736842
677 0.7814926660914582
678 0.7814926660914582
679 0.7914150129421915
680 0.7894736842105263
681 0.7836496980155306
682 0.7782571182053495
683 0.775237273511648
684 0.7832182916307161
685 0.7838654012079379
686 0.7879637618636756
687 0.7881794650560828
688 0.7795513373597929
689 0.7808455565142364
690 0.7791199309749784
691 0.7808455565142364
692 0.777825711820535
693 0.7808455565142364
694 0.7771786022433133
695 0.777825711820535
696 0.7782571182053495
697 0.7776100086281277
698 0.7776100086281277
699 0.7715703192407247
700 0.7685504745470233
