1 0.0008628127696289905
2 0.0019413287316652286
3 0.0032355478861087143
4 0.004314063848144953
5 0.005176876617773943
6 0.006255392579810181
7 0.007765314926660914
8 0.009490940465918895
9 0.012079378774805867
10 0.012510785159620362
11 0.016824849007765316
12 0.017687661777394306
13 0.020491803278688523
14 0.023080241587575497
15 0.026531492666091457
16 0.031708369283865404
17 0.03451251078515962
18 0.04163071613459879
19 0.04723899913718723
20 0.056082830025884385
21 0.06169111302847282
22 0.067946505608283
23 0.07075064710957722
24 0.07528041415012943
25 0.08326143226919758
26 0.08973252804141502
27 0.09857635893011217
28 0.10375323554788611
29 0.10871440897325281
30 0.11475409836065574
31 0.12122519413287317
32 0.13050043140638481
33 0.13373597929249353
34 0.1399913718723037
35 0.14818809318377912
36 0.15336496980155306
37 0.15703192407247626
38 0.16285591026747195
39 0.17191544434857636
40 0.17687661777394306
41 0.1848576358930112
42 0.19089732528041414
43 0.19607420189818808
44 0.20297670405522003
45 0.20750647109577222
46 0.21246764452113892
47 0.22023295944779983
48 0.22993960310612596
49 0.23403796376186367
50 0.2400776531492666
51 0.2478429680759275
52 0.2528041415012942
53 0.25798101811906815
54 0.2670405522001726
55 0.27653149266609145
56 0.28106125970664364
57 0.2888265746333046
58 0.3002588438308887
59 0.3047886108714409
60 0.3203192407247627
61 0.3252804141501294
62 0.3330457290767903
63 0.338869715271786
64 0.343183779119931
65 0.3487920621225194
66 0.35655737704918034
67 0.3656169111302847
68 0.37381363244176014
69 0.3785591026747196
70 0.38977566867989644
71 0.39236410698878343
72 0.39495254529767043
73 0.4040120793787748
74 0.412855910267472
75 0.4188955996548749
76 0.4247195858498706
77 0.4342105263157895
78 0.4424072476272649
79 0.44909404659188956
80 0.455565142364107
81 0.4616048317515099
82 0.46635030198446936
83 0.47066436583261434
84 0.47303710094909407
85 0.4743313201035375
86 0.4786453839516825
87 0.4855478861087144
88 0.48921484037963764
89 0.49352890422778256
90 0.49331320103537535
91 0.5002157031924073
92 0.5056082830025884
93 0.5187661777394306
94 0.5207075064710958
95 0.521786022433132
96 0.5273943054357204
97 0.5293356341673857
98 0.5327868852459017
99 0.5334339948231234
100 0.5420621225194133
101 0.5556514236410699
102 0.5560828300258844
103 0.5597497842968076
104 0.5627696289905091
105 0.5681622088006902
106 0.5677308024158757
107 0.5666522864538395
108 0.5694564279551337
109 0.5772217428817946
110 0.5830457290767903
111 0.5884383088869716
112 0.5910267471958585
113 0.597497842968076
114 0.5985763589301122
115 0.6028904227782571
116 0.6052631578947368
117 0.6074201898188093
118 0.6089301121656601
119 0.6108714408973253
120 0.6128127696289906
121 0.614106988783434
122 0.6173425366695428
123 0.6276962899050906
124 0.6287748058671269
125 0.631578947368421
126 0.6345987920621226
127 0.6382657463330458
128 0.6423641069887834
129 0.6451682484900777
130 0.6529335634167386
131 0.6548748921484038
132 0.6617773943054357
133 0.6650129421915444
134 0.6678170836928387
135 0.6701898188093184
136 0.6740724762726489
137 0.6760138050043141
138 0.6755823986194995
139 0.6792493528904228
140 0.6848576358930112
141 0.6833477135461605
142 0.6850733390854185
143 0.682916307161346
144 0.6887402933563417
145 0.6921915444348576
146 0.6977998274374461
147 0.6969370146678171
148 0.7018981880931838
149 0.7036238136324418
150 0.6982312338222606
151 0.6937014667817084
152 0.691544434857636
153 0.6973684210526315
154 0.7025452976704055
155 0.7034081104400345
156 0.706427955133736
157 0.703839516824849
158 0.7090163934426229
159 0.7100949094046591
160 0.7100949094046591
161 0.7198015530629853
162 0.7193701466781708
163 0.7208800690250216
164 0.7198015530629853
165 0.7269197584124245
166 0.7271354616048318
167 0.729076790336497
168 0.7340379637618637
169 0.7349007765314927
170 0.7366264020707507
171 0.7374892148403797
172 0.7361949956859362
173 0.7331751509922347
174 0.7402933563416738
175 0.7422346850733391
176 0.7402933563416738
177 0.7430974978429681
178 0.7443917169974116
179 0.748274374460742
180 0.7461173425366695
181 0.74137187230371
182 0.7424503882657464
183 0.7426660914581535
184 0.7463330457290768
185 0.744823123382226
186 0.7379206212251941
187 0.7372735116479724
188 0.7495685936151855
189 0.7433132010353753
190 0.7407247627264884
191 0.7424503882657464
192 0.7478429680759275
193 0.7532355478861087
194 0.7579810181190682
195 0.7543140638481449
196 0.7605694564279551
197 0.7620793787748059
198 0.7679033649698016
199 0.7648835202761001
200 0.7696289905090595
201 0.7741587575496117
202 0.7741587575496117
203 0.7739430543572045
204 0.7689818809318378
205 0.769197584124245
206 0.7635893011216566
207 0.7627264883520276
208 0.7663934426229508
209 0.7659620362381363
210 0.7622950819672131
211 0.7674719585849871
212 0.7724331320103538
213 0.7737273511647972
214 0.7750215703192407
215 0.7756686798964625
216 0.7741587575496117
217 0.7730802415875755
218 0.7728645383951682
219 0.7771786022433133
220 0.7765314926660914
221 0.775237273511648
222 0.7784728213977566
223 0.7791199309749784
224 0.7750215703192407
225 0.769197584124245
226 0.765746333045729
227 0.7679033649698016
228 0.7653149266609146
229 0.7663934426229508
230 0.7672562553925798
231 0.7650992234685073
232 0.7698446937014668
233 0.7635893011216566
234 0.7648835202761001
235 0.772648835202761
236 0.7732959447799828
237 0.7758843830888698
238 0.7791199309749784
239 0.7748058671268335
240 0.7730802415875755
241 0.7715703192407247
242 0.7732959447799828
243 0.772648835202761
244 0.7694132873166523
245 0.7793356341673857
246 0.776962899050906
247 0.7784728213977566
248 0.7745901639344263
249 0.7704918032786885
250 0.7771786022433133
251 0.7810612597066436
252 0.7758843830888698
253 0.7834339948231234
254 0.7819240724762726
255 0.7847282139775669
256 0.7797670405522001
257 0.7750215703192407
258 0.772648835202761
259 0.7679033649698016
260 0.7689818809318378
261 0.77351164797239
262 0.7773943054357204
263 0.7739430543572045
264 0.7720017256255393
265 0.7715703192407247
266 0.77351164797239
267 0.7758843830888698
268 0.772648835202761
269 0.777825711820535
270 0.7810612597066436
271 0.7791199309749784
272 0.7814926660914582
273 0.7847282139775669
274 0.7827868852459017
275 0.7821397756686799
276 0.7845125107851596
277 0.7838654012079379
278 0.7838654012079379
279 0.7799827437446074
280 0.7810612597066436
281 0.7847282139775669
282 0.7773943054357204
283 0.7791199309749784
284 0.7819240724762726
285 0.7806298533218292
286 0.7842968075927523
287 0.7914150129421915
288 0.7842968075927523
289 0.7875323554788611
290 0.7866695427092321
291 0.7879637618636756
292 0.7892579810181191
293 0.795297670405522
294 0.7905522001725626
295 0.7883951682484901
296 0.7892579810181191
297 0.7890422778257118
298 0.7801984469370147
299 0.7801984469370147
300 0.7827868852459017
301 0.7834339948231234
302 0.7862381363244176
303 0.7838654012079379
304 0.7763157894736842
305 0.7728645383951682
306 0.7739430543572045
307 0.77351164797239
308 0.7756686798964625
309 0.7773943054357204
310 0.7801984469370147
311 0.7817083692838654
312 0.7849439171699741
313 0.7866695427092321
314 0.7817083692838654
315 0.7875323554788611
316 0.7940034512510785
317 0.7868852459016393
318 0.7875323554788611
319 0.792709232096635
320 0.8006902502157032
321 0.7976704055220017
322 0.7931406384814496
323 0.794434857635893
324 0.7974547023295945
325 0.7924935289042278
326 0.7931406384814496
327 0.7914150129421915
328 0.7858067299396031
329 0.7849439171699741
330 0.7903364969801553
331 0.7845125107851596
332 0.7855910267471958
333 0.7849439171699741
334 0.7823554788610871
335 0.7881794650560828
336 0.793572044866264
337 0.7948662640207075
338 0.790120793787748
339 0.7883951682484901
340 0.7849439171699741
341 0.7853753235547886
342 0.7806298533218292
343 0.7830025884383088
344 0.7823554788610871
345 0.7864538395168249
346 0.7894736842105263
347 0.7937877480586712
348 0.7937877480586712
349 0.8002588438308887
350 0.8011216566005177
351 0.7972389991371872
352 0.7903364969801553
353 0.7911993097497843
354 0.7929249352890423
355 0.7931406384814496
356 0.7920621225194133
357 0.792709232096635
358 0.7888265746333045
359 0.7909836065573771
360 0.7860224331320104
361 0.7896893874029336
362 0.7858067299396031
363 0.7814926660914582
364 0.7793356341673857
365 0.7741587575496117
366 0.7707075064710958
367 0.7700603968938741
368 0.7806298533218292
369 0.7786885245901639
370 0.7890422778257118
371 0.792709232096635
372 0.7916307161345988
373 0.7890422778257118
374 0.7827868852459017
375 0.7808455565142364
376 0.7801984469370147
377 0.7791199309749784
378 0.7782571182053495
379 0.7748058671268335
380 0.7806298533218292
381 0.7808455565142364
382 0.7814926660914582
383 0.7853753235547886
384 0.7842968075927523
385 0.7830025884383088
386 0.7873166522864539
387 0.7914150129421915
388 0.790120793787748
389 0.7929249352890423
390 0.7890422778257118
391 0.7907679033649698
392 0.7834339948231234
393 0.7868852459016393
394 0.7823554788610871
395 0.7866695427092321
396 0.7795513373597929
397 0.7767471958584987
398 0.7808455565142364
399 0.7858067299396031
400 0.7875323554788611
401 0.7862381363244176
402 0.7911993097497843
403 0.7849439171699741
404 0.7845125107851596
405 0.7888265746333045
406 0.7819240724762726
407 0.7817083692838654
408 0.7799827437446074
409 0.7830025884383088
410 0.7845125107851596
411 0.7868852459016393
412 0.7860224331320104
413 0.7834339948231234
414 0.7847282139775669
415 0.7838654012079379
416 0.7860224331320104
417 0.7823554788610871
418 0.7782571182053495
419 0.7853753235547886
420 0.7795513373597929
421 0.7821397756686799
422 0.7855910267471958
423 0.7899050905953409
424 0.7845125107851596
425 0.7879637618636756
426 0.7920621225194133
427 0.7886108714408974
428 0.7899050905953409
429 0.7896893874029336
430 0.7981018119068162
431 0.7974547023295945
432 0.7955133735979293
433 0.7940034512510785
434 0.7931406384814496
435 0.7942191544434858
436 0.7886108714408974
437 0.7836496980155306
438 0.7907679033649698
439 0.793572044866264
440 0.7858067299396031
441 0.7905522001725626
442 0.7871009490940466
443 0.7853753235547886
444 0.7827868852459017
445 0.7834339948231234
446 0.7821397756686799
447 0.7862381363244176
448 0.7899050905953409
449 0.790120793787748
450 0.7955133735979293
451 0.7955133735979293
452 0.794434857635893
453 0.7914150129421915
454 0.7948662640207075
455 0.7993960310612597
456 0.7875323554788611
457 0.7866695427092321
458 0.7855910267471958
459 0.7866695427092321
460 0.7911993097497843
461 0.7892579810181191
462 0.7849439171699741
463 0.7823554788610871
464 0.7840811044003452
465 0.7830025884383088
466 0.7823554788610871
467 0.7814926660914582
468 0.7851596203623814
469 0.7810612597066436
470 0.7745901639344263
471 0.7761000862812769
472 0.7765314926660914
473 0.77351164797239
474 0.776962899050906
475 0.7767471958584987
476 0.7825711820534944
477 0.7840811044003452
478 0.7789042277825712
479 0.7780414150129422
480 0.7853753235547886
481 0.7866695427092321
482 0.7858067299396031
483 0.7892579810181191
484 0.7877480586712683
485 0.7916307161345988
486 0.793572044866264
487 0.7957290767903364
488 0.8004745470232959
489 0.7929249352890423
490 0.794434857635893
491 0.7974547023295945
492 0.798748921484038
493 0.7942191544434858
494 0.7903364969801553
495 0.7886108714408974
496 0.7871009490940466
497 0.7871009490940466
498 0.7868852459016393
499 0.790120793787748
500 0.7858067299396031
501 0.7858067299396031
502 0.7821397756686799
503 0.7832182916307161
504 0.7819240724762726
505 0.7808455565142364
506 0.7810612597066436
507 0.7786885245901639
508 0.7791199309749784
509 0.7847282139775669
510 0.7847282139775669
511 0.7879637618636756
512 0.7924935289042278
513 0.7959447799827437
514 0.7875323554788611
515 0.7899050905953409
516 0.790120793787748
517 0.7920621225194133
518 0.7929249352890423
519 0.7968075927523728
520 0.7991803278688525
521 0.7968075927523728
522 0.7931406384814496
523 0.7933563416738568
524 0.7924935289042278
525 0.7950819672131147
526 0.7881794650560828
527 0.7892579810181191
528 0.7814926660914582
529 0.7836496980155306
530 0.7909836065573771
531 0.793572044866264
532 0.7968075927523728
533 0.8009059534081104
534 0.7972389991371872
535 0.7868852459016393
536 0.7920621225194133
537 0.7909836065573771
538 0.7903364969801553
539 0.7886108714408974
540 0.7957290767903364
541 0.7888265746333045
542 0.7924935289042278
543 0.790120793787748
544 0.7881794650560828
545 0.7937877480586712
546 0.7875323554788611
547 0.7918464193270061
548 0.7918464193270061
549 0.7940034512510785
550 0.7948662640207075
551 0.7933563416738568
552 0.790120793787748
553 0.7868852459016393
554 0.7847282139775669
555 0.7877480586712683
556 0.7871009490940466
557 0.7905522001725626
558 0.7858067299396031
559 0.7894736842105263
560 0.7873166522864539
561 0.7888265746333045
562 0.7914150129421915
563 0.792709232096635
564 0.795297670405522
565 0.8017687661777394
566 0.7985332182916307
567 0.7937877480586712
568 0.792709232096635
569 0.7864538395168249
570 0.7888265746333045
571 0.7827868852459017
572 0.7877480586712683
573 0.7894736842105263
574 0.7849439171699741
575 0.7853753235547886
576 0.7888265746333045
577 0.7916307161345988
578 0.7907679033649698
579 0.7871009490940466
580 0.7881794650560828
581 0.790120793787748
582 0.7916307161345988
583 0.7905522001725626
584 0.7937877480586712
585 0.7942191544434858
586 0.7881794650560828
587 0.7866695427092321
588 0.7823554788610871
589 0.7849439171699741
590 0.7849439171699741
591 0.7864538395168249
592 0.7892579810181191
593 0.793572044866264
594 0.7929249352890423
595 0.7864538395168249
596 0.7896893874029336
597 0.7916307161345988
598 0.7937877480586712
599 0.7838654012079379
600 0.7827868852459017
601 0.7845125107851596
602 0.7834339948231234
603 0.7819240724762726
604 0.780414150129422
605 0.7756686798964625
606 0.7799827437446074
607 0.7819240724762726
608 0.775237273511648
609 0.7786885245901639
610 0.7806298533218292
611 0.7825711820534944
612 0.7773943054357204
613 0.7808455565142364
614 0.7817083692838654
615 0.7899050905953409
616 0.7851596203623814
617 0.7862381363244176
618 0.7845125107851596
619 0.7860224331320104
620 0.7849439171699741
621 0.7832182916307161
622 0.7812769628990509
623 0.7784728213977566
624 0.7782571182053495
625 0.7758843830888698
626 0.77351164797239
627 0.775237273511648
628 0.7845125107851596
629 0.7761000862812769
630 0.7795513373597929
631 0.7782571182053495
632 0.774374460742019
633 0.7767471958584987
634 0.7834339948231234
635 0.7827868852459017
636 0.7866695427092321
637 0.7810612597066436
638 0.7814926660914582
639 0.7780414150129422
640 0.777825711820535
641 0.7801984469370147
642 0.7849439171699741
643 0.7868852459016393
644 0.7834339948231234
645 0.7892579810181191
646 0.7838654012079379
647 0.7914150129421915
648 0.7918464193270061
649 0.793572044866264
650 0.7976704055220017
651 0.7957290767903364
652 0.7920621225194133
653 0.7914150129421915
654 0.7849439171699741
655 0.7881794650560828
656 0.7821397756686799
657 0.7860224331320104
658 0.7883951682484901
659 0.7847282139775669
660 0.7832182916307161
661 0.7817083692838654
662 0.7832182916307161
663 0.7877480586712683
664 0.7920621225194133
665 0.7873166522864539
666 0.7886108714408974
667 0.7883951682484901
668 0.7851596203623814
669 0.7892579810181191
670 0.793572044866264
671 0.796160483175151
672 0.7905522001725626
673 0.7950819672131147
674 0.7985332182916307
675 0.790120793787748
676 0.7942191544434858
677 0.7883951682484901
678 0.7888265746333045
679 0.7871009490940466
680 0.7877480586712683
681 0.7890422778257118
682 0.7931406384814496
683 0.7827868852459017
684 0.780414150129422
685 0.7840811044003452
686 0.7860224331320104
687 0.7819240724762726
688 0.7814926660914582
689 0.7862381363244176
690 0.7823554788610871
691 0.7866695427092321
692 0.7976704055220017
693 0.8017687661777394
694 0.8006902502157032
695 0.790120793787748
696 0.7838654012079379
697 0.7830025884383088
698 0.7830025884383088
699 0.7892579810181191
700 0.7922778257118205
