1 0.0004314063848144953
2 0.0004314063848144953
3 0.001725625539257981
4 0.0021570319240724763
5 0.0032355478861087143
6 0.005176876617773943
7 0.006686798964624676
8 0.007118205349439172
9 0.007981018119068163
10 0.0090595340811044
11 0.0090595340811044
12 0.009490940465918895
13 0.010785159620362382
14 0.01272648835202761
15 0.013805004314063849
16 0.015746333045729078
17 0.018766177739430543
18 0.023943054357204487
19 0.026962899050905955
20 0.030198446937014668
21 0.034296807592752374
22 0.03559102674719586
23 0.039257981018119066
24 0.04227782571182054
25 0.04918032786885246
26 0.05090595340811044
27 0.05672993960310613
28 0.05802415875754961
29 0.062122519413287315
30 0.06773080241587576
31 0.0729076790336497
32 0.0770060396893874
33 0.08045729076790337
34 0.08455565142364108
35 0.091458153580673
36 0.09836065573770492
37 0.10094909404659189
38 0.10310612597066436
39 0.10979292493528904
40 0.11755823986194995
41 0.12489214840379638
42 0.12963761863675582
43 0.13675582398619499
44 0.14387402933563417
45 0.14689387402933562
46 0.15530629853321828
47 0.16566005176876616
48 0.1712683347713546
49 0.17860224331320104
50 0.18270060396893875
51 0.19003451251078515
52 0.1993097497842968
53 0.21052631578947367
54 0.21807592752372734
55 0.22821397756686798
56 0.23490077653149266
57 0.24180327868852458
58 0.2512942191544435
59 0.25647109577221744
60 0.2655306298533218
61 0.2698446937014668
62 0.2758843830888697
63 0.28602243313201037
64 0.29918032786885246
65 0.3084555651423641
66 0.31816220880069024
67 0.32765314926660916
68 0.3341242450388266
69 0.34814495254529765
70 0.34943917169974115
71 0.35504745470232957
72 0.36669542709232095
73 0.3740293356341674
74 0.3805004314063848
75 0.38503019844693703
76 0.3927955133735979
77 0.40336496980155306
78 0.411130284728214
79 0.4176013805004314
80 0.4275237273511648
81 0.4342105263157895
82 0.434641932700604
83 0.4402502157031924
84 0.44585849870578087
85 0.45211389128559104
86 0.45901639344262296
87 0.46764452113891286
88 0.4745470232959448
89 0.4797238999137187
90 0.4913718723037101
91 0.4913718723037101
92 0.497411561691113
93 0.500862812769629
94 0.49935289042277825
95 0.5036669542709232
96 0.5127264883520276
97 0.515746333045729
98 0.5135893011216566
99 0.5207075064710958
100 0.5317083692838654
101 0.5353753235547886
102 0.5358067299396031
103 0.5405522001725626
104 0.5489646246764452
105 0.5545729076790337
106 0.5614754098360656
107 0.5681622088006902
108 0.5811044003451251
109 0.5867126833477135
110 0.5912424503882657
111 0.5977135461604832
112 0.6015962036238136
113 0.6041846419327006
114 0.6162640207075065
115 0.6220880069025022
116 0.6264020707506471
117 0.6311475409836066
118 0.6406384814495254
119 0.6455996548748921
120 0.6445211389128559
121 0.6505608283002589
122 0.6516393442622951
123 0.6561691113028473
124 0.6630716134598792
125 0.6581104400345125
126 0.6654443485763589
127 0.6673856773080241
128 0.6745038826574633
129 0.6904659188955996
130 0.6904659188955996
131 0.6913287316652287
132 0.6891716997411562
133 0.6900345125107852
134 0.6932700603968939
135 0.6958584987057809
136 0.6990940465918896
137 0.7014667817083693
138 0.7034081104400345
139 0.7036238136324418
140 0.7068593615185504
141 0.7139775668679896
142 0.7159188955996548
143 0.7167817083692839
144 0.722174288179465
145 0.7217428817946505
146 0.7236842105263158
147 0.7271354616048318
148 0.725625539257981
149 0.7200172562553926
150 0.7228213977566867
151 0.72648835202761
152 0.7267040552200172
153 0.72648835202761
154 0.7284296807592753
155 0.7312338222605694
156 0.7271354616048318
157 0.727351164797239
158 0.7245470232959448
159 0.7284296807592753
160 0.7329594477998275
161 0.7303710094909405
162 0.7359792924935289
163 0.7366264020707507
164 0.7409404659188956
165 0.7346850733390854
166 0.7402933563416738
167 0.7454702329594478
168 0.7506471095772217
169 0.7446074201898188
170 0.7452545297670405
171 0.7502157031924073
172 0.7549611734253667
173 0.7543140638481449
174 0.7569025021570319
175 0.7510785159620362
176 0.7487057808455565
177 0.747411561691113
178 0.7497842968075927
179 0.751725625539258
180 0.7506471095772217
181 0.7495685936151855
182 0.7510785159620362
183 0.7590595340811044
184 0.756039689387403
185 0.7532355478861087
186 0.7515099223468508
187 0.752588438308887
188 0.7493528904227783
189 0.7463330457290768
190 0.749137187230371
191 0.750862812769629
192 0.7556082830025884
193 0.7610008628127696
194 0.7640207075064711
195 0.7700603968938741
196 0.7696289905090595
197 0.7681190681622088
198 0.7715703192407247
199 0.7694132873166523
200 0.7666091458153581
201 0.7663934426229508
202 0.7618636755823986
203 0.7603537532355479
204 0.7629421915444349
205 0.7640207075064711
206 0.7605694564279551
207 0.7653149266609146
208 0.7622950819672131
209 0.7668248490077653
210 0.769197584124245
211 0.768334771354616
212 0.7702761000862812
213 0.7679033649698016
214 0.7676876617773943
215 0.7644521138912856
216 0.770923209663503
217 0.7655306298533219
218 0.7702761000862812
219 0.7659620362381363
220 0.7618636755823986
221 0.765746333045729
222 0.7653149266609146
223 0.7607851596203624
224 0.7635893011216566
225 0.7674719585849871
226 0.7763157894736842
227 0.7771786022433133
228 0.7776100086281277
229 0.775237273511648
230 0.7739430543572045
231 0.776962899050906
232 0.7724331320103538
233 0.769197584124245
234 0.7756686798964625
235 0.7720017256255393
236 0.7728645383951682
237 0.7694132873166523
238 0.7700603968938741
239 0.7704918032786885
240 0.7741587575496117
241 0.7756686798964625
242 0.7748058671268335
243 0.7702761000862812
244 0.77351164797239
245 0.7761000862812769
246 0.7799827437446074
247 0.7763157894736842
248 0.7780414150129422
249 0.7782571182053495
250 0.7763157894736842
251 0.7754529767040552
252 0.7737273511647972
253 0.7713546160483176
254 0.7732959447799828
255 0.7672562553925798
256 0.7696289905090595
257 0.768334771354616
258 0.7689818809318378
259 0.7698446937014668
260 0.7745901639344263
261 0.7724331320103538
262 0.7767471958584987
263 0.7808455565142364
264 0.7817083692838654
265 0.7851596203623814
266 0.7862381363244176
267 0.7905522001725626
268 0.7866695427092321
269 0.7873166522864539
270 0.7853753235547886
271 0.7873166522864539
272 0.7853753235547886
273 0.7877480586712683
274 0.7959447799827437
275 0.794434857635893
276 0.7924935289042278
277 0.7886108714408974
278 0.795297670405522
279 0.7924935289042278
280 0.7916307161345988
281 0.7877480586712683
282 0.7834339948231234
283 0.7819240724762726
284 0.7838654012079379
285 0.7862381363244176
286 0.7851596203623814
287 0.7851596203623814
288 0.7858067299396031
289 0.7840811044003452
290 0.7849439171699741
291 0.7847282139775669
292 0.7827868852459017
293 0.7890422778257118
294 0.7879637618636756
295 0.7866695427092321
296 0.7842968075927523
297 0.7793356341673857
298 0.7851596203623814
299 0.7853753235547886
300 0.7827868852459017
301 0.7791199309749784
302 0.774374460742019
303 0.7722174288179465
304 0.7765314926660914
305 0.7793356341673857
306 0.7814926660914582
307 0.7817083692838654
308 0.7832182916307161
309 0.7888265746333045
310 0.7871009490940466
311 0.7903364969801553
312 0.7834339948231234
313 0.7827868852459017
314 0.792709232096635
315 0.7903364969801553
316 0.7948662640207075
317 0.7881794650560828
318 0.7862381363244176
319 0.7814926660914582
320 0.7825711820534944
321 0.7821397756686799
322 0.7830025884383088
323 0.7819240724762726
324 0.7849439171699741
325 0.7862381363244176
326 0.7814926660914582
327 0.7875323554788611
328 0.7905522001725626
329 0.790120793787748
330 0.7875323554788611
331 0.7931406384814496
332 0.7946505608283002
333 0.7871009490940466
334 0.7896893874029336
335 0.792709232096635
336 0.7933563416738568
337 0.7940034512510785
338 0.7920621225194133
339 0.7920621225194133
340 0.7924935289042278
341 0.7866695427092321
342 0.7871009490940466
343 0.7825711820534944
344 0.7862381363244176
345 0.7784728213977566
346 0.7789042277825712
347 0.7793356341673857
348 0.7830025884383088
349 0.7812769628990509
350 0.7806298533218292
351 0.7801984469370147
352 0.7773943054357204
353 0.7737273511647972
354 0.7713546160483176
355 0.7711389128559103
356 0.771786022433132
357 0.7741587575496117
358 0.7773943054357204
359 0.7720017256255393
360 0.7773943054357204
361 0.7806298533218292
362 0.7771786022433133
363 0.7793356341673857
364 0.7799827437446074
365 0.7784728213977566
366 0.7780414150129422
367 0.7739430543572045
368 0.7741587575496117
369 0.7728645383951682
370 0.7758843830888698
371 0.7698446937014668
372 0.7720017256255393
373 0.77351164797239
374 0.7754529767040552
375 0.7799827437446074
376 0.7810612597066436
377 0.7782571182053495
378 0.7797670405522001
379 0.7791199309749784
380 0.7808455565142364
381 0.7789042277825712
382 0.7868852459016393
383 0.7840811044003452
384 0.7810612597066436
385 0.7838654012079379
386 0.7862381363244176
387 0.7801984469370147
388 0.7853753235547886
389 0.7864538395168249
390 0.7840811044003452
391 0.7806298533218292
392 0.7821397756686799
393 0.7722174288179465
394 0.774374460742019
395 0.7754529767040552
396 0.7791199309749784
397 0.7797670405522001
398 0.7842968075927523
399 0.7842968075927523
400 0.7855910267471958
401 0.7892579810181191
402 0.7922778257118205
403 0.7894736842105263
404 0.7842968075927523
405 0.7801984469370147
406 0.7750215703192407
407 0.7784728213977566
408 0.7806298533218292
409 0.7864538395168249
410 0.7830025884383088
411 0.7819240724762726
412 0.7801984469370147
413 0.7754529767040552
414 0.7728645383951682
415 0.7713546160483176
416 0.7672562553925798
417 0.7642364106988784
418 0.7713546160483176
419 0.7789042277825712
420 0.7823554788610871
421 0.7814926660914582
422 0.7799827437446074
423 0.7791199309749784
424 0.7786885245901639
425 0.7819240724762726
426 0.7795513373597929
427 0.7817083692838654
428 0.7793356341673857
429 0.7773943054357204
430 0.7745901639344263
431 0.7801984469370147
432 0.7801984469370147
433 0.7817083692838654
434 0.7838654012079379
435 0.7840811044003452
436 0.7834339948231234
437 0.7793356341673857
438 0.7732959447799828
439 0.7713546160483176
440 0.772648835202761
441 0.770923209663503
442 0.775237273511648
443 0.7730802415875755
444 0.770923209663503
445 0.7715703192407247
446 0.772648835202761
447 0.7763157894736842
448 0.777825711820535
449 0.7724331320103538
450 0.7784728213977566
451 0.7737273511647972
452 0.7761000862812769
453 0.7771786022433133
454 0.777825711820535
455 0.7851596203623814
456 0.7830025884383088
457 0.7868852459016393
458 0.7864538395168249
459 0.7877480586712683
460 0.7851596203623814
461 0.7821397756686799
462 0.7830025884383088
463 0.7786885245901639
464 0.7786885245901639
465 0.774374460742019
466 0.7730802415875755
467 0.7761000862812769
468 0.7784728213977566
469 0.7780414150129422
470 0.7728645383951682
471 0.774374460742019
472 0.7676876617773943
473 0.7737273511647972
474 0.77351164797239
475 0.7765314926660914
476 0.7801984469370147
477 0.7853753235547886
478 0.7832182916307161
479 0.7793356341673857
480 0.7855910267471958
481 0.7914150129421915
482 0.7819240724762726
483 0.7840811044003452
484 0.7832182916307161
485 0.7819240724762726
486 0.7864538395168249
487 0.7838654012079379
488 0.7823554788610871
489 0.7933563416738568
490 0.7868852459016393
491 0.7862381363244176
492 0.7881794650560828
493 0.7888265746333045
494 0.790120793787748
495 0.7933563416738568
496 0.7946505608283002
497 0.7916307161345988
498 0.7937877480586712
499 0.7963761863675582
500 0.7972389991371872
501 0.7946505608283002
502 0.7890422778257118
503 0.7827868852459017
504 0.7853753235547886
505 0.7890422778257118
506 0.7918464193270061
507 0.7860224331320104
508 0.7860224331320104
509 0.7842968075927523
510 0.7842968075927523
511 0.7795513373597929
512 0.7799827437446074
513 0.7786885245901639
514 0.775237273511648
515 0.7827868852459017
516 0.7741587575496117
517 0.7789042277825712
518 0.7722174288179465
519 0.7711389128559103
520 0.7754529767040552
521 0.7711389128559103
522 0.7737273511647972
523 0.7795513373597929
524 0.7748058671268335
525 0.7814926660914582
526 0.7877480586712683
527 0.7849439171699741
528 0.7873166522864539
529 0.7888265746333045
530 0.7916307161345988
531 0.7825711820534944
532 0.7799827437446074
533 0.7836496980155306
534 0.7868852459016393
535 0.7883951682484901
536 0.7890422778257118
537 0.7916307161345988
538 0.7905522001725626
539 0.7847282139775669
540 0.7924935289042278
541 0.7903364969801553
542 0.7940034512510785
543 0.7993960310612597
544 0.7965918895599655
545 0.790120793787748
546 0.7877480586712683
547 0.7845125107851596
548 0.7868852459016393
549 0.7858067299396031
550 0.7810612597066436
551 0.7786885245901639
552 0.7799827437446074
553 0.7791199309749784
554 0.7851596203623814
555 0.7814926660914582
556 0.7892579810181191
557 0.7879637618636756
558 0.7920621225194133
559 0.7905522001725626
560 0.7871009490940466
561 0.7814926660914582
562 0.7903364969801553
563 0.7888265746333045
564 0.792709232096635
565 0.7940034512510785
566 0.7946505608283002
567 0.7946505608283002
568 0.7922778257118205
569 0.7920621225194133
570 0.7825711820534944
571 0.7834339948231234
572 0.7812769628990509
573 0.7845125107851596
574 0.7862381363244176
575 0.7838654012079379
576 0.7812769628990509
577 0.7797670405522001
578 0.7896893874029336
579 0.7890422778257118
580 0.7871009490940466
581 0.7864538395168249
582 0.7875323554788611
583 0.7873166522864539
584 0.792709232096635
585 0.7983175150992234
586 0.7993960310612597
587 0.795297670405522
588 0.7965918895599655
589 0.7972389991371872
590 0.7957290767903364
591 0.7942191544434858
592 0.7933563416738568
593 0.792709232096635
594 0.7931406384814496
595 0.7905522001725626
596 0.7931406384814496
597 0.7883951682484901
598 0.7851596203623814
599 0.7806298533218292
600 0.7842968075927523
601 0.7808455565142364
602 0.7825711820534944
603 0.7782571182053495
604 0.7780414150129422
605 0.7748058671268335
606 0.7756686798964625
607 0.7812769628990509
608 0.7840811044003452
609 0.7761000862812769
610 0.7761000862812769
611 0.7765314926660914
612 0.7806298533218292
613 0.7911993097497843
614 0.7832182916307161
615 0.7832182916307161
616 0.7827868852459017
617 0.7825711820534944
618 0.7853753235547886
619 0.7797670405522001
620 0.7761000862812769
621 0.7786885245901639
622 0.7791199309749784
623 0.7801984469370147
624 0.7793356341673857
625 0.7782571182053495
626 0.777825711820535
627 0.7754529767040552
628 0.7748058671268335
629 0.7786885245901639
630 0.7748058671268335
631 0.772648835202761
632 0.7784728213977566
633 0.7739430543572045
634 0.771786022433132
635 0.7741587575496117
636 0.7821397756686799
637 0.7812769628990509
638 0.7864538395168249
639 0.7883951682484901
640 0.7862381363244176
641 0.7855910267471958
642 0.7864538395168249
643 0.7860224331320104
644 0.7864538395168249
645 0.7873166522864539
646 0.7905522001725626
647 0.7860224331320104
648 0.7810612597066436
649 0.7836496980155306
650 0.7823554788610871
651 0.7840811044003452
652 0.7808455565142364
653 0.7791199309749784
654 0.7806298533218292
655 0.7821397756686799
656 0.7858067299396031
657 0.7838654012079379
658 0.7871009490940466
659 0.7864538395168249
660 0.7832182916307161
661 0.7819240724762726
662 0.7823554788610871
663 0.7860224331320104
664 0.7836496980155306
665 0.7836496980155306
666 0.7883951682484901
667 0.7890422778257118
668 0.7849439171699741
669 0.792709232096635
670 0.7892579810181191
671 0.7864538395168249
672 0.7914150129421915
673 0.7907679033649698
674 0.7942191544434858
675 0.7948662640207075
676 0.797886108714409
677 0.7931406384814496
678 0.7894736842105263
679 0.7933563416738568
680 0.7946505608283002
681 0.7892579810181191
682 0.7825711820534944
683 0.7827868852459017
684 0.7776100086281277
685 0.7771786022433133
686 0.7825711820534944
687 0.7883951682484901
688 0.7855910267471958
689 0.7879637618636756
690 0.7866695427092321
691 0.7860224331320104
692 0.7853753235547886
693 0.7845125107851596
694 0.7840811044003452
695 0.7838654012079379
696 0.7845125107851596
697 0.7888265746333045
698 0.7888265746333045
699 0.7860224331320104
700 0.7871009490940466
