1 0.0004314063848144953
2 0.0015099223468507334
3 0.0021570319240724763
4 0.0019413287316652286
5 0.0028041415012942193
6 0.004098360655737705
7 0.0064710957722174285
8 0.008628127696289905
9 0.009706643658326143
10 0.011647972389991372
11 0.01272648835202761
12 0.013157894736842105
13 0.015099223468507334
14 0.015746333045729078
15 0.0181190681622088
16 0.020060396893874028
17 0.022648835202761
18 0.02523727351164797
19 0.028041415012942193
20 0.031708369283865404
21 0.03192407247627265
22 0.034296807592752374
23 0.0362381363244176
24 0.03990509059534081
25 0.04292493528904228
26 0.04616048317515099
27 0.051984469370146676
28 0.05716134598792062
29 0.05802415875754961
30 0.06471095772217429
31 0.06967213114754098
32 0.07441760138050044
33 0.07959447799827438
34 0.08433994823123382
35 0.08800690250215704
36 0.0946937014667817
37 0.0996548748921484
38 0.10526315789473684
39 0.11173425366695428
40 0.12079378774805867
41 0.1276962899050906
42 0.13481449525452976
43 0.14257981018119067
44 0.1499137187230371
45 0.15616911130284727
46 0.16415012942191545
47 0.1729939603106126
48 0.182053494391717
49 0.18830888697152717
50 0.19693701466781707
51 0.20685936151855047
52 0.2150560828300259
53 0.21937014667817084
54 0.2323123382226057
55 0.23835202761000862
56 0.24525452976704054
57 0.2581967213114754
58 0.2668248490077653
59 0.27480586712683347
60 0.28192407247627266
61 0.28968938740293354
62 0.3002588438308887
63 0.30500431406384815
64 0.3114754098360656
65 0.3185936151855047
66 0.3216134598792062
67 0.3270060396893874
68 0.3410267471958585
69 0.3472821397756687
70 0.3537532355478861
71 0.3610871440897325
72 0.36669542709232095
73 0.3768334771354616
74 0.38201035375323555
75 0.3912855910267472
76 0.3968938740293356
77 0.4040120793787748
78 0.4115616911130285
79 0.4197584124245039
80 0.432916307161346
81 0.4387402933563417
82 0.4471527178602243
83 0.4525452976704055
84 0.4551337359792925
85 0.46635030198446936
86 0.47044866264020707
87 0.4857635893011217
88 0.48899913718723037
89 0.498274374460742
90 0.5092752372735116
91 0.5099223468507333
92 0.5144521138912856
93 0.5200603968938741
94 0.5245901639344263
95 0.5319240724762726
96 0.5289042277825712
97 0.5396893874029336
98 0.546160483175151
99 0.547886108714409
100 0.5573770491803278
101 0.5608283002588438
102 0.566220880069025
103 0.5703192407247627
104 0.5692407247627265
105 0.5711820534943917
106 0.5778688524590164
107 0.5780845556514237
108 0.5841242450388265
109 0.5918895599654875
110 0.5946937014667817
111 0.6005176876617774
112 0.6054788610871441
113 0.6076358930112166
114 0.610655737704918
115 0.6102243313201036
116 0.6194995685936152
117 0.6238136324417601
118 0.6270491803278688
119 0.6276962899050906
120 0.633304572907679
121 0.6365401207937877
122 0.6386971527178602
123 0.6449525452976704
124 0.6423641069887834
125 0.6462467644521139
126 0.6546591889559965
127 0.6596203623813632
128 0.6561691113028473
129 0.661130284728214
130 0.6613459879206213
131 0.6650129421915444
132 0.6695427092320967
133 0.6706212251941329
134 0.6710526315789473
135 0.6721311475409836
136 0.6775237273511648
137 0.6792493528904228
138 0.680327868852459
139 0.6790336496980155
140 0.6807592752372735
141 0.6893874029335634
142 0.6930543572044866
143 0.6924072476272649
144 0.6973684210526315
145 0.698662640207075
146 0.6999568593615185
147 0.698662640207075
148 0.6995254529767041
149 0.7031924072476272
150 0.6995254529767041
151 0.6982312338222606
152 0.7059965487489215
153 0.7057808455565142
154 0.7070750647109577
155 0.7027610008628128
156 0.7062122519413288
157 0.7057808455565142
158 0.7081535806729939
159 0.7081535806729939
160 0.7031924072476272
161 0.7042709232096636
162 0.7092320966350302
163 0.7133304572907679
164 0.7141932700603969
165 0.7141932700603969
166 0.7135461604831751
167 0.7120362381363244
168 0.7178602243313201
169 0.7191544434857636
170 0.724762726488352
171 0.7243313201035375
172 0.7249784296807593
173 0.7303710094909405
174 0.7262726488352028
175 0.7279982743744607
176 0.7286453839516824
177 0.7318809318377912
178 0.7314495254529767
179 0.7312338222605694
180 0.7310181190681622
181 0.7303710094909405
182 0.7346850733390854
183 0.7364106988783434
184 0.7454702329594478
185 0.7430974978429681
186 0.7422346850733391
187 0.7420189818809318
188 0.7430974978429681
189 0.7437446074201898
190 0.7411561691113029
191 0.7420189818809318
192 0.7502157031924073
193 0.75
194 0.7512942191544435
195 0.7549611734253667
196 0.755176876617774
197 0.7603537532355479
198 0.7646678170836928
199 0.7672562553925798
200 0.7676876617773943
201 0.7663934426229508
202 0.7659620362381363
203 0.765746333045729
204 0.7694132873166523
205 0.765746333045729
206 0.7592752372735116
207 0.7618636755823986
208 0.7631578947368421
209 0.7653149266609146
210 0.7650992234685073
211 0.7685504745470233
212 0.7700603968938741
213 0.7687661777394306
214 0.7679033649698016
215 0.7642364106988784
216 0.7694132873166523
217 0.770923209663503
218 0.7745901639344263
219 0.7722174288179465
220 0.7767471958584987
221 0.7739430543572045
222 0.774374460742019
223 0.7728645383951682
224 0.7681190681622088
225 0.7605694564279551
226 0.7566867989646247
227 0.7625107851596203
228 0.7668248490077653
229 0.7679033649698016
230 0.7646678170836928
231 0.7674719585849871
232 0.7672562553925798
233 0.7650992234685073
234 0.770923209663503
235 0.7672562553925798
236 0.7666091458153581
237 0.7625107851596203
238 0.7616479723899914
239 0.7666091458153581
240 0.7722174288179465
241 0.7659620362381363
242 0.7679033649698016
243 0.7644521138912856
244 0.7648835202761001
245 0.769197584124245
246 0.7707075064710958
247 0.7700603968938741
248 0.7715703192407247
249 0.772648835202761
250 0.7761000862812769
251 0.7758843830888698
252 0.77351164797239
253 0.774374460742019
254 0.769197584124245
255 0.7635893011216566
256 0.7655306298533219
257 0.7627264883520276
258 0.7670405522001725
259 0.7713546160483176
260 0.7704918032786885
261 0.7722174288179465
262 0.770923209663503
263 0.7644521138912856
264 0.7674719585849871
265 0.765746333045729
266 0.7653149266609146
267 0.7720017256255393
268 0.7696289905090595
269 0.7730802415875755
270 0.7825711820534944
271 0.7799827437446074
272 0.7771786022433133
273 0.7801984469370147
274 0.7819240724762726
275 0.7786885245901639
276 0.7773943054357204
277 0.7782571182053495
278 0.7853753235547886
279 0.7834339948231234
280 0.7773943054357204
281 0.7756686798964625
282 0.7767471958584987
283 0.7765314926660914
284 0.775237273511648
285 0.7784728213977566
286 0.7707075064710958
287 0.7698446937014668
288 0.7655306298533219
289 0.7676876617773943
290 0.7635893011216566
291 0.7592752372735116
292 0.7620793787748059
293 0.7631578947368421
294 0.7638050043140638
295 0.7633735979292493
296 0.7627264883520276
297 0.7674719585849871
298 0.768334771354616
299 0.771786022433132
300 0.7761000862812769
301 0.7784728213977566
302 0.7696289905090595
303 0.7767471958584987
304 0.7761000862812769
305 0.7786885245901639
306 0.774374460742019
307 0.7741587575496117
308 0.7767471958584987
309 0.7810612597066436
310 0.7819240724762726
311 0.7840811044003452
312 0.7842968075927523
313 0.7855910267471958
314 0.7795513373597929
315 0.7797670405522001
316 0.7858067299396031
317 0.7858067299396031
318 0.7903364969801553
319 0.7851596203623814
320 0.790120793787748
321 0.7842968075927523
322 0.7864538395168249
323 0.7881794650560828
324 0.7797670405522001
325 0.7825711820534944
326 0.7795513373597929
327 0.7801984469370147
328 0.7773943054357204
329 0.7782571182053495
330 0.777825711820535
331 0.7782571182053495
332 0.7748058671268335
333 0.776962899050906
334 0.7765314926660914
335 0.7724331320103538
336 0.7739430543572045
337 0.768334771354616
338 0.7715703192407247
339 0.7702761000862812
340 0.7676876617773943
341 0.7741587575496117
342 0.7728645383951682
343 0.7765314926660914
344 0.7756686798964625
345 0.7761000862812769
346 0.7730802415875755
347 0.7670405522001725
348 0.7627264883520276
349 0.7644521138912856
350 0.770923209663503
351 0.7715703192407247
352 0.771786022433132
353 0.7715703192407247
354 0.7776100086281277
355 0.7745901639344263
356 0.776962899050906
357 0.7765314926660914
358 0.7732959447799828
359 0.772648835202761
360 0.7750215703192407
361 0.7812769628990509
362 0.7732959447799828
363 0.7700603968938741
364 0.7756686798964625
365 0.7808455565142364
366 0.7776100086281277
367 0.7754529767040552
368 0.7737273511647972
369 0.7810612597066436
370 0.7866695427092321
371 0.7914150129421915
372 0.7948662640207075
373 0.7907679033649698
374 0.7924935289042278
375 0.7942191544434858
376 0.7963761863675582
377 0.7940034512510785
378 0.7963761863675582
379 0.7855910267471958
380 0.7750215703192407
381 0.7793356341673857
382 0.7801984469370147
383 0.7789042277825712
384 0.7879637618636756
385 0.7836496980155306
386 0.7791199309749784
387 0.7819240724762726
388 0.7821397756686799
389 0.7862381363244176
390 0.7845125107851596
391 0.7864538395168249
392 0.7806298533218292
393 0.7782571182053495
394 0.7797670405522001
395 0.7784728213977566
396 0.7771786022433133
397 0.7745901639344263
398 0.7763157894736842
399 0.7806298533218292
400 0.7806298533218292
401 0.7795513373597929
402 0.7784728213977566
403 0.7737273511647972
404 0.7793356341673857
405 0.7767471958584987
406 0.7715703192407247
407 0.7685504745470233
408 0.768334771354616
409 0.77351164797239
410 0.772648835202761
411 0.7728645383951682
412 0.7676876617773943
413 0.774374460742019
414 0.7653149266609146
415 0.7627264883520276
416 0.7711389128559103
417 0.77351164797239
418 0.770923209663503
419 0.7730802415875755
420 0.7791199309749784
421 0.7823554788610871
422 0.7789042277825712
423 0.776962899050906
424 0.7810612597066436
425 0.7875323554788611
426 0.7842968075927523
427 0.7873166522864539
428 0.7864538395168249
429 0.7868852459016393
430 0.7871009490940466
431 0.7890422778257118
432 0.7847282139775669
433 0.7853753235547886
434 0.7888265746333045
435 0.7916307161345988
436 0.795297670405522
437 0.7940034512510785
438 0.7940034512510785
439 0.7989646246764452
440 0.8052200172562554
441 0.8022001725625539
442 0.7955133735979293
443 0.7959447799827437
444 0.794434857635893
445 0.7858067299396031
446 0.7873166522864539
447 0.7862381363244176
448 0.7911993097497843
449 0.7931406384814496
450 0.7879637618636756
451 0.7873166522864539
452 0.794434857635893
453 0.7916307161345988
454 0.792709232096635
455 0.7909836065573771
456 0.7853753235547886
457 0.7914150129421915
458 0.7883951682484901
459 0.7905522001725626
460 0.7864538395168249
461 0.7834339948231234
462 0.7883951682484901
463 0.7911993097497843
464 0.7914150129421915
465 0.7931406384814496
466 0.7981018119068162
467 0.7899050905953409
468 0.7849439171699741
469 0.7879637618636756
470 0.7899050905953409
471 0.7879637618636756
472 0.794434857635893
473 0.793572044866264
474 0.7963761863675582
475 0.7911993097497843
476 0.7946505608283002
477 0.7931406384814496
478 0.7933563416738568
479 0.7924935289042278
480 0.7950819672131147
481 0.7957290767903364
482 0.793572044866264
483 0.7981018119068162
484 0.7993960310612597
485 0.7976704055220017
486 0.7942191544434858
487 0.7963761863675582
488 0.8032786885245902
489 0.8024158757549612
490 0.7989646246764452
491 0.7993960310612597
492 0.7972389991371872
493 0.7985332182916307
494 0.794434857635893
495 0.7931406384814496
496 0.7970232959447799
497 0.790120793787748
498 0.7931406384814496
499 0.7940034512510785
500 0.795297670405522
501 0.798748921484038
502 0.7942191544434858
503 0.7899050905953409
504 0.7916307161345988
505 0.790120793787748
506 0.7931406384814496
507 0.7890422778257118
508 0.790120793787748
509 0.7916307161345988
510 0.7888265746333045
511 0.7894736842105263
512 0.7924935289042278
513 0.795297670405522
514 0.7946505608283002
515 0.796160483175151
516 0.794434857635893
517 0.7920621225194133
518 0.7911993097497843
519 0.7868852459016393
520 0.7836496980155306
521 0.7806298533218292
522 0.7812769628990509
523 0.7812769628990509
524 0.7825711820534944
525 0.7801984469370147
526 0.7814926660914582
527 0.7866695427092321
528 0.7810612597066436
529 0.7853753235547886
530 0.7782571182053495
531 0.7782571182053495
532 0.7776100086281277
533 0.7748058671268335
534 0.777825711820535
535 0.7821397756686799
536 0.7819240724762726
537 0.7797670405522001
538 0.7797670405522001
539 0.7801984469370147
540 0.7817083692838654
541 0.7814926660914582
542 0.7812769628990509
543 0.7860224331320104
544 0.7855910267471958
545 0.7924935289042278
546 0.790120793787748
547 0.7871009490940466
548 0.7888265746333045
549 0.7881794650560828
550 0.7858067299396031
551 0.7834339948231234
552 0.7842968075927523
553 0.7782571182053495
554 0.7810612597066436
555 0.7911993097497843
556 0.7883951682484901
557 0.7905522001725626
558 0.7890422778257118
559 0.7866695427092321
560 0.7875323554788611
561 0.7862381363244176
562 0.7808455565142364
563 0.7791199309749784
564 0.7849439171699741
565 0.7771786022433133
566 0.777825711820535
567 0.7871009490940466
568 0.7808455565142364
569 0.7795513373597929
570 0.7754529767040552
571 0.7754529767040552
572 0.7758843830888698
573 0.7782571182053495
574 0.7851596203623814
575 0.7834339948231234
576 0.7873166522864539
577 0.7858067299396031
578 0.7806298533218292
579 0.7840811044003452
580 0.7825711820534944
581 0.7879637618636756
582 0.7909836065573771
583 0.7899050905953409
584 0.7888265746333045
585 0.7838654012079379
586 0.7789042277825712
587 0.7756686798964625
588 0.7793356341673857
589 0.7823554788610871
590 0.7810612597066436
591 0.7801984469370147
592 0.7797670405522001
593 0.7838654012079379
594 0.7789042277825712
595 0.7814926660914582
596 0.7873166522864539
597 0.7948662640207075
598 0.7894736842105263
599 0.7838654012079379
600 0.7890422778257118
601 0.7907679033649698
602 0.795297670405522
603 0.7950819672131147
604 0.7929249352890423
605 0.7883951682484901
606 0.7858067299396031
607 0.7847282139775669
608 0.7890422778257118
609 0.7892579810181191
610 0.7914150129421915
611 0.7968075927523728
612 0.796160483175151
613 0.7933563416738568
614 0.7903364969801553
615 0.7879637618636756
616 0.7903364969801553
617 0.7851596203623814
618 0.7855910267471958
619 0.7834339948231234
620 0.7832182916307161
621 0.7853753235547886
622 0.7806298533218292
623 0.7881794650560828
624 0.7832182916307161
625 0.7801984469370147
626 0.7784728213977566
627 0.7812769628990509
628 0.7830025884383088
629 0.7791199309749784
630 0.7832182916307161
631 0.7821397756686799
632 0.7810612597066436
633 0.7825711820534944
634 0.7750215703192407
635 0.7758843830888698
636 0.7791199309749784
637 0.777825711820535
638 0.7795513373597929
639 0.7840811044003452
640 0.7808455565142364
641 0.7819240724762726
642 0.7791199309749784
643 0.7814926660914582
644 0.7849439171699741
645 0.7940034512510785
646 0.7903364969801553
647 0.7914150129421915
648 0.7886108714408974
649 0.7922778257118205
650 0.7946505608283002
651 0.7892579810181191
652 0.7830025884383088
653 0.7793356341673857
654 0.7767471958584987
655 0.7797670405522001
656 0.7881794650560828
657 0.7860224331320104
658 0.7834339948231234
659 0.7881794650560828
660 0.7914150129421915
661 0.7940034512510785
662 0.7905522001725626
663 0.7989646246764452
664 0.7920621225194133
665 0.7929249352890423
666 0.7886108714408974
667 0.7879637618636756
668 0.7860224331320104
669 0.7899050905953409
670 0.7903364969801553
671 0.7946505608283002
672 0.7959447799827437
673 0.7976704055220017
674 0.8002588438308887
675 0.8009059534081104
676 0.7989646246764452
677 0.8047886108714409
678 0.7985332182916307
679 0.7922778257118205
680 0.7866695427092321
681 0.780414150129422
682 0.7823554788610871
683 0.7851596203623814
684 0.7855910267471958
685 0.7832182916307161
686 0.7858067299396031
687 0.7911993097497843
688 0.792709232096635
689 0.793572044866264
690 0.796160483175151
691 0.7940034512510785
692 0.7933563416738568
693 0.795297670405522
694 0.7903364969801553
695 0.7907679033649698
696 0.7875323554788611
697 0.7864538395168249
698 0.7896893874029336
699 0.7933563416738568
700 0.7948662640207075
