1 0.0006471095772217428
2 0.0008628127696289905
3 0.0010785159620362382
4 0.0012942191544434857
5 0.0015099223468507334
6 0.0030198446937014668
7 0.004098360655737705
8 0.005392579810181191
9 0.007333908541846419
10 0.008843830888697153
11 0.009490940465918895
12 0.01186367558239862
13 0.012079378774805867
14 0.014883520276100086
15 0.015962036238136326
16 0.018550474547023296
17 0.022433132010353754
18 0.02523727351164797
19 0.027610008628127698
20 0.030629853321829163
21 0.03645383951682485
22 0.037748058671268334
23 0.039473684210526314
24 0.04314063848144953
25 0.04637618636755824
26 0.05176876617773943
27 0.05500431406384815
28 0.06147540983606557
29 0.06924072476272648
30 0.07441760138050044
31 0.0778688524590164
32 0.08239861949956859
33 0.08822260569456428
34 0.0910267471958585
35 0.09749784296807593
36 0.10202761000862813
37 0.10612597066436583
38 0.10936151855047455
39 0.11496980155306298
40 0.11971527178602244
41 0.1276962899050906
42 0.13395168248490077
43 0.13848144952545297
44 0.14322691975841242
45 0.14883520276100087
46 0.1557377049180328
47 0.16048317515099222
48 0.16522864538395168
49 0.17493528904227781
50 0.17860224331320104
51 0.18442622950819673
52 0.18960310612597067
53 0.19715271786022434
54 0.20534943917169973
55 0.21678170836928387
56 0.2219585849870578
57 0.2305867126833477
58 0.2409404659188956
59 0.25064710957722175
60 0.25776531492666094
61 0.26660914581535805
62 0.2754529767040552
63 0.2767471958584987
64 0.2883951682484901
65 0.30090595340811044
66 0.31061259706643657
67 0.3203192407247627
68 0.3274374460742019
69 0.33541846419327004
70 0.34232096635030196
71 0.34987057808455563
72 0.3554788610871441
73 0.3628127696289905
74 0.3714408973252804
75 0.3817946505608283
76 0.387618636755824
77 0.39603106125970666
78 0.4061691113028473
79 0.41458153580672996
80 0.42687661777394303
81 0.4327006039689387
82 0.4430543572044866
83 0.4518981880931838
84 0.4592320966350302
85 0.46354616048317515
86 0.47044866264020707
87 0.47929249352890424
88 0.4814495254529767
89 0.48511647972389993
90 0.48619499568593616
91 0.49201898188093185
92 0.49482312338222606
93 0.5038826574633305
94 0.5071182053494392
95 0.5107851596203624
96 0.5185504745470233
97 0.5224331320103538
98 0.5280414150129422
99 0.5308455565142364
100 0.5403364969801553
101 0.5455133735979293
102 0.5489646246764452
103 0.5532786885245902
104 0.5500431406384815
105 0.5547886108714409
106 0.5588869715271786
107 0.5709663503019845
108 0.5819672131147541
109 0.5845556514236411
110 0.588869715271786
111 0.594909404659189
112 0.5918895599654875
113 0.5927523727351165
114 0.596635030198447
115 0.6022433132010354
116 0.6037532355478861
117 0.6050474547023296
118 0.609792924935289
119 0.6151855047454702
120 0.6238136324417601
121 0.6268334771354616
122 0.633304572907679
123 0.6391285591026747
124 0.642795513373598
125 0.6496980155306299
126 0.6531492666091459
127 0.6535806729939603
128 0.6591889559965487
129 0.6574633304572908
130 0.6587575496117343
131 0.6622088006902502
132 0.6695427092320967
133 0.6714840379637619
134 0.6714840379637619
135 0.6704055220017257
136 0.6714840379637619
137 0.6831320103537533
138 0.682916307161346
139 0.6844262295081968
140 0.6835634167385677
141 0.6913287316652287
142 0.6956427955133736
143 0.6891716997411562
144 0.7003882657463331
145 0.7031924072476272
146 0.7077221742881795
147 0.7092320966350302
148 0.7034081104400345
149 0.7008196721311475
150 0.7079378774805867
151 0.7034081104400345
152 0.7008196721311475
153 0.6977998274374461
154 0.7001725625539258
155 0.704702329594478
156 0.7018981880931838
157 0.7008196721311475
158 0.7051337359792925
159 0.7105263157894737
160 0.7116048317515099
161 0.7146246764452114
162 0.7202329594477999
163 0.7234685073339086
164 0.7297238999137188
165 0.7295081967213115
166 0.7260569456427955
167 0.7318809318377912
168 0.7340379637618637
169 0.7310181190681622
170 0.7318809318377912
171 0.7310181190681622
172 0.7333908541846419
173 0.731665228645384
174 0.7387834339948232
175 0.7364106988783434
176 0.7430974978429681
177 0.7484900776531492
178 0.7454702329594478
179 0.7484900776531492
180 0.7469801553062986
181 0.746548748921484
182 0.7476272648835203
183 0.7553925798101812
184 0.7540983606557377
185 0.755176876617774
186 0.753451251078516
187 0.7571182053494392
188 0.7607851596203624
189 0.7603537532355479
190 0.7605694564279551
191 0.7618636755823986
192 0.7616479723899914
193 0.7605694564279551
194 0.7631578947368421
195 0.7681190681622088
196 0.7674719585849871
197 0.7655306298533219
198 0.7670405522001725
199 0.7698446937014668
200 0.7750215703192407
201 0.77351164797239
202 0.7713546160483176
203 0.7689818809318378
204 0.7685504745470233
205 0.7720017256255393
206 0.7687661777394306
207 0.7700603968938741
208 0.769197584124245
209 0.7676876617773943
210 0.7618636755823986
211 0.7601380500431406
212 0.7627264883520276
213 0.765746333045729
214 0.770923209663503
215 0.7711389128559103
216 0.772648835202761
217 0.770923209663503
218 0.768334771354616
219 0.7629421915444349
220 0.7653149266609146
221 0.7640207075064711
222 0.7661777394305436
223 0.7644521138912856
224 0.7646678170836928
225 0.765746333045729
226 0.7704918032786885
227 0.769197584124245
228 0.7750215703192407
229 0.772648835202761
230 0.7786885245901639
231 0.7810612597066436
232 0.7817083692838654
233 0.7773943054357204
234 0.7789042277825712
235 0.7776100086281277
236 0.7737273511647972
237 0.7771786022433133
238 0.7715703192407247
239 0.7722174288179465
240 0.7758843830888698
241 0.7767471958584987
242 0.7795513373597929
243 0.7789042277825712
244 0.7823554788610871
245 0.7834339948231234
246 0.7780414150129422
247 0.7715703192407247
248 0.7765314926660914
249 0.7737273511647972
250 0.7763157894736842
251 0.7799827437446074
252 0.7793356341673857
253 0.7763157894736842
254 0.7791199309749784
255 0.7773943054357204
256 0.7799827437446074
257 0.7799827437446074
258 0.7817083692838654
259 0.780414150129422
260 0.7840811044003452
261 0.7782571182053495
262 0.7801984469370147
263 0.7793356341673857
264 0.7784728213977566
265 0.7789042277825712
266 0.7797670405522001
267 0.7724331320103538
268 0.7739430543572045
269 0.774374460742019
270 0.780414150129422
271 0.7825711820534944
272 0.7866695427092321
273 0.7899050905953409
274 0.793572044866264
275 0.7974547023295945
276 0.792709232096635
277 0.7905522001725626
278 0.7827868852459017
279 0.7894736842105263
280 0.7845125107851596
281 0.7806298533218292
282 0.7750215703192407
283 0.7758843830888698
284 0.7748058671268335
285 0.7681190681622088
286 0.769197584124245
287 0.7722174288179465
288 0.7685504745470233
289 0.7741587575496117
290 0.7702761000862812
291 0.7763157894736842
292 0.7724331320103538
293 0.7698446937014668
294 0.7767471958584987
295 0.7834339948231234
296 0.780414150129422
297 0.7799827437446074
298 0.7795513373597929
299 0.7771786022433133
300 0.7810612597066436
301 0.7858067299396031
302 0.7825711820534944
303 0.7871009490940466
304 0.7890422778257118
305 0.7933563416738568
306 0.7868852459016393
307 0.7881794650560828
308 0.7888265746333045
309 0.7860224331320104
310 0.7832182916307161
311 0.7886108714408974
312 0.7888265746333045
313 0.7862381363244176
314 0.7789042277825712
315 0.7849439171699741
316 0.7849439171699741
317 0.7814926660914582
318 0.7838654012079379
319 0.7864538395168249
320 0.7866695427092321
321 0.7871009490940466
322 0.7866695427092321
323 0.7849439171699741
324 0.7860224331320104
325 0.7808455565142364
326 0.7806298533218292
327 0.7845125107851596
328 0.7812769628990509
329 0.7795513373597929
330 0.7761000862812769
331 0.7853753235547886
332 0.7877480586712683
333 0.7890422778257118
334 0.7907679033649698
335 0.7858067299396031
336 0.7853753235547886
337 0.7819240724762726
338 0.7830025884383088
339 0.7780414150129422
340 0.7860224331320104
341 0.780414150129422
342 0.7855910267471958
343 0.7773943054357204
344 0.7825711820534944
345 0.7888265746333045
346 0.7868852459016393
347 0.7877480586712683
348 0.7864538395168249
349 0.7814926660914582
350 0.7814926660914582
351 0.7879637618636756
352 0.7875323554788611
353 0.7866695427092321
354 0.7845125107851596
355 0.7860224331320104
356 0.7858067299396031
357 0.7868852459016393
358 0.7873166522864539
359 0.7845125107851596
360 0.7858067299396031
361 0.7909836065573771
362 0.7849439171699741
363 0.7836496980155306
364 0.7782571182053495
365 0.7812769628990509
366 0.7819240724762726
367 0.7806298533218292
368 0.7784728213977566
369 0.7840811044003452
370 0.7776100086281277
371 0.7834339948231234
372 0.7832182916307161
373 0.7864538395168249
374 0.7914150129421915
375 0.7974547023295945
376 0.7993960310612597
377 0.7972389991371872
378 0.7924935289042278
379 0.7886108714408974
380 0.7862381363244176
381 0.7795513373597929
382 0.7793356341673857
383 0.7847282139775669
384 0.7791199309749784
385 0.7795513373597929
386 0.7812769628990509
387 0.7825711820534944
388 0.7795513373597929
389 0.7795513373597929
390 0.7836496980155306
391 0.7834339948231234
392 0.7922778257118205
393 0.7905522001725626
394 0.7920621225194133
395 0.7890422778257118
396 0.7847282139775669
397 0.7847282139775669
398 0.7911993097497843
399 0.7907679033649698
400 0.7888265746333045
401 0.7959447799827437
402 0.7996117342536669
403 0.7996117342536669
404 0.798748921484038
405 0.7989646246764452
406 0.7955133735979293
407 0.7957290767903364
408 0.792709232096635
409 0.792709232096635
410 0.7916307161345988
411 0.7920621225194133
412 0.7905522001725626
413 0.790120793787748
414 0.7881794650560828
415 0.7940034512510785
416 0.7963761863675582
417 0.7909836065573771
418 0.7905522001725626
419 0.7905522001725626
420 0.7894736842105263
421 0.7875323554788611
422 0.7894736842105263
423 0.7877480586712683
424 0.7907679033649698
425 0.7957290767903364
426 0.7983175150992234
427 0.8047886108714409
428 0.7929249352890423
429 0.7942191544434858
430 0.7929249352890423
431 0.7911993097497843
432 0.7886108714408974
433 0.7842968075927523
434 0.793572044866264
435 0.7957290767903364
436 0.7873166522864539
437 0.7888265746333045
438 0.7896893874029336
439 0.7903364969801553
440 0.7875323554788611
441 0.7881794650560828
442 0.7911993097497843
443 0.7918464193270061
444 0.7942191544434858
445 0.7907679033649698
446 0.792709232096635
447 0.7905522001725626
448 0.7914150129421915
449 0.7890422778257118
450 0.7855910267471958
451 0.7866695427092321
452 0.7832182916307161
453 0.7847282139775669
454 0.7832182916307161
455 0.7853753235547886
456 0.7838654012079379
457 0.7825711820534944
458 0.7825711820534944
459 0.7806298533218292
460 0.7797670405522001
461 0.7756686798964625
462 0.774374460742019
463 0.7741587575496117
464 0.7823554788610871
465 0.7825711820534944
466 0.7836496980155306
467 0.7793356341673857
468 0.7784728213977566
469 0.776962899050906
470 0.7793356341673857
471 0.7868852459016393
472 0.790120793787748
473 0.7886108714408974
474 0.7905522001725626
475 0.7924935289042278
476 0.7903364969801553
477 0.7920621225194133
478 0.7942191544434858
479 0.7892579810181191
480 0.790120793787748
481 0.7883951682484901
482 0.7894736842105263
483 0.790120793787748
484 0.7847282139775669
485 0.7864538395168249
486 0.7830025884383088
487 0.7793356341673857
488 0.7819240724762726
489 0.7791199309749784
490 0.7806298533218292
491 0.7836496980155306
492 0.7808455565142364
493 0.7793356341673857
494 0.7767471958584987
495 0.7791199309749784
496 0.7754529767040552
497 0.7741587575496117
498 0.7702761000862812
499 0.776962899050906
500 0.7789042277825712
501 0.7741587575496117
502 0.7724331320103538
503 0.7720017256255393
504 0.774374460742019
505 0.7765314926660914
506 0.7771786022433133
507 0.7825711820534944
508 0.7832182916307161
509 0.7877480586712683
510 0.7860224331320104
511 0.7877480586712683
512 0.793572044866264
513 0.7940034512510785
514 0.7899050905953409
515 0.7950819672131147
516 0.7968075927523728
517 0.8002588438308887
518 0.7981018119068162
519 0.7983175150992234
520 0.7976704055220017
521 0.7907679033649698
522 0.7909836065573771
523 0.7942191544434858
524 0.7991803278688525
525 0.798748921484038
526 0.7981018119068162
527 0.7950819672131147
528 0.7959447799827437
529 0.7937877480586712
530 0.7892579810181191
531 0.7864538395168249
532 0.7827868852459017
533 0.7849439171699741
534 0.7838654012079379
535 0.7862381363244176
536 0.7922778257118205
537 0.7940034512510785
538 0.7894736842105263
539 0.7890422778257118
540 0.7924935289042278
541 0.8009059534081104
542 0.8004745470232959
543 0.7989646246764452
544 0.7883951682484901
545 0.7842968075927523
546 0.7879637618636756
547 0.7892579810181191
548 0.7933563416738568
549 0.795297670405522
550 0.7924935289042278
551 0.795297670405522
552 0.7907679033649698
553 0.7860224331320104
554 0.7866695427092321
555 0.7827868852459017
556 0.7791199309749784
557 0.7808455565142364
558 0.7808455565142364
559 0.7793356341673857
560 0.7793356341673857
561 0.771786022433132
562 0.7687661777394306
563 0.7750215703192407
564 0.7748058671268335
565 0.7773943054357204
566 0.7758843830888698
567 0.7817083692838654
568 0.7853753235547886
569 0.7808455565142364
570 0.777825711820535
571 0.7851596203623814
572 0.7819240724762726
573 0.780414150129422
574 0.7868852459016393
575 0.7851596203623814
576 0.7817083692838654
577 0.7827868852459017
578 0.7795513373597929
579 0.7765314926660914
580 0.7814926660914582
581 0.7814926660914582
582 0.7819240724762726
583 0.7754529767040552
584 0.7780414150129422
585 0.780414150129422
586 0.7864538395168249
587 0.7916307161345988
588 0.7823554788610871
589 0.7825711820534944
590 0.7853753235547886
591 0.7858067299396031
592 0.7786885245901639
593 0.7801984469370147
594 0.7819240724762726
595 0.7862381363244176
596 0.7853753235547886
597 0.7799827437446074
598 0.7853753235547886
599 0.7808455565142364
600 0.780414150129422
601 0.7771786022433133
602 0.769197584124245
603 0.7711389128559103
604 0.7761000862812769
605 0.777825711820535
606 0.7840811044003452
607 0.7819240724762726
608 0.7864538395168249
609 0.7871009490940466
610 0.7871009490940466
611 0.7862381363244176
612 0.7832182916307161
613 0.7799827437446074
614 0.7812769628990509
615 0.7748058671268335
616 0.7817083692838654
617 0.7791199309749784
618 0.7786885245901639
619 0.7780414150129422
620 0.7793356341673857
621 0.7817083692838654
622 0.7821397756686799
623 0.780414150129422
624 0.7773943054357204
625 0.7750215703192407
626 0.7728645383951682
627 0.7784728213977566
628 0.7858067299396031
629 0.7801984469370147
630 0.7821397756686799
631 0.7855910267471958
632 0.7819240724762726
633 0.7799827437446074
634 0.7799827437446074
635 0.7745901639344263
636 0.7819240724762726
637 0.7767471958584987
638 0.7761000862812769
639 0.7797670405522001
640 0.7838654012079379
641 0.7819240724762726
642 0.7873166522864539
643 0.7810612597066436
644 0.7823554788610871
645 0.7825711820534944
646 0.7840811044003452
647 0.7849439171699741
648 0.7860224331320104
649 0.7858067299396031
650 0.7845125107851596
651 0.7817083692838654
652 0.7845125107851596
653 0.7776100086281277
654 0.7840811044003452
655 0.7814926660914582
656 0.7823554788610871
657 0.7795513373597929
658 0.7817083692838654
659 0.7868852459016393
660 0.7890422778257118
661 0.7858067299396031
662 0.7877480586712683
663 0.7890422778257118
664 0.7871009490940466
665 0.7871009490940466
666 0.7860224331320104
667 0.7875323554788611
668 0.7942191544434858
669 0.7903364969801553
670 0.7881794650560828
671 0.790120793787748
672 0.7905522001725626
673 0.7905522001725626
674 0.7825711820534944
675 0.7858067299396031
676 0.7905522001725626
677 0.7855910267471958
678 0.7851596203623814
679 0.7832182916307161
680 0.7866695427092321
681 0.790120793787748
682 0.792709232096635
683 0.792709232096635
684 0.7883951682484901
685 0.7894736842105263
686 0.7968075927523728
687 0.792709232096635
688 0.8019844693701467
689 0.8011216566005177
690 0.7996117342536669
691 0.8028472821397756
692 0.8039257981018119
693 0.8056514236410699
694 0.8017687661777394
695 0.7989646246764452
696 0.796160483175151
697 0.7924935289042278
698 0.7933563416738568
699 0.7924935289042278
700 0.792709232096635
