1 0.00021570319240724764
2 0.00021570319240724764
3 0.00021570319240724764
4 0.00021570319240724764
5 0.0004314063848144953
6 0.0004314063848144953
7 0.0004314063848144953
8 0.0004314063848144953
9 0.0004314063848144953
10 0.00021570319240724764
11 0.00021570319240724764
12 0.0004314063848144953
13 0.0004314063848144953
14 0.0010785159620362382
15 0.0015099223468507334
16 0.0012942191544434857
17 0.0012942191544434857
18 0.0015099223468507334
19 0.0015099223468507334
20 0.0015099223468507334
21 0.0012942191544434857
22 0.0012942191544434857
23 0.0012942191544434857
24 0.0015099223468507334
25 0.001725625539257981
26 0.0019413287316652286
27 0.0019413287316652286
28 0.0028041415012942193
29 0.0032355478861087143
30 0.003451251078515962
31 0.003882657463330457
32 0.004314063848144953
33 0.004314063848144953
34 0.0056082830025884385
35 0.005392579810181191
36 0.0064710957722174285
37 0.007549611734253667
38 0.008628127696289905
39 0.009275237273511648
40 0.010569456427955135
41 0.011432269197584125
42 0.011216566005176877
43 0.012295081967213115
44 0.01272648835202761
45 0.014236410698878344
46 0.014667817083692839
47 0.014883520276100086
48 0.017040552200172563
49 0.017040552200172563
50 0.018766177739430543
51 0.019197584124245038
52 0.02286453839516825
53 0.026531492666091457
54 0.02998274374460742
55 0.032355478861087146
56 0.03278688524590164
57 0.036669542709232096
58 0.04206212251941329
59 0.044219154443485766
60 0.045944779982743746
61 0.05176876617773943
62 0.05759275237273512
63 0.06190681622088007
64 0.06643658326143227
65 0.07075064710957722
66 0.07420189818809318
67 0.07851596203623813
68 0.08326143226919758
69 0.08584987057808456
70 0.09253666954270923
71 0.0996548748921484
72 0.1046160483175151
73 0.10806729939603106
74 0.11216566005176877
75 0.11691113028472822
76 0.12036238136324418
77 0.12553925798101812
78 0.12985332182916307
79 0.13481449525452976
80 0.14301121656600518
81 0.14883520276100087
82 0.15379637618636754
83 0.15595340811044003
84 0.16371872303710094
85 0.1684641932700604
86 0.17687661777394306
87 0.18248490077653148
88 0.19305435720448663
89 0.19823123382226057
90 0.205565142364107
91 0.21613459879206212
92 0.22584124245038825
93 0.23533218291630717
94 0.24158757549611734
95 0.2504314063848145
96 0.2558239861949957
97 0.26488352027610007
98 0.2730802415875755
99 0.2845125107851596
100 0.2907679033649698
101 0.29680759275237273
102 0.30651423641069886
103 0.31039689387402936
104 0.31492666091458155
105 0.32053494391716997
106 0.3254961173425367
107 0.3328300258843831
108 0.3399482312338223
109 0.34792924935289044
110 0.3541846419327006
111 0.35677308024158755
112 0.3613028472821398
113 0.3703623813632442
114 0.37510785159620363
115 0.38114754098360654
116 0.38977566867989644
117 0.4031492666091458
118 0.4048748921484038
119 0.4126402070750647
120 0.41652286453839515
121 0.42213114754098363
122 0.43226919758412424
123 0.4411130284728214
124 0.45319240724762727
125 0.453839516824849
126 0.4570750647109577
127 0.4654874892148404
128 0.47088006902502155
129 0.4741156169111303
130 0.48080241587575495
131 0.4831751509922347
132 0.49158757549611737
133 0.49374460742018983
134 0.4987057808455565
135 0.5038826574633305
136 0.5081967213114754
137 0.5088438308886971
138 0.5200603968938741
139 0.5230802415875755
140 0.5271786022433133
141 0.5280414150129422
142 0.5345125107851596
143 0.5368852459016393
144 0.5416307161345988
145 0.5491803278688525
146 0.5515530629853321
147 0.5534943917169974
148 0.5567299396031061
149 0.5614754098360656
150 0.563632441760138
151 0.567946505608283
152 0.5763589301121657
153 0.5776531492666092
154 0.5856341673856773
155 0.5942622950819673
156 0.5938308886971527
157 0.5987920621225195
158 0.6033218291630716
159 0.6080672993960311
160 0.6138912855910268
161 0.6145383951682485
162 0.6182053494391717
163 0.6197152717860225
164 0.615832614322692
165 0.6205780845556514
166 0.6229508196721312
167 0.630716134598792
168 0.6328731665228645
169 0.6345987920621226
170 0.6445211389128559
171 0.6369715271786023
172 0.6352459016393442
173 0.6449525452976704
174 0.6443054357204486
175 0.6464624676445211
176 0.6553062985332183
177 0.6509922346850734
178 0.6503451251078516
179 0.6537963761863675
180 0.6581104400345125
181 0.661130284728214
182 0.6656600517687662
183 0.6734253666954271
184 0.6738567730802416
185 0.6786022433132011
186 0.6792493528904228
187 0.6775237273511648
188 0.6796807592752373
189 0.6822691975841243
190 0.6822691975841243
191 0.6835634167385677
192 0.6844262295081968
193 0.6878774805867127
194 0.6934857635893011
195 0.6973684210526315
196 0.6969370146678171
197 0.6954270923209663
198 0.7016824849007766
199 0.7053494391716998
200 0.7062122519413288
201 0.7053494391716998
202 0.7031924072476272
203 0.7029767040552201
204 0.704702329594478
205 0.7057808455565142
206 0.7092320966350302
207 0.7083692838654012
208 0.7075064710957722
209 0.7100949094046591
210 0.7122519413287317
211 0.7059965487489215
212 0.709879206212252
213 0.7081535806729939
214 0.7075064710957722
215 0.7079378774805867
216 0.7077221742881795
217 0.709879206212252
218 0.7152717860224331
219 0.7241156169111302
220 0.7262726488352028
221 0.7267040552200172
222 0.7295081967213115
223 0.727351164797239
224 0.727351164797239
225 0.7277825711820535
226 0.7204486626402071
227 0.7271354616048318
228 0.727351164797239
229 0.7314495254529767
230 0.7338222605694564
231 0.7387834339948232
232 0.7420189818809318
233 0.7402933563416738
234 0.7450388265746333
235 0.7435289042277826
236 0.7467644521138913
237 0.7476272648835203
238 0.7523727351164797
239 0.7545297670405522
240 0.7512942191544435
241 0.7540983606557377
242 0.7543140638481449
243 0.7558239861949957
244 0.7512942191544435
245 0.7502157031924073
246 0.749137187230371
247 0.744823123382226
248 0.7469801553062986
249 0.7512942191544435
250 0.7484900776531492
251 0.7558239861949957
252 0.7581967213114754
253 0.7603537532355479
254 0.7610008628127696
255 0.7540983606557377
256 0.7644521138912856
257 0.7711389128559103
258 0.771786022433132
259 0.7737273511647972
260 0.7663934426229508
261 0.7754529767040552
262 0.7756686798964625
263 0.7739430543572045
264 0.7707075064710958
265 0.771786022433132
266 0.7679033649698016
267 0.7653149266609146
268 0.7638050043140638
269 0.7663934426229508
270 0.7648835202761001
271 0.7614322691975841
272 0.7644521138912856
273 0.7603537532355479
274 0.7655306298533219
275 0.7650992234685073
276 0.7676876617773943
277 0.7737273511647972
278 0.7737273511647972
279 0.7715703192407247
280 0.7711389128559103
281 0.7722174288179465
282 0.7681190681622088
283 0.7672562553925798
284 0.7672562553925798
285 0.7640207075064711
286 0.7650992234685073
287 0.7625107851596203
288 0.7704918032786885
289 0.7648835202761001
290 0.765746333045729
291 0.7635893011216566
292 0.7674719585849871
293 0.7694132873166523
294 0.7694132873166523
295 0.765746333045729
296 0.7676876617773943
297 0.7724331320103538
298 0.7711389128559103
299 0.770923209663503
300 0.7739430543572045
301 0.7687661777394306
302 0.771786022433132
303 0.7739430543572045
304 0.7758843830888698
305 0.7730802415875755
306 0.7713546160483176
307 0.7765314926660914
308 0.7825711820534944
309 0.7834339948231234
310 0.775237273511648
311 0.776962899050906
312 0.7758843830888698
313 0.770923209663503
314 0.7741587575496117
315 0.7814926660914582
316 0.780414150129422
317 0.775237273511648
318 0.7765314926660914
319 0.772648835202761
320 0.7713546160483176
321 0.7672562553925798
322 0.7681190681622088
323 0.7679033649698016
324 0.772648835202761
325 0.7672562553925798
326 0.7767471958584987
327 0.7793356341673857
328 0.7806298533218292
329 0.7842968075927523
330 0.7855910267471958
331 0.7806298533218292
332 0.7847282139775669
333 0.7873166522864539
334 0.7827868852459017
335 0.7808455565142364
336 0.7797670405522001
337 0.77351164797239
338 0.775237273511648
339 0.774374460742019
340 0.7750215703192407
341 0.775237273511648
342 0.7780414150129422
343 0.7761000862812769
344 0.7750215703192407
345 0.776962899050906
346 0.7750215703192407
347 0.7724331320103538
348 0.7698446937014668
349 0.772648835202761
350 0.7767471958584987
351 0.776962899050906
352 0.7758843830888698
353 0.7825711820534944
354 0.7836496980155306
355 0.7862381363244176
356 0.7858067299396031
357 0.7791199309749784
358 0.7791199309749784
359 0.7782571182053495
360 0.7765314926660914
361 0.7754529767040552
362 0.7741587575496117
363 0.7763157894736842
364 0.7791199309749784
365 0.7827868852459017
366 0.7823554788610871
367 0.7834339948231234
368 0.7817083692838654
369 0.7836496980155306
370 0.7845125107851596
371 0.7840811044003452
372 0.7918464193270061
373 0.7929249352890423
374 0.7899050905953409
375 0.7888265746333045
376 0.7896893874029336
377 0.7875323554788611
378 0.7842968075927523
379 0.7890422778257118
380 0.7886108714408974
381 0.7840811044003452
382 0.7808455565142364
383 0.7728645383951682
384 0.7782571182053495
385 0.7784728213977566
386 0.7782571182053495
387 0.7812769628990509
388 0.780414150129422
389 0.7840811044003452
390 0.7862381363244176
391 0.7875323554788611
392 0.790120793787748
393 0.7842968075927523
394 0.7860224331320104
395 0.7875323554788611
396 0.7911993097497843
397 0.796160483175151
398 0.7948662640207075
399 0.7940034512510785
400 0.795297670405522
401 0.7929249352890423
402 0.7931406384814496
403 0.7909836065573771
404 0.7924935289042278
405 0.7940034512510785
406 0.7883951682484901
407 0.7940034512510785
408 0.7905522001725626
409 0.7864538395168249
410 0.7832182916307161
411 0.7845125107851596
412 0.7823554788610871
413 0.7821397756686799
414 0.777825711820535
415 0.7836496980155306
416 0.7905522001725626
417 0.7909836065573771
418 0.7832182916307161
419 0.7845125107851596
420 0.7801984469370147
421 0.7791199309749784
422 0.7812769628990509
423 0.7840811044003452
424 0.7722174288179465
425 0.7745901639344263
426 0.7765314926660914
427 0.7847282139775669
428 0.7830025884383088
429 0.7771786022433133
430 0.780414150129422
431 0.7767471958584987
432 0.7776100086281277
433 0.7776100086281277
434 0.7741587575496117
435 0.7745901639344263
436 0.7771786022433133
437 0.7754529767040552
438 0.7741587575496117
439 0.7819240724762726
440 0.7795513373597929
441 0.7786885245901639
442 0.7838654012079379
443 0.7868852459016393
444 0.7881794650560828
445 0.7866695427092321
446 0.7888265746333045
447 0.7849439171699741
448 0.7866695427092321
449 0.7853753235547886
450 0.780414150129422
451 0.7808455565142364
452 0.7817083692838654
453 0.7832182916307161
454 0.780414150129422
455 0.7821397756686799
456 0.7879637618636756
457 0.7888265746333045
458 0.7875323554788611
459 0.7832182916307161
460 0.7840811044003452
461 0.7853753235547886
462 0.7875323554788611
463 0.7838654012079379
464 0.7896893874029336
465 0.7922778257118205
466 0.7866695427092321
467 0.7827868852459017
468 0.7791199309749784
469 0.7786885245901639
470 0.7720017256255393
471 0.770923209663503
472 0.7685504745470233
473 0.7704918032786885
474 0.7685504745470233
475 0.777825711820535
476 0.7827868852459017
477 0.7789042277825712
478 0.7795513373597929
479 0.7827868852459017
480 0.7845125107851596
481 0.7924935289042278
482 0.7922778257118205
483 0.7920621225194133
484 0.7942191544434858
485 0.792709232096635
486 0.7875323554788611
487 0.7847282139775669
488 0.7892579810181191
489 0.7875323554788611
490 0.7946505608283002
491 0.7860224331320104
492 0.7905522001725626
493 0.7922778257118205
494 0.7868852459016393
495 0.7868852459016393
496 0.7868852459016393
497 0.7842968075927523
498 0.7883951682484901
499 0.7905522001725626
500 0.7940034512510785
501 0.7940034512510785
502 0.7920621225194133
503 0.7929249352890423
504 0.798748921484038
505 0.792709232096635
506 0.7920621225194133
507 0.7993960310612597
508 0.794434857635893
509 0.7942191544434858
510 0.7989646246764452
511 0.7937877480586712
512 0.7879637618636756
513 0.7899050905953409
514 0.7862381363244176
515 0.7862381363244176
516 0.7767471958584987
517 0.777825711820535
518 0.780414150129422
519 0.7830025884383088
520 0.7814926660914582
521 0.7758843830888698
522 0.7765314926660914
523 0.7739430543572045
524 0.7771786022433133
525 0.7838654012079379
526 0.7817083692838654
527 0.7892579810181191
528 0.7836496980155306
529 0.780414150129422
530 0.7791199309749784
531 0.7793356341673857
532 0.7851596203623814
533 0.7832182916307161
534 0.7801984469370147
535 0.7849439171699741
536 0.7842968075927523
537 0.7892579810181191
538 0.7866695427092321
539 0.7879637618636756
540 0.7849439171699741
541 0.7821397756686799
542 0.7909836065573771
543 0.7886108714408974
544 0.7862381363244176
545 0.7899050905953409
546 0.7868852459016393
547 0.7812769628990509
548 0.7849439171699741
549 0.7812769628990509
550 0.7823554788610871
551 0.7851596203623814
552 0.7914150129421915
553 0.7916307161345988
554 0.7946505608283002
555 0.7899050905953409
556 0.7881794650560828
557 0.7877480586712683
558 0.7860224331320104
559 0.7899050905953409
560 0.7896893874029336
561 0.7875323554788611
562 0.7899050905953409
563 0.7890422778257118
564 0.7881794650560828
565 0.7914150129421915
566 0.7849439171699741
567 0.774374460742019
568 0.7814926660914582
569 0.7825711820534944
570 0.7814926660914582
571 0.7819240724762726
572 0.7834339948231234
573 0.7830025884383088
574 0.7795513373597929
575 0.7825711820534944
576 0.7834339948231234
577 0.7801984469370147
578 0.7825711820534944
579 0.780414150129422
580 0.777825711820535
581 0.7851596203623814
582 0.7879637618636756
583 0.7840811044003452
584 0.7830025884383088
585 0.7808455565142364
586 0.7789042277825712
587 0.7782571182053495
588 0.7821397756686799
589 0.7810612597066436
590 0.7832182916307161
591 0.7838654012079379
592 0.7832182916307161
593 0.7868852459016393
594 0.7868852459016393
595 0.7845125107851596
596 0.7877480586712683
597 0.7827868852459017
598 0.7851596203623814
599 0.7862381363244176
600 0.7942191544434858
601 0.7933563416738568
602 0.7955133735979293
603 0.798748921484038
604 0.7914150129421915
605 0.7933563416738568
606 0.7940034512510785
607 0.7940034512510785
608 0.7981018119068162
609 0.8026315789473685
610 0.8019844693701467
611 0.7996117342536669
612 0.8017687661777394
613 0.8006902502157032
614 0.7976704055220017
615 0.7963761863675582
616 0.7970232959447799
617 0.794434857635893
618 0.7911993097497843
619 0.7886108714408974
620 0.7931406384814496
621 0.7914150129421915
622 0.7922778257118205
623 0.7886108714408974
624 0.7825711820534944
625 0.7771786022433133
626 0.7767471958584987
627 0.7847282139775669
628 0.7847282139775669
629 0.7830025884383088
630 0.7812769628990509
631 0.7858067299396031
632 0.7838654012079379
633 0.7832182916307161
634 0.7890422778257118
635 0.7905522001725626
636 0.7903364969801553
637 0.7940034512510785
638 0.790120793787748
639 0.7916307161345988
640 0.7875323554788611
641 0.7866695427092321
642 0.7851596203623814
643 0.7896893874029336
644 0.7909836065573771
645 0.794434857635893
646 0.7972389991371872
647 0.7965918895599655
648 0.7899050905953409
649 0.7883951682484901
650 0.7890422778257118
651 0.7851596203623814
652 0.7862381363244176
653 0.7888265746333045
654 0.7888265746333045
655 0.7838654012079379
656 0.7825711820534944
657 0.7765314926660914
658 0.7758843830888698
659 0.7782571182053495
660 0.7795513373597929
661 0.7786885245901639
662 0.7763157894736842
663 0.7793356341673857
664 0.7819240724762726
665 0.7789042277825712
666 0.7823554788610871
667 0.7849439171699741
668 0.7862381363244176
669 0.7886108714408974
670 0.7860224331320104
671 0.7879637618636756
672 0.7858067299396031
673 0.7771786022433133
674 0.777825711820535
675 0.7761000862812769
676 0.7761000862812769
677 0.7799827437446074
678 0.7851596203623814
679 0.7812769628990509
680 0.7799827437446074
681 0.777825711820535
682 0.777825711820535
683 0.7827868852459017
684 0.7812769628990509
685 0.7840811044003452
686 0.7881794650560828
687 0.7853753235547886
688 0.7875323554788611
689 0.7862381363244176
690 0.7845125107851596
691 0.7892579810181191
692 0.7860224331320104
693 0.7907679033649698
694 0.7883951682484901
695 0.7860224331320104
696 0.7821397756686799
697 0.7786885245901639
698 0.7821397756686799
699 0.7814926660914582
700 0.7793356341673857
