1 0.0004314063848144953
2 0.0006471095772217428
3 0.001725625539257981
4 0.002372735116479724
5 0.0028041415012942193
6 0.003882657463330457
7 0.005392579810181191
8 0.0060396893874029335
9 0.006686798964624676
10 0.006686798964624676
11 0.00819672131147541
12 0.008843830888697153
13 0.009490940465918895
14 0.01100086281276963
15 0.011647972389991372
16 0.01272648835202761
17 0.013805004314063849
18 0.015099223468507334
19 0.017040552200172563
20 0.018766177739430543
21 0.02372735116479724
22 0.025884383088869714
23 0.027825711820534945
24 0.030629853321829163
25 0.03451251078515962
26 0.037748058671268334
27 0.04292493528904228
28 0.04616048317515099
29 0.05133735979292493
30 0.05651423641069888
31 0.06169111302847282
32 0.06255392579810182
33 0.06729939603106126
34 0.0729076790336497
35 0.07873166522864539
36 0.08412424503882658
37 0.08951682484900776
38 0.0955565142364107
39 0.10245901639344263
40 0.10893011216566005
41 0.1182053494391717
42 0.1227351164797239
43 0.1285591026747196
44 0.13524590163934427
45 0.1453839516824849
46 0.1544434857635893
47 0.16156169111302848
48 0.16587575496117343
49 0.17148403796376185
50 0.1807592752372735
51 0.1919758412424504
52 0.19909404659188956
53 0.2079378774805867
54 0.2206643658326143
55 0.22886108714408973
56 0.2405090595340811
57 0.2495685936151855
58 0.2573339085418464
59 0.26466781708369286
60 0.2722174288179465
61 0.2789042277825712
62 0.28602243313201037
63 0.2942191544434858
64 0.3030629853321829
65 0.3084555651423641
66 0.31406384814495253
67 0.3229076790336497
68 0.3311044003451251
69 0.33779119930974977
70 0.3472821397756687
71 0.3569887834339948
72 0.36259706643658324
73 0.3669111302847282
74 0.3772648835202761
75 0.3828731665228645
76 0.39193270060396895
77 0.4014236410698878
78 0.41069887834339946
79 0.41911130284728215
80 0.4262295081967213
81 0.4301121656600518
82 0.4357204486626402
83 0.4447799827437446
84 0.45491803278688525
85 0.46311475409836067
86 0.4691544434857636
87 0.47907679033649697
88 0.48792062122519414
89 0.49762726488352027
90 0.5
91 0.5088438308886971
92 0.521786022433132
93 0.5289042277825712
94 0.5284728213977566
95 0.5347282139775669
96 0.5465918895599655
97 0.5476704055220017
98 0.5524158757549612
99 0.5591026747195859
100 0.5664365832614323
101 0.5726919758412424
102 0.5726919758412424
103 0.5776531492666092
104 0.5826143226919759
105 0.58541846419327
106 0.5871440897325281
107 0.592320966350302
108 0.5955565142364107
109 0.6009490940465919
110 0.6052631578947368
111 0.6119499568593615
112 0.612381363244176
113 0.6175582398619499
114 0.6218723037100949
115 0.6283433994823123
116 0.6352459016393442
117 0.6432269197584124
118 0.6440897325280415
119 0.6440897325280415
120 0.6471095772217429
121 0.6522864538395168
122 0.6570319240724762
123 0.6613459879206213
124 0.6615616911130284
125 0.6641501294219154
126 0.6688955996548749
127 0.6650129421915444
128 0.6667385677308024
129 0.6719154443485763
130 0.6714840379637619
131 0.6727782571182054
132 0.6745038826574633
133 0.6760138050043141
134 0.6792493528904228
135 0.6818377911993098
136 0.6839948231233822
137 0.6859361518550474
138 0.6870146678170836
139 0.6928386540120793
140 0.6937014667817084
141 0.6956427955133736
142 0.6949956859361519
143 0.6982312338222606
144 0.701251078515962
145 0.7068593615185504
146 0.7137618636755824
147 0.7126833477135461
148 0.7148403796376186
149 0.7157031924072477
150 0.7238999137187231
151 0.724762726488352
152 0.7215271786022434
153 0.7210957722174288
154 0.723037100949094
155 0.723037100949094
156 0.7277825711820535
157 0.7331751509922347
158 0.7331751509922347
159 0.7361949956859362
160 0.7402933563416738
161 0.7437446074201898
162 0.7407247627264884
163 0.7456859361518551
164 0.7441760138050043
165 0.7450388265746333
166 0.7437446074201898
167 0.7415875754961173
168 0.74137187230371
169 0.7454702329594478
170 0.752588438308887
171 0.7493528904227783
172 0.749137187230371
173 0.7528041415012943
174 0.7540983606557377
175 0.7528041415012943
176 0.7502157031924073
177 0.7519413287316652
178 0.7489214840379638
179 0.7502157031924073
180 0.7452545297670405
181 0.7469801553062986
182 0.748274374460742
183 0.747411561691113
184 0.7536669542709232
185 0.7618636755823986
186 0.7674719585849871
187 0.765746333045729
188 0.7610008628127696
189 0.7543140638481449
190 0.7610008628127696
191 0.7638050043140638
192 0.7577653149266609
193 0.7635893011216566
194 0.7655306298533219
195 0.7670405522001725
196 0.7659620362381363
197 0.7715703192407247
198 0.771786022433132
199 0.7741587575496117
200 0.7771786022433133
201 0.7773943054357204
202 0.7728645383951682
203 0.7666091458153581
204 0.7640207075064711
205 0.7629421915444349
206 0.7666091458153581
207 0.7625107851596203
208 0.7648835202761001
209 0.7655306298533219
210 0.771786022433132
211 0.7722174288179465
212 0.7754529767040552
213 0.7732959447799828
214 0.769197584124245
215 0.7674719585849871
216 0.7638050043140638
217 0.7605694564279551
218 0.7605694564279551
219 0.7631578947368421
220 0.7614322691975841
221 0.7607851596203624
222 0.7603537532355479
223 0.7653149266609146
224 0.7631578947368421
225 0.7644521138912856
226 0.7728645383951682
227 0.7741587575496117
228 0.774374460742019
229 0.7737273511647972
230 0.7631578947368421
231 0.7616479723899914
232 0.7618636755823986
233 0.7687661777394306
234 0.7618636755823986
235 0.7700603968938741
236 0.7698446937014668
237 0.7674719585849871
238 0.7644521138912856
239 0.7685504745470233
240 0.772648835202761
241 0.7711389128559103
242 0.7722174288179465
243 0.7860224331320104
244 0.7888265746333045
245 0.7933563416738568
246 0.7810612597066436
247 0.7754529767040552
248 0.7687661777394306
249 0.7672562553925798
250 0.7698446937014668
251 0.7801984469370147
252 0.7832182916307161
253 0.7814926660914582
254 0.7825711820534944
255 0.7842968075927523
256 0.7836496980155306
257 0.7827868852459017
258 0.7860224331320104
259 0.7817083692838654
260 0.7799827437446074
261 0.7827868852459017
262 0.7791199309749784
263 0.7883951682484901
264 0.7858067299396031
265 0.7840811044003452
266 0.7789042277825712
267 0.7855910267471958
268 0.7866695427092321
269 0.7883951682484901
270 0.7771786022433133
271 0.7741587575496117
272 0.7784728213977566
273 0.7858067299396031
274 0.7851596203623814
275 0.7819240724762726
276 0.7838654012079379
277 0.7834339948231234
278 0.7875323554788611
279 0.7871009490940466
280 0.7858067299396031
281 0.7793356341673857
282 0.7739430543572045
283 0.7765314926660914
284 0.7758843830888698
285 0.7776100086281277
286 0.7810612597066436
287 0.774374460742019
288 0.7754529767040552
289 0.7786885245901639
290 0.7821397756686799
291 0.7866695427092321
292 0.7849439171699741
293 0.7860224331320104
294 0.7862381363244176
295 0.7879637618636756
296 0.7877480586712683
297 0.7875323554788611
298 0.7890422778257118
299 0.7862381363244176
300 0.7862381363244176
301 0.7871009490940466
302 0.7860224331320104
303 0.7806298533218292
304 0.7821397756686799
305 0.7758843830888698
306 0.7810612597066436
307 0.7786885245901639
308 0.7853753235547886
309 0.7877480586712683
310 0.7864538395168249
311 0.7875323554788611
312 0.7819240724762726
313 0.7860224331320104
314 0.7836496980155306
315 0.7855910267471958
316 0.7890422778257118
317 0.7877480586712683
318 0.7797670405522001
319 0.7810612597066436
320 0.780414150129422
321 0.7851596203623814
322 0.7871009490940466
323 0.7789042277825712
324 0.7814926660914582
325 0.7840811044003452
326 0.7821397756686799
327 0.7806298533218292
328 0.7838654012079379
329 0.7890422778257118
330 0.7929249352890423
331 0.7864538395168249
332 0.7855910267471958
333 0.7871009490940466
334 0.7871009490940466
335 0.7827868852459017
336 0.7892579810181191
337 0.7864538395168249
338 0.7879637618636756
339 0.7871009490940466
340 0.7871009490940466
341 0.7871009490940466
342 0.7888265746333045
343 0.7875323554788611
344 0.7821397756686799
345 0.7791199309749784
346 0.777825711820535
347 0.774374460742019
348 0.771786022433132
349 0.7666091458153581
350 0.770923209663503
351 0.7700603968938741
352 0.7696289905090595
353 0.775237273511648
354 0.7780414150129422
355 0.7780414150129422
356 0.7761000862812769
357 0.776962899050906
358 0.7771786022433133
359 0.7832182916307161
360 0.7883951682484901
361 0.7890422778257118
362 0.7918464193270061
363 0.7931406384814496
364 0.7879637618636756
365 0.7875323554788611
366 0.790120793787748
367 0.7963761863675582
368 0.7920621225194133
369 0.7851596203623814
370 0.7849439171699741
371 0.780414150129422
372 0.7842968075927523
373 0.7810612597066436
374 0.7773943054357204
375 0.7767471958584987
376 0.7797670405522001
377 0.7808455565142364
378 0.7847282139775669
379 0.7812769628990509
380 0.7773943054357204
381 0.7795513373597929
382 0.7745901639344263
383 0.7713546160483176
384 0.7780414150129422
385 0.7797670405522001
386 0.7797670405522001
387 0.7765314926660914
388 0.7732959447799828
389 0.7728645383951682
390 0.7707075064710958
391 0.777825711820535
392 0.7737273511647972
393 0.7685504745470233
394 0.7670405522001725
395 0.7687661777394306
396 0.7655306298533219
397 0.7685504745470233
398 0.7737273511647972
399 0.774374460742019
400 0.7741587575496117
401 0.7741587575496117
402 0.7754529767040552
403 0.780414150129422
404 0.7801984469370147
405 0.7821397756686799
406 0.7756686798964625
407 0.7737273511647972
408 0.7663934426229508
409 0.7663934426229508
410 0.7659620362381363
411 0.7707075064710958
412 0.7737273511647972
413 0.775237273511648
414 0.7819240724762726
415 0.7799827437446074
416 0.7834339948231234
417 0.7873166522864539
418 0.7879637618636756
419 0.7842968075927523
420 0.7830025884383088
421 0.7875323554788611
422 0.7849439171699741
423 0.7808455565142364
424 0.7817083692838654
425 0.7812769628990509
426 0.7819240724762726
427 0.776962899050906
428 0.7801984469370147
429 0.7776100086281277
430 0.7715703192407247
431 0.7707075064710958
432 0.7707075064710958
433 0.770923209663503
434 0.7685504745470233
435 0.7758843830888698
436 0.7832182916307161
437 0.7838654012079379
438 0.7819240724762726
439 0.7817083692838654
440 0.7806298533218292
441 0.7830025884383088
442 0.7858067299396031
443 0.7883951682484901
444 0.7929249352890423
445 0.7942191544434858
446 0.7922778257118205
447 0.7853753235547886
448 0.7883951682484901
449 0.7881794650560828
450 0.7899050905953409
451 0.7868852459016393
452 0.7825711820534944
453 0.7838654012079379
454 0.7832182916307161
455 0.7855910267471958
456 0.7845125107851596
457 0.7836496980155306
458 0.7825711820534944
459 0.7817083692838654
460 0.7799827437446074
461 0.7808455565142364
462 0.7799827437446074
463 0.7838654012079379
464 0.7806298533218292
465 0.7814926660914582
466 0.7825711820534944
467 0.7771786022433133
468 0.7786885245901639
469 0.7791199309749784
470 0.7801984469370147
471 0.7756686798964625
472 0.7765314926660914
473 0.7782571182053495
474 0.7784728213977566
475 0.7758843830888698
476 0.777825711820535
477 0.7812769628990509
478 0.7784728213977566
479 0.7728645383951682
480 0.772648835202761
481 0.7789042277825712
482 0.7819240724762726
483 0.7806298533218292
484 0.7806298533218292
485 0.7855910267471958
486 0.7825711820534944
487 0.7761000862812769
488 0.7767471958584987
489 0.7821397756686799
490 0.7786885245901639
491 0.7905522001725626
492 0.7948662640207075
493 0.7890422778257118
494 0.7916307161345988
495 0.7974547023295945
496 0.7955133735979293
497 0.7948662640207075
498 0.7868852459016393
499 0.7801984469370147
500 0.7907679033649698
501 0.7890422778257118
502 0.7847282139775669
503 0.7814926660914582
504 0.7886108714408974
505 0.7845125107851596
506 0.7832182916307161
507 0.7842968075927523
508 0.7864538395168249
509 0.7784728213977566
510 0.7771786022433133
511 0.7789042277825712
512 0.7888265746333045
513 0.7892579810181191
514 0.7879637618636756
515 0.7853753235547886
516 0.7862381363244176
517 0.7896893874029336
518 0.7924935289042278
519 0.7914150129421915
520 0.7916307161345988
521 0.7873166522864539
522 0.7916307161345988
523 0.7933563416738568
524 0.7905522001725626
525 0.7875323554788611
526 0.7832182916307161
527 0.7793356341673857
528 0.7832182916307161
529 0.7821397756686799
530 0.780414150129422
531 0.7851596203623814
532 0.7881794650560828
533 0.7823554788610871
534 0.7810612597066436
535 0.7832182916307161
536 0.7868852459016393
537 0.7888265746333045
538 0.7868852459016393
539 0.7862381363244176
540 0.7827868852459017
541 0.7823554788610871
542 0.7834339948231234
543 0.7840811044003452
544 0.780414150129422
545 0.7799827437446074
546 0.7845125107851596
547 0.7849439171699741
548 0.7931406384814496
549 0.7937877480586712
550 0.7892579810181191
551 0.7871009490940466
552 0.7883951682484901
553 0.790120793787748
554 0.7899050905953409
555 0.794434857635893
556 0.7905522001725626
557 0.7864538395168249
558 0.7849439171699741
559 0.7879637618636756
560 0.7877480586712683
561 0.7924935289042278
562 0.792709232096635
563 0.7905522001725626
564 0.7965918895599655
565 0.795297670405522
566 0.7976704055220017
567 0.7903364969801553
568 0.7871009490940466
569 0.7864538395168249
570 0.7881794650560828
571 0.7830025884383088
572 0.7873166522864539
573 0.7858067299396031
574 0.7899050905953409
575 0.790120793787748
576 0.7907679033649698
577 0.7853753235547886
578 0.7873166522864539
579 0.7862381363244176
580 0.7823554788610871
581 0.770923209663503
582 0.7782571182053495
583 0.7830025884383088
584 0.7907679033649698
585 0.7862381363244176
586 0.7890422778257118
587 0.7873166522864539
588 0.7860224331320104
589 0.7888265746333045
590 0.790120793787748
591 0.7892579810181191
592 0.7920621225194133
593 0.7931406384814496
594 0.7907679033649698
595 0.7918464193270061
596 0.7942191544434858
597 0.7920621225194133
598 0.793572044866264
599 0.7860224331320104
600 0.7868852459016393
601 0.7896893874029336
602 0.796160483175151
603 0.793572044866264
604 0.7892579810181191
605 0.7877480586712683
606 0.7819240724762726
607 0.7840811044003452
608 0.7873166522864539
609 0.7847282139775669
610 0.7799827437446074
611 0.777825711820535
612 0.7821397756686799
613 0.7780414150129422
614 0.7847282139775669
615 0.7918464193270061
616 0.7903364969801553
617 0.7907679033649698
618 0.7864538395168249
619 0.7890422778257118
620 0.7890422778257118
621 0.7920621225194133
622 0.7924935289042278
623 0.7894736842105263
624 0.7866695427092321
625 0.7821397756686799
626 0.7793356341673857
627 0.7786885245901639
628 0.7784728213977566
629 0.7739430543572045
630 0.7799827437446074
631 0.7823554788610871
632 0.7817083692838654
633 0.7858067299396031
634 0.790120793787748
635 0.794434857635893
636 0.7940034512510785
637 0.7929249352890423
638 0.7924935289042278
639 0.7851596203623814
640 0.7896893874029336
641 0.7903364969801553
642 0.7868852459016393
643 0.7866695427092321
644 0.7834339948231234
645 0.7860224331320104
646 0.7875323554788611
647 0.7832182916307161
648 0.7780414150129422
649 0.7801984469370147
650 0.7758843830888698
651 0.772648835202761
652 0.7758843830888698
653 0.7819240724762726
654 0.7851596203623814
655 0.7881794650560828
656 0.7858067299396031
657 0.7879637618636756
658 0.7903364969801553
659 0.7924935289042278
660 0.7974547023295945
661 0.7916307161345988
662 0.7948662640207075
663 0.797886108714409
664 0.8009059534081104
665 0.8022001725625539
666 0.8000431406384815
667 0.7968075927523728
668 0.7940034512510785
669 0.7899050905953409
670 0.7890422778257118
671 0.7911993097497843
672 0.7864538395168249
673 0.7892579810181191
674 0.7860224331320104
675 0.7879637618636756
676 0.7916307161345988
677 0.7950819672131147
678 0.7905522001725626
679 0.7875323554788611
680 0.7836496980155306
681 0.7814926660914582
682 0.7832182916307161
683 0.7810612597066436
684 0.7855910267471958
685 0.7873166522864539
686 0.790120793787748
687 0.7920621225194133
688 0.7946505608283002
689 0.793572044866264
690 0.7931406384814496
691 0.7890422778257118
692 0.7864538395168249
693 0.7920621225194133
694 0.7909836065573771
695 0.7937877480586712
696 0.7890422778257118
697 0.7853753235547886
698 0.7890422778257118
699 0.7849439171699741
700 0.7946505608283002
