1 0.00021570319240724764
2 0.0004314063848144953
3 0.0010785159620362382
4 0.0012942191544434857
5 0.0012942191544434857
6 0.0008628127696289905
7 0.0006471095772217428
8 0.0008628127696289905
9 0.0008628127696289905
10 0.0008628127696289905
11 0.0012942191544434857
12 0.0019413287316652286
13 0.0030198446937014668
14 0.0032355478861087143
15 0.0032355478861087143
16 0.003451251078515962
17 0.003451251078515962
18 0.0036669542709232097
19 0.0036669542709232097
20 0.004961173425366695
21 0.005392579810181191
22 0.005823986194995686
23 0.006686798964624676
24 0.007333908541846419
25 0.007981018119068163
26 0.008412424503882658
27 0.009706643658326143
28 0.010569456427955135
29 0.01100086281276963
30 0.01272648835202761
31 0.012079378774805867
32 0.013589301121656601
33 0.01639344262295082
34 0.02113891285591027
35 0.02372735116479724
36 0.02459016393442623
37 0.02739430543572045
38 0.030629853321829163
39 0.031708369283865404
40 0.03559102674719586
41 0.037748058671268334
42 0.03904227782571182
43 0.04227782571182054
44 0.045944779982743746
45 0.048533218291630716
46 0.04831751509922347
47 0.051121656600517686
48 0.054357204486626405
49 0.05651423641069888
50 0.05737704918032787
51 0.06341673856773081
52 0.06643658326143227
53 0.067946505608283
54 0.06924072476272648
55 0.07312338222605695
56 0.0774374460742019
57 0.08196721311475409
58 0.08369283865401209
59 0.09037963761863675
60 0.0955565142364107
61 0.10353753235547886
62 0.10893011216566005
63 0.1128127696289905
64 0.12230371009490941
65 0.12575496117342536
66 0.1326574633304573
67 0.14020707506471095
68 0.14559965487489215
69 0.158541846419327
70 0.16652286453839515
71 0.17536669542709232
72 0.1779551337359793
73 0.1816220880069025
74 0.1898188093183779
75 0.1943485763589301
76 0.19499568593615185
77 0.20125107851596202
78 0.20729076790336498
79 0.21462467644521138
80 0.21958584987057808
81 0.2277825711820535
82 0.23533218291630717
83 0.2441760138050043
84 0.24978429680759276
85 0.25496117342536667
86 0.26078515962036236
87 0.26251078515962034
88 0.2672562553925798
89 0.2780414150129422
90 0.28645383951682485
91 0.2993960310612597
92 0.3056514236410699
93 0.31449525452976707
94 0.32679033649698014
95 0.3358498705780846
96 0.34232096635030196
97 0.3470664365832614
98 0.3544003451251079
99 0.3546160483175151
100 0.3595772217428818
101 0.3671268334771355
102 0.3759706643658326
103 0.3813632441760138
104 0.3839516824849008
105 0.39365832614322693
106 0.40336496980155306
107 0.4089732528041415
108 0.4130716134598792
109 0.4143658326143227
110 0.42234685073339084
111 0.43377911993097495
112 0.44219154443485764
113 0.4452113891285591
114 0.44650560828300256
115 0.44758412424503885
116 0.4497411561691113
117 0.4575064710957722
118 0.4611734253666954
119 0.46893874029335636
120 0.47346850733390855
121 0.4786453839516825
122 0.4855478861087144
123 0.4842536669542709
124 0.49029335634167387
125 0.49525452976704054
126 0.505176876617774
127 0.5131578947368421
128 0.5196289905090595
129 0.5230802415875755
130 0.5289042277825712
131 0.5416307161345988
132 0.547886108714409
133 0.5560828300258844
134 0.5515530629853321
135 0.5616911130284729
136 0.5627696289905091
137 0.5694564279551337
138 0.5752804141501294
139 0.5776531492666092
140 0.5789473684210527
141 0.5821829163071613
142 0.5832614322691976
143 0.5875754961173425
144 0.5893011216566005
145 0.592320966350302
146 0.5957722174288179
147 0.5957722174288179
148 0.6063416738567731
149 0.6113028472821398
150 0.614106988783434
151 0.6177739430543572
152 0.6216566005176877
153 0.6227351164797239
154 0.6255392579810182
155 0.6330888697152718
156 0.6365401207937877
157 0.637618636755824
158 0.640207075064711
159 0.6455996548748921
160 0.6496980155306299
161 0.6443054357204486
162 0.6434426229508197
163 0.6462467644521139
164 0.6520707506471096
165 0.6606988783433995
166 0.661130284728214
167 0.6673856773080241
168 0.6734253666954271
169 0.6762295081967213
170 0.6790336496980155
171 0.6816220880069025
172 0.6792493528904228
173 0.6816220880069025
174 0.67946505608283
175 0.6818377911993098
176 0.676876617773943
177 0.6807592752372735
178 0.6792493528904228
179 0.6818377911993098
180 0.6848576358930112
181 0.6885245901639344
182 0.6880931837791199
183 0.6911130284728214
184 0.6958584987057809
185 0.6997411561691113
186 0.6995254529767041
187 0.7070750647109577
188 0.7079378774805867
189 0.7057808455565142
190 0.7062122519413288
191 0.7109577221742882
192 0.7150560828300259
193 0.7148403796376186
194 0.7144089732528042
195 0.7124676445211389
196 0.7133304572907679
197 0.7133304572907679
198 0.7124676445211389
199 0.7141932700603969
200 0.7178602243313201
201 0.7178602243313201
202 0.7200172562553926
203 0.7193701466781708
204 0.7148403796376186
205 0.7146246764452114
206 0.7137618636755824
207 0.7182916307161346
208 0.7126833477135461
209 0.7128990509059534
210 0.7120362381363244
211 0.7116048317515099
212 0.7163503019844694
213 0.7081535806729939
214 0.7118205349439172
215 0.7180759275237274
216 0.7077221742881795
217 0.7094477998274374
218 0.7137618636755824
219 0.7131147540983607
220 0.7174288179465056
221 0.7251941328731665
222 0.727351164797239
223 0.7295081967213115
224 0.7314495254529767
225 0.7357635893011216
226 0.7325280414150129
227 0.7396462467644521
228 0.7411561691113029
229 0.7407247627264884
230 0.7415875754961173
231 0.7409404659188956
232 0.7430974978429681
233 0.7471958584987057
234 0.746548748921484
235 0.744823123382226
236 0.7478429680759275
237 0.7502157031924073
238 0.7536669542709232
239 0.7502157031924073
240 0.7504314063848145
241 0.7521570319240725
242 0.7512942191544435
243 0.7502157031924073
244 0.7461173425366695
245 0.7497842968075927
246 0.7556082830025884
247 0.7592752372735116
248 0.7631578947368421
249 0.7650992234685073
250 0.7627264883520276
251 0.7620793787748059
252 0.7711389128559103
253 0.7668248490077653
254 0.771786022433132
255 0.7741587575496117
256 0.770923209663503
257 0.771786022433132
258 0.7698446937014668
259 0.771786022433132
260 0.7650992234685073
261 0.7689818809318378
262 0.7659620362381363
263 0.7689818809318378
264 0.769197584124245
265 0.7685504745470233
266 0.7722174288179465
267 0.7722174288179465
268 0.772648835202761
269 0.772648835202761
270 0.7756686798964625
271 0.7791199309749784
272 0.7793356341673857
273 0.780414150129422
274 0.7836496980155306
275 0.7832182916307161
276 0.7830025884383088
277 0.7786885245901639
278 0.7795513373597929
279 0.7780414150129422
280 0.7737273511647972
281 0.7767471958584987
282 0.7754529767040552
283 0.7737273511647972
284 0.7750215703192407
285 0.7780414150129422
286 0.777825711820535
287 0.7715703192407247
288 0.7696289905090595
289 0.7646678170836928
290 0.7674719585849871
291 0.7629421915444349
292 0.7655306298533219
293 0.7722174288179465
294 0.7745901639344263
295 0.776962899050906
296 0.7808455565142364
297 0.7737273511647972
298 0.7780414150129422
299 0.7845125107851596
300 0.7836496980155306
301 0.776962899050906
302 0.772648835202761
303 0.7722174288179465
304 0.7782571182053495
305 0.7739430543572045
306 0.7814926660914582
307 0.7832182916307161
308 0.7750215703192407
309 0.780414150129422
310 0.7832182916307161
311 0.7765314926660914
312 0.777825711820535
313 0.77351164797239
314 0.7698446937014668
315 0.7715703192407247
316 0.7698446937014668
317 0.7642364106988784
318 0.7741587575496117
319 0.7771786022433133
320 0.776962899050906
321 0.7801984469370147
322 0.7847282139775669
323 0.7806298533218292
324 0.7830025884383088
325 0.7814926660914582
326 0.7808455565142364
327 0.7806298533218292
328 0.780414150129422
329 0.7847282139775669
330 0.7823554788610871
331 0.7771786022433133
332 0.7836496980155306
333 0.7758843830888698
334 0.7767471958584987
335 0.7799827437446074
336 0.7784728213977566
337 0.776962899050906
338 0.7720017256255393
339 0.7737273511647972
340 0.771786022433132
341 0.7806298533218292
342 0.780414150129422
343 0.7782571182053495
344 0.7789042277825712
345 0.7801984469370147
346 0.7748058671268335
347 0.7799827437446074
348 0.7847282139775669
349 0.7832182916307161
350 0.7806298533218292
351 0.7845125107851596
352 0.7866695427092321
353 0.7875323554788611
354 0.7879637618636756
355 0.7812769628990509
356 0.7830025884383088
357 0.7817083692838654
358 0.7847282139775669
359 0.7830025884383088
360 0.7855910267471958
361 0.7890422778257118
362 0.790120793787748
363 0.7834339948231234
364 0.7858067299396031
365 0.7855910267471958
366 0.7907679033649698
367 0.796160483175151
368 0.7879637618636756
369 0.7855910267471958
370 0.7862381363244176
371 0.7875323554788611
372 0.7937877480586712
373 0.7836496980155306
374 0.7866695427092321
375 0.7864538395168249
376 0.7892579810181191
377 0.7890422778257118
378 0.7894736842105263
379 0.7879637618636756
380 0.7873166522864539
381 0.7855910267471958
382 0.7840811044003452
383 0.7877480586712683
384 0.7931406384814496
385 0.7873166522864539
386 0.7845125107851596
387 0.7881794650560828
388 0.7892579810181191
389 0.7903364969801553
390 0.7905522001725626
391 0.7886108714408974
392 0.7920621225194133
393 0.7899050905953409
394 0.7888265746333045
395 0.7845125107851596
396 0.7842968075927523
397 0.7890422778257118
398 0.7871009490940466
399 0.7873166522864539
400 0.7823554788610871
401 0.7855910267471958
402 0.7866695427092321
403 0.7866695427092321
404 0.7888265746333045
405 0.7838654012079379
406 0.7855910267471958
407 0.7784728213977566
408 0.780414150129422
409 0.7799827437446074
410 0.7799827437446074
411 0.7855910267471958
412 0.7899050905953409
413 0.7849439171699741
414 0.7797670405522001
415 0.7830025884383088
416 0.7853753235547886
417 0.7916307161345988
418 0.790120793787748
419 0.792709232096635
420 0.7933563416738568
421 0.7894736842105263
422 0.7886108714408974
423 0.7868852459016393
424 0.7838654012079379
425 0.7799827437446074
426 0.7862381363244176
427 0.7894736842105263
428 0.7886108714408974
429 0.790120793787748
430 0.7886108714408974
431 0.7840811044003452
432 0.7853753235547886
433 0.7793356341673857
434 0.775237273511648
435 0.7806298533218292
436 0.7765314926660914
437 0.77351164797239
438 0.7739430543572045
439 0.776962899050906
440 0.7797670405522001
441 0.7756686798964625
442 0.7782571182053495
443 0.7830025884383088
444 0.7868852459016393
445 0.7886108714408974
446 0.7894736842105263
447 0.7894736842105263
448 0.7894736842105263
449 0.7903364969801553
450 0.7851596203623814
451 0.7832182916307161
452 0.7883951682484901
453 0.7827868852459017
454 0.7814926660914582
455 0.7896893874029336
456 0.7920621225194133
457 0.792709232096635
458 0.7950819672131147
459 0.7920621225194133
460 0.7972389991371872
461 0.7963761863675582
462 0.7920621225194133
463 0.7879637618636756
464 0.7840811044003452
465 0.7808455565142364
466 0.7776100086281277
467 0.7758843830888698
468 0.7773943054357204
469 0.7827868852459017
470 0.7836496980155306
471 0.7832182916307161
472 0.7786885245901639
473 0.7806298533218292
474 0.7853753235547886
475 0.7799827437446074
476 0.7812769628990509
477 0.7771786022433133
478 0.776962899050906
479 0.77351164797239
480 0.7830025884383088
481 0.7911993097497843
482 0.7883951682484901
483 0.7909836065573771
484 0.7877480586712683
485 0.7860224331320104
486 0.7823554788610871
487 0.7819240724762726
488 0.7830025884383088
489 0.7849439171699741
490 0.7851596203623814
491 0.7950819672131147
492 0.7931406384814496
493 0.7940034512510785
494 0.7931406384814496
495 0.7937877480586712
496 0.792709232096635
497 0.7883951682484901
498 0.7892579810181191
499 0.7864538395168249
500 0.7814926660914582
501 0.7801984469370147
502 0.777825711820535
503 0.7767471958584987
504 0.7810612597066436
505 0.7797670405522001
506 0.7799827437446074
507 0.7814926660914582
508 0.7722174288179465
509 0.7745901639344263
510 0.7748058671268335
511 0.7722174288179465
512 0.7756686798964625
513 0.7771786022433133
514 0.7773943054357204
515 0.7773943054357204
516 0.7853753235547886
517 0.7838654012079379
518 0.7840811044003452
519 0.7842968075927523
520 0.7845125107851596
521 0.7838654012079379
522 0.7832182916307161
523 0.774374460742019
524 0.7663934426229508
525 0.7713546160483176
526 0.7786885245901639
527 0.7827868852459017
528 0.7849439171699741
529 0.7855910267471958
530 0.7892579810181191
531 0.7907679033649698
532 0.7896893874029336
533 0.7855910267471958
534 0.7836496980155306
535 0.7817083692838654
536 0.780414150129422
537 0.7819240724762726
538 0.7823554788610871
539 0.7763157894736842
540 0.7739430543572045
541 0.770923209663503
542 0.7732959447799828
543 0.7780414150129422
544 0.7789042277825712
545 0.7797670405522001
546 0.790120793787748
547 0.7903364969801553
548 0.7845125107851596
549 0.7886108714408974
550 0.7825711820534944
551 0.7842968075927523
552 0.7825711820534944
553 0.7782571182053495
554 0.7825711820534944
555 0.7853753235547886
556 0.7877480586712683
557 0.7849439171699741
558 0.7875323554788611
559 0.7933563416738568
560 0.7894736842105263
561 0.7873166522864539
562 0.796160483175151
563 0.797886108714409
564 0.793572044866264
565 0.7883951682484901
566 0.7922778257118205
567 0.7886108714408974
568 0.7903364969801553
569 0.7929249352890423
570 0.7933563416738568
571 0.7929249352890423
572 0.7922778257118205
573 0.7909836065573771
574 0.7903364969801553
575 0.7875323554788611
576 0.7909836065573771
577 0.7842968075927523
578 0.7825711820534944
579 0.7821397756686799
580 0.7808455565142364
581 0.7842968075927523
582 0.7847282139775669
583 0.7855910267471958
584 0.790120793787748
585 0.7911993097497843
586 0.7862381363244176
587 0.7883951682484901
588 0.7853753235547886
589 0.7881794650560828
590 0.7823554788610871
591 0.7797670405522001
592 0.7776100086281277
593 0.7801984469370147
594 0.7799827437446074
595 0.7780414150129422
596 0.7741587575496117
597 0.7758843830888698
598 0.7799827437446074
599 0.776962899050906
600 0.7784728213977566
601 0.7883951682484901
602 0.7922778257118205
603 0.7879637618636756
604 0.7868852459016393
605 0.7899050905953409
606 0.7871009490940466
607 0.7849439171699741
608 0.7806298533218292
609 0.7810612597066436
610 0.7845125107851596
611 0.7851596203623814
612 0.7899050905953409
613 0.7842968075927523
614 0.7812769628990509
615 0.7842968075927523
616 0.7823554788610871
617 0.771786022433132
618 0.771786022433132
619 0.7720017256255393
620 0.769197584124245
621 0.7732959447799828
622 0.777825711820535
623 0.7784728213977566
624 0.7834339948231234
625 0.7784728213977566
626 0.7832182916307161
627 0.7827868852459017
628 0.780414150129422
629 0.7799827437446074
630 0.7750215703192407
631 0.7750215703192407
632 0.7771786022433133
633 0.7793356341673857
634 0.7821397756686799
635 0.7812769628990509
636 0.775237273511648
637 0.774374460742019
638 0.7722174288179465
639 0.7784728213977566
640 0.7806298533218292
641 0.7793356341673857
642 0.7793356341673857
643 0.7842968075927523
644 0.7855910267471958
645 0.7847282139775669
646 0.7838654012079379
647 0.7812769628990509
648 0.7832182916307161
649 0.7892579810181191
650 0.7858067299396031
651 0.7883951682484901
652 0.790120793787748
653 0.7840811044003452
654 0.7860224331320104
655 0.7858067299396031
656 0.7827868852459017
657 0.777825711820535
658 0.7821397756686799
659 0.7877480586712683
660 0.7858067299396031
661 0.7868852459016393
662 0.7911993097497843
663 0.7914150129421915
664 0.7931406384814496
665 0.7899050905953409
666 0.790120793787748
667 0.7853753235547886
668 0.7888265746333045
669 0.7894736842105263
670 0.7894736842105263
671 0.7899050905953409
672 0.7920621225194133
673 0.7905522001725626
674 0.795297670405522
675 0.795297670405522
676 0.7981018119068162
677 0.7970232959447799
678 0.794434857635893
679 0.7998274374460742
680 0.8017687661777394
681 0.8032786885245902
682 0.8026315789473685
683 0.8000431406384815
684 0.8009059534081104
685 0.7933563416738568
686 0.792709232096635
687 0.7911993097497843
688 0.792709232096635
689 0.7959447799827437
690 0.7933563416738568
691 0.8034943917169974
692 0.7996117342536669
693 0.8043572044866264
694 0.8030629853321829
695 0.8045729076790337
696 0.8037100949094047
697 0.8097497842968076
698 0.8060828300258844
699 0.8069456427955134
700 0.8116911130284729
