1 0.00021570319240724764
2 0.00021570319240724764
3 0.00021570319240724764
4 0.00021570319240724764
5 0.0004314063848144953
6 0.0004314063848144953
7 0.0004314063848144953
8 0.0008628127696289905
9 0.0008628127696289905
10 0.0008628127696289905
11 0.0004314063848144953
12 0.0006471095772217428
13 0.0006471095772217428
14 0.0006471095772217428
15 0.0010785159620362382
16 0.0010785159620362382
17 0.0010785159620362382
18 0.0010785159620362382
19 0.0008628127696289905
20 0.0010785159620362382
21 0.0010785159620362382
22 0.0012942191544434857
23 0.0010785159620362382
24 0.0010785159620362382
25 0.0010785159620362382
26 0.0010785159620362382
27 0.0008628127696289905
28 0.0008628127696289905
29 0.0008628127696289905
30 0.0010785159620362382
31 0.0008628127696289905
32 0.0015099223468507334
33 0.0021570319240724763
34 0.0025884383088869713
35 0.0025884383088869713
36 0.0028041415012942193
37 0.0028041415012942193
38 0.0028041415012942193
39 0.0030198446937014668
40 0.0025884383088869713
41 0.0025884383088869713
42 0.0028041415012942193
43 0.003451251078515962
44 0.0036669542709232097
45 0.003451251078515962
46 0.003451251078515962
47 0.003882657463330457
48 0.0036669542709232097
49 0.004098360655737705
50 0.0056082830025884385
51 0.006255392579810181
52 0.006686798964624676
53 0.007981018119068163
54 0.009275237273511648
55 0.009706643658326143
56 0.010569456427955135
57 0.011216566005176877
58 0.012510785159620362
59 0.013805004314063849
60 0.015746333045729078
61 0.01725625539257981
62 0.018766177739430543
63 0.021570319240724764
64 0.022217428817946507
65 0.023943054357204487
66 0.025884383088869714
67 0.026962899050905955
68 0.02998274374460742
69 0.030629853321829163
70 0.03278688524590164
71 0.03537532355478861
72 0.03904227782571182
73 0.040983606557377046
74 0.04465056082830026
75 0.04788610871440897
76 0.05220017256255392
77 0.05759275237273512
78 0.059534081104400345
79 0.06341673856773081
80 0.06708369283865401
81 0.07053494391716997
82 0.07441760138050044
83 0.08067299396031061
84 0.08520276100086281
85 0.09232096635030199
86 0.09749784296807593
87 0.10051768766177739
88 0.10245901639344263
89 0.11216566005176877
90 0.11647972389991372
91 0.12295081967213115
92 0.1264020707506471
93 0.1371872303710095
94 0.14150129421915444
95 0.15034512510785158
96 0.15509059534081104
97 0.16328731665228646
98 0.1729939603106126
99 0.1770923209663503
100 0.18334771354616047
101 0.19219154443485764
102 0.20189818809318377
103 0.20987920621225195
104 0.21721311475409835
105 0.23015530629853323
106 0.23813632441760138
107 0.2478429680759275
108 0.25603968938740296
109 0.2676876617773943
110 0.2728645383951682
111 0.2808455565142364
112 0.2840811044003451
113 0.2931406384814495
114 0.30349439171699744
115 0.3047886108714409
116 0.31061259706643657
117 0.3166522864538395
118 0.3259275237273512
119 0.3339085418464193
120 0.34081104400345125
121 0.3496548748921484
122 0.3505176876617774
123 0.361518550474547
124 0.37057808455565144
125 0.3809318377911993
126 0.390207075064711
127 0.39926660914581535
128 0.4055220017256255
129 0.41738567730802417
130 0.4260138050043141
131 0.4374460742018982
132 0.4432700603968939
133 0.4471527178602243
134 0.45362381363244175
135 0.4598792062122519
136 0.4641932700603969
137 0.47540983606557374
138 0.4831751509922347
139 0.4885677308024159
140 0.4930974978429681
141 0.49762726488352027
142 0.5028041415012943
143 0.5112165660051768
144 0.5142364106988784
145 0.5181190681622088
146 0.522648835202761
147 0.5308455565142364
148 0.5364538395168249
149 0.5418464193270061
150 0.5515530629853321
151 0.5580241587575496
152 0.5550043140638481
153 0.5632010353753235
154 0.5642795513373597
155 0.5668679896462467
156 0.566220880069025
157 0.5724762726488352
158 0.5698878343399483
159 0.5800258843830889
160 0.590595340811044
161 0.5990077653149266
162 0.6020276100086281
163 0.6080672993960311
164 0.609792924935289
165 0.6145383951682485
166 0.6091458153580673
167 0.6065573770491803
168 0.6145383951682485
169 0.6188524590163934
170 0.6259706643658326
171 0.6305004314063848
172 0.634167385677308
173 0.6417169974115617
174 0.635893011216566
175 0.6451682484900777
176 0.6484037963761864
177 0.6453839516824849
178 0.6460310612597067
179 0.6471095772217429
180 0.6516393442622951
181 0.6563848144952545
182 0.6600517687661778
183 0.6695427092320967
184 0.6706212251941329
185 0.6757981018119068
186 0.6762295081967213
187 0.680327868852459
188 0.6842105263157895
189 0.6872303710094909
190 0.6872303710094909
191 0.6919758412424504
192 0.6904659188955996
193 0.6902502157031924
194 0.6919758412424504
195 0.6941328731665228
196 0.6990940465918896
197 0.702113891285591
198 0.7085849870578085
199 0.7081535806729939
200 0.7051337359792925
201 0.7094477998274374
202 0.7092320966350302
203 0.7111734253666955
204 0.7144089732528042
205 0.7226056945642796
206 0.723037100949094
207 0.725625539257981
208 0.7288610871440897
209 0.727351164797239
210 0.7275668679896462
211 0.7275668679896462
212 0.728213977566868
213 0.7292924935289042
214 0.7305867126833477
215 0.7284296807592753
216 0.730802415875755
217 0.7336065573770492
218 0.730802415875755
219 0.7245470232959448
220 0.7310181190681622
221 0.7379206212251941
222 0.7420189818809318
223 0.7446074201898188
224 0.7411561691113029
225 0.7418032786885246
226 0.7467644521138913
227 0.7471958584987057
228 0.7476272648835203
229 0.7471958584987057
230 0.7536669542709232
231 0.7545297670405522
232 0.7556082830025884
233 0.7571182053494392
234 0.7538826574633305
235 0.752588438308887
236 0.7502157031924073
237 0.7469801553062986
238 0.746548748921484
239 0.749137187230371
240 0.7528041415012943
241 0.7487057808455565
242 0.7540983606557377
243 0.7573339085418465
244 0.7581967213114754
245 0.7603537532355479
246 0.7590595340811044
247 0.7689818809318378
248 0.7698446937014668
249 0.7698446937014668
250 0.7612165660051768
251 0.7564710957722174
252 0.755176876617774
253 0.7573339085418465
254 0.7614322691975841
255 0.7594909404659189
256 0.7685504745470233
257 0.770923209663503
258 0.7659620362381363
259 0.7713546160483176
260 0.768334771354616
261 0.7659620362381363
262 0.7715703192407247
263 0.774374460742019
264 0.775237273511648
265 0.7679033649698016
266 0.768334771354616
267 0.7685504745470233
268 0.7659620362381363
269 0.7659620362381363
270 0.7666091458153581
271 0.7679033649698016
272 0.7663934426229508
273 0.7635893011216566
274 0.7627264883520276
275 0.7581967213114754
276 0.7590595340811044
277 0.7631578947368421
278 0.7638050043140638
279 0.7640207075064711
280 0.7674719585849871
281 0.7730802415875755
282 0.7730802415875755
283 0.7707075064710958
284 0.7704918032786885
285 0.7653149266609146
286 0.7618636755823986
287 0.7631578947368421
288 0.7631578947368421
289 0.7620793787748059
290 0.7646678170836928
291 0.7633735979292493
292 0.7672562553925798
293 0.7748058671268335
294 0.77351164797239
295 0.7661777394305436
296 0.7648835202761001
297 0.765746333045729
298 0.7679033649698016
299 0.7638050043140638
300 0.7616479723899914
301 0.7592752372735116
302 0.7599223468507333
303 0.7597066436583262
304 0.7599223468507333
305 0.7620793787748059
306 0.7618636755823986
307 0.7616479723899914
308 0.7635893011216566
309 0.7666091458153581
310 0.7607851596203624
311 0.7663934426229508
312 0.7676876617773943
313 0.7720017256255393
314 0.7670405522001725
315 0.7661777394305436
316 0.7625107851596203
317 0.7605694564279551
318 0.7642364106988784
319 0.769197584124245
320 0.7670405522001725
321 0.7670405522001725
322 0.7642364106988784
323 0.7650992234685073
324 0.7655306298533219
325 0.7687661777394306
326 0.772648835202761
327 0.774374460742019
328 0.7771786022433133
329 0.7782571182053495
330 0.7741587575496117
331 0.7739430543572045
332 0.775237273511648
333 0.7700603968938741
334 0.7638050043140638
335 0.7668248490077653
336 0.7653149266609146
337 0.7711389128559103
338 0.7745901639344263
339 0.774374460742019
340 0.7728645383951682
341 0.7776100086281277
342 0.7745901639344263
343 0.774374460742019
344 0.7782571182053495
345 0.7808455565142364
346 0.7784728213977566
347 0.7780414150129422
348 0.776962899050906
349 0.7799827437446074
350 0.7840811044003452
351 0.7819240724762726
352 0.7866695427092321
353 0.7842968075927523
354 0.7827868852459017
355 0.792709232096635
356 0.7959447799827437
357 0.7963761863675582
358 0.7950819672131147
359 0.7875323554788611
360 0.7892579810181191
361 0.7851596203623814
362 0.7795513373597929
363 0.7793356341673857
364 0.7806298533218292
365 0.7786885245901639
366 0.7812769628990509
367 0.7834339948231234
368 0.7851596203623814
369 0.7823554788610871
370 0.7830025884383088
371 0.7855910267471958
372 0.7907679033649698
373 0.798748921484038
374 0.7985332182916307
375 0.7918464193270061
376 0.7860224331320104
377 0.7860224331320104
378 0.7886108714408974
379 0.7812769628990509
380 0.7763157894736842
381 0.7761000862812769
382 0.7838654012079379
383 0.7851596203623814
384 0.7849439171699741
385 0.7864538395168249
386 0.7806298533218292
387 0.7806298533218292
388 0.7799827437446074
389 0.7793356341673857
390 0.7737273511647972
391 0.7724331320103538
392 0.7694132873166523
393 0.7715703192407247
394 0.7758843830888698
395 0.7720017256255393
396 0.7711389128559103
397 0.7761000862812769
398 0.7806298533218292
399 0.7795513373597929
400 0.7830025884383088
401 0.7866695427092321
402 0.7771786022433133
403 0.776962899050906
404 0.7763157894736842
405 0.7791199309749784
406 0.7789042277825712
407 0.7832182916307161
408 0.7858067299396031
409 0.7825711820534944
410 0.7868852459016393
411 0.7849439171699741
412 0.7862381363244176
413 0.7765314926660914
414 0.7758843830888698
415 0.7771786022433133
416 0.7767471958584987
417 0.7745901639344263
418 0.7773943054357204
419 0.7786885245901639
420 0.7827868852459017
421 0.7832182916307161
422 0.7795513373597929
423 0.7745901639344263
424 0.7676876617773943
425 0.7653149266609146
426 0.7730802415875755
427 0.7724331320103538
428 0.7758843830888698
429 0.7700603968938741
430 0.7663934426229508
431 0.772648835202761
432 0.7698446937014668
433 0.7739430543572045
434 0.7745901639344263
435 0.776962899050906
436 0.7791199309749784
437 0.771786022433132
438 0.7741587575496117
439 0.7791199309749784
440 0.7825711820534944
441 0.7849439171699741
442 0.7858067299396031
443 0.7888265746333045
444 0.7877480586712683
445 0.7866695427092321
446 0.7858067299396031
447 0.7827868852459017
448 0.7825711820534944
449 0.7851596203623814
450 0.7873166522864539
451 0.7903364969801553
452 0.7909836065573771
453 0.7929249352890423
454 0.7931406384814496
455 0.7929249352890423
456 0.7959447799827437
457 0.7983175150992234
458 0.7983175150992234
459 0.8004745470232959
460 0.8004745470232959
461 0.7970232959447799
462 0.7922778257118205
463 0.7875323554788611
464 0.7881794650560828
465 0.7892579810181191
466 0.7940034512510785
467 0.796160483175151
468 0.7996117342536669
469 0.7965918895599655
470 0.793572044866264
471 0.7993960310612597
472 0.7963761863675582
473 0.7862381363244176
474 0.7845125107851596
475 0.7832182916307161
476 0.7877480586712683
477 0.7886108714408974
478 0.7845125107851596
479 0.7849439171699741
480 0.7823554788610871
481 0.7849439171699741
482 0.7892579810181191
483 0.7888265746333045
484 0.7911993097497843
485 0.7920621225194133
486 0.7929249352890423
487 0.7905522001725626
488 0.7914150129421915
489 0.7894736842105263
490 0.7879637618636756
491 0.7948662640207075
492 0.7924935289042278
493 0.7968075927523728
494 0.792709232096635
495 0.7933563416738568
496 0.7940034512510785
497 0.8004745470232959
498 0.7976704055220017
499 0.7892579810181191
500 0.7905522001725626
501 0.793572044866264
502 0.7911993097497843
503 0.7955133735979293
504 0.7996117342536669
505 0.8000431406384815
506 0.7946505608283002
507 0.7868852459016393
508 0.7810612597066436
509 0.7830025884383088
510 0.7799827437446074
511 0.7860224331320104
512 0.7881794650560828
513 0.7937877480586712
514 0.7903364969801553
515 0.7825711820534944
516 0.7868852459016393
517 0.7834339948231234
518 0.7847282139775669
519 0.7892579810181191
520 0.7879637618636756
521 0.7827868852459017
522 0.7825711820534944
523 0.7827868852459017
524 0.7849439171699741
525 0.7888265746333045
526 0.7858067299396031
527 0.7814926660914582
528 0.7864538395168249
529 0.7849439171699741
530 0.7890422778257118
531 0.7909836065573771
532 0.7909836065573771
533 0.7963761863675582
534 0.7871009490940466
535 0.7858067299396031
536 0.7855910267471958
537 0.7864538395168249
538 0.7868852459016393
539 0.7896893874029336
540 0.7862381363244176
541 0.7871009490940466
542 0.7864538395168249
543 0.7797670405522001
544 0.7819240724762726
545 0.7823554788610871
546 0.7795513373597929
547 0.7797670405522001
548 0.7791199309749784
549 0.7797670405522001
550 0.780414150129422
551 0.7817083692838654
552 0.7832182916307161
553 0.7892579810181191
554 0.7918464193270061
555 0.792709232096635
556 0.7905522001725626
557 0.7832182916307161
558 0.7825711820534944
559 0.7851596203623814
560 0.7851596203623814
561 0.7916307161345988
562 0.7896893874029336
563 0.7847282139775669
564 0.7868852459016393
565 0.7845125107851596
566 0.7875323554788611
567 0.7864538395168249
568 0.7899050905953409
569 0.7883951682484901
570 0.7914150129421915
571 0.7881794650560828
572 0.7914150129421915
573 0.7892579810181191
574 0.7929249352890423
575 0.7888265746333045
576 0.7860224331320104
577 0.7814926660914582
578 0.7748058671268335
579 0.7750215703192407
580 0.7739430543572045
581 0.7758843830888698
582 0.7801984469370147
583 0.7799827437446074
584 0.7810612597066436
585 0.7793356341673857
586 0.7754529767040552
587 0.7782571182053495
588 0.7836496980155306
589 0.7830025884383088
590 0.7789042277825712
591 0.7739430543572045
592 0.7750215703192407
593 0.7771786022433133
594 0.7797670405522001
595 0.7810612597066436
596 0.7849439171699741
597 0.7814926660914582
598 0.7851596203623814
599 0.7849439171699741
600 0.7812769628990509
601 0.7767471958584987
602 0.7767471958584987
603 0.7817083692838654
604 0.7845125107851596
605 0.7871009490940466
606 0.7916307161345988
607 0.792709232096635
608 0.7974547023295945
609 0.7963761863675582
610 0.7933563416738568
611 0.7832182916307161
612 0.780414150129422
613 0.7823554788610871
614 0.7832182916307161
615 0.7827868852459017
616 0.7808455565142364
617 0.7791199309749784
618 0.7860224331320104
619 0.7868852459016393
620 0.7825711820534944
621 0.7838654012079379
622 0.7789042277825712
623 0.7817083692838654
624 0.7838654012079379
625 0.7838654012079379
626 0.7892579810181191
627 0.7909836065573771
628 0.7836496980155306
629 0.7894736842105263
630 0.7911993097497843
631 0.7868852459016393
632 0.7875323554788611
633 0.793572044866264
634 0.7883951682484901
635 0.7886108714408974
636 0.7871009490940466
637 0.7845125107851596
638 0.7830025884383088
639 0.7780414150129422
640 0.7799827437446074
641 0.7836496980155306
642 0.7860224331320104
643 0.7853753235547886
644 0.7806298533218292
645 0.7782571182053495
646 0.775237273511648
647 0.7793356341673857
648 0.7745901639344263
649 0.7789042277825712
650 0.7834339948231234
651 0.7933563416738568
652 0.795297670405522
653 0.7963761863675582
654 0.8009059534081104
655 0.7981018119068162
656 0.7998274374460742
657 0.7955133735979293
658 0.796160483175151
659 0.7922778257118205
660 0.7914150129421915
661 0.797886108714409
662 0.798748921484038
663 0.797886108714409
664 0.7911993097497843
665 0.790120793787748
666 0.792709232096635
667 0.7922778257118205
668 0.7899050905953409
669 0.7791199309749784
670 0.7821397756686799
671 0.7832182916307161
672 0.7858067299396031
673 0.7948662640207075
674 0.7965918895599655
675 0.7907679033649698
676 0.7892579810181191
677 0.7881794650560828
678 0.792709232096635
679 0.794434857635893
680 0.7933563416738568
681 0.7972389991371872
682 0.8006902502157032
683 0.8002588438308887
684 0.7993960310612597
685 0.7968075927523728
686 0.7909836065573771
687 0.7933563416738568
688 0.7888265746333045
689 0.7955133735979293
690 0.7957290767903364
691 0.7963761863675582
692 0.7965918895599655
693 0.7974547023295945
694 0.7955133735979293
695 0.792709232096635
696 0.7924935289042278
697 0.7955133735979293
698 0.8022001725625539
699 0.7903364969801553
700 0.7853753235547886
