1 0.00021570319240724764
2 0.00021570319240724764
3 0.00021570319240724764
4 0.0004314063848144953
5 0.00021570319240724764
6 0.00021570319240724764
7 0.00021570319240724764
8 0.0004314063848144953
9 0.00021570319240724764
10 0.00021570319240724764
11 0.00021570319240724764
12 0.00021570319240724764
13 0.00021570319240724764
14 0.0004314063848144953
15 0.0004314063848144953
16 0.0006471095772217428
17 0.0006471095772217428
18 0.0006471095772217428
19 0.0006471095772217428
20 0.0006471095772217428
21 0.0006471095772217428
22 0.0006471095772217428
23 0.0004314063848144953
24 0.0004314063848144953
25 0.0004314063848144953
26 0.0004314063848144953
27 0.0004314063848144953
28 0.0004314063848144953
29 0.0004314063848144953
30 0.0006471095772217428
31 0.0006471095772217428
32 0.0008628127696289905
33 0.0010785159620362382
34 0.001725625539257981
35 0.0015099223468507334
36 0.0012942191544434857
37 0.0012942191544434857
38 0.0015099223468507334
39 0.0015099223468507334
40 0.001725625539257981
41 0.0021570319240724763
42 0.0019413287316652286
43 0.002372735116479724
44 0.0025884383088869713
45 0.0030198446937014668
46 0.003451251078515962
47 0.003451251078515962
48 0.0032355478861087143
49 0.0030198446937014668
50 0.0030198446937014668
51 0.003451251078515962
52 0.003451251078515962
53 0.003451251078515962
54 0.004098360655737705
55 0.0045297670405522
56 0.005392579810181191
57 0.0060396893874029335
58 0.0060396893874029335
59 0.006902502157031924
60 0.00819672131147541
61 0.008843830888697153
62 0.0090595340811044
63 0.009490940465918895
64 0.009706643658326143
65 0.010353753235547885
66 0.011647972389991372
67 0.012079378774805867
68 0.013805004314063849
69 0.014236410698878344
70 0.014452113891285591
71 0.015099223468507334
72 0.015746333045729078
73 0.01725625539257981
74 0.0181190681622088
75 0.019197584124245038
76 0.020060396893874028
77 0.022648835202761
78 0.02459016393442623
79 0.02631578947368421
80 0.028041415012942193
81 0.03127696289905091
82 0.032571182053494394
83 0.03451251078515962
84 0.03904227782571182
85 0.041199309749784294
86 0.04400345125107852
87 0.04659188955996549
88 0.0498274374460742
89 0.049396031061259706
90 0.05155306298533218
91 0.056945642795513375
92 0.058671268334771355
93 0.06190681622088007
94 0.06557377049180328
95 0.06708369283865401
96 0.06988783433994823
97 0.07355478861087145
98 0.07506471095772217
99 0.07657463330457291
100 0.08024158757549611
101 0.08692838654012079
102 0.08757549611734254
103 0.09037963761863675
104 0.09490940465918896
105 0.09900776531492667
106 0.10289042277825712
107 0.10763589301121657
108 0.11151855047454702
109 0.11496980155306298
110 0.12057808455565143
111 0.12834339948231233
112 0.13416738567730802
113 0.14106988783433994
114 0.14646246764452114
115 0.14840379637618636
116 0.15271786022433131
117 0.15875754961173424
118 0.16501294219154444
119 0.17364106988783434
120 0.181190681622088
121 0.18917169974115616
122 0.19628990509059535
123 0.20254529767040552
124 0.2051337359792925
125 0.21182053494391717
126 0.2187230371009491
127 0.22325280414150128
128 0.22950819672131148
129 0.23576358930112165
130 0.24676445211389128
131 0.2515099223468507
132 0.2631578947368421
133 0.2689818809318378
134 0.27933563416738566
135 0.28645383951682485
136 0.292709232096635
137 0.30069025021570317
138 0.30629853321829165
139 0.31233822260569455
140 0.3183779119930975
141 0.3229076790336497
142 0.3287316652286454
143 0.3332614322691976
144 0.3438308886971527
145 0.3483606557377049
146 0.3546160483175151
147 0.3613028472821398
148 0.3686367558239862
149 0.3714408973252804
150 0.37791199309749784
151 0.384167385677308
152 0.39063848144952545
153 0.3986194995685936
154 0.40962036238136323
155 0.4139344262295082
156 0.4245038826574633
157 0.4270923209663503
158 0.43313201035375326
159 0.4365832614322692
160 0.4443485763589301
161 0.4488783433994823
162 0.45815358067299394
163 0.4592320966350302
164 0.4657031924072476
165 0.4769197584124245
166 0.4771354616048318
167 0.4818809318377912
168 0.4870578084555651
169 0.49029335634167387
170 0.4959016393442623
171 0.49935289042277825
172 0.5077653149266609
173 0.5092752372735116
174 0.5159620362381363
175 0.5254529767040552
176 0.5347282139775669
177 0.5405522001725626
178 0.5450819672131147
179 0.5476704055220017
180 0.5545729076790337
181 0.5614754098360656
182 0.5681622088006902
183 0.5720448662640207
184 0.5785159620362381
185 0.5800258843830889
186 0.5821829163071613
187 0.5899482312338222
188 0.5970664365832614
189 0.5977135461604832
190 0.6061259706643658
191 0.6069887834339949
192 0.6076358930112166
193 0.6102243313201036
194 0.6156169111302847
195 0.6227351164797239
196 0.6227351164797239
197 0.6317946505608283
198 0.630716134598792
199 0.6322260569456428
200 0.635893011216566
201 0.6410698878343399
202 0.6443054357204486
203 0.6460310612597067
204 0.6477566867989646
205 0.652502157031924
206 0.6568162208800691
207 0.6606988783433995
208 0.661993097497843
209 0.6693270060396894
210 0.6719154443485763
211 0.67946505608283
212 0.682053494391717
213 0.6859361518550474
214 0.6865832614322692
215 0.6937014667817084
216 0.6952113891285591
217 0.6965056082830026
218 0.7006039689387403
219 0.6984469370146679
220 0.7014667817083693
221 0.7057808455565142
222 0.7105263157894737
223 0.7103106125970664
224 0.7100949094046591
225 0.704702329594478
226 0.7070750647109577
227 0.7085849870578085
228 0.7107420189818809
229 0.7094477998274374
230 0.7075064710957722
231 0.7148403796376186
232 0.7167817083692839
233 0.7204486626402071
234 0.7215271786022434
235 0.7215271786022434
236 0.7232528041415013
237 0.7249784296807593
238 0.7297238999137188
239 0.7338222605694564
240 0.7295081967213115
241 0.727351164797239
242 0.7245470232959448
243 0.7271354616048318
244 0.731665228645384
245 0.7349007765314927
246 0.7305867126833477
247 0.7351164797238999
248 0.7346850733390854
249 0.7351164797238999
250 0.7381363244176014
251 0.7402933563416738
252 0.7402933563416738
253 0.743960310612597
254 0.7471958584987057
255 0.7446074201898188
256 0.7452545297670405
257 0.7471958584987057
258 0.7424503882657464
259 0.7420189818809318
260 0.743960310612597
261 0.7532355478861087
262 0.75
263 0.7536669542709232
264 0.7558239861949957
265 0.7547454702329595
266 0.7489214840379638
267 0.7545297670405522
268 0.7547454702329595
269 0.75
270 0.7478429680759275
271 0.748274374460742
272 0.7487057808455565
273 0.7489214840379638
274 0.7446074201898188
275 0.7487057808455565
276 0.7495685936151855
277 0.7521570319240725
278 0.7515099223468508
279 0.7571182053494392
280 0.7592752372735116
281 0.7512942191544435
282 0.7504314063848145
283 0.7523727351164797
284 0.75862812769629
285 0.7620793787748059
286 0.7646678170836928
287 0.7661777394305436
288 0.7638050043140638
289 0.7689818809318378
290 0.7687661777394306
291 0.7659620362381363
292 0.7668248490077653
293 0.7661777394305436
294 0.7681190681622088
295 0.7633735979292493
296 0.770923209663503
297 0.768334771354616
298 0.7728645383951682
299 0.772648835202761
300 0.7720017256255393
301 0.7715703192407247
302 0.7700603968938741
303 0.7767471958584987
304 0.7761000862812769
305 0.7782571182053495
306 0.780414150129422
307 0.780414150129422
308 0.7836496980155306
309 0.780414150129422
310 0.7782571182053495
311 0.7830025884383088
312 0.7806298533218292
313 0.7702761000862812
314 0.7711389128559103
315 0.769197584124245
316 0.7704918032786885
317 0.7724331320103538
318 0.7707075064710958
319 0.7763157894736842
320 0.7754529767040552
321 0.7780414150129422
322 0.7776100086281277
323 0.7812769628990509
324 0.7799827437446074
325 0.7810612597066436
326 0.7806298533218292
327 0.7808455565142364
328 0.7840811044003452
329 0.7801984469370147
330 0.7771786022433133
331 0.7776100086281277
332 0.7784728213977566
333 0.7862381363244176
334 0.7784728213977566
335 0.7836496980155306
336 0.7791199309749784
337 0.777825711820535
338 0.7823554788610871
339 0.7845125107851596
340 0.7823554788610871
341 0.7823554788610871
342 0.7868852459016393
343 0.7840811044003452
344 0.7842968075927523
345 0.7879637618636756
346 0.7866695427092321
347 0.7849439171699741
348 0.7883951682484901
349 0.7896893874029336
350 0.7864538395168249
351 0.7849439171699741
352 0.7797670405522001
353 0.7776100086281277
354 0.7711389128559103
355 0.7728645383951682
356 0.7720017256255393
357 0.775237273511648
358 0.7730802415875755
359 0.7730802415875755
360 0.770923209663503
361 0.7707075064710958
362 0.7739430543572045
363 0.7786885245901639
364 0.7786885245901639
365 0.7808455565142364
366 0.7758843830888698
367 0.770923209663503
368 0.7737273511647972
369 0.77351164797239
370 0.7730802415875755
371 0.7700603968938741
372 0.7754529767040552
373 0.7814926660914582
374 0.7814926660914582
375 0.7836496980155306
376 0.7799827437446074
377 0.7793356341673857
378 0.7773943054357204
379 0.7761000862812769
380 0.7720017256255393
381 0.7663934426229508
382 0.7689818809318378
383 0.7668248490077653
384 0.770923209663503
385 0.7685504745470233
386 0.768334771354616
387 0.7720017256255393
388 0.7763157894736842
389 0.7784728213977566
390 0.7797670405522001
391 0.7823554788610871
392 0.7862381363244176
393 0.7864538395168249
394 0.7864538395168249
395 0.7888265746333045
396 0.7920621225194133
397 0.7920621225194133
398 0.7976704055220017
399 0.8011216566005177
400 0.795297670405522
401 0.7920621225194133
402 0.7892579810181191
403 0.7905522001725626
404 0.7905522001725626
405 0.7886108714408974
406 0.7920621225194133
407 0.7914150129421915
408 0.7963761863675582
409 0.7948662640207075
410 0.7914150129421915
411 0.7903364969801553
412 0.7862381363244176
413 0.7795513373597929
414 0.7851596203623814
415 0.7814926660914582
416 0.7838654012079379
417 0.7847282139775669
418 0.7819240724762726
419 0.7855910267471958
420 0.7840811044003452
421 0.7896893874029336
422 0.7894736842105263
423 0.7853753235547886
424 0.7896893874029336
425 0.7871009490940466
426 0.7914150129421915
427 0.7851596203623814
428 0.7888265746333045
429 0.7903364969801553
430 0.7914150129421915
431 0.7890422778257118
432 0.7883951682484901
433 0.7866695427092321
434 0.7916307161345988
435 0.7905522001725626
436 0.7838654012079379
437 0.7875323554788611
438 0.7890422778257118
439 0.7886108714408974
440 0.7849439171699741
441 0.7883951682484901
442 0.7873166522864539
443 0.792709232096635
444 0.8009059534081104
445 0.8006902502157032
446 0.7963761863675582
447 0.7993960310612597
448 0.7914150129421915
449 0.790120793787748
450 0.7881794650560828
451 0.7896893874029336
452 0.7842968075927523
453 0.7909836065573771
454 0.793572044866264
455 0.7866695427092321
456 0.7892579810181191
457 0.7888265746333045
458 0.7812769628990509
459 0.7832182916307161
460 0.7767471958584987
461 0.7765314926660914
462 0.7793356341673857
463 0.7791199309749784
464 0.7789042277825712
465 0.7756686798964625
466 0.7739430543572045
467 0.7767471958584987
468 0.7754529767040552
469 0.7711389128559103
470 0.7707075064710958
471 0.7724331320103538
472 0.7741587575496117
473 0.7797670405522001
474 0.7840811044003452
475 0.7849439171699741
476 0.7845125107851596
477 0.7860224331320104
478 0.7877480586712683
479 0.7896893874029336
480 0.7883951682484901
481 0.7834339948231234
482 0.7855910267471958
483 0.7896893874029336
484 0.7849439171699741
485 0.7860224331320104
486 0.7896893874029336
487 0.7899050905953409
488 0.7866695427092321
489 0.7810612597066436
490 0.7879637618636756
491 0.7873166522864539
492 0.7892579810181191
493 0.7853753235547886
494 0.7860224331320104
495 0.7875323554788611
496 0.7823554788610871
497 0.777825711820535
498 0.7773943054357204
499 0.7771786022433133
500 0.7773943054357204
501 0.7789042277825712
502 0.7789042277825712
503 0.7838654012079379
504 0.7827868852459017
505 0.7832182916307161
506 0.7832182916307161
507 0.7801984469370147
508 0.7750215703192407
509 0.7793356341673857
510 0.7834339948231234
511 0.7750215703192407
512 0.7784728213977566
513 0.7868852459016393
514 0.7881794650560828
515 0.7834339948231234
516 0.7892579810181191
517 0.7862381363244176
518 0.7855910267471958
519 0.7855910267471958
520 0.7791199309749784
521 0.7711389128559103
522 0.7780414150129422
523 0.7845125107851596
524 0.7851596203623814
525 0.7855910267471958
526 0.7827868852459017
527 0.7795513373597929
528 0.7750215703192407
529 0.7819240724762726
530 0.7739430543572045
531 0.7765314926660914
532 0.7808455565142364
533 0.7909836065573771
534 0.7855910267471958
535 0.7881794650560828
536 0.7858067299396031
537 0.7853753235547886
538 0.7842968075927523
539 0.7793356341673857
540 0.7761000862812769
541 0.7776100086281277
542 0.7732959447799828
543 0.772648835202761
544 0.7767471958584987
545 0.7881794650560828
546 0.7894736842105263
547 0.7868852459016393
548 0.7946505608283002
549 0.7905522001725626
550 0.7929249352890423
551 0.7877480586712683
552 0.7916307161345988
553 0.7916307161345988
554 0.7892579810181191
555 0.7853753235547886
556 0.7853753235547886
557 0.7875323554788611
558 0.7819240724762726
559 0.7920621225194133
560 0.7886108714408974
561 0.7864538395168249
562 0.7883951682484901
563 0.790120793787748
564 0.7868852459016393
565 0.7881794650560828
566 0.7797670405522001
567 0.776962899050906
568 0.7763157894736842
569 0.7756686798964625
570 0.7763157894736842
571 0.7793356341673857
572 0.7858067299396031
573 0.7896893874029336
574 0.7937877480586712
575 0.7903364969801553
576 0.7871009490940466
577 0.7922778257118205
578 0.7903364969801553
579 0.7866695427092321
580 0.7905522001725626
581 0.7905522001725626
582 0.7823554788610871
583 0.7741587575496117
584 0.7748058671268335
585 0.7814926660914582
586 0.7817083692838654
587 0.7834339948231234
588 0.7888265746333045
589 0.7931406384814496
590 0.7899050905953409
591 0.7855910267471958
592 0.7888265746333045
593 0.792709232096635
594 0.7868852459016393
595 0.7825711820534944
596 0.7814926660914582
597 0.7739430543572045
598 0.775237273511648
599 0.7795513373597929
600 0.7756686798964625
601 0.7741587575496117
602 0.7761000862812769
603 0.775237273511648
604 0.77351164797239
605 0.771786022433132
606 0.7776100086281277
607 0.7737273511647972
608 0.7763157894736842
609 0.7776100086281277
610 0.7855910267471958
611 0.7812769628990509
612 0.7840811044003452
613 0.7845125107851596
614 0.7866695427092321
615 0.7810612597066436
616 0.7862381363244176
617 0.7957290767903364
618 0.7993960310612597
619 0.7993960310612597
620 0.796160483175151
621 0.7905522001725626
622 0.7834339948231234
623 0.7907679033649698
624 0.7883951682484901
625 0.7860224331320104
626 0.7817083692838654
627 0.7851596203623814
628 0.7896893874029336
629 0.7905522001725626
630 0.7905522001725626
631 0.7937877480586712
632 0.7903364969801553
633 0.790120793787748
634 0.7896893874029336
635 0.7871009490940466
636 0.7873166522864539
637 0.7881794650560828
638 0.7907679033649698
639 0.7868852459016393
640 0.7886108714408974
641 0.7899050905953409
642 0.7903364969801553
643 0.7914150129421915
644 0.7886108714408974
645 0.7886108714408974
646 0.7909836065573771
647 0.7873166522864539
648 0.7836496980155306
649 0.7845125107851596
650 0.7853753235547886
651 0.7899050905953409
652 0.7892579810181191
653 0.790120793787748
654 0.7972389991371872
655 0.7959447799827437
656 0.7922778257118205
657 0.793572044866264
658 0.7909836065573771
659 0.7883951682484901
660 0.7890422778257118
661 0.7911993097497843
662 0.7931406384814496
663 0.7965918895599655
664 0.7920621225194133
665 0.7946505608283002
666 0.7950819672131147
667 0.7916307161345988
668 0.7916307161345988
669 0.7918464193270061
670 0.7920621225194133
671 0.7860224331320104
672 0.7875323554788611
673 0.7918464193270061
674 0.8006902502157032
675 0.7974547023295945
676 0.7950819672131147
677 0.7955133735979293
678 0.8006902502157032
679 0.7998274374460742
680 0.794434857635893
681 0.793572044866264
682 0.7914150129421915
683 0.7838654012079379
684 0.7871009490940466
685 0.7819240724762726
686 0.7819240724762726
687 0.7773943054357204
688 0.7812769628990509
689 0.7853753235547886
690 0.7864538395168249
691 0.7845125107851596
692 0.7836496980155306
693 0.7842968075927523
694 0.7868852459016393
695 0.7834339948231234
696 0.7836496980155306
697 0.7877480586712683
698 0.7842968075927523
699 0.7806298533218292
700 0.7797670405522001
