1 0.00021570319240724764
2 0.00021570319240724764
3 0.00021570319240724764
4 0.00021570319240724764
5 0.00021570319240724764
6 0.00021570319240724764
7 0.0004314063848144953
8 0.0006471095772217428
9 0.0004314063848144953
10 0.0006471095772217428
11 0.0006471095772217428
12 0.0008628127696289905
13 0.0010785159620362382
14 0.0015099223468507334
15 0.001725625539257981
16 0.002372735116479724
17 0.0025884383088869713
18 0.003451251078515962
19 0.0045297670405522
20 0.005823986194995686
21 0.006686798964624676
22 0.007549611734253667
23 0.009490940465918895
24 0.011216566005176877
25 0.012942191544434857
26 0.015746333045729078
27 0.017040552200172563
28 0.01898188093183779
29 0.023295944779982744
30 0.02545297670405522
31 0.026747195858498704
32 0.028688524590163935
33 0.029767040552200173
34 0.03300258843830889
35 0.03796376186367558
36 0.04055220017256255
37 0.045944779982743746
38 0.05004314063848145
39 0.05263157894736842
40 0.05500431406384815
41 0.059534081104400345
42 0.0638481449525453
43 0.07031924072476273
44 0.07506471095772217
45 0.08412424503882658
46 0.09124245038826574
47 0.0992234685073339
48 0.1046160483175151
49 0.11087144089732529
50 0.11410698878343399
51 0.1264020707506471
52 0.1313632441760138
53 0.1371872303710095
54 0.14150129421915444
55 0.1458153580672994
56 0.15293356341673855
57 0.15875754961173424
58 0.1676013805004314
59 0.17752372735116478
60 0.18507333908541845
61 0.19585849870578084
62 0.202113891285591
63 0.20987920621225195
64 0.21397756686798963
65 0.22174288179465057
66 0.22497842968075926
67 0.2342536669542709
68 0.2454702329594478
69 0.25798101811906815
70 0.26251078515962034
71 0.2676876617773943
72 0.2741587575496117
73 0.28602243313201037
74 0.29551337359792923
75 0.30327868852459017
76 0.31449525452976707
77 0.3237704918032787
78 0.3315358067299396
79 0.3356341673856773
80 0.34124245038826573
81 0.3505176876617774
82 0.3591458153580673
83 0.362381363244176
84 0.3703623813632442
85 0.3755392579810181
86 0.38805004314063846
87 0.4003451251078516
88 0.40875754961173427
89 0.40962036238136323
90 0.41932700603968937
91 0.428602243313201
92 0.4352890422778257
93 0.44219154443485764
94 0.4501725625539258
95 0.454702329594478
96 0.45815358067299394
97 0.4674288179465056
98 0.47217428817946505
99 0.48748921484037966
100 0.4900776531492666
101 0.49072476272648835
102 0.49611734253666956
103 0.5002157031924073
104 0.5066867989646247
105 0.5116479723899914
106 0.5202761000862812
107 0.52351164797239
108 0.5291199309749784
109 0.5379637618636756
110 0.5489646246764452
111 0.5526315789473685
112 0.5616911130284729
113 0.5683779119930975
114 0.5711820534943917
115 0.5711820534943917
116 0.5813201035375324
117 0.5867126833477135
118 0.5895168248490078
119 0.5946937014667817
120 0.6041846419327006
121 0.6024590163934426
122 0.6028904227782571
123 0.6052631578947368
124 0.6082830025884383
125 0.6119499568593615
126 0.6171268334771355
127 0.6188524590163934
128 0.6231665228645384
129 0.6246764452113891
130 0.6300690250215704
131 0.6352459016393442
132 0.6361087144089732
133 0.6382657463330458
134 0.6354616048317515
135 0.6326574633304572
136 0.640207075064711
137 0.6412855910267472
138 0.6391285591026747
139 0.6471095772217429
140 0.6542277825711821
141 0.6522864538395168
142 0.6540120793787748
143 0.658541846419327
144 0.6615616911130284
145 0.6615616911130284
146 0.65595340811044
147 0.6581104400345125
148 0.6609145815358067
149 0.661993097497843
150 0.6710526315789473
151 0.6729939603106126
152 0.6749352890422778
153 0.6781708369283865
154 0.6824849007765315
155 0.6872303710094909
156 0.6945642795513374
157 0.6945642795513374
158 0.6990940465918896
159 0.706427955133736
160 0.7081535806729939
161 0.7144089732528042
162 0.707290767903365
163 0.7092320966350302
164 0.7169974115616912
165 0.7105263157894737
166 0.7118205349439172
167 0.7185073339085418
168 0.7191544434857636
169 0.7217428817946505
170 0.7176445211389129
171 0.7200172562553926
172 0.7206643658326143
173 0.7359792924935289
174 0.7333908541846419
175 0.7275668679896462
176 0.7327437446074202
177 0.7299396031061259
178 0.7254098360655737
179 0.728213977566868
180 0.7333908541846419
181 0.7359792924935289
182 0.7377049180327869
183 0.7325280414150129
184 0.7361949956859362
185 0.7377049180327869
186 0.7325280414150129
187 0.7359792924935289
188 0.7374892148403797
189 0.7333908541846419
190 0.7310181190681622
191 0.7318809318377912
192 0.7299396031061259
193 0.7314495254529767
194 0.7359792924935289
195 0.7357635893011216
196 0.7407247627264884
197 0.7394305435720449
198 0.7405090595340811
199 0.7377049180327869
200 0.7424503882657464
201 0.74137187230371
202 0.7428817946505608
203 0.747411561691113
204 0.7584124245038827
205 0.7603537532355479
206 0.7575496117342536
207 0.7545297670405522
208 0.7538826574633305
209 0.7577653149266609
210 0.7588438308886971
211 0.7627264883520276
212 0.768334771354616
213 0.7698446937014668
214 0.7672562553925798
215 0.7681190681622088
216 0.7655306298533219
217 0.7650992234685073
218 0.771786022433132
219 0.7808455565142364
220 0.7748058671268335
221 0.770923209663503
222 0.7732959447799828
223 0.7739430543572045
224 0.7707075064710958
225 0.7713546160483176
226 0.772648835202761
227 0.7687661777394306
228 0.7689818809318378
229 0.7685504745470233
230 0.765746333045729
231 0.7629421915444349
232 0.7633735979292493
233 0.7666091458153581
234 0.7707075064710958
235 0.768334771354616
236 0.7741587575496117
237 0.7707075064710958
238 0.7707075064710958
239 0.7685504745470233
240 0.7704918032786885
241 0.7702761000862812
242 0.7668248490077653
243 0.768334771354616
244 0.7689818809318378
245 0.7713546160483176
246 0.7700603968938741
247 0.7607851596203624
248 0.7629421915444349
249 0.7646678170836928
250 0.7653149266609146
251 0.7625107851596203
252 0.7666091458153581
253 0.765746333045729
254 0.7763157894736842
255 0.777825711820535
256 0.7789042277825712
257 0.7748058671268335
258 0.7795513373597929
259 0.7748058671268335
260 0.7767471958584987
261 0.7700603968938741
262 0.7644521138912856
263 0.7702761000862812
264 0.7670405522001725
265 0.7650992234685073
266 0.7659620362381363
267 0.7689818809318378
268 0.7694132873166523
269 0.7713546160483176
270 0.7750215703192407
271 0.7780414150129422
272 0.7782571182053495
273 0.7817083692838654
274 0.7799827437446074
275 0.7832182916307161
276 0.7886108714408974
277 0.7890422778257118
278 0.7883951682484901
279 0.7776100086281277
280 0.7814926660914582
281 0.7866695427092321
282 0.7905522001725626
283 0.7946505608283002
284 0.7922778257118205
285 0.7942191544434858
286 0.7866695427092321
287 0.790120793787748
288 0.7903364969801553
289 0.7916307161345988
290 0.7883951682484901
291 0.7840811044003452
292 0.7877480586712683
293 0.7879637618636756
294 0.7871009490940466
295 0.7851596203623814
296 0.7812769628990509
297 0.7739430543572045
298 0.7784728213977566
299 0.7782571182053495
300 0.7823554788610871
301 0.7871009490940466
302 0.7883951682484901
303 0.792709232096635
304 0.7940034512510785
305 0.7983175150992234
306 0.7937877480586712
307 0.7886108714408974
308 0.7810612597066436
309 0.7834339948231234
310 0.7801984469370147
311 0.7780414150129422
312 0.7791199309749784
313 0.7767471958584987
314 0.7806298533218292
315 0.7801984469370147
316 0.7830025884383088
317 0.7830025884383088
318 0.7823554788610871
319 0.7801984469370147
320 0.7756686798964625
321 0.7817083692838654
322 0.7810612597066436
323 0.776962899050906
324 0.7782571182053495
325 0.7780414150129422
326 0.7797670405522001
327 0.7814926660914582
328 0.7795513373597929
329 0.775237273511648
330 0.7741587575496117
331 0.7786885245901639
332 0.7797670405522001
333 0.7879637618636756
334 0.7780414150129422
335 0.7776100086281277
336 0.7773943054357204
337 0.776962899050906
338 0.7773943054357204
339 0.7786885245901639
340 0.7858067299396031
341 0.7812769628990509
342 0.7847282139775669
343 0.7879637618636756
344 0.7834339948231234
345 0.777825711820535
346 0.7765314926660914
347 0.7791199309749784
348 0.7845125107851596
349 0.7830025884383088
350 0.7795513373597929
351 0.780414150129422
352 0.7784728213977566
353 0.7758843830888698
354 0.7765314926660914
355 0.7840811044003452
356 0.7812769628990509
357 0.7817083692838654
358 0.7765314926660914
359 0.7782571182053495
360 0.7784728213977566
361 0.7853753235547886
362 0.7899050905953409
363 0.7924935289042278
364 0.7931406384814496
365 0.790120793787748
366 0.7793356341673857
367 0.7814926660914582
368 0.7855910267471958
369 0.7955133735979293
370 0.793572044866264
371 0.7875323554788611
372 0.7834339948231234
373 0.7810612597066436
374 0.7801984469370147
375 0.7810612597066436
376 0.7795513373597929
377 0.7782571182053495
378 0.7773943054357204
379 0.7741587575496117
380 0.7704918032786885
381 0.7704918032786885
382 0.7780414150129422
383 0.7847282139775669
384 0.7890422778257118
385 0.7830025884383088
386 0.7836496980155306
387 0.7883951682484901
388 0.7853753235547886
389 0.7823554788610871
390 0.7864538395168249
391 0.7832182916307161
392 0.7896893874029336
393 0.7886108714408974
394 0.7920621225194133
395 0.7922778257118205
396 0.7948662640207075
397 0.7920621225194133
398 0.7957290767903364
399 0.7909836065573771
400 0.7914150129421915
401 0.7868852459016393
402 0.7789042277825712
403 0.7776100086281277
404 0.7855910267471958
405 0.7871009490940466
406 0.7892579810181191
407 0.7905522001725626
408 0.7924935289042278
409 0.7899050905953409
410 0.792709232096635
411 0.7890422778257118
412 0.7838654012079379
413 0.7879637618636756
414 0.7892579810181191
415 0.7907679033649698
416 0.7929249352890423
417 0.7920621225194133
418 0.7989646246764452
419 0.8022001725625539
420 0.7955133735979293
421 0.7931406384814496
422 0.7914150129421915
423 0.7890422778257118
424 0.7864538395168249
425 0.7858067299396031
426 0.7886108714408974
427 0.7849439171699741
428 0.7892579810181191
429 0.7892579810181191
430 0.7899050905953409
431 0.7914150129421915
432 0.7864538395168249
433 0.7838654012079379
434 0.7842968075927523
435 0.7840811044003452
436 0.7905522001725626
437 0.7883951682484901
438 0.7860224331320104
439 0.7821397756686799
440 0.7795513373597929
441 0.7767471958584987
442 0.7791199309749784
443 0.7827868852459017
444 0.7817083692838654
445 0.7827868852459017
446 0.7797670405522001
447 0.7853753235547886
448 0.7899050905953409
449 0.7851596203623814
450 0.7814926660914582
451 0.7808455565142364
452 0.7773943054357204
453 0.7814926660914582
454 0.7786885245901639
455 0.7761000862812769
456 0.7812769628990509
457 0.7840811044003452
458 0.7819240724762726
459 0.7842968075927523
460 0.7819240724762726
461 0.7825711820534944
462 0.7830025884383088
463 0.7842968075927523
464 0.7862381363244176
465 0.7799827437446074
466 0.7795513373597929
467 0.7836496980155306
468 0.7819240724762726
469 0.7866695427092321
470 0.7858067299396031
471 0.7840811044003452
472 0.7832182916307161
473 0.7801984469370147
474 0.7838654012079379
475 0.7842968075927523
476 0.7851596203623814
477 0.7871009490940466
478 0.790120793787748
479 0.7881794650560828
480 0.7903364969801553
481 0.7918464193270061
482 0.7819240724762726
483 0.7842968075927523
484 0.7819240724762726
485 0.7838654012079379
486 0.7827868852459017
487 0.7847282139775669
488 0.7789042277825712
489 0.7860224331320104
490 0.7851596203623814
491 0.7849439171699741
492 0.7868852459016393
493 0.7860224331320104
494 0.7847282139775669
495 0.7907679033649698
496 0.7909836065573771
497 0.7922778257118205
498 0.7911993097497843
499 0.7929249352890423
500 0.7920621225194133
501 0.7950819672131147
502 0.7924935289042278
503 0.7866695427092321
504 0.7868852459016393
505 0.7883951682484901
506 0.7883951682484901
507 0.7924935289042278
508 0.7931406384814496
509 0.7920621225194133
510 0.7937877480586712
511 0.793572044866264
512 0.7886108714408974
513 0.7862381363244176
514 0.7842968075927523
515 0.7868852459016393
516 0.7855910267471958
517 0.7810612597066436
518 0.7823554788610871
519 0.7840811044003452
520 0.7832182916307161
521 0.7782571182053495
522 0.7810612597066436
523 0.7814926660914582
524 0.7825711820534944
525 0.7845125107851596
526 0.7847282139775669
527 0.7814926660914582
528 0.7827868852459017
529 0.7838654012079379
530 0.7914150129421915
531 0.7888265746333045
532 0.7905522001725626
533 0.7864538395168249
534 0.7868852459016393
535 0.7855910267471958
536 0.7931406384814496
537 0.7942191544434858
538 0.7879637618636756
539 0.7909836065573771
540 0.7948662640207075
541 0.7942191544434858
542 0.7903364969801553
543 0.7849439171699741
544 0.7758843830888698
545 0.7862381363244176
546 0.7899050905953409
547 0.7847282139775669
548 0.7832182916307161
549 0.7849439171699741
550 0.7849439171699741
551 0.7819240724762726
552 0.7810612597066436
553 0.7868852459016393
554 0.7903364969801553
555 0.7899050905953409
556 0.7881794650560828
557 0.7825711820534944
558 0.7793356341673857
559 0.7756686798964625
560 0.7819240724762726
561 0.7849439171699741
562 0.7795513373597929
563 0.7834339948231234
564 0.7830025884383088
565 0.7817083692838654
566 0.7763157894736842
567 0.7724331320103538
568 0.7791199309749784
569 0.7737273511647972
570 0.7732959447799828
571 0.7720017256255393
572 0.7754529767040552
573 0.7784728213977566
574 0.7782571182053495
575 0.776962899050906
576 0.7892579810181191
577 0.7855910267471958
578 0.7916307161345988
579 0.7909836065573771
580 0.7905522001725626
581 0.7855910267471958
582 0.7860224331320104
583 0.7866695427092321
584 0.7864538395168249
585 0.7834339948231234
586 0.7886108714408974
587 0.7899050905953409
588 0.792709232096635
589 0.7911993097497843
590 0.7946505608283002
591 0.7922778257118205
592 0.7985332182916307
593 0.8006902502157032
594 0.7918464193270061
595 0.7871009490940466
596 0.7791199309749784
597 0.7739430543572045
598 0.772648835202761
599 0.776962899050906
600 0.7786885245901639
601 0.7730802415875755
602 0.7791199309749784
603 0.7827868852459017
604 0.7806298533218292
605 0.7806298533218292
606 0.7819240724762726
607 0.7814926660914582
608 0.7808455565142364
609 0.7860224331320104
610 0.7909836065573771
611 0.7888265746333045
612 0.792709232096635
613 0.7920621225194133
614 0.7899050905953409
615 0.7873166522864539
616 0.7849439171699741
617 0.7911993097497843
618 0.7812769628990509
619 0.7832182916307161
620 0.7836496980155306
621 0.7801984469370147
622 0.7851596203623814
623 0.7873166522864539
624 0.7894736842105263
625 0.7896893874029336
626 0.7924935289042278
627 0.7855910267471958
628 0.7838654012079379
629 0.7823554788610871
630 0.7877480586712683
631 0.7875323554788611
632 0.7840811044003452
633 0.7862381363244176
634 0.7821397756686799
635 0.7786885245901639
636 0.7761000862812769
637 0.780414150129422
638 0.7780414150129422
639 0.7776100086281277
640 0.7797670405522001
641 0.7849439171699741
642 0.7758843830888698
643 0.7765314926660914
644 0.7754529767040552
645 0.7689818809318378
646 0.7756686798964625
647 0.7791199309749784
648 0.7821397756686799
649 0.7877480586712683
650 0.7823554788610871
651 0.7825711820534944
652 0.7868852459016393
653 0.7888265746333045
654 0.7929249352890423
655 0.7896893874029336
656 0.7851596203623814
657 0.7840811044003452
658 0.7847282139775669
659 0.7896893874029336
660 0.7905522001725626
661 0.790120793787748
662 0.7890422778257118
663 0.7959447799827437
664 0.792709232096635
665 0.7940034512510785
666 0.7911993097497843
667 0.7989646246764452
668 0.7968075927523728
669 0.7974547023295945
670 0.8004745470232959
671 0.801337359792925
672 0.8017687661777394
673 0.8067299396031061
674 0.808455565142364
675 0.8056514236410699
676 0.8034943917169974
677 0.8022001725625539
678 0.7991803278688525
679 0.7968075927523728
680 0.7974547023295945
681 0.7957290767903364
682 0.7924935289042278
683 0.7948662640207075
684 0.7942191544434858
685 0.7950819672131147
686 0.7922778257118205
687 0.7881794650560828
688 0.7886108714408974
689 0.7905522001725626
690 0.7907679033649698
691 0.7922778257118205
692 0.7959447799827437
693 0.795297670405522
694 0.7877480586712683
695 0.7886108714408974
696 0.7847282139775669
697 0.7948662640207075
698 0.7918464193270061
699 0.7950819672131147
700 0.7937877480586712
