1 0.00021570319240724764
2 0.00021570319240724764
3 0.00021570319240724764
4 0.00021570319240724764
5 0.00021570319240724764
6 0.0004314063848144953
7 0.0004314063848144953
8 0.0004314063848144953
9 0.0004314063848144953
10 0.0004314063848144953
11 0.0004314063848144953
12 0.0004314063848144953
13 0.0004314063848144953
14 0.0006471095772217428
15 0.0008628127696289905
16 0.0008628127696289905
17 0.0010785159620362382
18 0.001725625539257981
19 0.001725625539257981
20 0.002372735116479724
21 0.002372735116479724
22 0.0021570319240724763
23 0.002372735116479724
24 0.002372735116479724
25 0.0025884383088869713
26 0.0032355478861087143
27 0.0030198446937014668
28 0.0032355478861087143
29 0.003451251078515962
30 0.004314063848144953
31 0.003882657463330457
32 0.004314063848144953
33 0.004961173425366695
34 0.005392579810181191
35 0.005823986194995686
36 0.007118205349439172
37 0.007981018119068163
38 0.00819672131147541
39 0.00992234685073339
40 0.010353753235547885
41 0.011216566005176877
42 0.012295081967213115
43 0.014236410698878344
44 0.015099223468507334
45 0.015746333045729078
46 0.0181190681622088
47 0.01898188093183779
48 0.020491803278688523
49 0.02200172562553926
50 0.022433132010353754
51 0.025021570319240724
52 0.025021570319240724
53 0.02631578947368421
54 0.026962899050905955
55 0.028904227782571183
56 0.0321397756686799
57 0.032355478861087146
58 0.033433994823123384
59 0.03472821397756687
60 0.03882657463330457
61 0.040336496980155304
62 0.039257981018119066
63 0.04163071613459879
64 0.04378774805867127
65 0.04443485763589301
66 0.047670405522001726
67 0.050258843830888696
68 0.05090595340811044
69 0.05543572044866264
70 0.05974978429680759
71 0.06320103537532355
72 0.06471095772217429
73 0.06816220880069025
74 0.07312338222605695
75 0.07377049180327869
76 0.07894736842105263
77 0.08433994823123382
78 0.08671268334771355
79 0.09081104400345125
80 0.09490940465918896
81 0.09728213977566869
82 0.10116479723899914
83 0.1046160483175151
84 0.11238136324417601
85 0.11626402070750647
86 0.12489214840379638
87 0.13438308886971528
88 0.14171699741156168
89 0.1490509059534081
90 0.15099223468507333
91 0.15703192407247626
92 0.16285591026747195
93 0.1676013805004314
94 0.1734253666954271
95 0.17838654012079377
96 0.18723037100949094
97 0.19391716997411562
98 0.2006039689387403
99 0.2100949094046592
100 0.2141932700603969
101 0.22433132010353754
102 0.23080241587575495
103 0.23619499568593616
104 0.23835202761000862
105 0.24352890422778256
106 0.2495685936151855
107 0.2532355478861087
108 0.2640207075064711
109 0.27070750647109576
110 0.2776100086281277
111 0.28321829163071616
112 0.2911993097497843
113 0.29961173425366694
114 0.3069456427955134
115 0.31320103537532357
116 0.32075064710957724
117 0.3233390854184642
118 0.33067299396031063
119 0.34167385677308026
120 0.3455565142364107
121 0.35612597066436585
122 0.3636755823986195
123 0.3699309749784297
124 0.3802847282139776
125 0.3915012942191544
126 0.39775668679896464
127 0.4100517687661777
128 0.4201898188093184
129 0.4255823986194996
130 0.42946505608283003
131 0.4333477135461605
132 0.4372303710094909
133 0.4452113891285591
134 0.4484469370146678
135 0.45319240724762727
136 0.4605263157894737
137 0.4637618636755824
138 0.47066436583261434
139 0.47670405522001724
140 0.48209663503019845
141 0.4896462467644521
142 0.5010785159620362
143 0.5077653149266609
144 0.5129421915444349
145 0.5220017256255393
146 0.5284728213977566
147 0.5321397756686799
148 0.5470232959447799
149 0.5543572044866264
150 0.5524158757549612
151 0.5532786885245902
152 0.5632010353753235
153 0.5666522864538395
154 0.5724762726488352
155 0.5759275237273511
156 0.5841242450388265
157 0.5849870578084556
158 0.5944779982743744
159 0.6020276100086281
160 0.6022433132010354
161 0.6020276100086281
162 0.6061259706643658
163 0.613244176013805
164 0.614106988783434
165 0.6182053494391717
166 0.6182053494391717
167 0.6203623813632442
168 0.6255392579810182
169 0.6317946505608283
170 0.6380500431406385
171 0.6384814495254529
172 0.6378343399482312
173 0.6455996548748921
174 0.6464624676445211
175 0.6514236410698878
176 0.649913718723037
177 0.6570319240724762
178 0.6606988783433995
179 0.6676013805004314
180 0.6699741156169111
181 0.674288179465056
182 0.6753666954270923
183 0.6723468507333908
184 0.6676013805004314
185 0.6719154443485763
186 0.6723468507333908
187 0.6725625539257981
188 0.6716997411561692
189 0.6781708369283865
190 0.6848576358930112
191 0.6945642795513374
192 0.6913287316652287
193 0.6893874029335634
194 0.6885245901639344
195 0.6874460742018982
196 0.6902502157031924
197 0.6969370146678171
198 0.6971527178602244
199 0.7014667817083693
200 0.6988783433994823
201 0.7018981880931838
202 0.6984469370146679
203 0.7062122519413288
204 0.7092320966350302
205 0.7094477998274374
206 0.7126833477135461
207 0.7167817083692839
208 0.7191544434857636
209 0.7241156169111302
210 0.723037100949094
211 0.7215271786022434
212 0.724762726488352
213 0.7312338222605694
214 0.728213977566868
215 0.725625539257981
216 0.728213977566868
217 0.7292924935289042
218 0.7288610871440897
219 0.724762726488352
220 0.7249784296807593
221 0.7238999137187231
222 0.7217428817946505
223 0.7176445211389129
224 0.7187230371009491
225 0.723037100949094
226 0.7277825711820535
227 0.729076790336497
228 0.7275668679896462
229 0.7346850733390854
230 0.7331751509922347
231 0.7297238999137188
232 0.7292924935289042
233 0.7292924935289042
234 0.734253666954271
235 0.7333908541846419
236 0.7344693701466781
237 0.7426660914581535
238 0.7450388265746333
239 0.7349007765314927
240 0.7359792924935289
241 0.7392148403796376
242 0.7355478861087144
243 0.7385677308024159
244 0.7398619499568594
245 0.7374892148403797
246 0.74137187230371
247 0.743960310612597
248 0.7510785159620362
249 0.7575496117342536
250 0.7497842968075927
251 0.752588438308887
252 0.752588438308887
253 0.755176876617774
254 0.755176876617774
255 0.7581967213114754
256 0.755176876617774
257 0.7564710957722174
258 0.7581967213114754
259 0.7607851596203624
260 0.7610008628127696
261 0.7622950819672131
262 0.7603537532355479
263 0.7618636755823986
264 0.7577653149266609
265 0.7601380500431406
266 0.7564710957722174
267 0.7666091458153581
268 0.7666091458153581
269 0.7663934426229508
270 0.7655306298533219
271 0.7625107851596203
272 0.7653149266609146
273 0.7603537532355479
274 0.7633735979292493
275 0.7659620362381363
276 0.7633735979292493
277 0.7607851596203624
278 0.7566867989646247
279 0.7584124245038827
280 0.7622950819672131
281 0.7627264883520276
282 0.7592752372735116
283 0.7581967213114754
284 0.7616479723899914
285 0.7629421915444349
286 0.7674719585849871
287 0.768334771354616
288 0.7715703192407247
289 0.7702761000862812
290 0.7674719585849871
291 0.7610008628127696
292 0.7668248490077653
293 0.7724331320103538
294 0.7754529767040552
295 0.7765314926660914
296 0.7801984469370147
297 0.775237273511648
298 0.7748058671268335
299 0.7748058671268335
300 0.7763157894736842
301 0.7814926660914582
302 0.7825711820534944
303 0.7853753235547886
304 0.7756686798964625
305 0.776962899050906
306 0.775237273511648
307 0.771786022433132
308 0.770923209663503
309 0.769197584124245
310 0.771786022433132
311 0.7761000862812769
312 0.7728645383951682
313 0.7808455565142364
314 0.7832182916307161
315 0.7793356341673857
316 0.7847282139775669
317 0.7888265746333045
318 0.7862381363244176
319 0.7827868852459017
320 0.7838654012079379
321 0.7810612597066436
322 0.7812769628990509
323 0.7830025884383088
324 0.7838654012079379
325 0.7832182916307161
326 0.7825711820534944
327 0.7830025884383088
328 0.7888265746333045
329 0.7890422778257118
330 0.7933563416738568
331 0.7834339948231234
332 0.7858067299396031
333 0.7797670405522001
334 0.7812769628990509
335 0.7780414150129422
336 0.7864538395168249
337 0.7851596203623814
338 0.7871009490940466
339 0.7862381363244176
340 0.7825711820534944
341 0.7821397756686799
342 0.7821397756686799
343 0.7801984469370147
344 0.7830025884383088
345 0.7860224331320104
346 0.793572044866264
347 0.7957290767903364
348 0.7855910267471958
349 0.7862381363244176
350 0.7890422778257118
351 0.7871009490940466
352 0.7836496980155306
353 0.7866695427092321
354 0.7881794650560828
355 0.7888265746333045
356 0.7819240724762726
357 0.7801984469370147
358 0.7823554788610871
359 0.7858067299396031
360 0.7858067299396031
361 0.7832182916307161
362 0.7810612597066436
363 0.777825711820535
364 0.7786885245901639
365 0.7842968075927523
366 0.7875323554788611
367 0.7864538395168249
368 0.7875323554788611
369 0.7840811044003452
370 0.7899050905953409
371 0.7877480586712683
372 0.7896893874029336
373 0.7862381363244176
374 0.7836496980155306
375 0.7847282139775669
376 0.7821397756686799
377 0.7842968075927523
378 0.7784728213977566
379 0.7767471958584987
380 0.7668248490077653
381 0.768334771354616
382 0.7629421915444349
383 0.7631578947368421
384 0.7635893011216566
385 0.7685504745470233
386 0.7650992234685073
387 0.7696289905090595
388 0.7722174288179465
389 0.7748058671268335
390 0.7799827437446074
391 0.775237273511648
392 0.7814926660914582
393 0.7761000862812769
394 0.776962899050906
395 0.7834339948231234
396 0.7853753235547886
397 0.7832182916307161
398 0.7801984469370147
399 0.7799827437446074
400 0.7756686798964625
401 0.7793356341673857
402 0.7758843830888698
403 0.7756686798964625
404 0.7789042277825712
405 0.7801984469370147
406 0.7789042277825712
407 0.7808455565142364
408 0.7817083692838654
409 0.7840811044003452
410 0.7834339948231234
411 0.7877480586712683
412 0.7871009490940466
413 0.7940034512510785
414 0.7888265746333045
415 0.7892579810181191
416 0.7860224331320104
417 0.7877480586712683
418 0.7905522001725626
419 0.7905522001725626
420 0.7886108714408974
421 0.7853753235547886
422 0.7899050905953409
423 0.7972389991371872
424 0.7931406384814496
425 0.7892579810181191
426 0.7937877480586712
427 0.7940034512510785
428 0.7916307161345988
429 0.7916307161345988
430 0.7996117342536669
431 0.7989646246764452
432 0.7991803278688525
433 0.797886108714409
434 0.7968075927523728
435 0.7959447799827437
436 0.7948662640207075
437 0.7909836065573771
438 0.7922778257118205
439 0.7886108714408974
440 0.7942191544434858
441 0.7955133735979293
442 0.7963761863675582
443 0.790120793787748
444 0.794434857635893
445 0.8009059534081104
446 0.7993960310612597
447 0.7909836065573771
448 0.7907679033649698
449 0.7888265746333045
450 0.7862381363244176
451 0.7871009490940466
452 0.7918464193270061
453 0.7875323554788611
454 0.7858067299396031
455 0.7838654012079379
456 0.7920621225194133
457 0.7918464193270061
458 0.7905522001725626
459 0.7916307161345988
460 0.7842968075927523
461 0.7896893874029336
462 0.7866695427092321
463 0.7834339948231234
464 0.7890422778257118
465 0.792709232096635
466 0.7892579810181191
467 0.7920621225194133
468 0.7909836065573771
469 0.7905522001725626
470 0.7881794650560828
471 0.7855910267471958
472 0.7866695427092321
473 0.7899050905953409
474 0.7883951682484901
475 0.7888265746333045
476 0.7896893874029336
477 0.7940034512510785
478 0.7963761863675582
479 0.7886108714408974
480 0.7868852459016393
481 0.7806298533218292
482 0.7773943054357204
483 0.7799827437446074
484 0.7842968075927523
485 0.7821397756686799
486 0.7730802415875755
487 0.7784728213977566
488 0.7836496980155306
489 0.7823554788610871
490 0.7855910267471958
491 0.7883951682484901
492 0.7877480586712683
493 0.7909836065573771
494 0.7866695427092321
495 0.7894736842105263
496 0.7916307161345988
497 0.7911993097497843
498 0.7916307161345988
499 0.7933563416738568
500 0.7916307161345988
501 0.7879637618636756
502 0.7909836065573771
503 0.7868852459016393
504 0.7827868852459017
505 0.7845125107851596
506 0.7825711820534944
507 0.7810612597066436
508 0.7812769628990509
509 0.7864538395168249
510 0.7791199309749784
511 0.7817083692838654
512 0.7830025884383088
513 0.7801984469370147
514 0.7847282139775669
515 0.7830025884383088
516 0.7834339948231234
517 0.7866695427092321
518 0.7845125107851596
519 0.7849439171699741
520 0.7853753235547886
521 0.7847282139775669
522 0.7838654012079379
523 0.7836496980155306
524 0.777825711820535
525 0.7784728213977566
526 0.7814926660914582
527 0.7748058671268335
528 0.7689818809318378
529 0.7681190681622088
530 0.7648835202761001
531 0.771786022433132
532 0.780414150129422
533 0.7799827437446074
534 0.7832182916307161
535 0.7847282139775669
536 0.7799827437446074
537 0.7789042277825712
538 0.7864538395168249
539 0.7892579810181191
540 0.7853753235547886
541 0.7823554788610871
542 0.7860224331320104
543 0.7883951682484901
544 0.790120793787748
545 0.790120793787748
546 0.7920621225194133
547 0.7899050905953409
548 0.7866695427092321
549 0.7873166522864539
550 0.7909836065573771
551 0.7866695427092321
552 0.7892579810181191
553 0.7888265746333045
554 0.7929249352890423
555 0.7914150129421915
556 0.7886108714408974
557 0.7853753235547886
558 0.7892579810181191
559 0.7877480586712683
560 0.7853753235547886
561 0.7866695427092321
562 0.7909836065573771
563 0.7918464193270061
564 0.7918464193270061
565 0.7940034512510785
566 0.790120793787748
567 0.796160483175151
568 0.7914150129421915
569 0.7862381363244176
570 0.7875323554788611
571 0.7907679033649698
572 0.7907679033649698
573 0.7855910267471958
574 0.7853753235547886
575 0.7823554788610871
576 0.7914150129421915
577 0.7922778257118205
578 0.7920621225194133
579 0.7916307161345988
580 0.7911993097497843
581 0.7892579810181191
582 0.7886108714408974
583 0.7868852459016393
584 0.7845125107851596
585 0.7851596203623814
586 0.7853753235547886
587 0.7855910267471958
588 0.7866695427092321
589 0.7814926660914582
590 0.780414150129422
591 0.7814926660914582
592 0.7812769628990509
593 0.7761000862812769
594 0.771786022433132
595 0.7786885245901639
596 0.7789042277825712
597 0.7791199309749784
598 0.7825711820534944
599 0.7784728213977566
600 0.7840811044003452
601 0.7855910267471958
602 0.7827868852459017
603 0.7881794650560828
604 0.7903364969801553
605 0.7855910267471958
606 0.7827868852459017
607 0.7806298533218292
608 0.7780414150129422
609 0.771786022433132
610 0.771786022433132
611 0.7732959447799828
612 0.7776100086281277
613 0.7780414150129422
614 0.7812769628990509
615 0.7847282139775669
616 0.7892579810181191
617 0.7847282139775669
618 0.7855910267471958
619 0.7920621225194133
620 0.7888265746333045
621 0.7879637618636756
622 0.7896893874029336
623 0.7881794650560828
624 0.7853753235547886
625 0.7821397756686799
626 0.7855910267471958
627 0.780414150129422
628 0.7858067299396031
629 0.7845125107851596
630 0.7868852459016393
631 0.7899050905953409
632 0.7899050905953409
633 0.7903364969801553
634 0.7916307161345988
635 0.7860224331320104
636 0.7838654012079379
637 0.7784728213977566
638 0.7771786022433133
639 0.7773943054357204
640 0.7737273511647972
641 0.7776100086281277
642 0.7823554788610871
643 0.7806298533218292
644 0.7819240724762726
645 0.7810612597066436
646 0.776962899050906
647 0.7761000862812769
648 0.7810612597066436
649 0.7782571182053495
650 0.7763157894736842
651 0.7782571182053495
652 0.7782571182053495
653 0.7782571182053495
654 0.7806298533218292
655 0.7847282139775669
656 0.7858067299396031
657 0.7830025884383088
658 0.7825711820534944
659 0.7782571182053495
660 0.7797670405522001
661 0.7868852459016393
662 0.7825711820534944
663 0.7851596203623814
664 0.7789042277825712
665 0.7795513373597929
666 0.7791199309749784
667 0.7758843830888698
668 0.7791199309749784
669 0.7903364969801553
670 0.7875323554788611
671 0.7877480586712683
672 0.7877480586712683
673 0.7851596203623814
674 0.7810612597066436
675 0.780414150129422
676 0.7821397756686799
677 0.775237273511648
678 0.7761000862812769
679 0.7761000862812769
680 0.7797670405522001
681 0.7810612597066436
682 0.7799827437446074
683 0.7722174288179465
684 0.7694132873166523
685 0.768334771354616
686 0.770923209663503
687 0.7741587575496117
688 0.7728645383951682
689 0.7713546160483176
690 0.7722174288179465
691 0.7707075064710958
692 0.7722174288179465
693 0.7756686798964625
694 0.780414150129422
695 0.780414150129422
696 0.7795513373597929
697 0.7750215703192407
698 0.7827868852459017
699 0.7799827437446074
700 0.7858067299396031
