1 0.0004314063848144953
2 0.0012942191544434857
3 0.001725625539257981
4 0.0021570319240724763
5 0.0025884383088869713
6 0.0030198446937014668
7 0.0032355478861087143
8 0.004961173425366695
9 0.006902502157031924
10 0.007765314926660914
11 0.008843830888697153
12 0.010569456427955135
13 0.012295081967213115
14 0.013805004314063849
15 0.017471958584987058
16 0.02113891285591027
17 0.02372735116479724
18 0.026747195858498704
19 0.030198446937014668
20 0.03300258843830889
21 0.03882657463330457
22 0.04465056082830026
23 0.047670405522001726
24 0.05349439171699741
25 0.05845556514236411
26 0.062122519413287315
27 0.06773080241587576
28 0.07269197584124246
29 0.07894736842105263
30 0.08412424503882658
31 0.09016393442622951
32 0.09577221742881795
33 0.10245901639344263
34 0.10979292493528904
35 0.11906816220880069
36 0.12704918032786885
37 0.13459879206212252
38 0.13697152717860225
39 0.14301121656600518
40 0.15314926660914582
41 0.15918895599654875
42 0.1643658326143227
43 0.17169974115616912
44 0.17385677308024158
45 0.18464193270060397
46 0.19585849870578084
47 0.20125107851596202
48 0.20944779982743744
49 0.2178602243313201
50 0.23123382226056946
51 0.23878343399482313
52 0.24331320103537532
53 0.25345125107851596
54 0.2601380500431406
55 0.26876617773943057
56 0.2741587575496117
57 0.2830025884383089
58 0.2899050905953408
59 0.29918032786885246
60 0.3056514236410699
61 0.3157894736842105
62 0.31492666091458155
63 0.3239861949956859
64 0.32808455565142364
65 0.3358498705780846
66 0.34167385677308026
67 0.3544003451251079
68 0.3591458153580673
69 0.3684210526315789
70 0.3759706643658326
71 0.3826574633304573
72 0.3915012942191544
73 0.3953839516824849
74 0.40056082830025885
75 0.4098360655737705
76 0.41824849007765313
77 0.42040552200172565
78 0.42795513373597927
79 0.4398188093183779
80 0.44909404659188956
81 0.454702329594478
82 0.4624676445211389
83 0.4687230371009491
84 0.4758412424503883
85 0.4844693701466782
86 0.4946074201898188
87 0.502588438308887
88 0.5077653149266609
89 0.5133735979292493
90 0.518334771354616
91 0.5207075064710958
92 0.5310612597066436
93 0.527825711820535
94 0.5347282139775669
95 0.5377480586712683
96 0.5327868852459017
97 0.5360224331320104
98 0.5399050905953409
99 0.545297670405522
100 0.5504745470232959
101 0.5532786885245902
102 0.5578084555651424
103 0.5571613459879207
104 0.5608283002588438
105 0.5698878343399483
106 0.5759275237273511
107 0.5800258843830889
108 0.5871440897325281
109 0.5893011216566005
110 0.5886540120793787
111 0.5886540120793787
112 0.592320966350302
113 0.600086281276963
114 0.6035375323554789
115 0.6095772217428818
116 0.6087144089732528
117 0.6093615185504746
118 0.6093615185504746
119 0.6121656600517688
120 0.6210094909404659
121 0.6205780845556514
122 0.6298533218291631
123 0.634167385677308
124 0.6320103537532356
125 0.6343830888697153
126 0.6382657463330458
127 0.6432269197584124
128 0.6471095772217429
129 0.6432269197584124
130 0.6458153580672994
131 0.6477566867989646
132 0.6546591889559965
133 0.6548748921484038
134 0.655090595340811
135 0.6606988783433995
136 0.6650129421915444
137 0.6701898188093184
138 0.6673856773080241
139 0.6665228645383952
140 0.6684641932700603
141 0.6753666954270923
142 0.6788179465056083
143 0.6822691975841243
144 0.6807592752372735
145 0.680327868852459
146 0.6798964624676446
147 0.6796807592752373
148 0.67946505608283
149 0.6867989646246765
150 0.6898188093183779
151 0.6937014667817084
152 0.6947799827437446
153 0.6943485763589301
154 0.6975841242450388
155 0.698662640207075
156 0.698662640207075
157 0.702113891285591
158 0.7029767040552201
159 0.6990940465918896
160 0.7018981880931838
161 0.7008196721311475
162 0.7018981880931838
163 0.7036238136324418
164 0.706427955133736
165 0.7016824849007766
166 0.6993097497842968
167 0.7018981880931838
168 0.6993097497842968
169 0.705565142364107
170 0.7133304572907679
171 0.7191544434857636
172 0.7182916307161346
173 0.7182916307161346
174 0.7241156169111302
175 0.719585849870578
176 0.7152717860224331
177 0.7133304572907679
178 0.7118205349439172
179 0.7185073339085418
180 0.7223899913718723
181 0.7284296807592753
182 0.7366264020707507
183 0.7361949956859362
184 0.734253666954271
185 0.7361949956859362
186 0.7327437446074202
187 0.7394305435720449
188 0.734253666954271
189 0.7312338222605694
190 0.7333908541846419
191 0.7312338222605694
192 0.7355478861087144
193 0.7383520276100086
194 0.7377049180327869
195 0.7379206212251941
196 0.7383520276100086
197 0.7379206212251941
198 0.7446074201898188
199 0.743960310612597
200 0.7435289042277826
201 0.7424503882657464
202 0.7454702329594478
203 0.7467644521138913
204 0.756039689387403
205 0.7528041415012943
206 0.7489214840379638
207 0.7461173425366695
208 0.7415875754961173
209 0.7428817946505608
210 0.7459016393442623
211 0.7454702329594478
212 0.743960310612597
213 0.7484900776531492
214 0.7441760138050043
215 0.744823123382226
216 0.7530198446937014
217 0.7519413287316652
218 0.7519413287316652
219 0.7528041415012943
220 0.7592752372735116
221 0.7661777394305436
222 0.7672562553925798
223 0.7724331320103538
224 0.7670405522001725
225 0.7635893011216566
226 0.7605694564279551
227 0.7594909404659189
228 0.755176876617774
229 0.7631578947368421
230 0.7612165660051768
231 0.7625107851596203
232 0.7631578947368421
233 0.7666091458153581
234 0.7661777394305436
235 0.7687661777394306
236 0.771786022433132
237 0.7730802415875755
238 0.7681190681622088
239 0.7666091458153581
240 0.7666091458153581
241 0.7638050043140638
242 0.7592752372735116
243 0.7588438308886971
244 0.7661777394305436
245 0.7687661777394306
246 0.7679033649698016
247 0.7694132873166523
248 0.7622950819672131
249 0.7659620362381363
250 0.7638050043140638
251 0.7644521138912856
252 0.77351164797239
253 0.7780414150129422
254 0.776962899050906
255 0.7817083692838654
256 0.7801984469370147
257 0.7817083692838654
258 0.7786885245901639
259 0.7784728213977566
260 0.7810612597066436
261 0.7819240724762726
262 0.7825711820534944
263 0.7763157894736842
264 0.7791199309749784
265 0.7825711820534944
266 0.7795513373597929
267 0.7745901639344263
268 0.7812769628990509
269 0.7812769628990509
270 0.770923209663503
271 0.7689818809318378
272 0.7722174288179465
273 0.7739430543572045
274 0.7765314926660914
275 0.775237273511648
276 0.770923209663503
277 0.7739430543572045
278 0.7773943054357204
279 0.7776100086281277
280 0.7793356341673857
281 0.7842968075927523
282 0.7767471958584987
283 0.7763157894736842
284 0.7789042277825712
285 0.7797670405522001
286 0.7784728213977566
287 0.7836496980155306
288 0.7823554788610871
289 0.7860224331320104
290 0.7838654012079379
291 0.7795513373597929
292 0.7806298533218292
293 0.7763157894736842
294 0.7810612597066436
295 0.7832182916307161
296 0.7868852459016393
297 0.790120793787748
298 0.7858067299396031
299 0.7866695427092321
300 0.7877480586712683
301 0.7920621225194133
302 0.7864538395168249
303 0.7858067299396031
304 0.7840811044003452
305 0.7877480586712683
306 0.7834339948231234
307 0.7767471958584987
308 0.7840811044003452
309 0.780414150129422
310 0.7789042277825712
311 0.7748058671268335
312 0.7720017256255393
313 0.7797670405522001
314 0.7842968075927523
315 0.7821397756686799
316 0.7825711820534944
317 0.7875323554788611
318 0.7767471958584987
319 0.7845125107851596
320 0.7819240724762726
321 0.7845125107851596
322 0.7786885245901639
323 0.7767471958584987
324 0.7782571182053495
325 0.7821397756686799
326 0.7797670405522001
327 0.777825711820535
328 0.7860224331320104
329 0.7873166522864539
330 0.7883951682484901
331 0.7922778257118205
332 0.7879637618636756
333 0.7855910267471958
334 0.790120793787748
335 0.7933563416738568
336 0.7894736842105263
337 0.7933563416738568
338 0.7972389991371872
339 0.7933563416738568
340 0.7853753235547886
341 0.7773943054357204
342 0.7786885245901639
343 0.7840811044003452
344 0.7821397756686799
345 0.7838654012079379
346 0.7877480586712683
347 0.7845125107851596
348 0.7903364969801553
349 0.7819240724762726
350 0.7909836065573771
351 0.7905522001725626
352 0.7830025884383088
353 0.7834339948231234
354 0.7773943054357204
355 0.7748058671268335
356 0.7745901639344263
357 0.7754529767040552
358 0.7756686798964625
359 0.7737273511647972
360 0.7745901639344263
361 0.770923209663503
362 0.7715703192407247
363 0.7737273511647972
364 0.7763157894736842
365 0.7786885245901639
366 0.771786022433132
367 0.7679033649698016
368 0.7694132873166523
369 0.7661777394305436
370 0.7763157894736842
371 0.776962899050906
372 0.7715703192407247
373 0.7840811044003452
374 0.7875323554788611
375 0.7849439171699741
376 0.7830025884383088
377 0.7832182916307161
378 0.7877480586712683
379 0.7920621225194133
380 0.7862381363244176
381 0.7840811044003452
382 0.7838654012079379
383 0.7806298533218292
384 0.7866695427092321
385 0.7890422778257118
386 0.7907679033649698
387 0.7899050905953409
388 0.7855910267471958
389 0.7881794650560828
390 0.7860224331320104
391 0.7868852459016393
392 0.7786885245901639
393 0.7771786022433133
394 0.7849439171699741
395 0.7795513373597929
396 0.7771786022433133
397 0.7845125107851596
398 0.7801984469370147
399 0.7830025884383088
400 0.7834339948231234
401 0.7855910267471958
402 0.7896893874029336
403 0.7914150129421915
404 0.7860224331320104
405 0.7879637618636756
406 0.7838654012079379
407 0.780414150129422
408 0.7877480586712683
409 0.7819240724762726
410 0.7868852459016393
411 0.7890422778257118
412 0.7905522001725626
413 0.7948662640207075
414 0.7946505608283002
415 0.7976704055220017
416 0.7905522001725626
417 0.7909836065573771
418 0.7911993097497843
419 0.7903364969801553
420 0.7855910267471958
421 0.794434857635893
422 0.7888265746333045
423 0.7905522001725626
424 0.7851596203623814
425 0.7842968075927523
426 0.7851596203623814
427 0.7875323554788611
428 0.7853753235547886
429 0.7896893874029336
430 0.7909836065573771
431 0.790120793787748
432 0.7840811044003452
433 0.7890422778257118
434 0.7855910267471958
435 0.7847282139775669
436 0.777825711820535
437 0.7823554788610871
438 0.7830025884383088
439 0.7873166522864539
440 0.7879637618636756
441 0.7873166522864539
442 0.7851596203623814
443 0.7810612597066436
444 0.7814926660914582
445 0.7827868852459017
446 0.7853753235547886
447 0.7776100086281277
448 0.7763157894736842
449 0.7732959447799828
450 0.77351164797239
451 0.771786022433132
452 0.7704918032786885
453 0.7732959447799828
454 0.777825711820535
455 0.7823554788610871
456 0.7832182916307161
457 0.7817083692838654
458 0.7739430543572045
459 0.7741587575496117
460 0.7771786022433133
461 0.7797670405522001
462 0.7821397756686799
463 0.7849439171699741
464 0.7888265746333045
465 0.7868852459016393
466 0.7797670405522001
467 0.7810612597066436
468 0.7875323554788611
469 0.7892579810181191
470 0.7855910267471958
471 0.7847282139775669
472 0.7842968075927523
473 0.7905522001725626
474 0.7929249352890423
475 0.7842968075927523
476 0.7914150129421915
477 0.7924935289042278
478 0.7950819672131147
479 0.7929249352890423
480 0.7851596203623814
481 0.7886108714408974
482 0.7862381363244176
483 0.7892579810181191
484 0.7888265746333045
485 0.7950819672131147
486 0.794434857635893
487 0.7993960310612597
488 0.798748921484038
489 0.7981018119068162
490 0.7948662640207075
491 0.792709232096635
492 0.7940034512510785
493 0.7963761863675582
494 0.7931406384814496
495 0.7942191544434858
496 0.797886108714409
497 0.7957290767903364
498 0.7985332182916307
499 0.794434857635893
500 0.7899050905953409
501 0.7875323554788611
502 0.7888265746333045
503 0.7918464193270061
504 0.7937877480586712
505 0.7974547023295945
506 0.7924935289042278
507 0.7883951682484901
508 0.7834339948231234
509 0.7847282139775669
510 0.7825711820534944
511 0.7825711820534944
512 0.7819240724762726
513 0.7812769628990509
514 0.7780414150129422
515 0.7793356341673857
516 0.7838654012079379
517 0.7776100086281277
518 0.7786885245901639
519 0.7793356341673857
520 0.7765314926660914
521 0.7767471958584987
522 0.7780414150129422
523 0.7789042277825712
524 0.7765314926660914
525 0.7791199309749784
526 0.7832182916307161
527 0.7896893874029336
528 0.7903364969801553
529 0.7899050905953409
530 0.7892579810181191
531 0.7963761863675582
532 0.7963761863675582
533 0.7950819672131147
534 0.7922778257118205
535 0.7946505608283002
536 0.7963761863675582
537 0.7955133735979293
538 0.7946505608283002
539 0.7948662640207075
540 0.7948662640207075
541 0.7972389991371872
542 0.8004745470232959
543 0.7937877480586712
544 0.7985332182916307
545 0.7981018119068162
546 0.794434857635893
547 0.7849439171699741
548 0.7851596203623814
549 0.7905522001725626
550 0.7974547023295945
551 0.8004745470232959
552 0.7916307161345988
553 0.7976704055220017
554 0.7937877480586712
555 0.7858067299396031
556 0.7888265746333045
557 0.7871009490940466
558 0.7868852459016393
559 0.7851596203623814
560 0.7842968075927523
561 0.7838654012079379
562 0.7793356341673857
563 0.7786885245901639
564 0.7799827437446074
565 0.7821397756686799
566 0.7858067299396031
567 0.7789042277825712
568 0.7821397756686799
569 0.7877480586712683
570 0.7858067299396031
571 0.7849439171699741
572 0.7812769628990509
573 0.7853753235547886
574 0.7858067299396031
575 0.7890422778257118
576 0.7853753235547886
577 0.7946505608283002
578 0.7892579810181191
579 0.7903364969801553
580 0.792709232096635
581 0.7899050905953409
582 0.7896893874029336
583 0.795297670405522
584 0.7976704055220017
585 0.7907679033649698
586 0.7914150129421915
587 0.7948662640207075
588 0.7924935289042278
589 0.7957290767903364
590 0.8004745470232959
591 0.8019844693701467
592 0.7974547023295945
593 0.7892579810181191
594 0.7871009490940466
595 0.7868852459016393
596 0.7871009490940466
597 0.780414150129422
598 0.7830025884383088
599 0.7853753235547886
600 0.7814926660914582
601 0.7892579810181191
602 0.7858067299396031
603 0.7866695427092321
604 0.7836496980155306
605 0.790120793787748
606 0.7862381363244176
607 0.7849439171699741
608 0.7810612597066436
609 0.7806298533218292
610 0.7812769628990509
611 0.7801984469370147
612 0.7771786022433133
613 0.7791199309749784
614 0.7767471958584987
615 0.7763157894736842
616 0.7763157894736842
617 0.7780414150129422
618 0.7836496980155306
619 0.7871009490940466
620 0.7892579810181191
621 0.7847282139775669
622 0.7814926660914582
623 0.7834339948231234
624 0.7838654012079379
625 0.7862381363244176
626 0.7899050905953409
627 0.7873166522864539
628 0.7840811044003452
629 0.7868852459016393
630 0.7916307161345988
631 0.7892579810181191
632 0.7920621225194133
633 0.7883951682484901
634 0.7868852459016393
635 0.7830025884383088
636 0.7849439171699741
637 0.7797670405522001
638 0.7771786022433133
639 0.7797670405522001
640 0.7817083692838654
641 0.7855910267471958
642 0.7827868852459017
643 0.7858067299396031
644 0.7873166522864539
645 0.7858067299396031
646 0.7860224331320104
647 0.7776100086281277
648 0.7797670405522001
649 0.7830025884383088
650 0.7791199309749784
651 0.7741587575496117
652 0.7765314926660914
653 0.7817083692838654
654 0.7860224331320104
655 0.7851596203623814
656 0.7838654012079379
657 0.7789042277825712
658 0.7814926660914582
659 0.7823554788610871
660 0.7773943054357204
661 0.7834339948231234
662 0.7855910267471958
663 0.7883951682484901
664 0.7879637618636756
665 0.7883951682484901
666 0.7812769628990509
667 0.7858067299396031
668 0.7905522001725626
669 0.7896893874029336
670 0.7886108714408974
671 0.7860224331320104
672 0.7918464193270061
673 0.7920621225194133
674 0.7862381363244176
675 0.7776100086281277
676 0.7799827437446074
677 0.7842968075927523
678 0.7836496980155306
679 0.7821397756686799
680 0.7832182916307161
681 0.7814926660914582
682 0.777825711820535
683 0.7817083692838654
684 0.7836496980155306
685 0.7836496980155306
686 0.7871009490940466
687 0.7875323554788611
688 0.7834339948231234
689 0.7814926660914582
690 0.7875323554788611
691 0.7918464193270061
692 0.798748921484038
693 0.795297670405522
694 0.7965918895599655
695 0.7985332182916307
696 0.7965918895599655
697 0.7957290767903364
698 0.7871009490940466
699 0.7916307161345988
700 0.793572044866264
