1 0.00021570319240724764
2 0.00021570319240724764
3 0.00021570319240724764
4 0.0004314063848144953
5 0.0004314063848144953
6 0.0004314063848144953
7 0.0006471095772217428
8 0.0008628127696289905
9 0.0010785159620362382
10 0.0010785159620362382
11 0.0010785159620362382
12 0.0010785159620362382
13 0.0008628127696289905
14 0.0008628127696289905
15 0.0010785159620362382
16 0.0010785159620362382
17 0.0008628127696289905
18 0.0008628127696289905
19 0.0012942191544434857
20 0.0010785159620362382
21 0.0010785159620362382
22 0.0010785159620362382
23 0.0012942191544434857
24 0.0012942191544434857
25 0.0015099223468507334
26 0.0015099223468507334
27 0.002372735116479724
28 0.002372735116479724
29 0.0025884383088869713
30 0.0028041415012942193
31 0.003451251078515962
32 0.004098360655737705
33 0.004745470232959448
34 0.005176876617773943
35 0.0060396893874029335
36 0.005823986194995686
37 0.006255392579810181
38 0.006902502157031924
39 0.006902502157031924
40 0.008628127696289905
41 0.008843830888697153
42 0.010353753235547885
43 0.01100086281276963
44 0.013373597929249352
45 0.015099223468507334
46 0.016177739430543573
47 0.016609145815358068
48 0.0181190681622088
49 0.02070750647109577
50 0.02092320966350302
51 0.023295944779982744
52 0.02459016393442623
53 0.02610008628127696
54 0.02631578947368421
55 0.026531492666091457
56 0.02739430543572045
57 0.02911993097497843
58 0.029767040552200173
59 0.030629853321829163
60 0.032571182053494394
61 0.033218291630716136
62 0.034943917169974116
63 0.035159620362381364
64 0.03537532355478861
65 0.036885245901639344
66 0.03882657463330457
67 0.04141501294219154
68 0.04378774805867127
69 0.04270923209663503
70 0.045297670405522
71 0.048533218291630716
72 0.050258843830888696
73 0.05241587575496117
74 0.05457290767903365
75 0.056945642795513375
76 0.05996548748921484
77 0.06018119068162209
78 0.0642795513373598
79 0.06492666091458153
80 0.06967213114754098
81 0.07139775668679896
82 0.07398619499568594
83 0.08002588438308887
84 0.08477135461604832
85 0.08735979292493529
86 0.08865401207937877
87 0.09232096635030199
88 0.09663503019844694
89 0.09857635893011217
90 0.10245901639344263
91 0.10893011216566005
92 0.11108714408973253
93 0.11345987920621226
94 0.11885245901639344
95 0.12187230371009491
96 0.1264020707506471
97 0.13330457290767903
98 0.13955996548748922
99 0.14365832614322693
100 0.14926660914581535
101 0.15293356341673855
102 0.15638481449525454
103 0.16134598792062121
104 0.16867989646246764
105 0.1729939603106126
106 0.17558239861949956
107 0.18464193270060397
108 0.19003451251078515
109 0.19801553062985333
110 0.20383951682484902
111 0.21182053494391717
112 0.21980155306298532
113 0.23317515099223468
114 0.24180327868852458
115 0.2528041415012942
116 0.2672562553925798
117 0.27696289905090593
118 0.28386540120793785
119 0.2916307161345988
120 0.2981018119068162
121 0.3060828300258844
122 0.3127696289905091
123 0.321397756686799
124 0.32786885245901637
125 0.3356341673856773
126 0.339732528041415
127 0.3505176876617774
128 0.3604400345125108
129 0.37057808455565144
130 0.3781276962899051
131 0.38610871440897326
132 0.3912855910267472
133 0.39926660914581535
134 0.40185504745470235
135 0.40660051768766176
136 0.41048317515099225
137 0.41954270923209663
138 0.4314063848144953
139 0.4372303710094909
140 0.4452113891285591
141 0.45340811044003454
142 0.4605263157894737
143 0.47174288179465057
144 0.4743313201035375
145 0.48252804141501293
146 0.49029335634167387
147 0.4900776531492666
148 0.4943917169974116
149 0.4984900776531493
150 0.5049611734253667
151 0.5131578947368421
152 0.5215703192407247
153 0.5295513373597929
154 0.5330025884383088
155 0.5345125107851596
156 0.5416307161345988
157 0.5491803278688525
158 0.5558671268334772
159 0.5565142364106989
160 0.5608283002588438
161 0.5625539257981018
162 0.5653580672993961
163 0.5690250215703192
164 0.5754961173425367
165 0.586281276962899
166 0.5903796376186368
167 0.5929680759275238
168 0.5938308886971527
169 0.6005176876617774
170 0.6031061259706644
171 0.6076358930112166
172 0.6082830025884383
173 0.6078515962036238
174 0.6162640207075065
175 0.619283865401208
176 0.6201466781708369
177 0.6203623813632442
178 0.619283865401208
179 0.6244607420189818
180 0.6281276962899051
181 0.6296376186367558
182 0.6326574633304572
183 0.6382657463330458
184 0.6436583261432269
185 0.6488352027610008
186 0.649913718723037
187 0.6520707506471096
188 0.6537963761863675
189 0.6574633304572908
190 0.6652286453839517
191 0.6647972389991372
192 0.6714840379637619
193 0.6691113028472822
194 0.6719154443485763
195 0.6678170836928387
196 0.6684641932700603
197 0.6775237273511648
198 0.6788179465056083
199 0.6827006039689387
200 0.685504745470233
201 0.6900345125107852
202 0.6902502157031924
203 0.6852890422778257
204 0.6842105263157895
205 0.6850733390854185
206 0.6934857635893011
207 0.6893874029335634
208 0.6947799827437446
209 0.6973684210526315
210 0.6954270923209663
211 0.6980155306298533
212 0.7006039689387403
213 0.7079378774805867
214 0.7109577221742882
215 0.7148403796376186
216 0.7144089732528042
217 0.7182916307161346
218 0.7198015530629853
219 0.7249784296807593
220 0.7295081967213115
221 0.7374892148403797
222 0.7292924935289042
223 0.723037100949094
224 0.7262726488352028
225 0.7344693701466781
226 0.7310181190681622
227 0.7320966350301984
228 0.7303710094909405
229 0.728213977566868
230 0.7340379637618637
231 0.7325280414150129
232 0.7394305435720449
233 0.7377049180327869
234 0.7331751509922347
235 0.7333908541846419
236 0.7303710094909405
237 0.734253666954271
238 0.7402933563416738
239 0.7426660914581535
240 0.7409404659188956
241 0.7398619499568594
242 0.74137187230371
243 0.7489214840379638
244 0.7422346850733391
245 0.7400776531492667
246 0.7446074201898188
247 0.7452545297670405
248 0.7489214840379638
249 0.7463330457290768
250 0.7484900776531492
251 0.7543140638481449
252 0.7571182053494392
253 0.7605694564279551
254 0.7653149266609146
255 0.7622950819672131
256 0.75862812769629
257 0.7562553925798102
258 0.7594909404659189
259 0.7627264883520276
260 0.7707075064710958
261 0.7698446937014668
262 0.7663934426229508
263 0.7685504745470233
264 0.7625107851596203
265 0.7696289905090595
266 0.7653149266609146
267 0.7644521138912856
268 0.7642364106988784
269 0.7590595340811044
270 0.7668248490077653
271 0.7638050043140638
272 0.7661777394305436
273 0.765746333045729
274 0.7720017256255393
275 0.774374460742019
276 0.7700603968938741
277 0.7722174288179465
278 0.7689818809318378
279 0.7659620362381363
280 0.7722174288179465
281 0.7644521138912856
282 0.7601380500431406
283 0.7612165660051768
284 0.7629421915444349
285 0.7558239861949957
286 0.75862812769629
287 0.7614322691975841
288 0.7620793787748059
289 0.7627264883520276
290 0.7622950819672131
291 0.7694132873166523
292 0.7698446937014668
293 0.7666091458153581
294 0.7689818809318378
295 0.7681190681622088
296 0.7737273511647972
297 0.7720017256255393
298 0.7745901639344263
299 0.7741587575496117
300 0.7748058671268335
301 0.7765314926660914
302 0.7812769628990509
303 0.7873166522864539
304 0.7812769628990509
305 0.777825711820535
306 0.7773943054357204
307 0.780414150129422
308 0.7821397756686799
309 0.7853753235547886
310 0.7810612597066436
311 0.7793356341673857
312 0.7771786022433133
313 0.7814926660914582
314 0.7806298533218292
315 0.7832182916307161
316 0.7814926660914582
317 0.7875323554788611
318 0.7838654012079379
319 0.7765314926660914
320 0.7758843830888698
321 0.7793356341673857
322 0.7754529767040552
323 0.7896893874029336
324 0.7795513373597929
325 0.7855910267471958
326 0.7817083692838654
327 0.7806298533218292
328 0.7814926660914582
329 0.7765314926660914
330 0.7799827437446074
331 0.7819240724762726
332 0.7791199309749784
333 0.7724331320103538
334 0.7722174288179465
335 0.772648835202761
336 0.769197584124245
337 0.7681190681622088
338 0.7681190681622088
339 0.7681190681622088
340 0.769197584124245
341 0.7687661777394306
342 0.7748058671268335
343 0.7730802415875755
344 0.775237273511648
345 0.7761000862812769
346 0.7799827437446074
347 0.7786885245901639
348 0.777825711820535
349 0.7821397756686799
350 0.7825711820534944
351 0.7812769628990509
352 0.7767471958584987
353 0.7836496980155306
354 0.7825711820534944
355 0.7862381363244176
356 0.7819240724762726
357 0.7827868852459017
358 0.7732959447799828
359 0.7750215703192407
360 0.7864538395168249
361 0.7823554788610871
362 0.7801984469370147
363 0.7838654012079379
364 0.7832182916307161
365 0.7795513373597929
366 0.7758843830888698
367 0.7713546160483176
368 0.7728645383951682
369 0.7739430543572045
370 0.769197584124245
371 0.7655306298533219
372 0.7707075064710958
373 0.772648835202761
374 0.7758843830888698
375 0.7806298533218292
376 0.7784728213977566
377 0.7782571182053495
378 0.7819240724762726
379 0.7799827437446074
380 0.7825711820534944
381 0.7799827437446074
382 0.7858067299396031
383 0.780414150129422
384 0.7866695427092321
385 0.7776100086281277
386 0.7814926660914582
387 0.7767471958584987
388 0.7786885245901639
389 0.7801984469370147
390 0.7853753235547886
391 0.7834339948231234
392 0.7782571182053495
393 0.7823554788610871
394 0.7795513373597929
395 0.7838654012079379
396 0.7868852459016393
397 0.7834339948231234
398 0.7879637618636756
399 0.7858067299396031
400 0.780414150129422
401 0.7741587575496117
402 0.7782571182053495
403 0.7750215703192407
404 0.7780414150129422
405 0.7827868852459017
406 0.7732959447799828
407 0.7711389128559103
408 0.775237273511648
409 0.7821397756686799
410 0.7773943054357204
411 0.7806298533218292
412 0.7784728213977566
413 0.7810612597066436
414 0.7825711820534944
415 0.7821397756686799
416 0.7819240724762726
417 0.777825711820535
418 0.7806298533218292
419 0.7821397756686799
420 0.7810612597066436
421 0.7810612597066436
422 0.7873166522864539
423 0.7858067299396031
424 0.7808455565142364
425 0.7776100086281277
426 0.7711389128559103
427 0.7713546160483176
428 0.7765314926660914
429 0.7793356341673857
430 0.7793356341673857
431 0.7801984469370147
432 0.7849439171699741
433 0.7840811044003452
434 0.7858067299396031
435 0.7871009490940466
436 0.7903364969801553
437 0.7862381363244176
438 0.7840811044003452
439 0.7838654012079379
440 0.7860224331320104
441 0.7883951682484901
442 0.7860224331320104
443 0.7875323554788611
444 0.7881794650560828
445 0.7849439171699741
446 0.7888265746333045
447 0.7907679033649698
448 0.7957290767903364
449 0.7948662640207075
450 0.7981018119068162
451 0.8034943917169974
452 0.8047886108714409
453 0.7996117342536669
454 0.7970232959447799
455 0.7937877480586712
456 0.795297670405522
457 0.7950819672131147
458 0.792709232096635
459 0.7955133735979293
460 0.7905522001725626
461 0.7883951682484901
462 0.792709232096635
463 0.7955133735979293
464 0.7959447799827437
465 0.7948662640207075
466 0.7940034512510785
467 0.7918464193270061
468 0.794434857635893
469 0.7957290767903364
470 0.7942191544434858
471 0.7916307161345988
472 0.7911993097497843
473 0.7866695427092321
474 0.7881794650560828
475 0.7864538395168249
476 0.7847282139775669
477 0.7808455565142364
478 0.7782571182053495
479 0.7797670405522001
480 0.7853753235547886
481 0.7862381363244176
482 0.7858067299396031
483 0.7847282139775669
484 0.7817083692838654
485 0.7808455565142364
486 0.7799827437446074
487 0.7853753235547886
488 0.7873166522864539
489 0.7914150129421915
490 0.7903364969801553
491 0.7873166522864539
492 0.7896893874029336
493 0.790120793787748
494 0.7909836065573771
495 0.7840811044003452
496 0.7911993097497843
497 0.7933563416738568
498 0.8034943917169974
499 0.8024158757549612
500 0.801337359792925
501 0.8026315789473685
502 0.7993960310612597
503 0.8022001725625539
504 0.7911993097497843
505 0.7950819672131147
506 0.7907679033649698
507 0.7920621225194133
508 0.7918464193270061
509 0.7918464193270061
510 0.7931406384814496
511 0.7991803278688525
512 0.7957290767903364
513 0.7946505608283002
514 0.7955133735979293
515 0.7948662640207075
516 0.7976704055220017
517 0.795297670405522
518 0.7855910267471958
519 0.7946505608283002
520 0.8006902502157032
521 0.8000431406384815
522 0.8004745470232959
523 0.7909836065573771
524 0.7909836065573771
525 0.790120793787748
526 0.7924935289042278
527 0.7922778257118205
528 0.7914150129421915
529 0.7959447799827437
530 0.7914150129421915
531 0.7968075927523728
532 0.795297670405522
533 0.7860224331320104
534 0.7899050905953409
535 0.7877480586712683
536 0.7909836065573771
537 0.7834339948231234
538 0.7851596203623814
539 0.7899050905953409
540 0.790120793787748
541 0.7858067299396031
542 0.7868852459016393
543 0.7780414150129422
544 0.7765314926660914
545 0.7821397756686799
546 0.7860224331320104
547 0.7795513373597929
548 0.7808455565142364
549 0.7821397756686799
550 0.7782571182053495
551 0.7808455565142364
552 0.7812769628990509
553 0.7814926660914582
554 0.7795513373597929
555 0.7754529767040552
556 0.7821397756686799
557 0.7834339948231234
558 0.7799827437446074
559 0.7814926660914582
560 0.7834339948231234
561 0.7864538395168249
562 0.7860224331320104
563 0.7801984469370147
564 0.7827868852459017
565 0.7812769628990509
566 0.7862381363244176
567 0.7849439171699741
568 0.7825711820534944
569 0.7881794650560828
570 0.7830025884383088
571 0.7834339948231234
572 0.7771786022433133
573 0.7817083692838654
574 0.7842968075927523
575 0.7866695427092321
576 0.7866695427092321
577 0.7866695427092321
578 0.7894736842105263
579 0.7864538395168249
580 0.7814926660914582
581 0.7890422778257118
582 0.7840811044003452
583 0.7761000862812769
584 0.774374460742019
585 0.7704918032786885
586 0.780414150129422
587 0.7842968075927523
588 0.7877480586712683
589 0.7864538395168249
590 0.7871009490940466
591 0.7918464193270061
592 0.7970232959447799
593 0.7957290767903364
594 0.7894736842105263
595 0.7851596203623814
596 0.7875323554788611
597 0.7871009490940466
598 0.7849439171699741
599 0.7817083692838654
600 0.7797670405522001
601 0.7786885245901639
602 0.7808455565142364
603 0.7789042277825712
604 0.776962899050906
605 0.7797670405522001
606 0.7797670405522001
607 0.7767471958584987
608 0.7797670405522001
609 0.7834339948231234
610 0.7849439171699741
611 0.7855910267471958
612 0.790120793787748
613 0.7862381363244176
614 0.7838654012079379
615 0.7830025884383088
616 0.7763157894736842
617 0.7704918032786885
618 0.7771786022433133
619 0.7765314926660914
620 0.7812769628990509
621 0.7776100086281277
622 0.7784728213977566
623 0.7812769628990509
624 0.7773943054357204
625 0.7814926660914582
626 0.7801984469370147
627 0.7853753235547886
628 0.7877480586712683
629 0.7896893874029336
630 0.7903364969801553
631 0.7879637618636756
632 0.7881794650560828
633 0.7849439171699741
634 0.7806298533218292
635 0.7817083692838654
636 0.7754529767040552
637 0.7782571182053495
638 0.7799827437446074
639 0.7830025884383088
640 0.7827868852459017
641 0.7827868852459017
642 0.7821397756686799
643 0.780414150129422
644 0.7806298533218292
645 0.7812769628990509
646 0.7780414150129422
647 0.7795513373597929
648 0.7817083692838654
649 0.7782571182053495
650 0.7808455565142364
651 0.775237273511648
652 0.7776100086281277
653 0.7793356341673857
654 0.7784728213977566
655 0.776962899050906
656 0.7745901639344263
657 0.7808455565142364
658 0.7855910267471958
659 0.7767471958584987
660 0.7730802415875755
661 0.7789042277825712
662 0.7840811044003452
663 0.7849439171699741
664 0.7834339948231234
665 0.7858067299396031
666 0.7899050905953409
667 0.7890422778257118
668 0.7896893874029336
669 0.7918464193270061
670 0.7896893874029336
671 0.795297670405522
672 0.7976704055220017
673 0.7974547023295945
674 0.8002588438308887
675 0.7916307161345988
676 0.798748921484038
677 0.8060828300258844
678 0.8054357204486626
679 0.8086712683347713
680 0.8082398619499569
681 0.8052200172562554
682 0.7981018119068162
683 0.8006902502157032
684 0.7976704055220017
685 0.801337359792925
686 0.8004745470232959
687 0.8009059534081104
688 0.7989646246764452
689 0.8026315789473685
690 0.8028472821397756
691 0.8071613459879207
692 0.8011216566005177
693 0.8039257981018119
694 0.798748921484038
695 0.7993960310612597
696 0.7916307161345988
697 0.7890422778257118
698 0.7909836065573771
699 0.7981018119068162
700 0.7981018119068162
