1 0.0006471095772217428
2 0.0008628127696289905
3 0.0010785159620362382
4 0.0021570319240724763
5 0.002372735116479724
6 0.0028041415012942193
7 0.0030198446937014668
8 0.0045297670405522
9 0.005176876617773943
10 0.0060396893874029335
11 0.006255392579810181
12 0.006902502157031924
13 0.007549611734253667
14 0.008628127696289905
15 0.00992234685073339
16 0.011216566005176877
17 0.012510785159620362
18 0.014236410698878344
19 0.01639344262295082
20 0.01725625539257981
21 0.017903364969801553
22 0.019197584124245038
23 0.02113891285591027
24 0.02286453839516825
25 0.023080241587575497
26 0.026962899050905955
27 0.028904227782571183
28 0.030629853321829163
29 0.032571182053494394
30 0.034943917169974116
31 0.037748058671268334
32 0.038395168248490076
33 0.04163071613459879
34 0.04163071613459879
35 0.044219154443485766
36 0.0457290767903365
37 0.04918032786885246
38 0.04918032786885246
39 0.05306298533218291
40 0.05457290767903365
41 0.05823986194995686
42 0.05974978429680759
43 0.06233822260569456
44 0.0642795513373598
45 0.07031924072476273
46 0.07463330457290768
47 0.07679033649698015
48 0.07916307161345988
49 0.08067299396031061
50 0.08369283865401209
51 0.08800690250215704
52 0.09167385677308024
53 0.0951251078515962
54 0.09685073339085419
55 0.0992234685073339
56 0.10591026747195859
57 0.10742018981880933
58 0.10936151855047455
59 0.1128127696289905
60 0.1186367558239862
61 0.12122519413287317
62 0.12985332182916307
63 0.13308886971527178
64 0.13654012079378774
65 0.14322691975841242
66 0.14408973252804141
67 0.15163934426229508
68 0.15918895599654875
69 0.16609145815358067
70 0.1721311475409836
71 0.17773943054357205
72 0.18766177739430542
73 0.1952113891285591
74 0.20125107851596202
75 0.2133304572907679
76 0.21893874029335633
77 0.22540983606557377
78 0.2336065573770492
79 0.2422346850733391
80 0.2463330457290768
81 0.24892148403796377
82 0.25064710957722175
83 0.2553925798101812
84 0.25927523727351165
85 0.26617773943054357
86 0.27523727351164795
87 0.2786885245901639
88 0.28515962036238135
89 0.2914150129421915
90 0.2940034512510785
91 0.29918032786885246
92 0.3080241587575496
93 0.3142795513373598
94 0.3203192407247627
95 0.3261432269197584
96 0.32808455565142364
97 0.3358498705780846
98 0.3446937014667817
99 0.3531061259706644
100 0.35936151855047455
101 0.3600086281276963
102 0.36755823986194996
103 0.3731665228645384
104 0.37942191544434856
105 0.3895599654874892
106 0.39495254529767043
107 0.40509059534081104
108 0.40962036238136323
109 0.412855910267472
110 0.4188955996548749
111 0.4229939603106126
112 0.4257981018119068
113 0.4344262295081967
114 0.43679896462467643
115 0.4383088869715272
116 0.44499568593615185
117 0.4527610008628128
118 0.4611734253666954
119 0.4700172562553926
120 0.4743313201035375
121 0.47540983606557374
122 0.4818809318377912
123 0.4829594477998274
124 0.4881363244176014
125 0.49633304572907677
126 0.49935289042277825
127 0.5006471095772217
128 0.5071182053494392
129 0.515746333045729
130 0.5194132873166523
131 0.5241587575496117
132 0.5291199309749784
133 0.5297670405522001
134 0.5386108714408974
135 0.548748921484038
136 0.5481018119068162
137 0.5565142364106989
138 0.567083692838654
139 0.5780845556514237
140 0.5787316652286454
141 0.5795944779982743
142 0.5856341673856773
143 0.5856341673856773
144 0.5834771354616048
145 0.5871440897325281
146 0.5903796376186368
147 0.5972821397756687
148 0.6003019844693701
149 0.596635030198447
150 0.5998705780845557
151 0.6009490940465919
152 0.6052631578947368
153 0.6104400345125108
154 0.612381363244176
155 0.6173425366695428
156 0.6246764452113891
157 0.6313632441760139
158 0.630716134598792
159 0.630716134598792
160 0.6395599654874892
161 0.6410698878343399
162 0.6408541846419327
163 0.6462467644521139
164 0.6522864538395168
165 0.65595340811044
166 0.653364969801553
167 0.6591889559965487
168 0.6598360655737705
169 0.6684641932700603
170 0.6729939603106126
171 0.6790336496980155
172 0.676876617773943
173 0.6740724762726489
174 0.6786022433132011
175 0.6857204486626403
176 0.6943485763589301
177 0.6999568593615185
178 0.6932700603968939
179 0.6908973252804141
180 0.6893874029335634
181 0.6962899050905953
182 0.7001725625539258
183 0.705565142364107
184 0.7062122519413288
185 0.703839516824849
186 0.704702329594478
187 0.7116048317515099
188 0.7180759275237274
189 0.7213114754098361
190 0.7236842105263158
191 0.7206643658326143
192 0.7262726488352028
193 0.7254098360655737
194 0.7269197584124245
195 0.7267040552200172
196 0.7269197584124245
197 0.7228213977566867
198 0.727351164797239
199 0.725625539257981
200 0.7301553062985332
201 0.7277825711820535
202 0.7318809318377912
203 0.7295081967213115
204 0.7301553062985332
205 0.7385677308024159
206 0.7344693701466781
207 0.7394305435720449
208 0.74137187230371
209 0.7433132010353753
210 0.7487057808455565
211 0.751725625539258
212 0.7553925798101812
213 0.7605694564279551
214 0.7614322691975841
215 0.7638050043140638
216 0.7644521138912856
217 0.7648835202761001
218 0.7607851596203624
219 0.7603537532355479
220 0.7622950819672131
221 0.7642364106988784
222 0.7547454702329595
223 0.753451251078516
224 0.753451251078516
225 0.750862812769629
226 0.7556082830025884
227 0.7562553925798102
228 0.7640207075064711
229 0.7633735979292493
230 0.7594909404659189
231 0.7653149266609146
232 0.7612165660051768
233 0.7648835202761001
234 0.7616479723899914
235 0.7659620362381363
236 0.7687661777394306
237 0.7666091458153581
238 0.7666091458153581
239 0.7681190681622088
240 0.7720017256255393
241 0.7681190681622088
242 0.7704918032786885
243 0.7763157894736842
244 0.7739430543572045
245 0.7715703192407247
246 0.775237273511648
247 0.7732959447799828
248 0.7776100086281277
249 0.7696289905090595
250 0.7750215703192407
251 0.7730802415875755
252 0.7784728213977566
253 0.7776100086281277
254 0.776962899050906
255 0.7750215703192407
256 0.7739430543572045
257 0.7761000862812769
258 0.7765314926660914
259 0.7761000862812769
260 0.7763157894736842
261 0.7763157894736842
262 0.7830025884383088
263 0.7728645383951682
264 0.7756686798964625
265 0.7780414150129422
266 0.7763157894736842
267 0.7773943054357204
268 0.7689818809318378
269 0.7724331320103538
270 0.7745901639344263
271 0.7758843830888698
272 0.7713546160483176
273 0.7737273511647972
274 0.7687661777394306
275 0.7646678170836928
276 0.7612165660051768
277 0.7687661777394306
278 0.77351164797239
279 0.775237273511648
280 0.7763157894736842
281 0.7741587575496117
282 0.7797670405522001
283 0.7780414150129422
284 0.7732959447799828
285 0.7797670405522001
286 0.7819240724762726
287 0.7858067299396031
288 0.7834339948231234
289 0.7808455565142364
290 0.7840811044003452
291 0.7853753235547886
292 0.7840811044003452
293 0.7832182916307161
294 0.7730802415875755
295 0.7782571182053495
296 0.7782571182053495
297 0.7808455565142364
298 0.7834339948231234
299 0.7806298533218292
300 0.7851596203623814
301 0.7825711820534944
302 0.7849439171699741
303 0.7881794650560828
304 0.7873166522864539
305 0.7810612597066436
306 0.7771786022433133
307 0.780414150129422
308 0.7789042277825712
309 0.777825711820535
310 0.7784728213977566
311 0.7797670405522001
312 0.775237273511648
313 0.777825711820535
314 0.77351164797239
315 0.7780414150129422
316 0.7737273511647972
317 0.7754529767040552
318 0.7834339948231234
319 0.7827868852459017
320 0.7823554788610871
321 0.7892579810181191
322 0.7771786022433133
323 0.7780414150129422
324 0.7799827437446074
325 0.7806298533218292
326 0.7782571182053495
327 0.7838654012079379
328 0.7791199309749784
329 0.7814926660914582
330 0.7767471958584987
331 0.775237273511648
332 0.7776100086281277
333 0.7782571182053495
334 0.7836496980155306
335 0.7842968075927523
336 0.7810612597066436
337 0.7883951682484901
338 0.7827868852459017
339 0.7845125107851596
340 0.7836496980155306
341 0.7773943054357204
342 0.7789042277825712
343 0.7799827437446074
344 0.7737273511647972
345 0.77351164797239
346 0.7676876617773943
347 0.7745901639344263
348 0.7698446937014668
349 0.7767471958584987
350 0.7810612597066436
351 0.7789042277825712
352 0.7821397756686799
353 0.7814926660914582
354 0.7780414150129422
355 0.7849439171699741
356 0.7825711820534944
357 0.7806298533218292
358 0.7845125107851596
359 0.7864538395168249
360 0.7832182916307161
361 0.7789042277825712
362 0.7776100086281277
363 0.7771786022433133
364 0.7739430543572045
365 0.7758843830888698
366 0.7786885245901639
367 0.7799827437446074
368 0.7765314926660914
369 0.7806298533218292
370 0.780414150129422
371 0.7881794650560828
372 0.7823554788610871
373 0.7812769628990509
374 0.7791199309749784
375 0.7847282139775669
376 0.7892579810181191
377 0.7888265746333045
378 0.7821397756686799
379 0.7832182916307161
380 0.7782571182053495
381 0.7840811044003452
382 0.7896893874029336
383 0.7836496980155306
384 0.7834339948231234
385 0.790120793787748
386 0.7933563416738568
387 0.7886108714408974
388 0.7968075927523728
389 0.7903364969801553
390 0.7827868852459017
391 0.7771786022433133
392 0.7840811044003452
393 0.7834339948231234
394 0.7849439171699741
395 0.7821397756686799
396 0.7879637618636756
397 0.790120793787748
398 0.7847282139775669
399 0.7851596203623814
400 0.7868852459016393
401 0.7929249352890423
402 0.7851596203623814
403 0.7868852459016393
404 0.7862381363244176
405 0.7888265746333045
406 0.7866695427092321
407 0.7903364969801553
408 0.7877480586712683
409 0.7924935289042278
410 0.7896893874029336
411 0.7866695427092321
412 0.7842968075927523
413 0.7883951682484901
414 0.7868852459016393
415 0.7836496980155306
416 0.7821397756686799
417 0.7830025884383088
418 0.7823554788610871
419 0.7797670405522001
420 0.7849439171699741
421 0.7830025884383088
422 0.7845125107851596
423 0.7858067299396031
424 0.7847282139775669
425 0.7873166522864539
426 0.792709232096635
427 0.7970232959447799
428 0.7963761863675582
429 0.7907679033649698
430 0.7845125107851596
431 0.7860224331320104
432 0.7879637618636756
433 0.7875323554788611
434 0.7871009490940466
435 0.7875323554788611
436 0.7810612597066436
437 0.7855910267471958
438 0.7888265746333045
439 0.7883951682484901
440 0.7907679033649698
441 0.7899050905953409
442 0.7914150129421915
443 0.7825711820534944
444 0.7830025884383088
445 0.777825711820535
446 0.7732959447799828
447 0.7879637618636756
448 0.7834339948231234
449 0.7847282139775669
450 0.7868852459016393
451 0.7832182916307161
452 0.7868852459016393
453 0.7812769628990509
454 0.7795513373597929
455 0.7745901639344263
456 0.7704918032786885
457 0.7722174288179465
458 0.7732959447799828
459 0.7773943054357204
460 0.7737273511647972
461 0.7758843830888698
462 0.7756686798964625
463 0.7767471958584987
464 0.7808455565142364
465 0.7868852459016393
466 0.7812769628990509
467 0.7797670405522001
468 0.7814926660914582
469 0.7810612597066436
470 0.7806298533218292
471 0.7814926660914582
472 0.7864538395168249
473 0.7784728213977566
474 0.7773943054357204
475 0.7748058671268335
476 0.7793356341673857
477 0.7780414150129422
478 0.7784728213977566
479 0.7780414150129422
480 0.776962899050906
481 0.7776100086281277
482 0.7756686798964625
483 0.7819240724762726
484 0.7795513373597929
485 0.7801984469370147
486 0.7821397756686799
487 0.7892579810181191
488 0.7853753235547886
489 0.7832182916307161
490 0.7838654012079379
491 0.792709232096635
492 0.7860224331320104
493 0.7875323554788611
494 0.7890422778257118
495 0.7817083692838654
496 0.7823554788610871
497 0.780414150129422
498 0.7812769628990509
499 0.7791199309749784
500 0.7810612597066436
501 0.7791199309749784
502 0.7849439171699741
503 0.7866695427092321
504 0.7840811044003452
505 0.7812769628990509
506 0.7782571182053495
507 0.7758843830888698
508 0.7754529767040552
509 0.7711389128559103
510 0.7737273511647972
511 0.7776100086281277
512 0.7776100086281277
513 0.7795513373597929
514 0.7801984469370147
515 0.7808455565142364
516 0.7868852459016393
517 0.7873166522864539
518 0.7842968075927523
519 0.7827868852459017
520 0.7860224331320104
521 0.7817083692838654
522 0.7827868852459017
523 0.7899050905953409
524 0.793572044866264
525 0.7959447799827437
526 0.7970232959447799
527 0.7937877480586712
528 0.7972389991371872
529 0.7948662640207075
530 0.795297670405522
531 0.7940034512510785
532 0.795297670405522
533 0.792709232096635
534 0.7873166522864539
535 0.7868852459016393
536 0.7888265746333045
537 0.7879637618636756
538 0.7862381363244176
539 0.7905522001725626
540 0.7916307161345988
541 0.7892579810181191
542 0.7849439171699741
543 0.7858067299396031
544 0.7842968075927523
545 0.7812769628990509
546 0.7862381363244176
547 0.7782571182053495
548 0.7754529767040552
549 0.7795513373597929
550 0.775237273511648
551 0.7791199309749784
552 0.7808455565142364
553 0.7808455565142364
554 0.7907679033649698
555 0.7894736842105263
556 0.7823554788610871
557 0.7875323554788611
558 0.7864538395168249
559 0.7836496980155306
560 0.7879637618636756
561 0.7866695427092321
562 0.7892579810181191
563 0.7871009490940466
564 0.7899050905953409
565 0.790120793787748
566 0.7911993097497843
567 0.794434857635893
568 0.7883951682484901
569 0.7890422778257118
570 0.7875323554788611
571 0.7881794650560828
572 0.7916307161345988
573 0.7873166522864539
574 0.7827868852459017
575 0.7886108714408974
576 0.7905522001725626
577 0.7888265746333045
578 0.7877480586712683
579 0.7823554788610871
580 0.7845125107851596
581 0.7834339948231234
582 0.7933563416738568
583 0.7875323554788611
584 0.7871009490940466
585 0.7894736842105263
586 0.7864538395168249
587 0.7849439171699741
588 0.7940034512510785
589 0.7974547023295945
590 0.795297670405522
591 0.7972389991371872
592 0.7955133735979293
593 0.7916307161345988
594 0.7918464193270061
595 0.7879637618636756
596 0.7836496980155306
597 0.7830025884383088
598 0.7858067299396031
599 0.7871009490940466
600 0.7894736842105263
601 0.7883951682484901
602 0.7873166522864539
603 0.7909836065573771
604 0.7989646246764452
605 0.796160483175151
606 0.7909836065573771
607 0.794434857635893
608 0.7892579810181191
609 0.7873166522864539
610 0.790120793787748
611 0.790120793787748
612 0.7883951682484901
613 0.7840811044003452
614 0.7862381363244176
615 0.7836496980155306
616 0.7823554788610871
617 0.7823554788610871
618 0.7832182916307161
619 0.7847282139775669
620 0.7808455565142364
621 0.7819240724762726
622 0.7819240724762726
623 0.7773943054357204
624 0.7773943054357204
625 0.7812769628990509
626 0.7834339948231234
627 0.7860224331320104
628 0.7883951682484901
629 0.7871009490940466
630 0.7896893874029336
631 0.7914150129421915
632 0.7907679033649698
633 0.7920621225194133
634 0.7892579810181191
635 0.7946505608283002
636 0.7933563416738568
637 0.7955133735979293
638 0.7918464193270061
639 0.792709232096635
640 0.7981018119068162
641 0.8024158757549612
642 0.7963761863675582
643 0.7909836065573771
644 0.7929249352890423
645 0.790120793787748
646 0.7918464193270061
647 0.7920621225194133
648 0.7879637618636756
649 0.7890422778257118
650 0.7795513373597929
651 0.7771786022433133
652 0.7830025884383088
653 0.7825711820534944
654 0.7789042277825712
655 0.7799827437446074
656 0.7817083692838654
657 0.7758843830888698
658 0.7855910267471958
659 0.7868852459016393
660 0.7849439171699741
661 0.7890422778257118
662 0.7879637618636756
663 0.7864538395168249
664 0.7907679033649698
665 0.7838654012079379
666 0.7819240724762726
667 0.7838654012079379
668 0.7849439171699741
669 0.7840811044003452
670 0.7849439171699741
671 0.790120793787748
672 0.7892579810181191
673 0.7871009490940466
674 0.7888265746333045
675 0.7972389991371872
676 0.7976704055220017
677 0.7993960310612597
678 0.7963761863675582
679 0.795297670405522
680 0.7896893874029336
681 0.7899050905953409
682 0.7855910267471958
683 0.7849439171699741
684 0.7879637618636756
685 0.7892579810181191
686 0.7896893874029336
687 0.7862381363244176
688 0.7933563416738568
689 0.7907679033649698
690 0.7881794650560828
691 0.7914150129421915
692 0.7894736842105263
693 0.790120793787748
694 0.7860224331320104
695 0.7899050905953409
696 0.7853753235547886
697 0.7922778257118205
698 0.7875323554788611
699 0.7830025884383088
700 0.7823554788610871
