1 0.00021570319240724764
2 0.0004314063848144953
3 0.0006471095772217428
4 0.0006471095772217428
5 0.0008628127696289905
6 0.0010785159620362382
7 0.0012942191544434857
8 0.001725625539257981
9 0.0015099223468507334
10 0.0015099223468507334
11 0.0015099223468507334
12 0.0015099223468507334
13 0.0019413287316652286
14 0.0025884383088869713
15 0.0028041415012942193
16 0.003451251078515962
17 0.003451251078515962
18 0.003882657463330457
19 0.004098360655737705
20 0.004745470232959448
21 0.004961173425366695
22 0.006255392579810181
23 0.007118205349439172
24 0.007765314926660914
25 0.007333908541846419
26 0.00819672131147541
27 0.007981018119068163
28 0.009706643658326143
29 0.010353753235547885
30 0.00992234685073339
31 0.009490940465918895
32 0.010569456427955135
33 0.01100086281276963
34 0.011647972389991372
35 0.01186367558239862
36 0.012295081967213115
37 0.012510785159620362
38 0.013589301121656601
39 0.013805004314063849
40 0.014236410698878344
41 0.015962036238136326
42 0.015314926660914581
43 0.01639344262295082
44 0.016824849007765316
45 0.018334771354616048
46 0.018766177739430543
47 0.018550474547023296
48 0.019628990509059533
49 0.020060396893874028
50 0.020276100086281276
51 0.02070750647109577
52 0.021570319240724764
53 0.02113891285591027
54 0.02070750647109577
55 0.022217428817946507
56 0.023943054357204487
57 0.02545297670405522
58 0.02545297670405522
59 0.026962899050905955
60 0.027825711820534945
61 0.027610008628127698
62 0.029335634167385678
63 0.029335634167385678
64 0.029767040552200173
65 0.030629853321829163
66 0.030198446937014668
67 0.030198446937014668
68 0.032571182053494394
69 0.03451251078515962
70 0.034943917169974116
71 0.03710094909404659
72 0.038610871440897324
73 0.040983606557377046
74 0.04400345125107852
75 0.04874892148403796
76 0.05241587575496117
77 0.05371009490940466
78 0.05586712683347714
79 0.05802415875754961
80 0.0593183779119931
81 0.06190681622088007
82 0.06298533218291631
83 0.0675150992234685
84 0.07441760138050044
85 0.07592752372735116
86 0.08024158757549611
87 0.08369283865401209
88 0.08886971527178603
89 0.0955565142364107
90 0.10030198446937015
91 0.10591026747195859
92 0.11065573770491803
93 0.1177739430543572
94 0.12381363244176014
95 0.12920621225194132
96 0.13308886971527178
97 0.13740293356341673
98 0.14063848144952545
99 0.14969801553062986
100 0.1535806729939603
101 0.157679033649698
102 0.16415012942191545
103 0.16911130284728215
104 0.17817083692838653
105 0.18421052631578946
106 0.19672131147540983
107 0.20448662640207074
108 0.21635030198446936
109 0.22627264883520276
110 0.2351164797238999
111 0.24201898188093185
112 0.25603968938740296
113 0.2702761000862813
114 0.27631578947368424
115 0.2875323554788611
116 0.2983175150992235
117 0.3088869715271786
118 0.31363244176013805
119 0.31945642795513374
120 0.3323986194995686
121 0.343183779119931
122 0.3487920621225194
123 0.35785159620362383
124 0.36475409836065575
125 0.3718723037100949
126 0.3796376186367558
127 0.3882657463330457
128 0.3962467644521139
129 0.4072476272648835
130 0.41501294219154444
131 0.4135030198446937
132 0.41911130284728215
133 0.42364106988783434
134 0.4301121656600518
135 0.43507333908541845
136 0.43960310612597064
137 0.44456427955133737
138 0.4501725625539258
139 0.45534943917169973
140 0.4674288179465056
141 0.46505608283002586
142 0.46786022433132013
143 0.4702329594477998
144 0.47346850733390855
145 0.4758412424503883
146 0.48360655737704916
147 0.48662640207075064
148 0.48770491803278687
149 0.4971958584987058
150 0.5019413287316652
151 0.5045297670405522
152 0.5114322691975841
153 0.5198446937014668
154 0.52351164797239
155 0.525237273511648
156 0.5327868852459017
157 0.5351596203623814
158 0.5420621225194133
159 0.5470232959447799
160 0.5496117342536669
161 0.548748921484038
162 0.5506902502157032
163 0.5595340811044004
164 0.5629853321829164
165 0.5701035375323554
166 0.5761432269197584
167 0.5765746333045729
168 0.5770060396893874
169 0.5871440897325281
170 0.5977135461604832
171 0.5970664365832614
172 0.5951251078515962
173 0.6011647972389992
174 0.6061259706643658
175 0.6104400345125108
176 0.6089301121656601
177 0.6138912855910268
178 0.6203623813632442
179 0.6240293356341674
180 0.6238136324417601
181 0.6322260569456428
182 0.6302847282139775
183 0.6354616048317515
184 0.6371872303710094
185 0.6395599654874892
186 0.6399913718723037
187 0.6438740293356342
188 0.6516393442622951
189 0.6561691113028473
190 0.6591889559965487
191 0.6613459879206213
192 0.6650129421915444
193 0.6678170836928387
194 0.6663071613459879
195 0.6660914581535806
196 0.6686798964624676
197 0.6723468507333908
198 0.6801121656600517
199 0.6801121656600517
200 0.6798964624676446
201 0.6807592752372735
202 0.6822691975841243
203 0.6850733390854185
204 0.6833477135461605
205 0.6818377911993098
206 0.6859361518550474
207 0.6902502157031924
208 0.6988783433994823
209 0.7018981880931838
210 0.7018981880931838
211 0.6967213114754098
212 0.6984469370146679
213 0.7034081104400345
214 0.7057808455565142
215 0.7081535806729939
216 0.703839516824849
217 0.7049180327868853
218 0.7051337359792925
219 0.7083692838654012
220 0.7133304572907679
221 0.7172131147540983
222 0.7152717860224331
223 0.7208800690250216
224 0.723037100949094
225 0.7258412424503883
226 0.7228213977566867
227 0.7288610871440897
228 0.7314495254529767
229 0.7349007765314927
230 0.7389991371872304
231 0.7379206212251941
232 0.74137187230371
233 0.743960310612597
234 0.750862812769629
235 0.7469801553062986
236 0.747411561691113
237 0.7484900776531492
238 0.7469801553062986
239 0.7437446074201898
240 0.7463330457290768
241 0.7409404659188956
242 0.7446074201898188
243 0.749137187230371
244 0.7521570319240725
245 0.7556082830025884
246 0.7603537532355479
247 0.7622950819672131
248 0.7599223468507333
249 0.7588438308886971
250 0.7625107851596203
251 0.7640207075064711
252 0.7648835202761001
253 0.7635893011216566
254 0.7650992234685073
255 0.772648835202761
256 0.7748058671268335
257 0.7773943054357204
258 0.7806298533218292
259 0.7782571182053495
260 0.780414150129422
261 0.7765314926660914
262 0.7681190681622088
263 0.7650992234685073
264 0.7644521138912856
265 0.7694132873166523
266 0.7722174288179465
267 0.7741587575496117
268 0.7713546160483176
269 0.7700603968938741
270 0.7761000862812769
271 0.7737273511647972
272 0.7789042277825712
273 0.7832182916307161
274 0.7868852459016393
275 0.7877480586712683
276 0.7888265746333045
277 0.7875323554788611
278 0.7834339948231234
279 0.7754529767040552
280 0.7730802415875755
281 0.7694132873166523
282 0.7713546160483176
283 0.7685504745470233
284 0.7702761000862812
285 0.77351164797239
286 0.7756686798964625
287 0.7812769628990509
288 0.7834339948231234
289 0.7801984469370147
290 0.7853753235547886
291 0.7899050905953409
292 0.7838654012079379
293 0.7871009490940466
294 0.7899050905953409
295 0.7946505608283002
296 0.7929249352890423
297 0.7899050905953409
298 0.7903364969801553
299 0.792709232096635
300 0.7931406384814496
301 0.7851596203623814
302 0.7888265746333045
303 0.7793356341673857
304 0.771786022433132
305 0.7720017256255393
306 0.7655306298533219
307 0.769197584124245
308 0.7668248490077653
309 0.7730802415875755
310 0.7732959447799828
311 0.771786022433132
312 0.769197584124245
313 0.7720017256255393
314 0.7737273511647972
315 0.7720017256255393
316 0.776962899050906
317 0.7728645383951682
318 0.7795513373597929
319 0.7771786022433133
320 0.7780414150129422
321 0.7838654012079379
322 0.777825711820535
323 0.774374460742019
324 0.7773943054357204
325 0.7827868852459017
326 0.7791199309749784
327 0.7806298533218292
328 0.7812769628990509
329 0.7823554788610871
330 0.7767471958584987
331 0.7797670405522001
332 0.7806298533218292
333 0.7845125107851596
334 0.7911993097497843
335 0.7899050905953409
336 0.7905522001725626
337 0.7855910267471958
338 0.7899050905953409
339 0.7896893874029336
340 0.7920621225194133
341 0.7950819672131147
342 0.7976704055220017
343 0.8041415012942191
344 0.798748921484038
345 0.8006902502157032
346 0.7970232959447799
347 0.7914150129421915
348 0.7924935289042278
349 0.7950819672131147
350 0.8004745470232959
351 0.7905522001725626
352 0.7937877480586712
353 0.7989646246764452
354 0.7942191544434858
355 0.796160483175151
356 0.7974547023295945
357 0.7998274374460742
358 0.8004745470232959
359 0.7946505608283002
360 0.7933563416738568
361 0.7879637618636756
362 0.7877480586712683
363 0.7873166522864539
364 0.7879637618636756
365 0.7868852459016393
366 0.7823554788610871
367 0.7823554788610871
368 0.7853753235547886
369 0.7834339948231234
370 0.7838654012079379
371 0.7931406384814496
372 0.7899050905953409
373 0.7883951682484901
374 0.7810612597066436
375 0.7819240724762726
376 0.7875323554788611
377 0.7888265746333045
378 0.7918464193270061
379 0.7853753235547886
380 0.7808455565142364
381 0.7789042277825712
382 0.7840811044003452
383 0.7864538395168249
384 0.7851596203623814
385 0.7879637618636756
386 0.7871009490940466
387 0.7819240724762726
388 0.7832182916307161
389 0.7847282139775669
390 0.7858067299396031
391 0.7847282139775669
392 0.7849439171699741
393 0.7791199309749784
394 0.7782571182053495
395 0.7849439171699741
396 0.7799827437446074
397 0.7776100086281277
398 0.774374460742019
399 0.7776100086281277
400 0.772648835202761
401 0.7722174288179465
402 0.7797670405522001
403 0.7853753235547886
404 0.7834339948231234
405 0.790120793787748
406 0.7950819672131147
407 0.7918464193270061
408 0.7806298533218292
409 0.7855910267471958
410 0.7840811044003452
411 0.7834339948231234
412 0.7845125107851596
413 0.7888265746333045
414 0.7875323554788611
415 0.7851596203623814
416 0.7840811044003452
417 0.7877480586712683
418 0.7875323554788611
419 0.7858067299396031
420 0.7840811044003452
421 0.7845125107851596
422 0.7842968075927523
423 0.7834339948231234
424 0.7890422778257118
425 0.7799827437446074
426 0.7834339948231234
427 0.7847282139775669
428 0.7858067299396031
429 0.790120793787748
430 0.7853753235547886
431 0.7858067299396031
432 0.7834339948231234
433 0.7847282139775669
434 0.7877480586712683
435 0.7879637618636756
436 0.7817083692838654
437 0.7797670405522001
438 0.7793356341673857
439 0.7830025884383088
440 0.7905522001725626
441 0.7840811044003452
442 0.7920621225194133
443 0.7881794650560828
444 0.7881794650560828
445 0.7931406384814496
446 0.7933563416738568
447 0.7879637618636756
448 0.7860224331320104
449 0.7864538395168249
450 0.7864538395168249
451 0.7903364969801553
452 0.7890422778257118
453 0.7862381363244176
454 0.7817083692838654
455 0.7855910267471958
456 0.7810612597066436
457 0.7830025884383088
458 0.7862381363244176
459 0.7784728213977566
460 0.7832182916307161
461 0.7890422778257118
462 0.7853753235547886
463 0.7821397756686799
464 0.7819240724762726
465 0.7855910267471958
466 0.7825711820534944
467 0.780414150129422
468 0.780414150129422
469 0.7808455565142364
470 0.7765314926660914
471 0.780414150129422
472 0.7825711820534944
473 0.7840811044003452
474 0.7855910267471958
475 0.7823554788610871
476 0.7858067299396031
477 0.777825711820535
478 0.7773943054357204
479 0.7739430543572045
480 0.7750215703192407
481 0.7741587575496117
482 0.7784728213977566
483 0.7838654012079379
484 0.780414150129422
485 0.7814926660914582
486 0.7845125107851596
487 0.7879637618636756
488 0.7875323554788611
489 0.7836496980155306
490 0.7817083692838654
491 0.7722174288179465
492 0.7782571182053495
493 0.7847282139775669
494 0.7881794650560828
495 0.7817083692838654
496 0.7789042277825712
497 0.7840811044003452
498 0.7808455565142364
499 0.7795513373597929
500 0.7817083692838654
501 0.7860224331320104
502 0.7860224331320104
503 0.794434857635893
504 0.7940034512510785
505 0.7963761863675582
506 0.7970232959447799
507 0.7993960310612597
508 0.7998274374460742
509 0.7940034512510785
510 0.7892579810181191
511 0.7845125107851596
512 0.7817083692838654
513 0.7849439171699741
514 0.7825711820534944
515 0.7825711820534944
516 0.7890422778257118
517 0.794434857635893
518 0.8009059534081104
519 0.8032786885245902
520 0.7976704055220017
521 0.7991803278688525
522 0.7998274374460742
523 0.7963761863675582
524 0.7963761863675582
525 0.7942191544434858
526 0.7881794650560828
527 0.7881794650560828
528 0.7890422778257118
529 0.7849439171699741
530 0.776962899050906
531 0.7741587575496117
532 0.770923209663503
533 0.7739430543572045
534 0.7741587575496117
535 0.777825711820535
536 0.7722174288179465
537 0.7782571182053495
538 0.7789042277825712
539 0.7834339948231234
540 0.7883951682484901
541 0.7883951682484901
542 0.7883951682484901
543 0.7845125107851596
544 0.7799827437446074
545 0.7819240724762726
546 0.7840811044003452
547 0.7855910267471958
548 0.7780414150129422
549 0.7814926660914582
550 0.7810612597066436
551 0.7860224331320104
552 0.7892579810181191
553 0.7922778257118205
554 0.795297670405522
555 0.7924935289042278
556 0.7916307161345988
557 0.7974547023295945
558 0.7957290767903364
559 0.7896893874029336
560 0.7855910267471958
561 0.7855910267471958
562 0.7899050905953409
563 0.790120793787748
564 0.7875323554788611
565 0.7858067299396031
566 0.7858067299396031
567 0.7812769628990509
568 0.7817083692838654
569 0.7858067299396031
570 0.7890422778257118
571 0.7853753235547886
572 0.7795513373597929
573 0.7840811044003452
574 0.7864538395168249
575 0.7877480586712683
576 0.7888265746333045
577 0.7909836065573771
578 0.7942191544434858
579 0.7976704055220017
580 0.7972389991371872
581 0.792709232096635
582 0.7881794650560828
583 0.7832182916307161
584 0.7886108714408974
585 0.7916307161345988
586 0.7907679033649698
587 0.7879637618636756
588 0.7914150129421915
589 0.7911993097497843
590 0.7860224331320104
591 0.7860224331320104
592 0.7899050905953409
593 0.790120793787748
594 0.7909836065573771
595 0.7886108714408974
596 0.7853753235547886
597 0.7858067299396031
598 0.7862381363244176
599 0.7832182916307161
600 0.7873166522864539
601 0.7881794650560828
602 0.7896893874029336
603 0.7888265746333045
604 0.7877480586712683
605 0.7905522001725626
606 0.7903364969801553
607 0.7860224331320104
608 0.7868852459016393
609 0.7914150129421915
610 0.7836496980155306
611 0.7814926660914582
612 0.7823554788610871
613 0.7765314926660914
614 0.776962899050906
615 0.7750215703192407
616 0.77351164797239
617 0.7728645383951682
618 0.7756686798964625
619 0.7756686798964625
620 0.7767471958584987
621 0.7806298533218292
622 0.7810612597066436
623 0.7832182916307161
624 0.7765314926660914
625 0.770923209663503
626 0.7679033649698016
627 0.7681190681622088
628 0.7797670405522001
629 0.7821397756686799
630 0.7745901639344263
631 0.7732959447799828
632 0.7771786022433133
633 0.7786885245901639
634 0.7834339948231234
635 0.7780414150129422
636 0.7786885245901639
637 0.7793356341673857
638 0.7810612597066436
639 0.7793356341673857
640 0.7797670405522001
641 0.776962899050906
642 0.780414150129422
643 0.7801984469370147
644 0.7812769628990509
645 0.7858067299396031
646 0.7853753235547886
647 0.7851596203623814
648 0.7914150129421915
649 0.7911993097497843
650 0.7888265746333045
651 0.7883951682484901
652 0.7866695427092321
653 0.7791199309749784
654 0.7773943054357204
655 0.7797670405522001
656 0.7810612597066436
657 0.774374460742019
658 0.7689818809318378
659 0.7597066436583262
660 0.7629421915444349
661 0.7633735979292493
662 0.774374460742019
663 0.7756686798964625
664 0.7732959447799828
665 0.7750215703192407
666 0.7793356341673857
667 0.7806298533218292
668 0.7789042277825712
669 0.7858067299396031
670 0.7845125107851596
671 0.7806298533218292
672 0.7845125107851596
673 0.7784728213977566
674 0.7799827437446074
675 0.7830025884383088
676 0.7806298533218292
677 0.7806298533218292
678 0.7832182916307161
679 0.7806298533218292
680 0.7860224331320104
681 0.7909836065573771
682 0.7877480586712683
683 0.790120793787748
684 0.7840811044003452
685 0.7823554788610871
686 0.7847282139775669
687 0.7858067299396031
688 0.7847282139775669
689 0.7873166522864539
690 0.7860224331320104
691 0.7786885245901639
692 0.7838654012079379
693 0.7791199309749784
694 0.7767471958584987
695 0.7795513373597929
696 0.7825711820534944
697 0.790120793787748
698 0.7881794650560828
699 0.7883951682484901
700 0.7793356341673857
