1 0.0004314063848144953
2 0.0004314063848144953
3 0.0006471095772217428
4 0.0010785159620362382
5 0.0012942191544434857
6 0.001725625539257981
7 0.0019413287316652286
8 0.0019413287316652286
9 0.0021570319240724763
10 0.0019413287316652286
11 0.0019413287316652286
12 0.002372735116479724
13 0.0025884383088869713
14 0.0025884383088869713
15 0.0032355478861087143
16 0.0036669542709232097
17 0.0036669542709232097
18 0.005392579810181191
19 0.0056082830025884385
20 0.005823986194995686
21 0.006686798964624676
22 0.007118205349439172
23 0.007765314926660914
24 0.007549611734253667
25 0.007765314926660914
26 0.007981018119068163
27 0.009490940465918895
28 0.010785159620362382
29 0.010785159620362382
30 0.01186367558239862
31 0.012510785159620362
32 0.013157894736842105
33 0.014667817083692839
34 0.015099223468507334
35 0.016177739430543573
36 0.015962036238136326
37 0.017903364969801553
38 0.018550474547023296
39 0.01898188093183779
40 0.018766177739430543
41 0.019628990509059533
42 0.02113891285591027
43 0.02286453839516825
44 0.023943054357204487
45 0.02610008628127696
46 0.028472821397756688
47 0.03084555651423641
48 0.03451251078515962
49 0.037532355478861086
50 0.03817946505608283
51 0.03990509059534081
52 0.041199309749784294
53 0.04206212251941329
54 0.04659188955996549
55 0.04723899913718723
56 0.049396031061259706
57 0.05176876617773943
58 0.05392579810181191
59 0.05651423641069888
60 0.05974978429680759
61 0.06169111302847282
62 0.06406384814495254
63 0.0675150992234685
64 0.07312338222605695
65 0.07441760138050044
66 0.0774374460742019
67 0.0778688524590164
68 0.07851596203623813
69 0.07873166522864539
70 0.08541846419327007
71 0.09037963761863675
72 0.09318377911993098
73 0.09836065573770492
74 0.09987057808455566
75 0.10526315789473684
76 0.10979292493528904
77 0.1136755823986195
78 0.11842105263157894
79 0.12230371009490941
80 0.12532355478861087
81 0.12791199309749784
82 0.1322260569456428
83 0.13805004314063848
84 0.14408973252804141
85 0.15120793787748057
86 0.15595340811044003
87 0.16113028472821397
88 0.16652286453839515
89 0.17320966350301983
90 0.1807592752372735
91 0.182916307161346
92 0.18809318377911993
93 0.19176013805004313
94 0.19779982743744606
95 0.20685936151855047
96 0.2133304572907679
97 0.2182916307161346
98 0.22713546160483175
99 0.2327437446074202
100 0.2342536669542709
101 0.23533218291630717
102 0.2463330457290768
103 0.2504314063848145
104 0.25517687661777394
105 0.2642364106988783
106 0.2653149266609146
107 0.26876617773943057
108 0.27459016393442626
109 0.28062985332182916
110 0.2866695427092321
111 0.29098360655737704
112 0.29551337359792923
113 0.30327868852459017
114 0.31233822260569455
115 0.3166522864538395
116 0.3246333045729077
117 0.33045729076790337
118 0.33800690250215704
119 0.34361518550474546
120 0.3470664365832614
121 0.3546160483175151
122 0.36087144089732526
123 0.3643226919758412
124 0.37251941328731664
125 0.37489214840379637
126 0.3796376186367558
127 0.3908541846419327
128 0.3990509059534081
129 0.4027178602243313
130 0.40767903364969804
131 0.41652286453839515
132 0.4240724762726488
133 0.43097497842968074
134 0.4357204486626402
135 0.4413287316652286
136 0.4426229508196721
137 0.45448662640207077
138 0.4588006902502157
139 0.4659188955996549
140 0.4698015530629853
141 0.4723899913718723
142 0.4784296807592752
143 0.48511647972389993
144 0.48899913718723037
145 0.4941760138050043
146 0.49762726488352027
147 0.49654874892148404
148 0.5107851596203624
149 0.5185504745470233
150 0.525237273511648
151 0.5299827437446074
152 0.5334339948231234
153 0.5375323554788611
154 0.5446505608283002
155 0.5483175150992234
156 0.5455133735979293
157 0.5483175150992234
158 0.5539257981018119
159 0.5623382226056945
160 0.5690250215703192
161 0.5716134598792062
162 0.5759275237273511
163 0.5819672131147541
164 0.5841242450388265
165 0.5860655737704918
166 0.6011647972389992
167 0.6028904227782571
168 0.607204486626402
169 0.614969801553063
170 0.6138912855910268
171 0.6199309749784296
172 0.6235979292493529
173 0.630716134598792
174 0.6397756686798964
175 0.6449525452976704
176 0.6430112165660051
177 0.6421484037963762
178 0.6477566867989646
179 0.6512079378774805
180 0.6531492666091459
181 0.652502157031924
182 0.6520707506471096
183 0.6507765314926661
184 0.6514236410698878
185 0.6537963761863675
186 0.6540120793787748
187 0.66458153580673
188 0.6656600517687662
189 0.6673856773080241
190 0.6684641932700603
191 0.6732096635030198
192 0.67946505608283
193 0.6885245901639344
194 0.6967213114754098
195 0.6969370146678171
196 0.7008196721311475
197 0.7079378774805867
198 0.7139775668679896
199 0.7165660051768766
200 0.7185073339085418
201 0.7260569456427955
202 0.729076790336497
203 0.72648835202761
204 0.7327437446074202
205 0.7314495254529767
206 0.7329594477998275
207 0.7359792924935289
208 0.7392148403796376
209 0.7418032786885246
210 0.7387834339948232
211 0.7400776531492667
212 0.744823123382226
213 0.743960310612597
214 0.748274374460742
215 0.7476272648835203
216 0.7493528904227783
217 0.7519413287316652
218 0.7495685936151855
219 0.7497842968075927
220 0.7510785159620362
221 0.7510785159620362
222 0.7504314063848145
223 0.7515099223468508
224 0.7553925798101812
225 0.7575496117342536
226 0.7584124245038827
227 0.7564710957722174
228 0.7579810181190682
229 0.7581967213114754
230 0.7588438308886971
231 0.7618636755823986
232 0.7661777394305436
233 0.7631578947368421
234 0.7648835202761001
235 0.7590595340811044
236 0.7592752372735116
237 0.7603537532355479
238 0.7594909404659189
239 0.7638050043140638
240 0.7648835202761001
241 0.7655306298533219
242 0.7590595340811044
243 0.7590595340811044
244 0.7605694564279551
245 0.7661777394305436
246 0.7646678170836928
247 0.7698446937014668
248 0.7702761000862812
249 0.7711389128559103
250 0.77351164797239
251 0.7644521138912856
252 0.7655306298533219
253 0.7638050043140638
254 0.7631578947368421
255 0.7599223468507333
256 0.7653149266609146
257 0.7642364106988784
258 0.7668248490077653
259 0.7605694564279551
260 0.7573339085418465
261 0.7581967213114754
262 0.7590595340811044
263 0.75862812769629
264 0.7622950819672131
265 0.765746333045729
266 0.7646678170836928
267 0.7599223468507333
268 0.7603537532355479
269 0.7607851596203624
270 0.7629421915444349
271 0.7635893011216566
272 0.7605694564279551
273 0.7663934426229508
274 0.7679033649698016
275 0.7741587575496117
276 0.7758843830888698
277 0.7791199309749784
278 0.776962899050906
279 0.7737273511647972
280 0.7795513373597929
281 0.7806298533218292
282 0.7847282139775669
283 0.7911993097497843
284 0.7899050905953409
285 0.7907679033649698
286 0.7948662640207075
287 0.7933563416738568
288 0.7838654012079379
289 0.7830025884383088
290 0.780414150129422
291 0.7817083692838654
292 0.7773943054357204
293 0.780414150129422
294 0.7793356341673857
295 0.777825711820535
296 0.7750215703192407
297 0.769197584124245
298 0.7646678170836928
299 0.7663934426229508
300 0.7633735979292493
301 0.7627264883520276
302 0.7612165660051768
303 0.7622950819672131
304 0.7569025021570319
305 0.7543140638481449
306 0.7573339085418465
307 0.7601380500431406
308 0.7674719585849871
309 0.7711389128559103
310 0.7685504745470233
311 0.7674719585849871
312 0.7579810181190682
313 0.7603537532355479
314 0.768334771354616
315 0.7668248490077653
316 0.7666091458153581
317 0.7668248490077653
318 0.7720017256255393
319 0.7724331320103538
320 0.7728645383951682
321 0.772648835202761
322 0.7756686798964625
323 0.777825711820535
324 0.7739430543572045
325 0.7748058671268335
326 0.7763157894736842
327 0.7748058671268335
328 0.7707075064710958
329 0.768334771354616
330 0.7679033649698016
331 0.7685504745470233
332 0.7676876617773943
333 0.7698446937014668
334 0.7739430543572045
335 0.7730802415875755
336 0.7730802415875755
337 0.771786022433132
338 0.7724331320103538
339 0.777825711820535
340 0.7754529767040552
341 0.7786885245901639
342 0.7806298533218292
343 0.7765314926660914
344 0.77351164797239
345 0.7666091458153581
346 0.774374460742019
347 0.7793356341673857
348 0.7730802415875755
349 0.7711389128559103
350 0.7722174288179465
351 0.7704918032786885
352 0.7732959447799828
353 0.7771786022433133
354 0.7786885245901639
355 0.7810612597066436
356 0.7793356341673857
357 0.7853753235547886
358 0.7806298533218292
359 0.7758843830888698
360 0.7840811044003452
361 0.7812769628990509
362 0.7808455565142364
363 0.7840811044003452
364 0.7801984469370147
365 0.7836496980155306
366 0.7883951682484901
367 0.7855910267471958
368 0.7868852459016393
369 0.7862381363244176
370 0.7896893874029336
371 0.7922778257118205
372 0.7942191544434858
373 0.7950819672131147
374 0.797886108714409
375 0.7914150129421915
376 0.7894736842105263
377 0.792709232096635
378 0.7937877480586712
379 0.7972389991371872
380 0.7996117342536669
381 0.7989646246764452
382 0.795297670405522
383 0.7959447799827437
384 0.8022001725625539
385 0.797886108714409
386 0.7989646246764452
387 0.7948662640207075
388 0.7914150129421915
389 0.7851596203623814
390 0.7793356341673857
391 0.7845125107851596
392 0.7858067299396031
393 0.7860224331320104
394 0.7840811044003452
395 0.7853753235547886
396 0.7834339948231234
397 0.7847282139775669
398 0.7920621225194133
399 0.7959447799827437
400 0.7914150129421915
401 0.7948662640207075
402 0.790120793787748
403 0.7905522001725626
404 0.7879637618636756
405 0.7892579810181191
406 0.7924935289042278
407 0.7920621225194133
408 0.7905522001725626
409 0.7890422778257118
410 0.7909836065573771
411 0.7860224331320104
412 0.7916307161345988
413 0.7868852459016393
414 0.7851596203623814
415 0.7899050905953409
416 0.7881794650560828
417 0.7868852459016393
418 0.7864538395168249
419 0.7875323554788611
420 0.7838654012079379
421 0.7868852459016393
422 0.7851596203623814
423 0.7812769628990509
424 0.7821397756686799
425 0.7855910267471958
426 0.7849439171699741
427 0.7881794650560828
428 0.7866695427092321
429 0.7842968075927523
430 0.7784728213977566
431 0.7756686798964625
432 0.7730802415875755
433 0.780414150129422
434 0.7830025884383088
435 0.7851596203623814
436 0.7918464193270061
437 0.7957290767903364
438 0.7922778257118205
439 0.7868852459016393
440 0.7877480586712683
441 0.7883951682484901
442 0.7929249352890423
443 0.7871009490940466
444 0.7881794650560828
445 0.7894736842105263
446 0.7903364969801553
447 0.7853753235547886
448 0.7862381363244176
449 0.7896893874029336
450 0.7873166522864539
451 0.7825711820534944
452 0.7873166522864539
453 0.7834339948231234
454 0.7814926660914582
455 0.7776100086281277
456 0.7814926660914582
457 0.7825711820534944
458 0.7838654012079379
459 0.7871009490940466
460 0.7864538395168249
461 0.7847282139775669
462 0.7817083692838654
463 0.7795513373597929
464 0.7765314926660914
465 0.7741587575496117
466 0.7720017256255393
467 0.768334771354616
468 0.7713546160483176
469 0.7704918032786885
470 0.775237273511648
471 0.7830025884383088
472 0.7855910267471958
473 0.7847282139775669
474 0.7858067299396031
475 0.7847282139775669
476 0.7834339948231234
477 0.7819240724762726
478 0.7879637618636756
479 0.7838654012079379
480 0.7823554788610871
481 0.7782571182053495
482 0.7782571182053495
483 0.7765314926660914
484 0.7756686798964625
485 0.7786885245901639
486 0.7830025884383088
487 0.7868852459016393
488 0.7855910267471958
489 0.7808455565142364
490 0.7782571182053495
491 0.7793356341673857
492 0.7791199309749784
493 0.7797670405522001
494 0.7817083692838654
495 0.7842968075927523
496 0.7806298533218292
497 0.7860224331320104
498 0.7838654012079379
499 0.7845125107851596
500 0.7853753235547886
501 0.7849439171699741
502 0.7877480586712683
503 0.7823554788610871
504 0.7871009490940466
505 0.7905522001725626
506 0.7903364969801553
507 0.7877480586712683
508 0.7888265746333045
509 0.7916307161345988
510 0.7905522001725626
511 0.7879637618636756
512 0.7886108714408974
513 0.7806298533218292
514 0.7795513373597929
515 0.7875323554788611
516 0.7871009490940466
517 0.7950819672131147
518 0.7940034512510785
519 0.7959447799827437
520 0.7911993097497843
521 0.7892579810181191
522 0.7864538395168249
523 0.7845125107851596
524 0.7797670405522001
525 0.780414150129422
526 0.7853753235547886
527 0.7827868852459017
528 0.7801984469370147
529 0.7756686798964625
530 0.7830025884383088
531 0.7847282139775669
532 0.7860224331320104
533 0.7810612597066436
534 0.7825711820534944
535 0.7845125107851596
536 0.7825711820534944
537 0.7814926660914582
538 0.7780414150129422
539 0.7801984469370147
540 0.7817083692838654
541 0.7823554788610871
542 0.7767471958584987
543 0.7767471958584987
544 0.7868852459016393
545 0.7849439171699741
546 0.7862381363244176
547 0.7907679033649698
548 0.7855910267471958
549 0.7883951682484901
550 0.7814926660914582
551 0.7782571182053495
552 0.7883951682484901
553 0.7896893874029336
554 0.7896893874029336
555 0.7855910267471958
556 0.7866695427092321
557 0.7830025884383088
558 0.7825711820534944
559 0.7748058671268335
560 0.7814926660914582
561 0.7877480586712683
562 0.7909836065573771
563 0.7916307161345988
564 0.7825711820534944
565 0.7834339948231234
566 0.7866695427092321
567 0.7817083692838654
568 0.7845125107851596
569 0.7810612597066436
570 0.7827868852459017
571 0.7838654012079379
572 0.7853753235547886
573 0.7851596203623814
574 0.7877480586712683
575 0.7860224331320104
576 0.7879637618636756
577 0.7877480586712683
578 0.7890422778257118
579 0.7903364969801553
580 0.7864538395168249
581 0.7892579810181191
582 0.7847282139775669
583 0.7812769628990509
584 0.7832182916307161
585 0.7879637618636756
586 0.780414150129422
587 0.7776100086281277
588 0.7776100086281277
589 0.7858067299396031
590 0.7827868852459017
591 0.7823554788610871
592 0.7797670405522001
593 0.7827868852459017
594 0.7838654012079379
595 0.7886108714408974
596 0.7819240724762726
597 0.7851596203623814
598 0.7847282139775669
599 0.790120793787748
600 0.7905522001725626
601 0.7909836065573771
602 0.7929249352890423
603 0.7933563416738568
604 0.798748921484038
605 0.7993960310612597
606 0.7985332182916307
607 0.797886108714409
608 0.7974547023295945
609 0.7886108714408974
610 0.7875323554788611
611 0.7888265746333045
612 0.7896893874029336
613 0.7866695427092321
614 0.7929249352890423
615 0.792709232096635
616 0.7883951682484901
617 0.7890422778257118
618 0.7959447799827437
619 0.7888265746333045
620 0.7825711820534944
621 0.780414150129422
622 0.7836496980155306
623 0.7786885245901639
624 0.780414150129422
625 0.775237273511648
626 0.7789042277825712
627 0.7776100086281277
628 0.7806298533218292
629 0.7756686798964625
630 0.7845125107851596
631 0.7881794650560828
632 0.7907679033649698
633 0.7832182916307161
634 0.7814926660914582
635 0.7819240724762726
636 0.7836496980155306
637 0.7842968075927523
638 0.7868852459016393
639 0.7871009490940466
640 0.7883951682484901
641 0.790120793787748
642 0.7911993097497843
643 0.7847282139775669
644 0.7782571182053495
645 0.7761000862812769
646 0.7739430543572045
647 0.7789042277825712
648 0.7756686798964625
649 0.7722174288179465
650 0.7687661777394306
651 0.7698446937014668
652 0.7767471958584987
653 0.7756686798964625
654 0.7836496980155306
655 0.7883951682484901
656 0.7879637618636756
657 0.7886108714408974
658 0.7907679033649698
659 0.7888265746333045
660 0.7819240724762726
661 0.7842968075927523
662 0.7871009490940466
663 0.7834339948231234
664 0.7849439171699741
665 0.794434857635893
666 0.7933563416738568
667 0.7886108714408974
668 0.7907679033649698
669 0.7888265746333045
670 0.7864538395168249
671 0.7899050905953409
672 0.7974547023295945
673 0.7985332182916307
674 0.8004745470232959
675 0.8015530629853321
676 0.7965918895599655
677 0.7883951682484901
678 0.7970232959447799
679 0.7981018119068162
680 0.8015530629853321
681 0.7946505608283002
682 0.797886108714409
683 0.7924935289042278
684 0.8004745470232959
685 0.8002588438308887
686 0.8009059534081104
687 0.8026315789473685
688 0.8069456427955134
689 0.8080241587575496
690 0.8028472821397756
691 0.8045729076790337
692 0.7991803278688525
693 0.7970232959447799
694 0.7985332182916307
695 0.7955133735979293
696 0.7937877480586712
697 0.7974547023295945
698 0.795297670405522
699 0.7914150129421915
700 0.7959447799827437
