1 0.0004314063848144953
2 0.00021570319240724764
3 0.0010785159620362382
4 0.001725625539257981
5 0.003451251078515962
6 0.004314063848144953
7 0.005392579810181191
8 0.005823986194995686
9 0.006902502157031924
10 0.008412424503882658
11 0.010138050043140638
12 0.01186367558239862
13 0.01272648835202761
14 0.014452113891285591
15 0.015962036238136326
16 0.018334771354616048
17 0.02092320966350302
18 0.022217428817946507
19 0.026747195858498704
20 0.030629853321829163
21 0.034081104400345126
22 0.03968938740293356
23 0.04378774805867127
24 0.046807592752372736
25 0.050258843830888696
26 0.05349439171699741
27 0.0593183779119931
28 0.06082830025884383
29 0.06578947368421052
30 0.06880931837791199
31 0.07161345987920621
32 0.07894736842105263
33 0.08088869715271786
34 0.08455565142364108
35 0.08865401207937877
36 0.0942622950819672
37 0.10224331320103537
38 0.10547886108714409
39 0.11410698878343399
40 0.12122519413287317
41 0.1264020707506471
42 0.1317946505608283
43 0.1399913718723037
44 0.1462467644521139
45 0.15185504745470232
46 0.15789473684210525
47 0.16738567730802417
48 0.17536669542709232
49 0.1865832614322692
50 0.19413287316652286
51 0.20125107851596202
52 0.20901639344262296
53 0.21548748921484037
54 0.22346850733390855
55 0.22929249352890424
56 0.23446937014667818
57 0.24352890422778256
58 0.25
59 0.251725625539258
60 0.2616479723899914
61 0.26833477135461603
62 0.2754529767040552
63 0.2804141501294219
64 0.28817946505608283
65 0.2989646246764452
66 0.30414150129421913
67 0.31449525452976707
68 0.3254961173425367
69 0.3341242450388266
70 0.34167385677308026
71 0.34534081104400344
72 0.34749784296807595
73 0.35612597066436585
74 0.362381363244176
75 0.3714408973252804
76 0.37640207075064713
77 0.38654012079378774
78 0.39063848144952545
79 0.39926660914581535
80 0.40099223468507333
81 0.409404659188956
82 0.41738567730802417
83 0.4247195858498706
84 0.42924935289042276
85 0.434641932700604
86 0.4365832614322692
87 0.44456427955133737
88 0.4559965487489215
89 0.46440897325280417
90 0.47044866264020707
91 0.48123382226056943
92 0.4864106988783434
93 0.49115616911130283
94 0.495685936151855
95 0.5
96 0.5101380500431406
97 0.5194132873166523
98 0.5299827437446074
99 0.5336496980155306
100 0.542709232096635
101 0.5433563416738568
102 0.544434857635893
103 0.5502588438308887
104 0.5524158757549612
105 0.5571613459879207
106 0.5629853321829164
107 0.5720448662640207
108 0.568809318377912
109 0.5808886971527178
110 0.588869715271786
111 0.5951251078515962
112 0.5985763589301122
113 0.6013805004314063
114 0.6031061259706644
115 0.6089301121656601
116 0.6089301121656601
117 0.6108714408973253
118 0.6179896462467644
119 0.6240293356341674
120 0.619283865401208
121 0.6220880069025022
122 0.6300690250215704
123 0.6309318377911993
124 0.6343830888697153
125 0.6374029335634167
126 0.6410698878343399
127 0.6389128559102675
128 0.6443054357204486
129 0.6436583261432269
130 0.6460310612597067
131 0.6462467644521139
132 0.6410698878343399
133 0.6404227782571182
134 0.6496980155306299
135 0.6468938740293356
136 0.652502157031924
137 0.6566005176876618
138 0.6572476272648835
139 0.6589732528041415
140 0.6589732528041415
141 0.6647972389991372
142 0.6697584124245038
143 0.6734253666954271
144 0.6809749784296808
145 0.6833477135461605
146 0.6839948231233822
147 0.6880931837791199
148 0.6857204486626403
149 0.6842105263157895
150 0.6900345125107852
151 0.6990940465918896
152 0.705565142364107
153 0.7139775668679896
154 0.7118205349439172
155 0.7141932700603969
156 0.7169974115616912
157 0.7150560828300259
158 0.7159188955996548
159 0.719585849870578
160 0.719585849870578
161 0.7148403796376186
162 0.7141932700603969
163 0.7202329594477999
164 0.727351164797239
165 0.7312338222605694
166 0.7297238999137188
167 0.7353321829163072
168 0.7377049180327869
169 0.7396462467644521
170 0.7426660914581535
171 0.7415875754961173
172 0.7405090595340811
173 0.7424503882657464
174 0.7402933563416738
175 0.7437446074201898
176 0.747411561691113
177 0.7469801553062986
178 0.7545297670405522
179 0.7532355478861087
180 0.7536669542709232
181 0.753451251078516
182 0.7588438308886971
183 0.7620793787748059
184 0.7616479723899914
185 0.7601380500431406
186 0.7631578947368421
187 0.768334771354616
188 0.7689818809318378
189 0.7679033649698016
190 0.7616479723899914
191 0.7648835202761001
192 0.7648835202761001
193 0.7653149266609146
194 0.7571182053494392
195 0.7547454702329595
196 0.7584124245038827
197 0.7597066436583262
198 0.7663934426229508
199 0.7674719585849871
200 0.7687661777394306
201 0.7698446937014668
202 0.7696289905090595
203 0.7622950819672131
204 0.7620793787748059
205 0.7666091458153581
206 0.7754529767040552
207 0.772648835202761
208 0.7694132873166523
209 0.7668248490077653
210 0.7707075064710958
211 0.772648835202761
212 0.7633735979292493
213 0.7702761000862812
214 0.768334771354616
215 0.771786022433132
216 0.7698446937014668
217 0.7724331320103538
218 0.7707075064710958
219 0.7685504745470233
220 0.7732959447799828
221 0.7694132873166523
222 0.7650992234685073
223 0.7681190681622088
224 0.7635893011216566
225 0.7698446937014668
226 0.7679033649698016
227 0.7655306298533219
228 0.7659620362381363
229 0.7663934426229508
230 0.7689818809318378
231 0.768334771354616
232 0.7696289905090595
233 0.7644521138912856
234 0.7676876617773943
235 0.7666091458153581
236 0.7663934426229508
237 0.768334771354616
238 0.7689818809318378
239 0.775237273511648
240 0.7842968075927523
241 0.7810612597066436
242 0.7789042277825712
243 0.7821397756686799
244 0.7797670405522001
245 0.7732959447799828
246 0.7776100086281277
247 0.776962899050906
248 0.7801984469370147
249 0.7827868852459017
250 0.7765314926660914
251 0.7808455565142364
252 0.777825711820535
253 0.7791199309749784
254 0.776962899050906
255 0.7763157894736842
256 0.7739430543572045
257 0.7786885245901639
258 0.7814926660914582
259 0.7748058671268335
260 0.7748058671268335
261 0.7795513373597929
262 0.7737273511647972
263 0.7728645383951682
264 0.7812769628990509
265 0.7782571182053495
266 0.7780414150129422
267 0.7773943054357204
268 0.7763157894736842
269 0.7773943054357204
270 0.7715703192407247
271 0.772648835202761
272 0.7687661777394306
273 0.7659620362381363
274 0.7668248490077653
275 0.7674719585849871
276 0.7676876617773943
277 0.7698446937014668
278 0.7750215703192407
279 0.7750215703192407
280 0.7782571182053495
281 0.7832182916307161
282 0.7825711820534944
283 0.7812769628990509
284 0.7791199309749784
285 0.7830025884383088
286 0.7855910267471958
287 0.7806298533218292
288 0.776962899050906
289 0.7797670405522001
290 0.7825711820534944
291 0.7842968075927523
292 0.7860224331320104
293 0.7894736842105263
294 0.7886108714408974
295 0.7836496980155306
296 0.7823554788610871
297 0.7864538395168249
298 0.7849439171699741
299 0.7875323554788611
300 0.7814926660914582
301 0.7814926660914582
302 0.7866695427092321
303 0.7836496980155306
304 0.7823554788610871
305 0.7827868852459017
306 0.7784728213977566
307 0.7808455565142364
308 0.7845125107851596
309 0.7890422778257118
310 0.7933563416738568
311 0.7968075927523728
312 0.795297670405522
313 0.7959447799827437
314 0.7842968075927523
315 0.7875323554788611
316 0.7883951682484901
317 0.7877480586712683
318 0.7810612597066436
319 0.7771786022433133
320 0.7782571182053495
321 0.7793356341673857
322 0.7836496980155306
323 0.7812769628990509
324 0.7801984469370147
325 0.7808455565142364
326 0.776962899050906
327 0.777825711820535
328 0.7773943054357204
329 0.7819240724762726
330 0.7821397756686799
331 0.7817083692838654
332 0.7817083692838654
333 0.7748058671268335
334 0.7758843830888698
335 0.7739430543572045
336 0.7730802415875755
337 0.769197584124245
338 0.7750215703192407
339 0.771786022433132
340 0.7745901639344263
341 0.7771786022433133
342 0.7773943054357204
343 0.7771786022433133
344 0.7860224331320104
345 0.7896893874029336
346 0.7894736842105263
347 0.7929249352890423
348 0.7976704055220017
349 0.7942191544434858
350 0.7851596203623814
351 0.7791199309749784
352 0.7720017256255393
353 0.7840811044003452
354 0.7806298533218292
355 0.7771786022433133
356 0.7773943054357204
357 0.7750215703192407
358 0.7732959447799828
359 0.7797670405522001
360 0.7823554788610871
361 0.7814926660914582
362 0.7812769628990509
363 0.7773943054357204
364 0.7825711820534944
365 0.7823554788610871
366 0.7776100086281277
367 0.7806298533218292
368 0.7784728213977566
369 0.7836496980155306
370 0.7924935289042278
371 0.7918464193270061
372 0.8009059534081104
373 0.7989646246764452
374 0.7970232959447799
375 0.7996117342536669
376 0.794434857635893
377 0.7903364969801553
378 0.7916307161345988
379 0.7905522001725626
380 0.7942191544434858
381 0.7985332182916307
382 0.7883951682484901
383 0.7879637618636756
384 0.7825711820534944
385 0.7808455565142364
386 0.7875323554788611
387 0.7929249352890423
388 0.7959447799827437
389 0.7911993097497843
390 0.7914150129421915
391 0.7881794650560828
392 0.7903364969801553
393 0.7920621225194133
394 0.7948662640207075
395 0.7972389991371872
396 0.8002588438308887
397 0.801337359792925
398 0.8011216566005177
399 0.7974547023295945
400 0.7993960310612597
401 0.7948662640207075
402 0.792709232096635
403 0.7920621225194133
404 0.7890422778257118
405 0.7883951682484901
406 0.7909836065573771
407 0.7894736842105263
408 0.7873166522864539
409 0.7862381363244176
410 0.7827868852459017
411 0.7812769628990509
412 0.7825711820534944
413 0.7866695427092321
414 0.7875323554788611
415 0.7801984469370147
416 0.7791199309749784
417 0.776962899050906
418 0.7761000862812769
419 0.7806298533218292
420 0.7879637618636756
421 0.7929249352890423
422 0.7998274374460742
423 0.7985332182916307
424 0.8019844693701467
425 0.7929249352890423
426 0.7942191544434858
427 0.7911993097497843
428 0.7825711820534944
429 0.7851596203623814
430 0.7883951682484901
431 0.7834339948231234
432 0.7853753235547886
433 0.7920621225194133
434 0.8062985332182916
435 0.8032786885245902
436 0.7981018119068162
437 0.8006902502157032
438 0.7940034512510785
439 0.7991803278688525
440 0.7972389991371872
441 0.7940034512510785
442 0.7933563416738568
443 0.7937877480586712
444 0.7924935289042278
445 0.7916307161345988
446 0.7873166522864539
447 0.793572044866264
448 0.7957290767903364
449 0.7955133735979293
450 0.7909836065573771
451 0.790120793787748
452 0.7830025884383088
453 0.7823554788610871
454 0.7819240724762726
455 0.7814926660914582
456 0.7754529767040552
457 0.7754529767040552
458 0.7732959447799828
459 0.7789042277825712
460 0.7750215703192407
461 0.7741587575496117
462 0.7819240724762726
463 0.7838654012079379
464 0.7862381363244176
465 0.7862381363244176
466 0.7909836065573771
467 0.7879637618636756
468 0.7855910267471958
469 0.7860224331320104
470 0.7849439171699741
471 0.7812769628990509
472 0.777825711820535
473 0.770923209663503
474 0.7817083692838654
475 0.7845125107851596
476 0.7851596203623814
477 0.7834339948231234
478 0.7827868852459017
479 0.7827868852459017
480 0.7834339948231234
481 0.7842968075927523
482 0.7825711820534944
483 0.776962899050906
484 0.7782571182053495
485 0.7784728213977566
486 0.7791199309749784
487 0.777825711820535
488 0.77351164797239
489 0.7663934426229508
490 0.7635893011216566
491 0.7640207075064711
492 0.7715703192407247
493 0.7767471958584987
494 0.7821397756686799
495 0.7810612597066436
496 0.7791199309749784
497 0.7830025884383088
498 0.780414150129422
499 0.7761000862812769
500 0.7776100086281277
501 0.7754529767040552
502 0.7795513373597929
503 0.7871009490940466
504 0.7881794650560828
505 0.7881794650560828
506 0.7821397756686799
507 0.7782571182053495
508 0.7771786022433133
509 0.7786885245901639
510 0.7795513373597929
511 0.777825711820535
512 0.7789042277825712
513 0.7832182916307161
514 0.7836496980155306
515 0.7799827437446074
516 0.780414150129422
517 0.7776100086281277
518 0.7745901639344263
519 0.7761000862812769
520 0.7797670405522001
521 0.7806298533218292
522 0.7832182916307161
523 0.7823554788610871
524 0.7812769628990509
525 0.7842968075927523
526 0.7860224331320104
527 0.7834339948231234
528 0.7834339948231234
529 0.7797670405522001
530 0.7754529767040552
531 0.7761000862812769
532 0.7799827437446074
533 0.7780414150129422
534 0.7830025884383088
535 0.7827868852459017
536 0.7838654012079379
537 0.7868852459016393
538 0.7881794650560828
539 0.7832182916307161
540 0.7883951682484901
541 0.7864538395168249
542 0.7860224331320104
543 0.7883951682484901
544 0.7821397756686799
545 0.7881794650560828
546 0.7866695427092321
547 0.7911993097497843
548 0.794434857635893
549 0.7948662640207075
550 0.794434857635893
551 0.7957290767903364
552 0.7991803278688525
553 0.793572044866264
554 0.7957290767903364
555 0.7933563416738568
556 0.7950819672131147
557 0.7963761863675582
558 0.7963761863675582
559 0.796160483175151
560 0.7957290767903364
561 0.7970232959447799
562 0.796160483175151
563 0.7937877480586712
564 0.794434857635893
565 0.7894736842105263
566 0.7911993097497843
567 0.7974547023295945
568 0.7970232959447799
569 0.7907679033649698
570 0.7868852459016393
571 0.7827868852459017
572 0.7845125107851596
573 0.7864538395168249
574 0.7847282139775669
575 0.7821397756686799
576 0.776962899050906
577 0.7786885245901639
578 0.7793356341673857
579 0.7819240724762726
580 0.7830025884383088
581 0.7879637618636756
582 0.7890422778257118
583 0.7806298533218292
584 0.7784728213977566
585 0.7827868852459017
586 0.7812769628990509
587 0.7883951682484901
588 0.7851596203623814
589 0.7812769628990509
590 0.7814926660914582
591 0.7821397756686799
592 0.7761000862812769
593 0.7748058671268335
594 0.7745901639344263
595 0.7776100086281277
596 0.7789042277825712
597 0.7793356341673857
598 0.777825711820535
599 0.7817083692838654
600 0.7806298533218292
601 0.7842968075927523
602 0.7881794650560828
603 0.7784728213977566
604 0.7808455565142364
605 0.7840811044003452
606 0.7750215703192407
607 0.7791199309749784
608 0.7814926660914582
609 0.7868852459016393
610 0.7821397756686799
611 0.7808455565142364
612 0.7877480586712683
613 0.7849439171699741
614 0.7890422778257118
615 0.7890422778257118
616 0.7905522001725626
617 0.7920621225194133
618 0.7866695427092321
619 0.7920621225194133
620 0.7963761863675582
621 0.7955133735979293
622 0.7940034512510785
623 0.7909836065573771
624 0.7858067299396031
625 0.7903364969801553
626 0.7855910267471958
627 0.7855910267471958
628 0.7825711820534944
629 0.780414150129422
630 0.776962899050906
631 0.7801984469370147
632 0.7866695427092321
633 0.7907679033649698
634 0.7929249352890423
635 0.7909836065573771
636 0.7877480586712683
637 0.7830025884383088
638 0.7864538395168249
639 0.7909836065573771
640 0.7905522001725626
641 0.792709232096635
642 0.7993960310612597
643 0.798748921484038
644 0.796160483175151
645 0.7996117342536669
646 0.8032786885245902
647 0.8039257981018119
648 0.7996117342536669
649 0.7968075927523728
650 0.7931406384814496
651 0.7970232959447799
652 0.7972389991371872
653 0.7916307161345988
654 0.7881794650560828
655 0.7864538395168249
656 0.7888265746333045
657 0.7879637618636756
658 0.7875323554788611
659 0.7875323554788611
660 0.790120793787748
661 0.7851596203623814
662 0.7907679033649698
663 0.793572044866264
664 0.795297670405522
665 0.7896893874029336
666 0.7918464193270061
667 0.7948662640207075
668 0.7965918895599655
669 0.793572044866264
670 0.7970232959447799
671 0.795297670405522
672 0.7881794650560828
673 0.7868852459016393
674 0.7832182916307161
675 0.7830025884383088
676 0.7836496980155306
677 0.7860224331320104
678 0.7883951682484901
679 0.7853753235547886
680 0.7789042277825712
681 0.7806298533218292
682 0.7776100086281277
683 0.7875323554788611
684 0.7868852459016393
685 0.7855910267471958
686 0.7914150129421915
687 0.7965918895599655
688 0.794434857635893
689 0.7940034512510785
690 0.7942191544434858
691 0.7909836065573771
692 0.7871009490940466
693 0.7903364969801553
694 0.7903364969801553
695 0.7883951682484901
696 0.7894736842105263
697 0.7883951682484901
698 0.7871009490940466
699 0.7853753235547886
700 0.7849439171699741
