1 0.0012942191544434857
2 0.001725625539257981
3 0.0019413287316652286
4 0.0019413287316652286
5 0.002372735116479724
6 0.0030198446937014668
7 0.004314063848144953
8 0.004961173425366695
9 0.0056082830025884385
10 0.007765314926660914
11 0.008628127696289905
12 0.00992234685073339
13 0.012079378774805867
14 0.012942191544434857
15 0.015746333045729078
16 0.018550474547023296
17 0.02092320966350302
18 0.02372735116479724
19 0.02437446074201898
20 0.02523727351164797
21 0.02631578947368421
22 0.026531492666091457
23 0.02911993097497843
24 0.02998274374460742
25 0.03300258843830889
26 0.03472821397756687
27 0.036885245901639344
28 0.040336496980155304
29 0.04314063848144953
30 0.046807592752372736
31 0.050258843830888696
32 0.05220017256255392
33 0.05586712683347714
34 0.06104400345125108
35 0.06255392579810182
36 0.06622088006902502
37 0.06902502157031924
38 0.07075064710957722
39 0.07484900776531493
40 0.0778688524590164
41 0.07959447799827438
42 0.0815358067299396
43 0.08520276100086281
44 0.09016393442622951
45 0.09296807592752372
46 0.09814495254529768
47 0.10116479723899914
48 0.10440034512510785
49 0.10979292493528904
50 0.11389128559102675
51 0.11885245901639344
52 0.12295081967213115
53 0.12920621225194132
54 0.135030198446937
55 0.1399913718723037
56 0.1449525452976704
57 0.15163934426229508
58 0.15789473684210525
59 0.16501294219154444
60 0.17536669542709232
61 0.18140638481449525
62 0.18550474547023296
63 0.1906816220880069
64 0.19672131147540983
65 0.2083692838654012
66 0.21613459879206212
67 0.22088006902502158
68 0.22627264883520276
69 0.23490077653149266
70 0.2450388265746333
71 0.25345125107851596
72 0.2581967213114754
73 0.26660914581535805
74 0.2754529767040552
75 0.2804141501294219
76 0.29335634167385677
77 0.2993960310612597
78 0.3060828300258844
79 0.31686798964624674
80 0.32765314926660916
81 0.3401639344262295
82 0.34404659188955994
83 0.35073339085418465
84 0.3591458153580673
85 0.3628127696289905
86 0.365832614322692
87 0.3686367558239862
88 0.3759706643658326
89 0.3826574633304573
90 0.3863244176013805
91 0.38783433994823124
92 0.39344262295081966
93 0.4061691113028473
94 0.41091458153580673
95 0.41501294219154444
96 0.42062122519413286
97 0.42924935289042276
98 0.4296807592752373
99 0.43766177739430545
100 0.4413287316652286
101 0.4432700603968939
102 0.44952545297670404
103 0.457290767903365
104 0.4613891285591027
105 0.46635030198446936
106 0.47497842968075926
107 0.47756686798964626
108 0.48382226056945643
109 0.4881363244176014
110 0.48748921484037966
111 0.49223468507333906
112 0.5004314063848145
113 0.5032355478861087
114 0.5118636755823986
115 0.5148835202761001
116 0.5150992234685073
117 0.5211389128559103
118 0.5321397756686799
119 0.5368852459016393
120 0.5368852459016393
121 0.5392579810181191
122 0.5409836065573771
123 0.5519844693701467
124 0.5543572044866264
125 0.5601811906816221
126 0.5623382226056945
127 0.5638481449525453
128 0.5713977566867989
129 0.5767903364969802
130 0.5819672131147541
131 0.5864969801553063
132 0.5893011216566005
133 0.588869715271786
134 0.597497842968076
135 0.6003019844693701
136 0.6015962036238136
137 0.612381363244176
138 0.6048317515099223
139 0.6065573770491803
140 0.6125970664365833
141 0.613244176013805
142 0.6244607420189818
143 0.6229508196721312
144 0.6251078515962036
145 0.6274805867126834
146 0.6335202761000863
147 0.6345987920621226
148 0.637618636755824
149 0.6382657463330458
150 0.6397756686798964
151 0.6440897325280415
152 0.6490509059534081
153 0.6535806729939603
154 0.6553062985332183
155 0.65595340811044
156 0.6606988783433995
157 0.6667385677308024
158 0.6650129421915444
159 0.6697584124245038
160 0.6673856773080241
161 0.6704055220017257
162 0.6710526315789473
163 0.6686798964624676
164 0.6798964624676446
165 0.6770923209663503
166 0.6839948231233822
167 0.682916307161346
168 0.6921915444348576
169 0.6874460742018982
170 0.6822691975841243
171 0.6850733390854185
172 0.6898188093183779
173 0.6977998274374461
174 0.7029767040552201
175 0.7070750647109577
176 0.7105263157894737
177 0.7118205349439172
178 0.7092320966350302
179 0.7161345987920621
180 0.7144089732528042
181 0.7165660051768766
182 0.7223899913718723
183 0.7219585849870578
184 0.7232528041415013
185 0.728213977566868
186 0.7292924935289042
187 0.724762726488352
188 0.7258412424503883
189 0.727351164797239
190 0.727351164797239
191 0.727351164797239
192 0.7243313201035375
193 0.7262726488352028
194 0.7232528041415013
195 0.7271354616048318
196 0.7260569456427955
197 0.7349007765314927
198 0.7359792924935289
199 0.7383520276100086
200 0.7320966350301984
201 0.7377049180327869
202 0.7374892148403797
203 0.7353321829163072
204 0.7336065573770492
205 0.7387834339948232
206 0.7407247627264884
207 0.744823123382226
208 0.7461173425366695
209 0.7398619499568594
210 0.734253666954271
211 0.7392148403796376
212 0.7450388265746333
213 0.7454702329594478
214 0.747411561691113
215 0.7422346850733391
216 0.7402933563416738
217 0.7456859361518551
218 0.751725625539258
219 0.7497842968075927
220 0.7569025021570319
221 0.7603537532355479
222 0.7581967213114754
223 0.7549611734253667
224 0.7528041415012943
225 0.7558239861949957
226 0.7601380500431406
227 0.7679033649698016
228 0.7707075064710958
229 0.774374460742019
230 0.772648835202761
231 0.7745901639344263
232 0.7670405522001725
233 0.7676876617773943
234 0.7679033649698016
235 0.7722174288179465
236 0.7767471958584987
237 0.7748058671268335
238 0.7799827437446074
239 0.7758843830888698
240 0.7739430543572045
241 0.7758843830888698
242 0.7732959447799828
243 0.7732959447799828
244 0.7687661777394306
245 0.7763157894736842
246 0.776962899050906
247 0.7704918032786885
248 0.771786022433132
249 0.7674719585849871
250 0.7696289905090595
251 0.7730802415875755
252 0.7687661777394306
253 0.7687661777394306
254 0.7698446937014668
255 0.7668248490077653
256 0.771786022433132
257 0.7776100086281277
258 0.77351164797239
259 0.7784728213977566
260 0.7789042277825712
261 0.7687661777394306
262 0.7720017256255393
263 0.772648835202761
264 0.7765314926660914
265 0.7739430543572045
266 0.7812769628990509
267 0.7866695427092321
268 0.7836496980155306
269 0.7808455565142364
270 0.7773943054357204
271 0.7776100086281277
272 0.7756686798964625
273 0.7763157894736842
274 0.7776100086281277
275 0.7799827437446074
276 0.7814926660914582
277 0.7819240724762726
278 0.7847282139775669
279 0.7791199309749784
280 0.7789042277825712
281 0.7761000862812769
282 0.7748058671268335
283 0.7795513373597929
284 0.7825711820534944
285 0.7845125107851596
286 0.7883951682484901
287 0.7866695427092321
288 0.7853753235547886
289 0.7849439171699741
290 0.7834339948231234
291 0.7916307161345988
292 0.7909836065573771
293 0.7914150129421915
294 0.7909836065573771
295 0.7849439171699741
296 0.7851596203623814
297 0.7840811044003452
298 0.7827868852459017
299 0.7810612597066436
300 0.7812769628990509
301 0.7825711820534944
302 0.7860224331320104
303 0.7847282139775669
304 0.7814926660914582
305 0.7784728213977566
306 0.7808455565142364
307 0.777825711820535
308 0.7784728213977566
309 0.7739430543572045
310 0.780414150129422
311 0.7832182916307161
312 0.7817083692838654
313 0.7791199309749784
314 0.777825711820535
315 0.7881794650560828
316 0.7877480586712683
317 0.7845125107851596
318 0.7832182916307161
319 0.7858067299396031
320 0.7784728213977566
321 0.7793356341673857
322 0.776962899050906
323 0.780414150129422
324 0.7793356341673857
325 0.7739430543572045
326 0.7873166522864539
327 0.7881794650560828
328 0.7858067299396031
329 0.7871009490940466
330 0.7862381363244176
331 0.7866695427092321
332 0.7871009490940466
333 0.7860224331320104
334 0.7830025884383088
335 0.7847282139775669
336 0.7827868852459017
337 0.7877480586712683
338 0.7886108714408974
339 0.7866695427092321
340 0.7886108714408974
341 0.7907679033649698
342 0.7830025884383088
343 0.7810612597066436
344 0.7814926660914582
345 0.7847282139775669
346 0.7834339948231234
347 0.7814926660914582
348 0.7786885245901639
349 0.7806298533218292
350 0.7801984469370147
351 0.7793356341673857
352 0.775237273511648
353 0.7771786022433133
354 0.7814926660914582
355 0.7842968075927523
356 0.7825711820534944
357 0.7817083692838654
358 0.7858067299396031
359 0.7825711820534944
360 0.7836496980155306
361 0.7847282139775669
362 0.7905522001725626
363 0.7968075927523728
364 0.7957290767903364
365 0.8006902502157032
366 0.7959447799827437
367 0.7890422778257118
368 0.7886108714408974
369 0.7879637618636756
370 0.7812769628990509
371 0.7866695427092321
372 0.7858067299396031
373 0.7810612597066436
374 0.7797670405522001
375 0.7827868852459017
376 0.7812769628990509
377 0.7827868852459017
378 0.7847282139775669
379 0.7780414150129422
380 0.7767471958584987
381 0.777825711820535
382 0.7808455565142364
383 0.7797670405522001
384 0.775237273511648
385 0.7767471958584987
386 0.7763157894736842
387 0.7821397756686799
388 0.7784728213977566
389 0.7862381363244176
390 0.7786885245901639
391 0.7739430543572045
392 0.7791199309749784
393 0.7840811044003452
394 0.7840811044003452
395 0.7888265746333045
396 0.7911993097497843
397 0.7950819672131147
398 0.7963761863675582
399 0.7996117342536669
400 0.7968075927523728
401 0.7942191544434858
402 0.794434857635893
403 0.7860224331320104
404 0.7881794650560828
405 0.7821397756686799
406 0.7761000862812769
407 0.7761000862812769
408 0.7763157894736842
409 0.7812769628990509
410 0.7840811044003452
411 0.7886108714408974
412 0.7920621225194133
413 0.795297670405522
414 0.7937877480586712
415 0.7933563416738568
416 0.7909836065573771
417 0.7905522001725626
418 0.7832182916307161
419 0.7886108714408974
420 0.792709232096635
421 0.7931406384814496
422 0.7838654012079379
423 0.7797670405522001
424 0.7862381363244176
425 0.7838654012079379
426 0.7903364969801553
427 0.7905522001725626
428 0.7903364969801553
429 0.7862381363244176
430 0.7836496980155306
431 0.7825711820534944
432 0.7842968075927523
433 0.7858067299396031
434 0.7920621225194133
435 0.7955133735979293
436 0.7899050905953409
437 0.7890422778257118
438 0.7888265746333045
439 0.7909836065573771
440 0.7864538395168249
441 0.794434857635893
442 0.7877480586712683
443 0.7920621225194133
444 0.7920621225194133
445 0.7823554788610871
446 0.7840811044003452
447 0.7847282139775669
448 0.7855910267471958
449 0.7834339948231234
450 0.7806298533218292
451 0.7827868852459017
452 0.7808455565142364
453 0.780414150129422
454 0.7817083692838654
455 0.7793356341673857
456 0.7756686798964625
457 0.7819240724762726
458 0.7823554788610871
459 0.7810612597066436
460 0.7791199309749784
461 0.7810612597066436
462 0.7767471958584987
463 0.7776100086281277
464 0.7810612597066436
465 0.7819240724762726
466 0.7817083692838654
467 0.7890422778257118
468 0.7862381363244176
469 0.7860224331320104
470 0.7864538395168249
471 0.7894736842105263
472 0.790120793787748
473 0.7871009490940466
474 0.7862381363244176
475 0.7890422778257118
476 0.7886108714408974
477 0.7916307161345988
478 0.7892579810181191
479 0.7812769628990509
480 0.7763157894736842
481 0.7737273511647972
482 0.7765314926660914
483 0.776962899050906
484 0.7806298533218292
485 0.7819240724762726
486 0.7748058671268335
487 0.7789042277825712
488 0.7827868852459017
489 0.7860224331320104
490 0.7823554788610871
491 0.7789042277825712
492 0.7832182916307161
493 0.7832182916307161
494 0.7834339948231234
495 0.7858067299396031
496 0.7916307161345988
497 0.790120793787748
498 0.7896893874029336
499 0.7905522001725626
500 0.7959447799827437
501 0.7998274374460742
502 0.8052200172562554
503 0.7993960310612597
504 0.7989646246764452
505 0.7965918895599655
506 0.7976704055220017
507 0.7903364969801553
508 0.7905522001725626
509 0.7937877480586712
510 0.7894736842105263
511 0.7883951682484901
512 0.7784728213977566
513 0.7806298533218292
514 0.7793356341673857
515 0.7836496980155306
516 0.7825711820534944
517 0.7791199309749784
518 0.7806298533218292
519 0.7883951682484901
520 0.7799827437446074
521 0.7853753235547886
522 0.7836496980155306
523 0.7860224331320104
524 0.7836496980155306
525 0.7849439171699741
526 0.7871009490940466
527 0.7845125107851596
528 0.7888265746333045
529 0.7894736842105263
530 0.7892579810181191
531 0.7877480586712683
532 0.796160483175151
533 0.7940034512510785
534 0.7933563416738568
535 0.7959447799827437
536 0.7933563416738568
537 0.7937877480586712
538 0.7899050905953409
539 0.7853753235547886
540 0.7797670405522001
541 0.7821397756686799
542 0.7801984469370147
543 0.7823554788610871
544 0.7868852459016393
545 0.7920621225194133
546 0.7918464193270061
547 0.7905522001725626
548 0.7886108714408974
549 0.7871009490940466
550 0.7899050905953409
551 0.7881794650560828
552 0.7873166522864539
553 0.796160483175151
554 0.7922778257118205
555 0.790120793787748
556 0.7957290767903364
557 0.7974547023295945
558 0.7955133735979293
559 0.7918464193270061
560 0.7899050905953409
561 0.7836496980155306
562 0.7814926660914582
563 0.7812769628990509
564 0.7784728213977566
565 0.7786885245901639
566 0.7771786022433133
567 0.7789042277825712
568 0.7715703192407247
569 0.7806298533218292
570 0.7784728213977566
571 0.7771786022433133
572 0.7761000862812769
573 0.7761000862812769
574 0.772648835202761
575 0.7786885245901639
576 0.770923209663503
577 0.774374460742019
578 0.769197584124245
579 0.7655306298533219
580 0.768334771354616
581 0.7698446937014668
582 0.7763157894736842
583 0.7851596203623814
584 0.7858067299396031
585 0.7860224331320104
586 0.7862381363244176
587 0.7877480586712683
588 0.7855910267471958
589 0.7866695427092321
590 0.7851596203623814
591 0.7864538395168249
592 0.7875323554788611
593 0.7817083692838654
594 0.7821397756686799
595 0.7817083692838654
596 0.7724331320103538
597 0.7737273511647972
598 0.7795513373597929
599 0.7821397756686799
600 0.7875323554788611
601 0.7920621225194133
602 0.7873166522864539
603 0.7894736842105263
604 0.7847282139775669
605 0.7888265746333045
606 0.7821397756686799
607 0.7849439171699741
608 0.7853753235547886
609 0.7890422778257118
610 0.794434857635893
611 0.795297670405522
612 0.7946505608283002
613 0.7937877480586712
614 0.7836496980155306
615 0.7845125107851596
616 0.777825711820535
617 0.7799827437446074
618 0.7784728213977566
619 0.7756686798964625
620 0.7830025884383088
621 0.7817083692838654
622 0.7795513373597929
623 0.7840811044003452
624 0.7836496980155306
625 0.7842968075927523
626 0.7819240724762726
627 0.7849439171699741
628 0.7875323554788611
629 0.7842968075927523
630 0.7879637618636756
631 0.7868852459016393
632 0.7849439171699741
633 0.7823554788610871
634 0.7801984469370147
635 0.7745901639344263
636 0.7830025884383088
637 0.7860224331320104
638 0.7862381363244176
639 0.7847282139775669
640 0.7830025884383088
641 0.7810612597066436
642 0.7724331320103538
643 0.7687661777394306
644 0.7771786022433133
645 0.7771786022433133
646 0.7823554788610871
647 0.7929249352890423
648 0.7946505608283002
649 0.7899050905953409
650 0.7914150129421915
651 0.7933563416738568
652 0.7929249352890423
653 0.794434857635893
654 0.7886108714408974
655 0.7883951682484901
656 0.7918464193270061
657 0.7890422778257118
658 0.7855910267471958
659 0.7914150129421915
660 0.7888265746333045
661 0.7879637618636756
662 0.7931406384814496
663 0.7931406384814496
664 0.7976704055220017
665 0.792709232096635
666 0.7914150129421915
667 0.7903364969801553
668 0.7888265746333045
669 0.7858067299396031
670 0.7888265746333045
671 0.7873166522864539
672 0.7860224331320104
673 0.7806298533218292
674 0.7858067299396031
675 0.7847282139775669
676 0.7862381363244176
677 0.7862381363244176
678 0.7812769628990509
679 0.7840811044003452
680 0.7888265746333045
681 0.7875323554788611
682 0.7866695427092321
683 0.7881794650560828
684 0.7845125107851596
685 0.7851596203623814
686 0.7801984469370147
687 0.7793356341673857
688 0.7793356341673857
689 0.7797670405522001
690 0.7771786022433133
691 0.774374460742019
692 0.7754529767040552
693 0.7823554788610871
694 0.7873166522864539
695 0.7791199309749784
696 0.7763157894736842
697 0.7789042277825712
698 0.7810612597066436
699 0.7748058671268335
700 0.7702761000862812
