1 0.00021570319240724764
2 0.0006471095772217428
3 0.0008628127696289905
4 0.0015099223468507334
5 0.0019413287316652286
6 0.002372735116479724
7 0.0032355478861087143
8 0.0045297670405522
9 0.004745470232959448
10 0.006686798964624676
11 0.008412424503882658
12 0.009490940465918895
13 0.010353753235547885
14 0.01100086281276963
15 0.013373597929249352
16 0.014883520276100086
17 0.017903364969801553
18 0.01984469370146678
19 0.022217428817946507
20 0.02545297670405522
21 0.027610008628127698
22 0.029767040552200173
23 0.034081104400345126
24 0.03645383951682485
25 0.04055220017256255
26 0.04292493528904228
27 0.045297670405522
28 0.04702329594477998
29 0.05069025021570319
30 0.055220017256255395
31 0.061259706643658325
32 0.06643658326143227
33 0.0724762726488352
34 0.07937877480586712
35 0.0856341673856773
36 0.09318377911993098
37 0.0996548748921484
38 0.10655737704918032
39 0.11173425366695428
40 0.11755823986194995
41 0.12532355478861087
42 0.1326574633304573
43 0.14301121656600518
44 0.14797238999137188
45 0.15724762726488353
46 0.16587575496117343
47 0.17018981880931838
48 0.17601380500431407
49 0.182053494391717
50 0.18895599654874892
51 0.19607420189818808
52 0.20125107851596202
53 0.2083692838654012
54 0.21980155306298532
55 0.22842968075927525
56 0.23684210526315788
57 0.2459016393442623
58 0.2581967213114754
59 0.2672562553925798
60 0.2741587575496117
61 0.2808455565142364
62 0.28925798101811906
63 0.2983175150992235
64 0.30414150129421913
65 0.31082830025884384
66 0.3229076790336497
67 0.33261432269197583
68 0.33930112165660054
69 0.3487920621225194
70 0.35526315789473684
71 0.365832614322692
72 0.37510785159620363
73 0.38330457290767905
74 0.3930112165660052
75 0.39797238999137186
76 0.40767903364969804
77 0.4184641932700604
78 0.42644521138912855
79 0.4357204486626402
80 0.4447799827437446
81 0.45319240724762727
82 0.46182053494391717
83 0.4700172562553926
84 0.47886108714408976
85 0.4885677308024159
86 0.49396031061259704
87 0.500862812769629
88 0.5073339085418465
89 0.5122950819672131
90 0.5185504745470233
91 0.5220017256255393
92 0.5282571182053495
93 0.5263157894736842
94 0.5299827437446074
95 0.5360224331320104
96 0.5418464193270061
97 0.5463761863675582
98 0.551337359792925
99 0.5534943917169974
100 0.5601811906816221
101 0.5632010353753235
102 0.5692407247627265
103 0.5720448662640207
104 0.5754961173425367
105 0.5860655737704918
106 0.5936151855047455
107 0.5970664365832614
108 0.5979292493528904
109 0.6054788610871441
110 0.6119499568593615
111 0.6138912855910268
112 0.6130284728213977
113 0.6136755823986195
114 0.6143226919758412
115 0.6201466781708369
116 0.6229508196721312
117 0.6298533218291631
118 0.631578947368421
119 0.633304572907679
120 0.636755823986195
121 0.639344262295082
122 0.6419327006039689
123 0.6473252804141502
124 0.6471095772217429
125 0.6540120793787748
126 0.6598360655737705
127 0.6596203623813632
128 0.6583261432269197
129 0.6563848144952545
130 0.657679033649698
131 0.6656600517687662
132 0.6650129421915444
133 0.6676013805004314
134 0.6691113028472822
135 0.6723468507333908
136 0.6729939603106126
137 0.6712683347713546
138 0.6701898188093184
139 0.6706212251941329
140 0.6693270060396894
141 0.6738567730802416
142 0.6760138050043141
143 0.6822691975841243
144 0.6870146678170836
145 0.6900345125107852
146 0.6902502157031924
147 0.6893874029335634
148 0.6911130284728214
149 0.6891716997411562
150 0.6924072476272649
151 0.6952113891285591
152 0.6995254529767041
153 0.705565142364107
154 0.7040552200172563
155 0.7079378774805867
156 0.7111734253666955
157 0.7135461604831751
158 0.7131147540983607
159 0.7176445211389129
160 0.7178602243313201
161 0.7144089732528042
162 0.7137618636755824
163 0.7204486626402071
164 0.7213114754098361
165 0.724762726488352
166 0.7243313201035375
167 0.7206643658326143
168 0.719585849870578
169 0.7232528041415013
170 0.723037100949094
171 0.7219585849870578
172 0.7297238999137188
173 0.729076790336497
174 0.7292924935289042
175 0.7351164797238999
176 0.7372735116479724
177 0.7366264020707507
178 0.7392148403796376
179 0.743960310612597
180 0.7411561691113029
181 0.7463330457290768
182 0.751725625539258
183 0.747411561691113
184 0.7510785159620362
185 0.7480586712683348
186 0.7495685936151855
187 0.746548748921484
188 0.7456859361518551
189 0.7452545297670405
190 0.7512942191544435
191 0.7515099223468508
192 0.750862812769629
193 0.7627264883520276
194 0.7540983606557377
195 0.7553925798101812
196 0.7579810181190682
197 0.7549611734253667
198 0.75
199 0.7471958584987057
200 0.7512942191544435
201 0.755176876617774
202 0.7601380500431406
203 0.7547454702329595
204 0.7597066436583262
205 0.7549611734253667
206 0.7497842968075927
207 0.7519413287316652
208 0.7502157031924073
209 0.750862812769629
210 0.7512942191544435
211 0.7543140638481449
212 0.75862812769629
213 0.7605694564279551
214 0.7618636755823986
215 0.7642364106988784
216 0.7696289905090595
217 0.7756686798964625
218 0.7741587575496117
219 0.7689818809318378
220 0.7689818809318378
221 0.7767471958584987
222 0.7748058671268335
223 0.774374460742019
224 0.7676876617773943
225 0.7689818809318378
226 0.775237273511648
227 0.772648835202761
228 0.7732959447799828
229 0.771786022433132
230 0.7722174288179465
231 0.7758843830888698
232 0.7761000862812769
233 0.7750215703192407
234 0.7713546160483176
235 0.7741587575496117
236 0.780414150129422
237 0.7773943054357204
238 0.772648835202761
239 0.7773943054357204
240 0.7868852459016393
241 0.7875323554788611
242 0.7890422778257118
243 0.7858067299396031
244 0.7806298533218292
245 0.7737273511647972
246 0.774374460742019
247 0.7754529767040552
248 0.776962899050906
249 0.775237273511648
250 0.7728645383951682
251 0.7741587575496117
252 0.7741587575496117
253 0.7765314926660914
254 0.7739430543572045
255 0.7754529767040552
256 0.774374460742019
257 0.7756686798964625
258 0.776962899050906
259 0.7748058671268335
260 0.7817083692838654
261 0.7851596203623814
262 0.7855910267471958
263 0.7789042277825712
264 0.7795513373597929
265 0.7765314926660914
266 0.7741587575496117
267 0.7780414150129422
268 0.7786885245901639
269 0.7793356341673857
270 0.7767471958584987
271 0.7756686798964625
272 0.7739430543572045
273 0.7704918032786885
274 0.770923209663503
275 0.7728645383951682
276 0.7694132873166523
277 0.775237273511648
278 0.7776100086281277
279 0.7765314926660914
280 0.7754529767040552
281 0.7795513373597929
282 0.7871009490940466
283 0.7842968075927523
284 0.7847282139775669
285 0.7836496980155306
286 0.7780414150129422
287 0.7791199309749784
288 0.7773943054357204
289 0.7771786022433133
290 0.7771786022433133
291 0.7748058671268335
292 0.7730802415875755
293 0.7700603968938741
294 0.7661777394305436
295 0.7681190681622088
296 0.7724331320103538
297 0.7754529767040552
298 0.7702761000862812
299 0.7638050043140638
300 0.7612165660051768
301 0.7670405522001725
302 0.7681190681622088
303 0.7722174288179465
304 0.7739430543572045
305 0.7745901639344263
306 0.7711389128559103
307 0.7715703192407247
308 0.7724331320103538
309 0.7776100086281277
310 0.7793356341673857
311 0.7853753235547886
312 0.7853753235547886
313 0.7862381363244176
314 0.7847282139775669
315 0.7817083692838654
316 0.7830025884383088
317 0.7858067299396031
318 0.7911993097497843
319 0.7791199309749784
320 0.7799827437446074
321 0.7810612597066436
322 0.7823554788610871
323 0.7836496980155306
324 0.7849439171699741
325 0.7918464193270061
326 0.7916307161345988
327 0.7896893874029336
328 0.7942191544434858
329 0.7892579810181191
330 0.7922778257118205
331 0.7892579810181191
332 0.7866695427092321
333 0.7862381363244176
334 0.7834339948231234
335 0.7840811044003452
336 0.7830025884383088
337 0.7892579810181191
338 0.7864538395168249
339 0.7873166522864539
340 0.7845125107851596
341 0.7793356341673857
342 0.7784728213977566
343 0.7793356341673857
344 0.7838654012079379
345 0.7883951682484901
346 0.7830025884383088
347 0.775237273511648
348 0.7748058671268335
349 0.7763157894736842
350 0.7771786022433133
351 0.7801984469370147
352 0.7830025884383088
353 0.7817083692838654
354 0.7810612597066436
355 0.7827868852459017
356 0.7761000862812769
357 0.7758843830888698
358 0.7821397756686799
359 0.7871009490940466
360 0.7855910267471958
361 0.7810612597066436
362 0.777825711820535
363 0.7780414150129422
364 0.7784728213977566
365 0.776962899050906
366 0.7722174288179465
367 0.771786022433132
368 0.775237273511648
369 0.7756686798964625
370 0.7761000862812769
371 0.7814926660914582
372 0.7851596203623814
373 0.7855910267471958
374 0.7851596203623814
375 0.7853753235547886
376 0.7819240724762726
377 0.7786885245901639
378 0.7819240724762726
379 0.7830025884383088
380 0.7862381363244176
381 0.7858067299396031
382 0.7866695427092321
383 0.7911993097497843
384 0.7866695427092321
385 0.7879637618636756
386 0.7871009490940466
387 0.7827868852459017
388 0.7791199309749784
389 0.7814926660914582
390 0.7801984469370147
391 0.7767471958584987
392 0.7754529767040552
393 0.7758843830888698
394 0.7754529767040552
395 0.775237273511648
396 0.7817083692838654
397 0.7838654012079379
398 0.7830025884383088
399 0.7849439171699741
400 0.7855910267471958
401 0.7845125107851596
402 0.7875323554788611
403 0.7860224331320104
404 0.7886108714408974
405 0.7970232959447799
406 0.7993960310612597
407 0.8041415012942191
408 0.797886108714409
409 0.7922778257118205
410 0.790120793787748
411 0.7909836065573771
412 0.7881794650560828
413 0.7886108714408974
414 0.7933563416738568
415 0.793572044866264
416 0.7931406384814496
417 0.7909836065573771
418 0.7983175150992234
419 0.7983175150992234
420 0.7974547023295945
421 0.7946505608283002
422 0.796160483175151
423 0.793572044866264
424 0.7899050905953409
425 0.7849439171699741
426 0.7868852459016393
427 0.7836496980155306
428 0.7758843830888698
429 0.7817083692838654
430 0.7899050905953409
431 0.7881794650560828
432 0.7830025884383088
433 0.7840811044003452
434 0.7832182916307161
435 0.7855910267471958
436 0.7855910267471958
437 0.7886108714408974
438 0.7836496980155306
439 0.7888265746333045
440 0.7924935289042278
441 0.7881794650560828
442 0.7877480586712683
443 0.7881794650560828
444 0.7855910267471958
445 0.7877480586712683
446 0.7827868852459017
447 0.7834339948231234
448 0.7830025884383088
449 0.7853753235547886
450 0.7862381363244176
451 0.7849439171699741
452 0.7877480586712683
453 0.7830025884383088
454 0.7827868852459017
455 0.7819240724762726
456 0.7864538395168249
457 0.7795513373597929
458 0.7825711820534944
459 0.7907679033649698
460 0.7920621225194133
461 0.7877480586712683
462 0.7896893874029336
463 0.7916307161345988
464 0.7886108714408974
465 0.7875323554788611
466 0.7776100086281277
467 0.7827868852459017
468 0.7799827437446074
469 0.7784728213977566
470 0.7801984469370147
471 0.7855910267471958
472 0.7823554788610871
473 0.7834339948231234
474 0.7797670405522001
475 0.7748058671268335
476 0.7786885245901639
477 0.7745901639344263
478 0.7784728213977566
479 0.7810612597066436
480 0.7812769628990509
481 0.7776100086281277
482 0.7808455565142364
483 0.7858067299396031
484 0.7842968075927523
485 0.7832182916307161
486 0.7842968075927523
487 0.7838654012079379
488 0.7786885245901639
489 0.7834339948231234
490 0.7903364969801553
491 0.7836496980155306
492 0.7832182916307161
493 0.7864538395168249
494 0.7853753235547886
495 0.7877480586712683
496 0.7862381363244176
497 0.7851596203623814
498 0.7776100086281277
499 0.777825711820535
500 0.7782571182053495
501 0.7836496980155306
502 0.7832182916307161
503 0.7842968075927523
504 0.7888265746333045
505 0.7918464193270061
506 0.7890422778257118
507 0.7907679033649698
508 0.7875323554788611
509 0.7911993097497843
510 0.7899050905953409
511 0.7918464193270061
512 0.7922778257118205
513 0.7855910267471958
514 0.7871009490940466
515 0.7832182916307161
516 0.7830025884383088
517 0.7866695427092321
518 0.790120793787748
519 0.7955133735979293
520 0.7894736842105263
521 0.7905522001725626
522 0.7864538395168249
523 0.7916307161345988
524 0.7909836065573771
525 0.7834339948231234
526 0.7814926660914582
527 0.7845125107851596
528 0.7864538395168249
529 0.7894736842105263
530 0.790120793787748
531 0.7909836065573771
532 0.7853753235547886
533 0.7830025884383088
534 0.7847282139775669
535 0.7918464193270061
536 0.7929249352890423
537 0.795297670405522
538 0.7899050905953409
539 0.7888265746333045
540 0.7853753235547886
541 0.7810612597066436
542 0.7832182916307161
543 0.7819240724762726
544 0.7821397756686799
545 0.7793356341673857
546 0.7847282139775669
547 0.7838654012079379
548 0.7842968075927523
549 0.7873166522864539
550 0.7873166522864539
551 0.7920621225194133
552 0.7931406384814496
553 0.7957290767903364
554 0.8039257981018119
555 0.8028472821397756
556 0.8037100949094047
557 0.8030629853321829
558 0.8019844693701467
559 0.7959447799827437
560 0.793572044866264
561 0.7996117342536669
562 0.793572044866264
563 0.7905522001725626
564 0.7916307161345988
565 0.7886108714408974
566 0.7890422778257118
567 0.7894736842105263
568 0.7834339948231234
569 0.7834339948231234
570 0.7821397756686799
571 0.7784728213977566
572 0.7732959447799828
573 0.7750215703192407
574 0.7836496980155306
575 0.7789042277825712
576 0.7819240724762726
577 0.7845125107851596
578 0.7860224331320104
579 0.7866695427092321
580 0.7931406384814496
581 0.7907679033649698
582 0.7860224331320104
583 0.7899050905953409
584 0.7892579810181191
585 0.7851596203623814
586 0.7851596203623814
587 0.7875323554788611
588 0.7868852459016393
589 0.7894736842105263
590 0.7922778257118205
591 0.7894736842105263
592 0.7916307161345988
593 0.792709232096635
594 0.7933563416738568
595 0.7957290767903364
596 0.7899050905953409
597 0.7911993097497843
598 0.7894736842105263
599 0.7866695427092321
600 0.7888265746333045
601 0.7849439171699741
602 0.7817083692838654
603 0.7821397756686799
604 0.7817083692838654
605 0.7832182916307161
606 0.7840811044003452
607 0.7890422778257118
608 0.7905522001725626
609 0.7849439171699741
610 0.7868852459016393
611 0.7827868852459017
612 0.7890422778257118
613 0.7896893874029336
614 0.7920621225194133
615 0.7875323554788611
616 0.7909836065573771
617 0.7911993097497843
618 0.7871009490940466
619 0.7836496980155306
620 0.7799827437446074
621 0.7832182916307161
622 0.7886108714408974
623 0.7877480586712683
624 0.7892579810181191
625 0.7886108714408974
626 0.7849439171699741
627 0.7845125107851596
628 0.7871009490940466
629 0.790120793787748
630 0.7851596203623814
631 0.7860224331320104
632 0.7881794650560828
633 0.7886108714408974
634 0.7853753235547886
635 0.7827868852459017
636 0.7793356341673857
637 0.7801984469370147
638 0.7814926660914582
639 0.7786885245901639
640 0.7750215703192407
641 0.7771786022433133
642 0.7834339948231234
643 0.7830025884383088
644 0.7875323554788611
645 0.790120793787748
646 0.7827868852459017
647 0.7808455565142364
648 0.7825711820534944
649 0.7858067299396031
650 0.7916307161345988
651 0.7907679033649698
652 0.7914150129421915
653 0.7868852459016393
654 0.7814926660914582
655 0.7875323554788611
656 0.7896893874029336
657 0.7845125107851596
658 0.7875323554788611
659 0.7916307161345988
660 0.7851596203623814
661 0.7789042277825712
662 0.7776100086281277
663 0.7836496980155306
664 0.7834339948231234
665 0.7799827437446074
666 0.7823554788610871
667 0.7819240724762726
668 0.7877480586712683
669 0.7881794650560828
670 0.7948662640207075
671 0.7942191544434858
672 0.794434857635893
673 0.7922778257118205
674 0.7946505608283002
675 0.7881794650560828
676 0.7877480586712683
677 0.793572044866264
678 0.7965918895599655
679 0.7929249352890423
680 0.792709232096635
681 0.7970232959447799
682 0.8019844693701467
683 0.7993960310612597
684 0.7950819672131147
685 0.7998274374460742
686 0.7920621225194133
687 0.7909836065573771
688 0.790120793787748
689 0.7905522001725626
690 0.7914150129421915
691 0.7862381363244176
692 0.7881794650560828
693 0.7825711820534944
694 0.7855910267471958
695 0.7849439171699741
696 0.7879637618636756
697 0.7903364969801553
698 0.7855910267471958
699 0.776962899050906
700 0.7782571182053495
