1 0.0004314063848144953
2 0.0006471095772217428
3 0.0006471095772217428
4 0.0006471095772217428
5 0.0008628127696289905
6 0.0010785159620362382
7 0.0010785159620362382
8 0.0012942191544434857
9 0.0012942191544434857
10 0.0010785159620362382
11 0.0012942191544434857
12 0.0012942191544434857
13 0.0015099223468507334
14 0.0012942191544434857
15 0.0012942191544434857
16 0.0015099223468507334
17 0.001725625539257981
18 0.0019413287316652286
19 0.0021570319240724763
20 0.0021570319240724763
21 0.002372735116479724
22 0.0028041415012942193
23 0.0030198446937014668
24 0.0032355478861087143
25 0.0032355478861087143
26 0.0032355478861087143
27 0.004098360655737705
28 0.004098360655737705
29 0.004314063848144953
30 0.0045297670405522
31 0.004961173425366695
32 0.006255392579810181
33 0.006902502157031924
34 0.007118205349439172
35 0.007118205349439172
36 0.007549611734253667
37 0.0090595340811044
38 0.010353753235547885
39 0.00992234685073339
40 0.009706643658326143
41 0.010353753235547885
42 0.012079378774805867
43 0.01186367558239862
44 0.013157894736842105
45 0.013589301121656601
46 0.014883520276100086
47 0.015962036238136326
48 0.015962036238136326
49 0.016824849007765316
50 0.018766177739430543
51 0.01984469370146678
52 0.023080241587575497
53 0.023080241587575497
54 0.023943054357204487
55 0.024158757549611734
56 0.024158757549611734
57 0.025021570319240724
58 0.025668679896462467
59 0.027178602243313203
60 0.029767040552200173
61 0.031708369283865404
62 0.03451251078515962
63 0.03537532355478861
64 0.03710094909404659
65 0.03817946505608283
66 0.040983606557377046
67 0.04378774805867127
68 0.04723899913718723
69 0.04874892148403796
70 0.05090595340811044
71 0.050258843830888696
72 0.05176876617773943
73 0.05371009490940466
74 0.05586712683347714
75 0.057808455565142365
76 0.06061259706643658
77 0.06233822260569456
78 0.06449525452976704
79 0.0675150992234685
80 0.06816220880069025
81 0.07182916307161347
82 0.07398619499568594
83 0.07571182053494392
84 0.07679033649698015
85 0.08024158757549611
86 0.08175150992234685
87 0.0856341673856773
88 0.08886971527178603
89 0.09339948231233822
90 0.0964193270060397
91 0.09814495254529768
92 0.10051768766177739
93 0.10245901639344263
94 0.10893011216566005
95 0.11087144089732529
96 0.11432269197584125
97 0.11949956859361519
98 0.12467644521138913
99 0.1300690250215703
100 0.13546160483175151
101 0.14171699741156168
102 0.14559965487489215
103 0.15099223468507333
104 0.15638481449525454
105 0.16026747195858498
106 0.16393442622950818
107 0.17083692838654013
108 0.18226919758412424
109 0.18874029335634168
110 0.19499568593615185
111 0.20362381363244175
112 0.2051337359792925
113 0.21031061259706643
114 0.21893874029335633
115 0.22303710094909404
116 0.23339085418464192
117 0.24309749784296808
118 0.250862812769629
119 0.2599223468507334
120 0.26941328731665226
121 0.2789042277825712
122 0.2830025884383089
123 0.296160483175151
124 0.3030629853321829
125 0.3114754098360656
126 0.3216134598792062
127 0.3254961173425367
128 0.3323986194995686
129 0.34339948231233824
130 0.35202761000862814
131 0.3604400345125108
132 0.36065573770491804
133 0.36647972389991373
134 0.3768334771354616
135 0.3843830888697153
136 0.38912855910267474
137 0.3975409836065574
138 0.40185504745470235
139 0.4074633304572908
140 0.41652286453839515
141 0.4262295081967213
142 0.432053494391717
143 0.43507333908541845
144 0.44456427955133737
145 0.4469370146678171
146 0.4588006902502157
147 0.46225194132873165
148 0.47088006902502155
149 0.4702329594477998
150 0.47346850733390855
151 0.477351164797239
152 0.4883520276100086
153 0.49223468507333906
154 0.49633304572907677
155 0.5023727351164797
156 0.5092752372735116
157 0.5105694564279551
158 0.5200603968938741
159 0.5263157894736842
160 0.5271786022433133
161 0.5319240724762726
162 0.5349439171699741
163 0.5431406384814496
164 0.5476704055220017
165 0.5506902502157032
166 0.5528472821397756
167 0.5560828300258844
168 0.5562985332182916
169 0.5616911130284729
170 0.5664365832614323
171 0.5591026747195859
172 0.5685936151855048
173 0.5701035375323554
174 0.5737704918032787
175 0.5793787748058671
176 0.5858498705780846
177 0.594909404659189
178 0.5990077653149266
179 0.609792924935289
180 0.6128127696289906
181 0.614969801553063
182 0.6197152717860225
183 0.6162640207075065
184 0.6182053494391717
185 0.6214408973252804
186 0.6235979292493529
187 0.6298533218291631
188 0.6313632441760139
189 0.6337359792924935
190 0.6363244176013805
191 0.6434426229508197
192 0.6488352027610008
193 0.6516393442622951
194 0.6522864538395168
195 0.6587575496117343
196 0.659404659188956
197 0.6626402070750647
198 0.6626402070750647
199 0.6630716134598792
200 0.6688955996548749
201 0.6734253666954271
202 0.6747195858498706
203 0.6788179465056083
204 0.6805435720448663
205 0.6861518550474547
206 0.685504745470233
207 0.6790336496980155
208 0.6880931837791199
209 0.6937014667817084
210 0.6982312338222606
211 0.6965056082830026
212 0.704702329594478
213 0.7062122519413288
214 0.7075064710957722
215 0.6993097497842968
216 0.6967213114754098
217 0.6977998274374461
218 0.7027610008628128
219 0.7006039689387403
220 0.6984469370146679
221 0.705565142364107
222 0.709879206212252
223 0.7157031924072477
224 0.7180759275237274
225 0.7146246764452114
226 0.7275668679896462
227 0.727351164797239
228 0.7318809318377912
229 0.7286453839516824
230 0.7288610871440897
231 0.7217428817946505
232 0.7267040552200172
233 0.7310181190681622
234 0.7359792924935289
235 0.7424503882657464
236 0.7428817946505608
237 0.7418032786885246
238 0.7433132010353753
239 0.748274374460742
240 0.7478429680759275
241 0.748274374460742
242 0.7502157031924073
243 0.7478429680759275
244 0.744823123382226
245 0.7424503882657464
246 0.7364106988783434
247 0.7383520276100086
248 0.7381363244176014
249 0.74137187230371
250 0.7441760138050043
251 0.749137187230371
252 0.7532355478861087
253 0.7510785159620362
254 0.7512942191544435
255 0.7521570319240725
256 0.7528041415012943
257 0.7530198446937014
258 0.7446074201898188
259 0.7463330457290768
260 0.7418032786885246
261 0.7381363244176014
262 0.7374892148403797
263 0.7418032786885246
264 0.7415875754961173
265 0.7435289042277826
266 0.7459016393442623
267 0.7528041415012943
268 0.7495685936151855
269 0.7476272648835203
270 0.750862812769629
271 0.7510785159620362
272 0.7515099223468508
273 0.7577653149266609
274 0.7569025021570319
275 0.7588438308886971
276 0.7553925798101812
277 0.7575496117342536
278 0.7538826574633305
279 0.7536669542709232
280 0.7569025021570319
281 0.7584124245038827
282 0.7573339085418465
283 0.756039689387403
284 0.7564710957722174
285 0.7467644521138913
286 0.7461173425366695
287 0.746548748921484
288 0.7495685936151855
289 0.7523727351164797
290 0.7629421915444349
291 0.7653149266609146
292 0.7562553925798102
293 0.7599223468507333
294 0.7594909404659189
295 0.7633735979292493
296 0.7676876617773943
297 0.7672562553925798
298 0.7655306298533219
299 0.7711389128559103
300 0.7685504745470233
301 0.7650992234685073
302 0.7670405522001725
303 0.7679033649698016
304 0.7707075064710958
305 0.7720017256255393
306 0.7661777394305436
307 0.7642364106988784
308 0.7627264883520276
309 0.7571182053494392
310 0.7610008628127696
311 0.7679033649698016
312 0.7698446937014668
313 0.769197584124245
314 0.7653149266609146
315 0.7689818809318378
316 0.7681190681622088
317 0.7732959447799828
318 0.777825711820535
319 0.777825711820535
320 0.7756686798964625
321 0.777825711820535
322 0.7808455565142364
323 0.780414150129422
324 0.7756686798964625
325 0.7732959447799828
326 0.7799827437446074
327 0.7767471958584987
328 0.7845125107851596
329 0.7838654012079379
330 0.7799827437446074
331 0.7791199309749784
332 0.7799827437446074
333 0.7851596203623814
334 0.7817083692838654
335 0.7845125107851596
336 0.7791199309749784
337 0.7827868852459017
338 0.7877480586712683
339 0.792709232096635
340 0.7914150129421915
341 0.7924935289042278
342 0.7886108714408974
343 0.790120793787748
344 0.7849439171699741
345 0.7860224331320104
346 0.7864538395168249
347 0.7858067299396031
348 0.7823554788610871
349 0.7789042277825712
350 0.7819240724762726
351 0.7791199309749784
352 0.7821397756686799
353 0.7858067299396031
354 0.7836496980155306
355 0.7836496980155306
356 0.7849439171699741
357 0.7799827437446074
358 0.7780414150129422
359 0.7765314926660914
360 0.7696289905090595
361 0.7728645383951682
362 0.7720017256255393
363 0.768334771354616
364 0.7732959447799828
365 0.7776100086281277
366 0.7758843830888698
367 0.7750215703192407
368 0.770923209663503
369 0.7741587575496117
370 0.7806298533218292
371 0.7797670405522001
372 0.7761000862812769
373 0.7741587575496117
374 0.7776100086281277
375 0.7847282139775669
376 0.7765314926660914
377 0.7732959447799828
378 0.7817083692838654
379 0.7791199309749784
380 0.7849439171699741
381 0.7832182916307161
382 0.7858067299396031
383 0.7836496980155306
384 0.7821397756686799
385 0.780414150129422
386 0.7838654012079379
387 0.7842968075927523
388 0.7840811044003452
389 0.7797670405522001
390 0.7784728213977566
391 0.777825711820535
392 0.7767471958584987
393 0.7724331320103538
394 0.776962899050906
395 0.7713546160483176
396 0.7745901639344263
397 0.774374460742019
398 0.7739430543572045
399 0.7745901639344263
400 0.7687661777394306
401 0.7681190681622088
402 0.7696289905090595
403 0.772648835202761
404 0.7704918032786885
405 0.7689818809318378
406 0.7737273511647972
407 0.7732959447799828
408 0.777825711820535
409 0.771786022433132
410 0.7784728213977566
411 0.7767471958584987
412 0.7793356341673857
413 0.7765314926660914
414 0.7780414150129422
415 0.7789042277825712
416 0.7780414150129422
417 0.776962899050906
418 0.7758843830888698
419 0.7728645383951682
420 0.776962899050906
421 0.7784728213977566
422 0.7771786022433133
423 0.7758843830888698
424 0.775237273511648
425 0.7776100086281277
426 0.7797670405522001
427 0.7817083692838654
428 0.7795513373597929
429 0.7748058671268335
430 0.7786885245901639
431 0.7773943054357204
432 0.7761000862812769
433 0.7795513373597929
434 0.7763157894736842
435 0.7823554788610871
436 0.7827868852459017
437 0.7871009490940466
438 0.7890422778257118
439 0.7905522001725626
440 0.7883951682484901
441 0.7862381363244176
442 0.7851596203623814
443 0.7838654012079379
444 0.7765314926660914
445 0.771786022433132
446 0.7698446937014668
447 0.768334771354616
448 0.7679033649698016
449 0.7728645383951682
450 0.7739430543572045
451 0.772648835202761
452 0.7789042277825712
453 0.7836496980155306
454 0.7722174288179465
455 0.7681190681622088
456 0.769197584124245
457 0.7702761000862812
458 0.7730802415875755
459 0.7685504745470233
460 0.7696289905090595
461 0.7696289905090595
462 0.7672562553925798
463 0.7676876617773943
464 0.774374460742019
465 0.7748058671268335
466 0.7724331320103538
467 0.7748058671268335
468 0.7773943054357204
469 0.7791199309749784
470 0.7810612597066436
471 0.7780414150129422
472 0.7786885245901639
473 0.7832182916307161
474 0.7801984469370147
475 0.7858067299396031
476 0.7888265746333045
477 0.7847282139775669
478 0.7771786022433133
479 0.7771786022433133
480 0.7773943054357204
481 0.7810612597066436
482 0.7808455565142364
483 0.780414150129422
484 0.7814926660914582
485 0.7765314926660914
486 0.7797670405522001
487 0.776962899050906
488 0.7784728213977566
489 0.7771786022433133
490 0.7786885245901639
491 0.7812769628990509
492 0.7827868852459017
493 0.7875323554788611
494 0.7840811044003452
495 0.7827868852459017
496 0.7868852459016393
497 0.7858067299396031
498 0.7899050905953409
499 0.7801984469370147
500 0.780414150129422
501 0.780414150129422
502 0.7836496980155306
503 0.7823554788610871
504 0.7814926660914582
505 0.7840811044003452
506 0.7864538395168249
507 0.7784728213977566
508 0.7793356341673857
509 0.7881794650560828
510 0.7911993097497843
511 0.795297670405522
512 0.7905522001725626
513 0.7825711820534944
514 0.7763157894736842
515 0.7761000862812769
516 0.7780414150129422
517 0.7748058671268335
518 0.77351164797239
519 0.7698446937014668
520 0.7720017256255393
521 0.7767471958584987
522 0.7679033649698016
523 0.7711389128559103
524 0.7704918032786885
525 0.7773943054357204
526 0.7793356341673857
527 0.7765314926660914
528 0.7825711820534944
529 0.7810612597066436
530 0.7776100086281277
531 0.7763157894736842
532 0.7808455565142364
533 0.7853753235547886
534 0.7866695427092321
535 0.7821397756686799
536 0.7793356341673857
537 0.7864538395168249
538 0.7838654012079379
539 0.7892579810181191
540 0.7924935289042278
541 0.7886108714408974
542 0.7866695427092321
543 0.7903364969801553
544 0.7868852459016393
545 0.7879637618636756
546 0.7840811044003452
547 0.7937877480586712
548 0.7914150129421915
549 0.7937877480586712
550 0.796160483175151
551 0.7907679033649698
552 0.7922778257118205
553 0.7868852459016393
554 0.7896893874029336
555 0.7974547023295945
556 0.7907679033649698
557 0.7907679033649698
558 0.7883951682484901
559 0.7924935289042278
560 0.7922778257118205
561 0.798748921484038
562 0.7933563416738568
563 0.7950819672131147
564 0.7905522001725626
565 0.7881794650560828
566 0.7890422778257118
567 0.7950819672131147
568 0.790120793787748
569 0.7937877480586712
570 0.7896893874029336
571 0.7899050905953409
572 0.7868852459016393
573 0.7860224331320104
574 0.7834339948231234
575 0.7858067299396031
576 0.7864538395168249
577 0.7793356341673857
578 0.7819240724762726
579 0.7864538395168249
580 0.7836496980155306
581 0.7823554788610871
582 0.7862381363244176
583 0.7845125107851596
584 0.7860224331320104
585 0.7851596203623814
586 0.7871009490940466
587 0.7888265746333045
588 0.7877480586712683
589 0.7924935289042278
590 0.7860224331320104
591 0.7817083692838654
592 0.7862381363244176
593 0.7860224331320104
594 0.7836496980155306
595 0.7858067299396031
596 0.7883951682484901
597 0.7905522001725626
598 0.7948662640207075
599 0.8004745470232959
600 0.7929249352890423
601 0.793572044866264
602 0.7918464193270061
603 0.7946505608283002
604 0.7991803278688525
605 0.794434857635893
606 0.7989646246764452
607 0.7996117342536669
608 0.7950819672131147
609 0.7886108714408974
610 0.7946505608283002
611 0.7963761863675582
612 0.7920621225194133
613 0.7909836065573771
614 0.7922778257118205
615 0.7942191544434858
616 0.7894736842105263
617 0.7873166522864539
618 0.7888265746333045
619 0.7886108714408974
620 0.7920621225194133
621 0.7886108714408974
622 0.7903364969801553
623 0.7879637618636756
624 0.7886108714408974
625 0.7922778257118205
626 0.7924935289042278
627 0.7892579810181191
628 0.7827868852459017
629 0.7840811044003452
630 0.7830025884383088
631 0.7827868852459017
632 0.7871009490940466
633 0.7903364969801553
634 0.7946505608283002
635 0.7970232959447799
636 0.7985332182916307
637 0.792709232096635
638 0.7903364969801553
639 0.7940034512510785
640 0.8050043140638481
641 0.798748921484038
642 0.8022001725625539
643 0.8050043140638481
644 0.8022001725625539
645 0.8017687661777394
646 0.8037100949094047
647 0.8030629853321829
648 0.7991803278688525
649 0.796160483175151
650 0.7983175150992234
651 0.8043572044866264
652 0.7946505608283002
653 0.7972389991371872
654 0.8080241587575496
655 0.801337359792925
656 0.8054357204486626
657 0.8043572044866264
658 0.8004745470232959
659 0.7888265746333045
660 0.7886108714408974
661 0.7883951682484901
662 0.7911993097497843
663 0.7907679033649698
664 0.7864538395168249
665 0.7832182916307161
666 0.7825711820534944
667 0.7855910267471958
668 0.7864538395168249
669 0.7903364969801553
670 0.7903364969801553
671 0.7922778257118205
672 0.7899050905953409
673 0.7942191544434858
674 0.7905522001725626
675 0.7931406384814496
676 0.7836496980155306
677 0.7845125107851596
678 0.7918464193270061
679 0.7955133735979293
680 0.7970232959447799
681 0.7950819672131147
682 0.7907679033649698
683 0.7879637618636756
684 0.7886108714408974
685 0.7879637618636756
686 0.7933563416738568
687 0.7847282139775669
688 0.7845125107851596
689 0.7871009490940466
690 0.7855910267471958
691 0.7823554788610871
692 0.7830025884383088
693 0.7868852459016393
694 0.7845125107851596
695 0.7855910267471958
696 0.7916307161345988
697 0.790120793787748
698 0.7896893874029336
699 0.7879637618636756
700 0.792709232096635
