1 0.0004314063848144953
2 0.0006471095772217428
3 0.0004314063848144953
4 0.0004314063848144953
5 0.0004314063848144953
6 0.0004314063848144953
7 0.0004314063848144953
8 0.0004314063848144953
9 0.0004314063848144953
10 0.0004314063848144953
11 0.0004314063848144953
12 0.0004314063848144953
13 0.00021570319240724764
14 0.00021570319240724764
15 0.0006471095772217428
16 0.0008628127696289905
17 0.0008628127696289905
18 0.0012942191544434857
19 0.0012942191544434857
20 0.001725625539257981
21 0.0019413287316652286
22 0.0019413287316652286
23 0.001725625539257981
24 0.001725625539257981
25 0.002372735116479724
26 0.0028041415012942193
27 0.0030198446937014668
28 0.0032355478861087143
29 0.0032355478861087143
30 0.004745470232959448
31 0.005392579810181191
32 0.0056082830025884385
33 0.0056082830025884385
34 0.006255392579810181
35 0.0064710957722174285
36 0.007333908541846419
37 0.007765314926660914
38 0.00992234685073339
39 0.010785159620362382
40 0.012295081967213115
41 0.01272648835202761
42 0.014236410698878344
43 0.014020707506471096
44 0.015099223468507334
45 0.014452113891285591
46 0.016609145815358068
47 0.0181190681622088
48 0.01984469370146678
49 0.021354616048317517
50 0.02178602243313201
51 0.02286453839516825
52 0.022433132010353754
53 0.023080241587575497
54 0.025021570319240724
55 0.02523727351164797
56 0.02610008628127696
57 0.02825711820534944
58 0.030414150129421915
59 0.0321397756686799
60 0.03364969801553063
61 0.03472821397756687
62 0.035806729939603106
63 0.037748058671268334
64 0.040983606557377046
65 0.04184641932700604
66 0.04314063848144953
67 0.04551337359792925
68 0.04961173425366695
69 0.051984469370146676
70 0.05327868852459016
71 0.05457290767903365
72 0.05565142364106989
73 0.058671268334771355
74 0.05910267471958585
75 0.06233822260569456
76 0.06557377049180328
77 0.06557377049180328
78 0.06967213114754098
79 0.07161345987920621
80 0.07312338222605695
81 0.07571182053494392
82 0.08132010353753236
83 0.08541846419327007
84 0.08735979292493529
85 0.09188955996548749
86 0.09404659188955997
87 0.09857635893011217
88 0.10224331320103537
89 0.10806729939603106
90 0.11044003451251079
91 0.1128127696289905
92 0.11755823986194995
93 0.12036238136324418
94 0.12510785159620363
95 0.1285591026747196
96 0.13330457290767903
97 0.13826574633304572
98 0.1421484037963762
99 0.14473684210526316
100 0.1499137187230371
101 0.15703192407247626
102 0.1630716134598792
103 0.1643658326143227
104 0.16889559965487488
105 0.1762295081967213
106 0.1816220880069025
107 0.18679896462467643
108 0.1893874029335634
109 0.19370146678170838
110 0.1993097497842968
111 0.20750647109577222
112 0.2128990509059534
113 0.21980155306298532
114 0.22411561691113027
115 0.22713546160483175
116 0.23166522864538394
117 0.23382226056945643
118 0.2372735116479724
119 0.24439171699741155
120 0.2556082830025884
121 0.26509922346850734
122 0.2713546160483175
123 0.27955133735979293
124 0.28235547886108714
125 0.2862381363244176
126 0.294434857635893
127 0.296160483175151
128 0.29788610871440896
129 0.3056514236410699
130 0.31514236410698876
131 0.3172993960310613
132 0.3237704918032787
133 0.33132010353753233
134 0.3418895599654875
135 0.3468507333908542
136 0.35526315789473684
137 0.36216566005176876
138 0.3673425366695427
139 0.3677739430543572
140 0.3731665228645384
141 0.38071613459879206
142 0.3869715271786022
143 0.3984037963761864
144 0.40767903364969804
145 0.41199309749784296
146 0.4227782571182053
147 0.4255823986194996
148 0.430327868852459
149 0.43313201035375326
150 0.4385245901639344
151 0.44585849870578087
152 0.4488783433994823
153 0.45491803278688525
154 0.45448662640207077
155 0.4598792062122519
156 0.4682916307161346
157 0.4829594477998274
158 0.48339085418464195
159 0.48899913718723037
160 0.49611734253666956
161 0.5021570319240725
162 0.501725625539258
163 0.5040983606557377
164 0.505176876617774
165 0.5094909404659189
166 0.5122950819672131
167 0.5202761000862812
168 0.5280414150129422
169 0.5319240724762726
170 0.5349439171699741
171 0.5381794650560828
172 0.5390422778257118
173 0.5409836065573771
174 0.5474547023295945
175 0.551337359792925
176 0.5550043140638481
177 0.558455565142364
178 0.5586712683347713
179 0.5657894736842105
180 0.573123382226057
181 0.5785159620362381
182 0.5830457290767903
183 0.5841242450388265
184 0.5899482312338222
185 0.6013805004314063
186 0.6009490940465919
187 0.6031061259706644
188 0.6061259706643658
189 0.6063416738567731
190 0.6125970664365833
191 0.6207937877480587
192 0.6233822260569456
193 0.6266177739430544
194 0.6251078515962036
195 0.6276962899050906
196 0.6309318377911993
197 0.6335202761000863
198 0.6365401207937877
199 0.6378343399482312
200 0.6399913718723037
201 0.6423641069887834
202 0.6421484037963762
203 0.6462467644521139
204 0.6509922346850734
205 0.6512079378774805
206 0.655090595340811
207 0.6598360655737705
208 0.6568162208800691
209 0.6574633304572908
210 0.6609145815358067
211 0.6652286453839517
212 0.6676013805004314
213 0.6712683347713546
214 0.6695427092320967
215 0.6764452113891286
216 0.67946505608283
217 0.6872303710094909
218 0.6930543572044866
219 0.6919758412424504
220 0.6984469370146679
221 0.7016824849007766
222 0.7016824849007766
223 0.7062122519413288
224 0.7096635030198447
225 0.7150560828300259
226 0.7191544434857636
227 0.7178602243313201
228 0.7236842105263158
229 0.7174288179465056
230 0.7191544434857636
231 0.7152717860224331
232 0.7144089732528042
233 0.7165660051768766
234 0.7187230371009491
235 0.7154874892148404
236 0.709879206212252
237 0.7157031924072477
238 0.7172131147540983
239 0.7165660051768766
240 0.7226056945642796
241 0.7318809318377912
242 0.7320966350301984
243 0.7279982743744607
244 0.7271354616048318
245 0.7305867126833477
246 0.7374892148403797
247 0.7349007765314927
248 0.7402933563416738
249 0.7426660914581535
250 0.7312338222605694
251 0.7320966350301984
252 0.7364106988783434
253 0.7338222605694564
254 0.7359792924935289
255 0.7377049180327869
256 0.747411561691113
257 0.7476272648835203
258 0.7426660914581535
259 0.7398619499568594
260 0.7372735116479724
261 0.7389991371872304
262 0.7379206212251941
263 0.7379206212251941
264 0.7368421052631579
265 0.7400776531492667
266 0.7433132010353753
267 0.7476272648835203
268 0.7446074201898188
269 0.7398619499568594
270 0.7418032786885246
271 0.7450388265746333
272 0.7441760138050043
273 0.7441760138050043
274 0.7361949956859362
275 0.7366264020707507
276 0.7392148403796376
277 0.7480586712683348
278 0.7433132010353753
279 0.7489214840379638
280 0.755176876617774
281 0.753451251078516
282 0.7510785159620362
283 0.7515099223468508
284 0.7543140638481449
285 0.7549611734253667
286 0.7523727351164797
287 0.752588438308887
288 0.7629421915444349
289 0.7650992234685073
290 0.7720017256255393
291 0.7758843830888698
292 0.7713546160483176
293 0.7750215703192407
294 0.7707075064710958
295 0.7711389128559103
296 0.7745901639344263
297 0.7728645383951682
298 0.7748058671268335
299 0.7782571182053495
300 0.7745901639344263
301 0.7707075064710958
302 0.7702761000862812
303 0.7715703192407247
304 0.770923209663503
305 0.7728645383951682
306 0.7696289905090595
307 0.7650992234685073
308 0.7666091458153581
309 0.7713546160483176
310 0.7730802415875755
311 0.7679033649698016
312 0.7724331320103538
313 0.768334771354616
314 0.7655306298533219
315 0.7631578947368421
316 0.7674719585849871
317 0.7704918032786885
318 0.7732959447799828
319 0.7763157894736842
320 0.77351164797239
321 0.7737273511647972
322 0.7700603968938741
323 0.7773943054357204
324 0.774374460742019
325 0.7707075064710958
326 0.7720017256255393
327 0.7646678170836928
328 0.7679033649698016
329 0.7689818809318378
330 0.7728645383951682
331 0.7722174288179465
332 0.7685504745470233
333 0.769197584124245
334 0.7715703192407247
335 0.770923209663503
336 0.7698446937014668
337 0.7741587575496117
338 0.7765314926660914
339 0.7748058671268335
340 0.7715703192407247
341 0.7696289905090595
342 0.7670405522001725
343 0.7668248490077653
344 0.7689818809318378
345 0.7616479723899914
346 0.7607851596203624
347 0.7642364106988784
348 0.7584124245038827
349 0.7650992234685073
350 0.7694132873166523
351 0.772648835202761
352 0.7748058671268335
353 0.777825711820535
354 0.7795513373597929
355 0.7812769628990509
356 0.7892579810181191
357 0.7883951682484901
358 0.7868852459016393
359 0.7795513373597929
360 0.7771786022433133
361 0.7808455565142364
362 0.7827868852459017
363 0.7789042277825712
364 0.7812769628990509
365 0.7782571182053495
366 0.7765314926660914
367 0.7756686798964625
368 0.7758843830888698
369 0.7789042277825712
370 0.7786885245901639
371 0.7812769628990509
372 0.7801984469370147
373 0.7883951682484901
374 0.7892579810181191
375 0.7860224331320104
376 0.7830025884383088
377 0.7799827437446074
378 0.7737273511647972
379 0.7786885245901639
380 0.7793356341673857
381 0.7758843830888698
382 0.775237273511648
383 0.7763157894736842
384 0.7696289905090595
385 0.7707075064710958
386 0.7694132873166523
387 0.7663934426229508
388 0.7672562553925798
389 0.7674719585849871
390 0.7644521138912856
391 0.7720017256255393
392 0.7739430543572045
393 0.7745901639344263
394 0.7711389128559103
395 0.7748058671268335
396 0.7780414150129422
397 0.7724331320103538
398 0.7776100086281277
399 0.7780414150129422
400 0.7836496980155306
401 0.7836496980155306
402 0.7855910267471958
403 0.7866695427092321
404 0.7838654012079379
405 0.7858067299396031
406 0.7814926660914582
407 0.7821397756686799
408 0.7842968075927523
409 0.7864538395168249
410 0.7864538395168249
411 0.7806298533218292
412 0.7853753235547886
413 0.7860224331320104
414 0.7905522001725626
415 0.790120793787748
416 0.7922778257118205
417 0.7989646246764452
418 0.7991803278688525
419 0.790120793787748
420 0.7890422778257118
421 0.7866695427092321
422 0.7922778257118205
423 0.7845125107851596
424 0.7866695427092321
425 0.7862381363244176
426 0.7855910267471958
427 0.7812769628990509
428 0.7827868852459017
429 0.7808455565142364
430 0.7756686798964625
431 0.7817083692838654
432 0.7806298533218292
433 0.7840811044003452
434 0.7838654012079379
435 0.7834339948231234
436 0.7879637618636756
437 0.7840811044003452
438 0.7827868852459017
439 0.7855910267471958
440 0.7868852459016393
441 0.7819240724762726
442 0.7834339948231234
443 0.7855910267471958
444 0.7864538395168249
445 0.7855910267471958
446 0.7810612597066436
447 0.7842968075927523
448 0.7909836065573771
449 0.7877480586712683
450 0.7881794650560828
451 0.7899050905953409
452 0.7981018119068162
453 0.7970232959447799
454 0.797886108714409
455 0.7931406384814496
456 0.7924935289042278
457 0.7937877480586712
458 0.801337359792925
459 0.8011216566005177
460 0.8039257981018119
461 0.8045729076790337
462 0.8002588438308887
463 0.7950819672131147
464 0.7890422778257118
465 0.7853753235547886
466 0.7862381363244176
467 0.7853753235547886
468 0.7886108714408974
469 0.7937877480586712
470 0.7903364969801553
471 0.7942191544434858
472 0.7929249352890423
473 0.7918464193270061
474 0.7985332182916307
475 0.7946505608283002
476 0.7862381363244176
477 0.7911993097497843
478 0.7918464193270061
479 0.7946505608283002
480 0.8045729076790337
481 0.7993960310612597
482 0.7890422778257118
483 0.7875323554788611
484 0.7840811044003452
485 0.7825711820534944
486 0.7819240724762726
487 0.7793356341673857
488 0.7782571182053495
489 0.7793356341673857
490 0.780414150129422
491 0.776962899050906
492 0.7784728213977566
493 0.7750215703192407
494 0.7715703192407247
495 0.7758843830888698
496 0.7819240724762726
497 0.780414150129422
498 0.7761000862812769
499 0.7817083692838654
500 0.7842968075927523
501 0.7830025884383088
502 0.7836496980155306
503 0.7780414150129422
504 0.7741587575496117
505 0.7761000862812769
506 0.7830025884383088
507 0.777825711820535
508 0.7907679033649698
509 0.7890422778257118
510 0.7877480586712683
511 0.7881794650560828
512 0.7845125107851596
513 0.7849439171699741
514 0.7888265746333045
515 0.7842968075927523
516 0.7847282139775669
517 0.7823554788610871
518 0.7866695427092321
519 0.7832182916307161
520 0.7771786022433133
521 0.7851596203623814
522 0.7858067299396031
523 0.7918464193270061
524 0.7888265746333045
525 0.7907679033649698
526 0.7905522001725626
527 0.7916307161345988
528 0.7875323554788611
529 0.7866695427092321
530 0.7894736842105263
531 0.7905522001725626
532 0.7888265746333045
533 0.7879637618636756
534 0.7881794650560828
535 0.7894736842105263
536 0.7892579810181191
537 0.7842968075927523
538 0.7823554788610871
539 0.7834339948231234
540 0.7823554788610871
541 0.7812769628990509
542 0.7821397756686799
543 0.7750215703192407
544 0.772648835202761
545 0.7765314926660914
546 0.77351164797239
547 0.775237273511648
548 0.7825711820534944
549 0.7799827437446074
550 0.7851596203623814
551 0.7842968075927523
552 0.7786885245901639
553 0.7830025884383088
554 0.7799827437446074
555 0.7814926660914582
556 0.7827868852459017
557 0.7864538395168249
558 0.7860224331320104
559 0.7875323554788611
560 0.7914150129421915
561 0.7847282139775669
562 0.7817083692838654
563 0.7810612597066436
564 0.7851596203623814
565 0.7894736842105263
566 0.7905522001725626
567 0.7909836065573771
568 0.7892579810181191
569 0.7905522001725626
570 0.7911993097497843
571 0.7940034512510785
572 0.7972389991371872
573 0.792709232096635
574 0.7920621225194133
575 0.7924935289042278
576 0.7940034512510785
577 0.7894736842105263
578 0.7830025884383088
579 0.7817083692838654
580 0.7821397756686799
581 0.7754529767040552
582 0.776962899050906
583 0.780414150129422
584 0.7821397756686799
585 0.7786885245901639
586 0.7745901639344263
587 0.7799827437446074
588 0.7793356341673857
589 0.7789042277825712
590 0.7858067299396031
591 0.7793356341673857
592 0.7797670405522001
593 0.7793356341673857
594 0.7786885245901639
595 0.7862381363244176
596 0.7948662640207075
597 0.7922778257118205
598 0.7909836065573771
599 0.7907679033649698
600 0.7864538395168249
601 0.7849439171699741
602 0.7808455565142364
603 0.7849439171699741
604 0.7851596203623814
605 0.7888265746333045
606 0.7899050905953409
607 0.7916307161345988
608 0.7842968075927523
609 0.7892579810181191
610 0.7877480586712683
611 0.7858067299396031
612 0.7873166522864539
613 0.7834339948231234
614 0.7864538395168249
615 0.7890422778257118
616 0.7914150129421915
617 0.7907679033649698
618 0.7950819672131147
619 0.7940034512510785
620 0.795297670405522
621 0.7922778257118205
622 0.796160483175151
623 0.7965918895599655
624 0.7991803278688525
625 0.796160483175151
626 0.796160483175151
627 0.7991803278688525
628 0.8015530629853321
629 0.792709232096635
630 0.7972389991371872
631 0.7959447799827437
632 0.7931406384814496
633 0.7924935289042278
634 0.7972389991371872
635 0.7965918895599655
636 0.795297670405522
637 0.7931406384814496
638 0.7974547023295945
639 0.794434857635893
640 0.7968075927523728
641 0.7946505608283002
642 0.7920621225194133
643 0.7918464193270061
644 0.7907679033649698
645 0.7886108714408974
646 0.7894736842105263
647 0.7937877480586712
648 0.797886108714409
649 0.801337359792925
650 0.798748921484038
651 0.7974547023295945
652 0.7942191544434858
653 0.7886108714408974
654 0.7907679033649698
655 0.795297670405522
656 0.7907679033649698
657 0.7903364969801553
658 0.7883951682484901
659 0.7862381363244176
660 0.7903364969801553
661 0.792709232096635
662 0.7914150129421915
663 0.7864538395168249
664 0.7851596203623814
665 0.7832182916307161
666 0.7871009490940466
667 0.7864538395168249
668 0.7888265746333045
669 0.7903364969801553
670 0.7892579810181191
671 0.7877480586712683
672 0.7793356341673857
673 0.7858067299396031
674 0.7838654012079379
675 0.7877480586712683
676 0.7834339948231234
677 0.7810612597066436
678 0.780414150129422
679 0.7801984469370147
680 0.7786885245901639
681 0.7789042277825712
682 0.7840811044003452
683 0.7791199309749784
684 0.7722174288179465
685 0.7767471958584987
686 0.7840811044003452
687 0.7812769628990509
688 0.7873166522864539
689 0.7871009490940466
690 0.7868852459016393
691 0.7896893874029336
692 0.790120793787748
693 0.7871009490940466
694 0.7871009490940466
695 0.7868852459016393
696 0.7847282139775669
697 0.7825711820534944
698 0.7761000862812769
699 0.777825711820535
700 0.7797670405522001
