1 0.0004314063848144953
2 0.0006471095772217428
3 0.0012942191544434857
4 0.0028041415012942193
5 0.0028041415012942193
6 0.0036669542709232097
7 0.004961173425366695
8 0.007333908541846419
9 0.007981018119068163
10 0.0090595340811044
11 0.012079378774805867
12 0.015099223468507334
13 0.016824849007765316
14 0.018550474547023296
15 0.021354616048317517
16 0.02351164797238999
17 0.026747195858498704
18 0.028472821397756688
19 0.03084555651423641
20 0.034296807592752374
21 0.0362381363244176
22 0.040336496980155304
23 0.04616048317515099
24 0.05349439171699741
25 0.05672993960310613
26 0.0593183779119931
27 0.06298533218291631
28 0.06471095772217429
29 0.07031924072476273
30 0.07592752372735116
31 0.08239861949956859
32 0.08541846419327007
33 0.09167385677308024
34 0.09943917169974116
35 0.1041846419327006
36 0.10763589301121657
37 0.11389128559102675
38 0.11971527178602244
39 0.12510785159620363
40 0.13114754098360656
41 0.13783433994823124
42 0.14516824849007764
43 0.15056082830025885
44 0.15703192407247626
45 0.16199309749784296
46 0.17018981880931838
47 0.17493528904227781
48 0.1807592752372735
49 0.18895599654874892
50 0.19456427955133737
51 0.20276100086281276
52 0.21052631578947367
53 0.2182916307161346
54 0.21980155306298532
55 0.22950819672131148
56 0.23835202761000862
57 0.24805867126833478
58 0.25668679896462465
59 0.2644521138912856
60 0.2713546160483175
61 0.2776100086281277
62 0.2862381363244176
63 0.29680759275237273
64 0.3000431406384815
65 0.3039257981018119
66 0.3114754098360656
67 0.3211820534943917
68 0.3298101811906816
69 0.33951682484900775
70 0.3468507333908542
71 0.35396893874029334
72 0.3643226919758412
73 0.3716566005176877
74 0.3796376186367558
75 0.386755823986195
76 0.3966781708369284
77 0.4048748921484038
78 0.41199309749784296
79 0.4212683347713546
80 0.43054357204486626
81 0.4385245901639344
82 0.44219154443485764
83 0.44779982743744606
84 0.4527610008628128
85 0.4592320966350302
86 0.46893874029335636
87 0.4713114754098361
88 0.48339085418464195
89 0.4859792924935289
90 0.4900776531492666
91 0.49352890422778256
92 0.49654874892148404
93 0.5030198446937014
94 0.5094909404659189
95 0.5103537532355479
96 0.5140207075064711
97 0.5267471958584987
98 0.5297670405522001
99 0.5355910267471958
100 0.5411993097497843
101 0.5448662640207075
102 0.5517687661777394
103 0.5612597066436583
104 0.5627696289905091
105 0.5707506471095772
106 0.5733390854184642
107 0.5709663503019845
108 0.5742018981880932
109 0.5813201035375324
110 0.5841242450388265
111 0.5927523727351165
112 0.590595340811044
113 0.5895168248490078
114 0.5886540120793787
115 0.5936151855047455
116 0.5968507333908541
117 0.6061259706643658
118 0.6136755823986195
119 0.6145383951682485
120 0.6223037100949094
121 0.6238136324417601
122 0.6266177739430544
123 0.6259706643658326
124 0.6272648835202761
125 0.6326574633304572
126 0.634167385677308
127 0.639344262295082
128 0.6447368421052632
129 0.6471095772217429
130 0.6492666091458154
131 0.6509922346850734
132 0.6518550474547024
133 0.6535806729939603
134 0.652502157031924
135 0.6555220017256256
136 0.6609145815358067
137 0.66458153580673
138 0.6695427092320967
139 0.6712683347713546
140 0.6688955996548749
141 0.6740724762726489
142 0.6747195858498706
143 0.6781708369283865
144 0.6757981018119068
145 0.6814063848144952
146 0.67946505608283
147 0.6839948231233822
148 0.682916307161346
149 0.685504745470233
150 0.6859361518550474
151 0.6939171699741156
152 0.6947799827437446
153 0.6934857635893011
154 0.6913287316652287
155 0.6913287316652287
156 0.6934857635893011
157 0.6900345125107852
158 0.6943485763589301
159 0.6937014667817084
160 0.6952113891285591
161 0.6911130284728214
162 0.6952113891285591
163 0.6930543572044866
164 0.6919758412424504
165 0.6921915444348576
166 0.6906816220880069
167 0.6911130284728214
168 0.7008196721311475
169 0.7062122519413288
170 0.7083692838654012
171 0.7090163934426229
172 0.7120362381363244
173 0.7111734253666955
174 0.707290767903365
175 0.7105263157894737
176 0.7139775668679896
177 0.7137618636755824
178 0.7128990509059534
179 0.7157031924072477
180 0.7193701466781708
181 0.7245470232959448
182 0.7286453839516824
183 0.7310181190681622
184 0.7275668679896462
185 0.7267040552200172
186 0.7284296807592753
187 0.7299396031061259
188 0.7344693701466781
189 0.7357635893011216
190 0.7323123382226057
191 0.7314495254529767
192 0.7279982743744607
193 0.7340379637618637
194 0.7353321829163072
195 0.7420189818809318
196 0.7418032786885246
197 0.7396462467644521
198 0.7405090595340811
199 0.7430974978429681
200 0.7381363244176014
201 0.7372735116479724
202 0.7428817946505608
203 0.7418032786885246
204 0.7396462467644521
205 0.743960310612597
206 0.74137187230371
207 0.7405090595340811
208 0.7396462467644521
209 0.7484900776531492
210 0.750862812769629
211 0.7493528904227783
212 0.7512942191544435
213 0.7569025021570319
214 0.7558239861949957
215 0.7622950819672131
216 0.7698446937014668
217 0.770923209663503
218 0.765746333045729
219 0.7689818809318378
220 0.7711389128559103
221 0.7730802415875755
222 0.776962899050906
223 0.7702761000862812
224 0.7687661777394306
225 0.7681190681622088
226 0.7687661777394306
227 0.7668248490077653
228 0.7756686798964625
229 0.7694132873166523
230 0.7702761000862812
231 0.7722174288179465
232 0.7782571182053495
233 0.7737273511647972
234 0.7748058671268335
235 0.7756686798964625
236 0.777825711820535
237 0.777825711820535
238 0.7793356341673857
239 0.7776100086281277
240 0.7776100086281277
241 0.7799827437446074
242 0.7773943054357204
243 0.7795513373597929
244 0.7767471958584987
245 0.7715703192407247
246 0.7694132873166523
247 0.7758843830888698
248 0.774374460742019
249 0.7765314926660914
250 0.7771786022433133
251 0.77351164797239
252 0.7724331320103538
253 0.7711389128559103
254 0.7748058671268335
255 0.777825711820535
256 0.7825711820534944
257 0.7799827437446074
258 0.7806298533218292
259 0.7810612597066436
260 0.7819240724762726
261 0.7761000862812769
262 0.7745901639344263
263 0.7806298533218292
264 0.7810612597066436
265 0.7806298533218292
266 0.7875323554788611
267 0.7834339948231234
268 0.7810612597066436
269 0.7838654012079379
270 0.7853753235547886
271 0.793572044866264
272 0.7920621225194133
273 0.7911993097497843
274 0.7888265746333045
275 0.7886108714408974
276 0.7881794650560828
277 0.7840811044003452
278 0.7827868852459017
279 0.7817083692838654
280 0.7823554788610871
281 0.7851596203623814
282 0.7832182916307161
283 0.7801984469370147
284 0.7767471958584987
285 0.7819240724762726
286 0.7784728213977566
287 0.777825711820535
288 0.7784728213977566
289 0.7782571182053495
290 0.7732959447799828
291 0.771786022433132
292 0.7679033649698016
293 0.7694132873166523
294 0.7670405522001725
295 0.7666091458153581
296 0.7724331320103538
297 0.7724331320103538
298 0.7750215703192407
299 0.7780414150129422
300 0.7784728213977566
301 0.7819240724762726
302 0.7866695427092321
303 0.7814926660914582
304 0.7827868852459017
305 0.7808455565142364
306 0.7819240724762726
307 0.7784728213977566
308 0.780414150129422
309 0.772648835202761
310 0.7758843830888698
311 0.7776100086281277
312 0.7821397756686799
313 0.7795513373597929
314 0.7819240724762726
315 0.7834339948231234
316 0.7784728213977566
317 0.7840811044003452
318 0.7836496980155306
319 0.7871009490940466
320 0.7933563416738568
321 0.7974547023295945
322 0.7922778257118205
323 0.7860224331320104
324 0.7860224331320104
325 0.7838654012079379
326 0.7834339948231234
327 0.7834339948231234
328 0.7907679033649698
329 0.7840811044003452
330 0.7842968075927523
331 0.7858067299396031
332 0.7883951682484901
333 0.7817083692838654
334 0.7834339948231234
335 0.7801984469370147
336 0.7868852459016393
337 0.7862381363244176
338 0.7881794650560828
339 0.7840811044003452
340 0.7838654012079379
341 0.7763157894736842
342 0.7810612597066436
343 0.7782571182053495
344 0.7765314926660914
345 0.7776100086281277
346 0.7780414150129422
347 0.7812769628990509
348 0.7720017256255393
349 0.7707075064710958
350 0.7754529767040552
351 0.771786022433132
352 0.770923209663503
353 0.7763157894736842
354 0.7799827437446074
355 0.7814926660914582
356 0.7894736842105263
357 0.7855910267471958
358 0.7862381363244176
359 0.7858067299396031
360 0.7808455565142364
361 0.7840811044003452
362 0.7799827437446074
363 0.7793356341673857
364 0.7864538395168249
365 0.7836496980155306
366 0.7871009490940466
367 0.7838654012079379
368 0.7866695427092321
369 0.7849439171699741
370 0.7819240724762726
371 0.7821397756686799
372 0.7761000862812769
373 0.7715703192407247
374 0.769197584124245
375 0.7700603968938741
376 0.7663934426229508
377 0.7698446937014668
378 0.7741587575496117
379 0.7713546160483176
380 0.7745901639344263
381 0.7810612597066436
382 0.7782571182053495
383 0.7758843830888698
384 0.7795513373597929
385 0.7793356341673857
386 0.7806298533218292
387 0.7814926660914582
388 0.7793356341673857
389 0.7842968075927523
390 0.7855910267471958
391 0.7847282139775669
392 0.780414150129422
393 0.775237273511648
394 0.7786885245901639
395 0.7782571182053495
396 0.7782571182053495
397 0.7748058671268335
398 0.7737273511647972
399 0.7814926660914582
400 0.7795513373597929
401 0.7838654012079379
402 0.780414150129422
403 0.7773943054357204
404 0.7812769628990509
405 0.7847282139775669
406 0.7819240724762726
407 0.7879637618636756
408 0.7899050905953409
409 0.7873166522864539
410 0.7873166522864539
411 0.7819240724762726
412 0.7823554788610871
413 0.7825711820534944
414 0.7866695427092321
415 0.7896893874029336
416 0.7896893874029336
417 0.7853753235547886
418 0.7784728213977566
419 0.776962899050906
420 0.7789042277825712
421 0.7801984469370147
422 0.7767471958584987
423 0.780414150129422
424 0.7799827437446074
425 0.7819240724762726
426 0.7810612597066436
427 0.7864538395168249
428 0.7849439171699741
429 0.7838654012079379
430 0.7868852459016393
431 0.7836496980155306
432 0.7810612597066436
433 0.7868852459016393
434 0.7873166522864539
435 0.7827868852459017
436 0.7801984469370147
437 0.7812769628990509
438 0.7877480586712683
439 0.7840811044003452
440 0.7875323554788611
441 0.7834339948231234
442 0.7832182916307161
443 0.7886108714408974
444 0.7879637618636756
445 0.7911993097497843
446 0.7933563416738568
447 0.7905522001725626
448 0.7929249352890423
449 0.792709232096635
450 0.7922778257118205
451 0.7888265746333045
452 0.7940034512510785
453 0.7922778257118205
454 0.7871009490940466
455 0.7879637618636756
456 0.7881794650560828
457 0.7881794650560828
458 0.7890422778257118
459 0.7875323554788611
460 0.7896893874029336
461 0.7894736842105263
462 0.7868852459016393
463 0.7899050905953409
464 0.7922778257118205
465 0.7868852459016393
466 0.7810612597066436
467 0.7795513373597929
468 0.7761000862812769
469 0.7776100086281277
470 0.7806298533218292
471 0.7864538395168249
472 0.7858067299396031
473 0.7883951682484901
474 0.790120793787748
475 0.7920621225194133
476 0.7871009490940466
477 0.7888265746333045
478 0.7875323554788611
479 0.7875323554788611
480 0.7892579810181191
481 0.7866695427092321
482 0.7810612597066436
483 0.7834339948231234
484 0.7836496980155306
485 0.7819240724762726
486 0.7864538395168249
487 0.7851596203623814
488 0.7842968075927523
489 0.7842968075927523
490 0.7836496980155306
491 0.7896893874029336
492 0.7881794650560828
493 0.7832182916307161
494 0.772648835202761
495 0.7730802415875755
496 0.7797670405522001
497 0.7842968075927523
498 0.7849439171699741
499 0.7855910267471958
500 0.7814926660914582
501 0.7849439171699741
502 0.7862381363244176
503 0.7862381363244176
504 0.7860224331320104
505 0.7840811044003452
506 0.7881794650560828
507 0.7899050905953409
508 0.7834339948231234
509 0.7795513373597929
510 0.7776100086281277
511 0.7793356341673857
512 0.7821397756686799
513 0.7849439171699741
514 0.7834339948231234
515 0.7864538395168249
516 0.7838654012079379
517 0.7853753235547886
518 0.7890422778257118
519 0.7909836065573771
520 0.7819240724762726
521 0.7853753235547886
522 0.7836496980155306
523 0.7801984469370147
524 0.7849439171699741
525 0.7892579810181191
526 0.7920621225194133
527 0.7881794650560828
528 0.7823554788610871
529 0.7763157894736842
530 0.7789042277825712
531 0.7819240724762726
532 0.7847282139775669
533 0.7849439171699741
534 0.7883951682484901
535 0.7922778257118205
536 0.7931406384814496
537 0.7931406384814496
538 0.7929249352890423
539 0.794434857635893
540 0.7916307161345988
541 0.7907679033649698
542 0.7918464193270061
543 0.7909836065573771
544 0.7940034512510785
545 0.7903364969801553
546 0.7877480586712683
547 0.7862381363244176
548 0.7866695427092321
549 0.7875323554788611
550 0.7801984469370147
551 0.7806298533218292
552 0.7849439171699741
553 0.7823554788610871
554 0.7808455565142364
555 0.7763157894736842
556 0.776962899050906
557 0.7825711820534944
558 0.7836496980155306
559 0.7845125107851596
560 0.7877480586712683
561 0.7871009490940466
562 0.7886108714408974
563 0.7883951682484901
564 0.7911993097497843
565 0.7883951682484901
566 0.7862381363244176
567 0.7899050905953409
568 0.794434857635893
569 0.7896893874029336
570 0.7875323554788611
571 0.7866695427092321
572 0.7883951682484901
573 0.7810612597066436
574 0.7821397756686799
575 0.7845125107851596
576 0.7849439171699741
577 0.7909836065573771
578 0.790120793787748
579 0.7922778257118205
580 0.7909836065573771
581 0.795297670405522
582 0.793572044866264
583 0.7940034512510785
584 0.7942191544434858
585 0.7965918895599655
586 0.7888265746333045
587 0.7920621225194133
588 0.793572044866264
589 0.7968075927523728
590 0.7976704055220017
591 0.7914150129421915
592 0.7976704055220017
593 0.7931406384814496
594 0.7931406384814496
595 0.8026315789473685
596 0.7937877480586712
597 0.7886108714408974
598 0.7911993097497843
599 0.796160483175151
600 0.7993960310612597
601 0.7968075927523728
602 0.7959447799827437
603 0.7924935289042278
604 0.7864538395168249
605 0.7860224331320104
606 0.792709232096635
607 0.7851596203623814
608 0.7868852459016393
609 0.7862381363244176
610 0.7806298533218292
611 0.7819240724762726
612 0.7877480586712683
613 0.7842968075927523
614 0.7838654012079379
615 0.7868852459016393
616 0.7814926660914582
617 0.7871009490940466
618 0.7860224331320104
619 0.7842968075927523
620 0.7832182916307161
621 0.7797670405522001
622 0.7825711820534944
623 0.7789042277825712
624 0.7819240724762726
625 0.7806298533218292
626 0.7810612597066436
627 0.7845125107851596
628 0.7894736842105263
629 0.7795513373597929
630 0.7728645383951682
631 0.7797670405522001
632 0.7799827437446074
633 0.7905522001725626
634 0.7911993097497843
635 0.7924935289042278
636 0.7909836065573771
637 0.7860224331320104
638 0.7821397756686799
639 0.7830025884383088
640 0.7801984469370147
641 0.775237273511648
642 0.7791199309749784
643 0.7782571182053495
644 0.7786885245901639
645 0.7853753235547886
646 0.7838654012079379
647 0.7890422778257118
648 0.7817083692838654
649 0.7784728213977566
650 0.7780414150129422
651 0.7827868852459017
652 0.7784728213977566
653 0.7806298533218292
654 0.7877480586712683
655 0.7894736842105263
656 0.7903364969801553
657 0.7873166522864539
658 0.794434857635893
659 0.7931406384814496
660 0.7922778257118205
661 0.7948662640207075
662 0.7896893874029336
663 0.7957290767903364
664 0.7909836065573771
665 0.7937877480586712
666 0.794434857635893
667 0.7940034512510785
668 0.7993960310612597
669 0.7965918895599655
670 0.7862381363244176
671 0.7825711820534944
672 0.7840811044003452
673 0.7907679033649698
674 0.795297670405522
675 0.7883951682484901
676 0.7879637618636756
677 0.7894736842105263
678 0.7877480586712683
679 0.7860224331320104
680 0.7847282139775669
681 0.7894736842105263
682 0.7830025884383088
683 0.7860224331320104
684 0.7871009490940466
685 0.7875323554788611
686 0.7866695427092321
687 0.7823554788610871
688 0.7862381363244176
689 0.7933563416738568
690 0.7942191544434858
691 0.7858067299396031
692 0.7840811044003452
693 0.7830025884383088
694 0.7873166522864539
695 0.7830025884383088
696 0.7814926660914582
697 0.7812769628990509
698 0.776962899050906
699 0.7728645383951682
700 0.776962899050906
