1 0.00021570319240724764
2 0.00021570319240724764
3 0.0006471095772217428
4 0.0006471095772217428
5 0.0008628127696289905
6 0.0008628127696289905
7 0.0008628127696289905
8 0.0010785159620362382
9 0.0010785159620362382
10 0.0010785159620362382
11 0.0015099223468507334
12 0.0012942191544434857
13 0.0012942191544434857
14 0.0006471095772217428
15 0.0010785159620362382
16 0.0008628127696289905
17 0.0012942191544434857
18 0.0019413287316652286
19 0.001725625539257981
20 0.0019413287316652286
21 0.0019413287316652286
22 0.0019413287316652286
23 0.0021570319240724763
24 0.0025884383088869713
25 0.002372735116479724
26 0.0028041415012942193
27 0.0032355478861087143
28 0.003451251078515962
29 0.003451251078515962
30 0.003451251078515962
31 0.0036669542709232097
32 0.004098360655737705
33 0.004098360655737705
34 0.004745470232959448
35 0.004961173425366695
36 0.0056082830025884385
37 0.0060396893874029335
38 0.005823986194995686
39 0.0064710957722174285
40 0.007118205349439172
41 0.008412424503882658
42 0.008843830888697153
43 0.009490940465918895
44 0.010138050043140638
45 0.011216566005176877
46 0.011432269197584125
47 0.011432269197584125
48 0.012079378774805867
49 0.012079378774805867
50 0.013157894736842105
51 0.014883520276100086
52 0.01639344262295082
53 0.017471958584987058
54 0.0181190681622088
55 0.018334771354616048
56 0.020276100086281276
57 0.022217428817946507
58 0.024158757549611734
59 0.02631578947368421
60 0.02825711820534944
61 0.030414150129421915
62 0.033433994823123384
63 0.036669542709232096
64 0.038395168248490076
65 0.041199309749784294
66 0.04292493528904228
67 0.04637618636755824
68 0.047670405522001726
69 0.0498274374460742
70 0.05241587575496117
71 0.05414150129421916
72 0.05651423641069888
73 0.057808455565142365
74 0.059534081104400345
75 0.06492666091458153
76 0.06708369283865401
77 0.06880931837791199
78 0.07010353753235547
79 0.07398619499568594
80 0.08002588438308887
81 0.08239861949956859
82 0.08433994823123382
83 0.08800690250215704
84 0.09016393442622951
85 0.09447799827437446
86 0.09749784296807593
87 0.10116479723899914
88 0.10440034512510785
89 0.10806729939603106
90 0.1128127696289905
91 0.11432269197584125
92 0.11604831751509923
93 0.12187230371009491
94 0.12446074201898188
95 0.12683347713546161
96 0.12920621225194132
97 0.13459879206212252
98 0.14106988783433994
99 0.14408973252804141
100 0.14797238999137188
101 0.15422778257118205
102 0.15811044003451252
103 0.16566005176876616
104 0.17040552200172562
105 0.1757981018119068
106 0.18313201035375323
107 0.18766177739430542
108 0.18917169974115616
109 0.19262295081967212
110 0.19995685936151855
111 0.2083692838654012
112 0.21397756686798963
113 0.2187230371009491
114 0.2228213977566868
115 0.22842968075927525
116 0.2364106988783434
117 0.24158757549611734
118 0.2459016393442623
119 0.254314063848145
120 0.26078515962036236
121 0.2670405522001726
122 0.2730802415875755
123 0.27653149266609145
124 0.28192407247627266
125 0.28925798101811906
126 0.29098360655737704
127 0.29918032786885246
128 0.3013373597929249
129 0.3097497842968076
130 0.31492666091458155
131 0.3224762726488352
132 0.3244176013805004
133 0.3328300258843831
134 0.33628127696289906
135 0.3427523727351165
136 0.34641932700603967
137 0.3511647972389991
138 0.3591458153580673
139 0.3617342536669543
140 0.36518550474547024
141 0.3714408973252804
142 0.37661777394305435
143 0.3856773080241588
144 0.39344262295081966
145 0.3912855910267472
146 0.39344262295081966
147 0.4070319240724763
148 0.4130716134598792
149 0.4197584124245039
150 0.4216997411561691
151 0.4270923209663503
152 0.4324849007765315
153 0.43593615185504747
154 0.44499568593615185
155 0.4488783433994823
156 0.4557808455565142
157 0.4628990509059534
158 0.47346850733390855
159 0.48037100949094047
160 0.48662640207075064
161 0.4900776531492666
162 0.4969801553062985
163 0.49503882657463333
164 0.501725625539258
165 0.5118636755823986
166 0.5146678170836928
167 0.5179033649698016
168 0.520923209663503
169 0.5293356341673857
170 0.5314926660914582
171 0.5394736842105263
172 0.5414150129421915
173 0.5472389991371872
174 0.5511216566005177
175 0.5578084555651424
176 0.563632441760138
177 0.5685936151855048
178 0.5720448662640207
179 0.5783002588438308
180 0.575711820534944
181 0.5798101811906816
182 0.5849870578084556
183 0.5903796376186368
184 0.5979292493528904
185 0.6028904227782571
186 0.6056945642795514
187 0.6125970664365833
188 0.6151855047454702
189 0.6216566005176877
190 0.6287748058671269
191 0.6313632441760139
192 0.6279119930974978
193 0.6292062122519413
194 0.6305004314063848
195 0.6380500431406385
196 0.6462467644521139
197 0.6488352027610008
198 0.6479723899913719
199 0.6512079378774805
200 0.6503451251078516
201 0.6540120793787748
202 0.6546591889559965
203 0.6647972389991372
204 0.6701898188093184
205 0.6736410698878343
206 0.6732096635030198
207 0.6714840379637619
208 0.6766609145815358
209 0.6839948231233822
210 0.682053494391717
211 0.6783865401207938
212 0.6822691975841243
213 0.688955996548749
214 0.6943485763589301
215 0.691544434857636
216 0.6919758412424504
217 0.6941328731665228
218 0.6945642795513374
219 0.6967213114754098
220 0.6962899050905953
221 0.6965056082830026
222 0.6952113891285591
223 0.702113891285591
224 0.7027610008628128
225 0.7008196721311475
226 0.7059965487489215
227 0.7094477998274374
228 0.7131147540983607
229 0.7135461604831751
230 0.7148403796376186
231 0.7128990509059534
232 0.7180759275237274
233 0.7215271786022434
234 0.7254098360655737
235 0.722174288179465
236 0.7243313201035375
237 0.7245470232959448
238 0.7314495254529767
239 0.7336065573770492
240 0.7299396031061259
241 0.7275668679896462
242 0.7260569456427955
243 0.7267040552200172
244 0.7295081967213115
245 0.7355478861087144
246 0.7295081967213115
247 0.7241156169111302
248 0.7213114754098361
249 0.7228213977566867
250 0.7284296807592753
251 0.7364106988783434
252 0.7389991371872304
253 0.7394305435720449
254 0.7396462467644521
255 0.7415875754961173
256 0.7428817946505608
257 0.746548748921484
258 0.744823123382226
259 0.7454702329594478
260 0.7446074201898188
261 0.7495685936151855
262 0.75
263 0.750862812769629
264 0.7562553925798102
265 0.7543140638481449
266 0.7577653149266609
267 0.7562553925798102
268 0.7530198446937014
269 0.755176876617774
270 0.7528041415012943
271 0.7512942191544435
272 0.7495685936151855
273 0.7575496117342536
274 0.7545297670405522
275 0.7571182053494392
276 0.7581967213114754
277 0.7601380500431406
278 0.7592752372735116
279 0.7599223468507333
280 0.7618636755823986
281 0.7599223468507333
282 0.7592752372735116
283 0.7622950819672131
284 0.7650992234685073
285 0.7631578947368421
286 0.7646678170836928
287 0.7614322691975841
288 0.7618636755823986
289 0.7601380500431406
290 0.7638050043140638
291 0.7642364106988784
292 0.7610008628127696
293 0.769197584124245
294 0.7700603968938741
295 0.7702761000862812
296 0.7642364106988784
297 0.7707075064710958
298 0.7696289905090595
299 0.7622950819672131
300 0.765746333045729
301 0.7713546160483176
302 0.7702761000862812
303 0.7728645383951682
304 0.776962899050906
305 0.7793356341673857
306 0.77351164797239
307 0.7756686798964625
308 0.7784728213977566
309 0.7793356341673857
310 0.7780414150129422
311 0.7801984469370147
312 0.7821397756686799
313 0.7782571182053495
314 0.7786885245901639
315 0.777825711820535
316 0.7795513373597929
317 0.7838654012079379
318 0.7903364969801553
319 0.7914150129421915
320 0.7866695427092321
321 0.7823554788610871
322 0.7847282139775669
323 0.7806298533218292
324 0.7799827437446074
325 0.7847282139775669
326 0.7806298533218292
327 0.7834339948231234
328 0.780414150129422
329 0.7741587575496117
330 0.777825711820535
331 0.7745901639344263
332 0.7730802415875755
333 0.7763157894736842
334 0.774374460742019
335 0.7763157894736842
336 0.7793356341673857
337 0.7745901639344263
338 0.775237273511648
339 0.7745901639344263
340 0.7780414150129422
341 0.7748058671268335
342 0.7696289905090595
343 0.7670405522001725
344 0.7676876617773943
345 0.7685504745470233
346 0.7758843830888698
347 0.7745901639344263
348 0.7704918032786885
349 0.7676876617773943
350 0.7676876617773943
351 0.7702761000862812
352 0.7724331320103538
353 0.77351164797239
354 0.7679033649698016
355 0.7679033649698016
356 0.7689818809318378
357 0.7720017256255393
358 0.776962899050906
359 0.771786022433132
360 0.7722174288179465
361 0.7784728213977566
362 0.776962899050906
363 0.7793356341673857
364 0.7827868852459017
365 0.7806298533218292
366 0.7801984469370147
367 0.7795513373597929
368 0.7821397756686799
369 0.7868852459016393
370 0.7877480586712683
371 0.7834339948231234
372 0.7789042277825712
373 0.7767471958584987
374 0.77351164797239
375 0.771786022433132
376 0.7700603968938741
377 0.7694132873166523
378 0.7672562553925798
379 0.7640207075064711
380 0.7687661777394306
381 0.7707075064710958
382 0.7713546160483176
383 0.770923209663503
384 0.7745901639344263
385 0.7789042277825712
386 0.776962899050906
387 0.7756686798964625
388 0.7745901639344263
389 0.7728645383951682
390 0.7730802415875755
391 0.775237273511648
392 0.7801984469370147
393 0.7763157894736842
394 0.7801984469370147
395 0.7827868852459017
396 0.7789042277825712
397 0.7780414150129422
398 0.7728645383951682
399 0.7722174288179465
400 0.7698446937014668
401 0.7748058671268335
402 0.7780414150129422
403 0.7791199309749784
404 0.7786885245901639
405 0.7842968075927523
406 0.7866695427092321
407 0.7845125107851596
408 0.7793356341673857
409 0.7761000862812769
410 0.776962899050906
411 0.7853753235547886
412 0.7853753235547886
413 0.7795513373597929
414 0.7782571182053495
415 0.7763157894736842
416 0.7748058671268335
417 0.7741587575496117
418 0.769197584124245
419 0.7663934426229508
420 0.770923209663503
421 0.7773943054357204
422 0.7786885245901639
423 0.7765314926660914
424 0.7789042277825712
425 0.7825711820534944
426 0.7814926660914582
427 0.7784728213977566
428 0.7812769628990509
429 0.7855910267471958
430 0.776962899050906
431 0.7795513373597929
432 0.7842968075927523
433 0.7842968075927523
434 0.7905522001725626
435 0.7931406384814496
436 0.7929249352890423
437 0.7950819672131147
438 0.7866695427092321
439 0.7823554788610871
440 0.7814926660914582
441 0.7853753235547886
442 0.7836496980155306
443 0.7858067299396031
444 0.7914150129421915
445 0.792709232096635
446 0.794434857635893
447 0.798748921484038
448 0.7899050905953409
449 0.794434857635893
450 0.7916307161345988
451 0.7896893874029336
452 0.7905522001725626
453 0.7864538395168249
454 0.7877480586712683
455 0.7918464193270061
456 0.7892579810181191
457 0.7860224331320104
458 0.7931406384814496
459 0.7883951682484901
460 0.7858067299396031
461 0.7812769628990509
462 0.7819240724762726
463 0.775237273511648
464 0.7737273511647972
465 0.7756686798964625
466 0.7830025884383088
467 0.7799827437446074
468 0.777825711820535
469 0.7745901639344263
470 0.7793356341673857
471 0.7795513373597929
472 0.7797670405522001
473 0.7819240724762726
474 0.7847282139775669
475 0.7847282139775669
476 0.7855910267471958
477 0.7858067299396031
478 0.7868852459016393
479 0.7918464193270061
480 0.7886108714408974
481 0.7827868852459017
482 0.7791199309749784
483 0.790120793787748
484 0.7955133735979293
485 0.7933563416738568
486 0.7933563416738568
487 0.7931406384814496
488 0.7942191544434858
489 0.7946505608283002
490 0.7931406384814496
491 0.7959447799827437
492 0.7933563416738568
493 0.7868852459016393
494 0.7875323554788611
495 0.7864538395168249
496 0.7838654012079379
497 0.7868852459016393
498 0.7819240724762726
499 0.7838654012079379
500 0.7840811044003452
501 0.7905522001725626
502 0.7873166522864539
503 0.7922778257118205
504 0.7924935289042278
505 0.7855910267471958
506 0.7916307161345988
507 0.7918464193270061
508 0.7860224331320104
509 0.7836496980155306
510 0.7855910267471958
511 0.7784728213977566
512 0.7814926660914582
513 0.7840811044003452
514 0.7819240724762726
515 0.7836496980155306
516 0.7858067299396031
517 0.7834339948231234
518 0.7883951682484901
519 0.7883951682484901
520 0.7881794650560828
521 0.7864538395168249
522 0.780414150129422
523 0.7834339948231234
524 0.7864538395168249
525 0.7817083692838654
526 0.7780414150129422
527 0.780414150129422
528 0.7817083692838654
529 0.7801984469370147
530 0.7797670405522001
531 0.7812769628990509
532 0.7801984469370147
533 0.7806298533218292
534 0.7763157894736842
535 0.7858067299396031
536 0.7810612597066436
537 0.7817083692838654
538 0.7830025884383088
539 0.7849439171699741
540 0.7814926660914582
541 0.7789042277825712
542 0.7750215703192407
543 0.7754529767040552
544 0.7793356341673857
545 0.7763157894736842
546 0.777825711820535
547 0.771786022433132
548 0.7679033649698016
549 0.7672562553925798
550 0.7696289905090595
551 0.7689818809318378
552 0.7715703192407247
553 0.7700603968938741
554 0.7732959447799828
555 0.7741587575496117
556 0.7765314926660914
557 0.7754529767040552
558 0.7840811044003452
559 0.7799827437446074
560 0.7763157894736842
561 0.7830025884383088
562 0.7827868852459017
563 0.7832182916307161
564 0.7814926660914582
565 0.7858067299396031
566 0.7929249352890423
567 0.7905522001725626
568 0.7911993097497843
569 0.7968075927523728
570 0.794434857635893
571 0.7911993097497843
572 0.7924935289042278
573 0.7877480586712683
574 0.7842968075927523
575 0.7851596203623814
576 0.7821397756686799
577 0.7892579810181191
578 0.7847282139775669
579 0.7817083692838654
580 0.7765314926660914
581 0.7806298533218292
582 0.7821397756686799
583 0.7879637618636756
584 0.7896893874029336
585 0.7877480586712683
586 0.7845125107851596
587 0.7858067299396031
588 0.7821397756686799
589 0.7836496980155306
590 0.77351164797239
591 0.7771786022433133
592 0.7784728213977566
593 0.7700603968938741
594 0.7756686798964625
595 0.7801984469370147
596 0.7801984469370147
597 0.772648835202761
598 0.7836496980155306
599 0.777825711820535
600 0.7739430543572045
601 0.7758843830888698
602 0.7786885245901639
603 0.7761000862812769
604 0.771786022433132
605 0.771786022433132
606 0.7711389128559103
607 0.7750215703192407
608 0.7795513373597929
609 0.7786885245901639
610 0.7745901639344263
611 0.776962899050906
612 0.7720017256255393
613 0.7704918032786885
614 0.7668248490077653
615 0.7767471958584987
616 0.7799827437446074
617 0.7765314926660914
618 0.7763157894736842
619 0.7789042277825712
620 0.7806298533218292
621 0.780414150129422
622 0.7780414150129422
623 0.7795513373597929
624 0.7780414150129422
625 0.7704918032786885
626 0.7694132873166523
627 0.7799827437446074
628 0.7834339948231234
629 0.776962899050906
630 0.7786885245901639
631 0.7812769628990509
632 0.7871009490940466
633 0.7845125107851596
634 0.7896893874029336
635 0.7776100086281277
636 0.7791199309749784
637 0.7838654012079379
638 0.7840811044003452
639 0.7881794650560828
640 0.7877480586712683
641 0.7871009490940466
642 0.7894736842105263
643 0.7905522001725626
644 0.7920621225194133
645 0.7862381363244176
646 0.7881794650560828
647 0.7905522001725626
648 0.7881794650560828
649 0.7838654012079379
650 0.7838654012079379
651 0.7942191544434858
652 0.7855910267471958
653 0.794434857635893
654 0.796160483175151
655 0.7896893874029336
656 0.7855910267471958
657 0.7812769628990509
658 0.7817083692838654
659 0.7875323554788611
660 0.7929249352890423
661 0.7955133735979293
662 0.7911993097497843
663 0.7907679033649698
664 0.7920621225194133
665 0.7894736842105263
666 0.7920621225194133
667 0.7916307161345988
668 0.7976704055220017
669 0.7955133735979293
670 0.7950819672131147
671 0.794434857635893
672 0.7892579810181191
673 0.7862381363244176
674 0.7907679033649698
675 0.7946505608283002
676 0.7920621225194133
677 0.7890422778257118
678 0.7974547023295945
679 0.7972389991371872
680 0.8024158757549612
681 0.7942191544434858
682 0.7907679033649698
683 0.7879637618636756
684 0.7942191544434858
685 0.7937877480586712
686 0.792709232096635
687 0.7957290767903364
688 0.7946505608283002
689 0.7877480586712683
690 0.7849439171699741
691 0.7881794650560828
692 0.7845125107851596
693 0.7851596203623814
694 0.7871009490940466
695 0.7871009490940466
696 0.7830025884383088
697 0.7836496980155306
698 0.7864538395168249
699 0.7860224331320104
700 0.7855910267471958
