1 0.0004314063848144953
2 0.0010785159620362382
3 0.0015099223468507334
4 0.0021570319240724763
5 0.0028041415012942193
6 0.003451251078515962
7 0.004098360655737705
8 0.004961173425366695
9 0.007118205349439172
10 0.007765314926660914
11 0.007549611734253667
12 0.007981018119068163
13 0.009275237273511648
14 0.010785159620362382
15 0.01186367558239862
16 0.013373597929249352
17 0.014883520276100086
18 0.015962036238136326
19 0.017903364969801553
20 0.020276100086281276
21 0.02286453839516825
22 0.02372735116479724
23 0.026531492666091457
24 0.029767040552200173
25 0.031708369283865404
26 0.03364969801553063
27 0.037532355478861086
28 0.04163071613459879
29 0.04659188955996549
30 0.05047454702329594
31 0.05629853321829163
32 0.06276962899050906
33 0.06729939603106126
34 0.07139775668679896
35 0.07916307161345988
36 0.08498705780845557
37 0.08908541846419327
38 0.09081104400345125
39 0.0946937014667817
40 0.10202761000862813
41 0.1095772217428818
42 0.1136755823986195
43 0.12230371009490941
44 0.13050043140638481
45 0.13805004314063848
46 0.14193270060396893
47 0.15099223468507333
48 0.16393442622950818
49 0.17083692838654013
50 0.17752372735116478
51 0.18399482312338222
52 0.19240724762726488
53 0.19995685936151855
54 0.206427955133736
55 0.21527178602243313
56 0.22497842968075926
57 0.23101811906816222
58 0.23878343399482313
59 0.24978429680759276
60 0.26100086281276963
61 0.2754529767040552
62 0.28106125970664364
63 0.2914150129421915
64 0.29961173425366694
65 0.3127696289905091
66 0.31945642795513374
67 0.3252804141501294
68 0.33132010353753233
69 0.34232096635030196
70 0.3528904227782571
71 0.3604400345125108
72 0.36518550474547024
73 0.3742450388265746
74 0.3822260569456428
75 0.39322691975841245
76 0.3971095772217429
77 0.40336496980155306
78 0.40379637618636754
79 0.4147972389991372
80 0.42062122519413286
81 0.4275237273511648
82 0.43377911993097495
83 0.4424072476272649
84 0.45297670405522
85 0.45534943917169973
86 0.4633304572907679
87 0.46678170836928384
88 0.4685073339085418
89 0.4777825711820535
90 0.4898619499568594
91 0.4954702329594478
92 0.4969801553062985
93 0.5019413287316652
94 0.5110008628127696
95 0.5138050043140638
96 0.5198446937014668
97 0.5194132873166523
98 0.5254529767040552
99 0.5321397756686799
100 0.5371009490940466
101 0.5399050905953409
102 0.5414150129421915
103 0.546160483175151
104 0.5504745470232959
105 0.5580241587575496
106 0.5580241587575496
107 0.5606125970664366
108 0.5664365832614323
109 0.5653580672993961
110 0.5711820534943917
111 0.5720448662640207
112 0.5729076790336497
113 0.5787316652286454
114 0.5821829163071613
115 0.5873597929249353
116 0.5925366695427092
117 0.5944779982743744
118 0.5970664365832614
119 0.5987920621225195
120 0.6041846419327006
121 0.6044003451251079
122 0.6095772217428818
123 0.6138912855910268
124 0.6210094909404659
125 0.6255392579810182
126 0.6270491803278688
127 0.6326574633304572
128 0.6337359792924935
129 0.6410698878343399
130 0.6395599654874892
131 0.642795513373598
132 0.6451682484900777
133 0.6451682484900777
134 0.6477566867989646
135 0.6503451251078516
136 0.6514236410698878
137 0.6604831751509922
138 0.661130284728214
139 0.657679033649698
140 0.6615616911130284
141 0.6650129421915444
142 0.674288179465056
143 0.677739430543572
144 0.6790336496980155
145 0.6861518550474547
146 0.6835634167385677
147 0.6870146678170836
148 0.6930543572044866
149 0.6919758412424504
150 0.6900345125107852
151 0.701251078515962
152 0.6999568593615185
153 0.7018981880931838
154 0.7042709232096636
155 0.7062122519413288
156 0.7053494391716998
157 0.7044866264020707
158 0.7001725625539258
159 0.7025452976704055
160 0.6993097497842968
161 0.7029767040552201
162 0.7107420189818809
163 0.7139775668679896
164 0.7124676445211389
165 0.7163503019844694
166 0.7148403796376186
167 0.7180759275237274
168 0.722174288179465
169 0.7189387402933564
170 0.7204486626402071
171 0.7163503019844694
172 0.719585849870578
173 0.7169974115616912
174 0.7191544434857636
175 0.7163503019844694
176 0.7206643658326143
177 0.7226056945642796
178 0.7262726488352028
179 0.731665228645384
180 0.7286453839516824
181 0.7353321829163072
182 0.7340379637618637
183 0.7361949956859362
184 0.7398619499568594
185 0.7377049180327869
186 0.7331751509922347
187 0.7355478861087144
188 0.7357635893011216
189 0.7405090595340811
190 0.7405090595340811
191 0.7493528904227783
192 0.7476272648835203
193 0.7493528904227783
194 0.7597066436583262
195 0.7646678170836928
196 0.7605694564279551
197 0.7545297670405522
198 0.7484900776531492
199 0.7556082830025884
200 0.755176876617774
201 0.7543140638481449
202 0.7512942191544435
203 0.7515099223468508
204 0.7581967213114754
205 0.7603537532355479
206 0.7642364106988784
207 0.7614322691975841
208 0.7627264883520276
209 0.7612165660051768
210 0.7575496117342536
211 0.7575496117342536
212 0.7631578947368421
213 0.7650992234685073
214 0.765746333045729
215 0.7730802415875755
216 0.7689818809318378
217 0.7694132873166523
218 0.7739430543572045
219 0.771786022433132
220 0.7711389128559103
221 0.7707075064710958
222 0.7715703192407247
223 0.772648835202761
224 0.7739430543572045
225 0.7737273511647972
226 0.7732959447799828
227 0.7765314926660914
228 0.7767471958584987
229 0.7739430543572045
230 0.7771786022433133
231 0.7711389128559103
232 0.7659620362381363
233 0.7681190681622088
234 0.769197584124245
235 0.7732959447799828
236 0.7700603968938741
237 0.7748058671268335
238 0.7713546160483176
239 0.77351164797239
240 0.7648835202761001
241 0.768334771354616
242 0.7672562553925798
243 0.7737273511647972
244 0.7767471958584987
245 0.7758843830888698
246 0.7750215703192407
247 0.7728645383951682
248 0.7720017256255393
249 0.7674719585849871
250 0.7689818809318378
251 0.7689818809318378
252 0.7633735979292493
253 0.7711389128559103
254 0.771786022433132
255 0.7679033649698016
256 0.7672562553925798
257 0.7715703192407247
258 0.774374460742019
259 0.7793356341673857
260 0.7806298533218292
261 0.7819240724762726
262 0.7864538395168249
263 0.7931406384814496
264 0.7920621225194133
265 0.7879637618636756
266 0.7825711820534944
267 0.7797670405522001
268 0.7823554788610871
269 0.7756686798964625
270 0.7754529767040552
271 0.7748058671268335
272 0.7724331320103538
273 0.774374460742019
274 0.7771786022433133
275 0.7763157894736842
276 0.7786885245901639
277 0.7737273511647972
278 0.7707075064710958
279 0.77351164797239
280 0.7808455565142364
281 0.7791199309749784
282 0.775237273511648
283 0.7739430543572045
284 0.7795513373597929
285 0.7799827437446074
286 0.7847282139775669
287 0.7793356341673857
288 0.7821397756686799
289 0.7780414150129422
290 0.7819240724762726
291 0.7845125107851596
292 0.7836496980155306
293 0.7795513373597929
294 0.7761000862812769
295 0.7793356341673857
296 0.7793356341673857
297 0.7715703192407247
298 0.7732959447799828
299 0.7750215703192407
300 0.7761000862812769
301 0.7674719585849871
302 0.7601380500431406
303 0.7620793787748059
304 0.7689818809318378
305 0.771786022433132
306 0.7786885245901639
307 0.7730802415875755
308 0.7730802415875755
309 0.7698446937014668
310 0.7767471958584987
311 0.775237273511648
312 0.7758843830888698
313 0.7763157894736842
314 0.7771786022433133
315 0.7754529767040552
316 0.776962899050906
317 0.7737273511647972
318 0.775237273511648
319 0.7750215703192407
320 0.7784728213977566
321 0.772648835202761
322 0.77351164797239
323 0.7745901639344263
324 0.7786885245901639
325 0.7771786022433133
326 0.7771786022433133
327 0.7830025884383088
328 0.7767471958584987
329 0.7670405522001725
330 0.7698446937014668
331 0.7765314926660914
332 0.77351164797239
333 0.7732959447799828
334 0.7748058671268335
335 0.7763157894736842
336 0.7741587575496117
337 0.7784728213977566
338 0.7761000862812769
339 0.7827868852459017
340 0.7806298533218292
341 0.7758843830888698
342 0.7836496980155306
343 0.7840811044003452
344 0.7784728213977566
345 0.7773943054357204
346 0.774374460742019
347 0.7728645383951682
348 0.7776100086281277
349 0.7780414150129422
350 0.7808455565142364
351 0.7866695427092321
352 0.7911993097497843
353 0.7894736842105263
354 0.7855910267471958
355 0.7899050905953409
356 0.7873166522864539
357 0.7830025884383088
358 0.7722174288179465
359 0.7672562553925798
360 0.7702761000862812
361 0.7711389128559103
362 0.7728645383951682
363 0.775237273511648
364 0.775237273511648
365 0.774374460742019
366 0.7704918032786885
367 0.7720017256255393
368 0.7642364106988784
369 0.770923209663503
370 0.7722174288179465
371 0.776962899050906
372 0.7799827437446074
373 0.7793356341673857
374 0.7732959447799828
375 0.7748058671268335
376 0.769197584124245
377 0.7698446937014668
378 0.772648835202761
379 0.7737273511647972
380 0.7782571182053495
381 0.7700603968938741
382 0.7674719585849871
383 0.7696289905090595
384 0.7704918032786885
385 0.7745901639344263
386 0.7838654012079379
387 0.7812769628990509
388 0.7819240724762726
389 0.7862381363244176
390 0.7896893874029336
391 0.7950819672131147
392 0.7922778257118205
393 0.7916307161345988
394 0.7886108714408974
395 0.7875323554788611
396 0.7911993097497843
397 0.7942191544434858
398 0.7959447799827437
399 0.7942191544434858
400 0.7911993097497843
401 0.7871009490940466
402 0.7849439171699741
403 0.7888265746333045
404 0.7905522001725626
405 0.7916307161345988
406 0.7929249352890423
407 0.7959447799827437
408 0.790120793787748
409 0.7877480586712683
410 0.7832182916307161
411 0.7862381363244176
412 0.7817083692838654
413 0.7817083692838654
414 0.7825711820534944
415 0.7847282139775669
416 0.7823554788610871
417 0.7771786022433133
418 0.7795513373597929
419 0.7845125107851596
420 0.7864538395168249
421 0.7871009490940466
422 0.7929249352890423
423 0.7911993097497843
424 0.7916307161345988
425 0.7834339948231234
426 0.7838654012079379
427 0.7832182916307161
428 0.7763157894736842
429 0.7830025884383088
430 0.7845125107851596
431 0.7795513373597929
432 0.7825711820534944
433 0.7823554788610871
434 0.7832182916307161
435 0.7797670405522001
436 0.7799827437446074
437 0.7793356341673857
438 0.777825711820535
439 0.7711389128559103
440 0.7754529767040552
441 0.7786885245901639
442 0.7795513373597929
443 0.7842968075927523
444 0.7847282139775669
445 0.7817083692838654
446 0.7771786022433133
447 0.7756686798964625
448 0.7670405522001725
449 0.7689818809318378
450 0.7782571182053495
451 0.7834339948231234
452 0.7776100086281277
453 0.7825711820534944
454 0.7812769628990509
455 0.7791199309749784
456 0.776962899050906
457 0.7782571182053495
458 0.7791199309749784
459 0.7858067299396031
460 0.7877480586712683
461 0.7929249352890423
462 0.7933563416738568
463 0.7890422778257118
464 0.7851596203623814
465 0.7793356341673857
466 0.7864538395168249
467 0.7862381363244176
468 0.7853753235547886
469 0.7840811044003452
470 0.7847282139775669
471 0.780414150129422
472 0.7750215703192407
473 0.775237273511648
474 0.7776100086281277
475 0.7821397756686799
476 0.7810612597066436
477 0.7823554788610871
478 0.7786885245901639
479 0.7825711820534944
480 0.7832182916307161
481 0.7834339948231234
482 0.777825711820535
483 0.7739430543572045
484 0.7808455565142364
485 0.7808455565142364
486 0.7862381363244176
487 0.7855910267471958
488 0.7845125107851596
489 0.7821397756686799
490 0.7918464193270061
491 0.7879637618636756
492 0.7909836065573771
493 0.7879637618636756
494 0.7832182916307161
495 0.7883951682484901
496 0.7909836065573771
497 0.7937877480586712
498 0.7968075927523728
499 0.7972389991371872
500 0.8034943917169974
501 0.7983175150992234
502 0.8045729076790337
503 0.797886108714409
504 0.8011216566005177
505 0.8024158757549612
506 0.7948662640207075
507 0.7955133735979293
508 0.7983175150992234
509 0.7937877480586712
510 0.7888265746333045
511 0.7916307161345988
512 0.7920621225194133
513 0.793572044866264
514 0.7911993097497843
515 0.7892579810181191
516 0.7909836065573771
517 0.7976704055220017
518 0.7937877480586712
519 0.794434857635893
520 0.7916307161345988
521 0.7858067299396031
522 0.7890422778257118
523 0.7918464193270061
524 0.7916307161345988
525 0.7920621225194133
526 0.7888265746333045
527 0.7894736842105263
528 0.7860224331320104
529 0.7799827437446074
530 0.7830025884383088
531 0.7810612597066436
532 0.777825711820535
533 0.7795513373597929
534 0.7834339948231234
535 0.7834339948231234
536 0.7836496980155306
537 0.7806298533218292
538 0.7756686798964625
539 0.7789042277825712
540 0.7780414150129422
541 0.7756686798964625
542 0.7728645383951682
543 0.7724331320103538
544 0.776962899050906
545 0.7685504745470233
546 0.7707075064710958
547 0.772648835202761
548 0.7722174288179465
549 0.7704918032786885
550 0.777825711820535
551 0.7756686798964625
552 0.7799827437446074
553 0.772648835202761
554 0.7713546160483176
555 0.7720017256255393
556 0.7801984469370147
557 0.7847282139775669
558 0.7886108714408974
559 0.7847282139775669
560 0.7871009490940466
561 0.7860224331320104
562 0.7862381363244176
563 0.7875323554788611
564 0.776962899050906
565 0.7810612597066436
566 0.7801984469370147
567 0.7745901639344263
568 0.7745901639344263
569 0.7765314926660914
570 0.7877480586712683
571 0.7858067299396031
572 0.7810612597066436
573 0.774374460742019
574 0.777825711820535
575 0.7795513373597929
576 0.7851596203623814
577 0.7864538395168249
578 0.7860224331320104
579 0.7886108714408974
580 0.7903364969801553
581 0.7871009490940466
582 0.7903364969801553
583 0.7899050905953409
584 0.7911993097497843
585 0.7886108714408974
586 0.7911993097497843
587 0.7862381363244176
588 0.7873166522864539
589 0.7855910267471958
590 0.7890422778257118
591 0.7914150129421915
592 0.7879637618636756
593 0.7877480586712683
594 0.7840811044003452
595 0.7916307161345988
596 0.7892579810181191
597 0.7866695427092321
598 0.7875323554788611
599 0.7922778257118205
600 0.7974547023295945
601 0.7955133735979293
602 0.7959447799827437
603 0.7881794650560828
604 0.7851596203623814
605 0.7873166522864539
606 0.7894736842105263
607 0.7905522001725626
608 0.7871009490940466
609 0.7873166522864539
610 0.7937877480586712
611 0.7883951682484901
612 0.7797670405522001
613 0.7780414150129422
614 0.7801984469370147
615 0.7808455565142364
616 0.7812769628990509
617 0.7819240724762726
618 0.7797670405522001
619 0.777825711820535
620 0.7789042277825712
621 0.7819240724762726
622 0.7786885245901639
623 0.7801984469370147
624 0.776962899050906
625 0.7782571182053495
626 0.7763157894736842
627 0.7720017256255393
628 0.7773943054357204
629 0.7756686798964625
630 0.7780414150129422
631 0.7858067299396031
632 0.7832182916307161
633 0.7840811044003452
634 0.796160483175151
635 0.7890422778257118
636 0.7955133735979293
637 0.7942191544434858
638 0.790120793787748
639 0.7855910267471958
640 0.7875323554788611
641 0.7911993097497843
642 0.790120793787748
643 0.794434857635893
644 0.7931406384814496
645 0.7903364969801553
646 0.7881794650560828
647 0.7851596203623814
648 0.7862381363244176
649 0.7847282139775669
650 0.7905522001725626
651 0.7864538395168249
652 0.7823554788610871
653 0.7814926660914582
654 0.7903364969801553
655 0.7849439171699741
656 0.7849439171699741
657 0.780414150129422
658 0.7812769628990509
659 0.7810612597066436
660 0.7795513373597929
661 0.7784728213977566
662 0.7868852459016393
663 0.7877480586712683
664 0.7894736842105263
665 0.7830025884383088
666 0.7845125107851596
667 0.7849439171699741
668 0.7845125107851596
669 0.7847282139775669
670 0.7845125107851596
671 0.7858067299396031
672 0.7871009490940466
673 0.7890422778257118
674 0.7827868852459017
675 0.7799827437446074
676 0.7825711820534944
677 0.7830025884383088
678 0.7903364969801553
679 0.7965918895599655
680 0.7981018119068162
681 0.7948662640207075
682 0.7948662640207075
683 0.7918464193270061
684 0.7907679033649698
685 0.7886108714408974
686 0.7929249352890423
687 0.7877480586712683
688 0.7937877480586712
689 0.7911993097497843
690 0.7916307161345988
691 0.796160483175151
692 0.790120793787748
693 0.7909836065573771
694 0.7842968075927523
695 0.776962899050906
696 0.7840811044003452
697 0.7720017256255393
698 0.7739430543572045
699 0.7786885245901639
700 0.7761000862812769
