1 0.0004314063848144953
2 0.0004314063848144953
3 0.0004314063848144953
4 0.0004314063848144953
5 0.0006471095772217428
6 0.0008628127696289905
7 0.0012942191544434857
8 0.0012942191544434857
9 0.0012942191544434857
10 0.0010785159620362382
11 0.0010785159620362382
12 0.0021570319240724763
13 0.0021570319240724763
14 0.0030198446937014668
15 0.003451251078515962
16 0.004314063848144953
17 0.005392579810181191
18 0.0056082830025884385
19 0.007333908541846419
20 0.007549611734253667
21 0.008412424503882658
22 0.008628127696289905
23 0.009275237273511648
24 0.01186367558239862
25 0.012295081967213115
26 0.012295081967213115
27 0.012295081967213115
28 0.015099223468507334
29 0.017040552200172563
30 0.01984469370146678
31 0.02200172562553926
32 0.02351164797238999
33 0.02437446074201898
34 0.027178602243313203
35 0.030629853321829163
36 0.03278688524590164
37 0.034296807592752374
38 0.037748058671268334
39 0.04184641932700604
40 0.04292493528904228
41 0.045944779982743746
42 0.04831751509922347
43 0.0498274374460742
44 0.05327868852459016
45 0.05629853321829163
46 0.05910267471958585
47 0.06276962899050906
48 0.06514236410698879
49 0.06945642795513374
50 0.07528041415012943
51 0.0778688524590164
52 0.08132010353753236
53 0.08477135461604832
54 0.08735979292493529
55 0.09490940465918896
56 0.10375323554788611
57 0.10763589301121657
58 0.11044003451251079
59 0.11669542709232096
60 0.12402933563416739
61 0.13050043140638481
62 0.13783433994823124
63 0.14430543572044865
64 0.15120793787748057
65 0.15638481449525454
66 0.16415012942191545
67 0.1693270060396894
68 0.16867989646246764
69 0.17471958584987057
70 0.1870146678170837
71 0.19499568593615185
72 0.2034081104400345
73 0.20858498705780845
74 0.21613459879206212
75 0.21807592752372734
76 0.2236842105263158
77 0.23080241587575495
78 0.23576358930112165
79 0.24568593615185505
80 0.254314063848145
81 0.2590595340811044
82 0.2670405522001726
83 0.27480586712683347
84 0.27739430543572047
85 0.28343399482312337
86 0.28774805867126835
87 0.29206212251941327
88 0.3002588438308887
89 0.3086712683347714
90 0.3183779119930975
91 0.32635893011216566
92 0.3287316652286454
93 0.339732528041415
94 0.34339948231233824
95 0.3505176876617774
96 0.35936151855047455
97 0.37208800690250216
98 0.3785591026747196
99 0.3822260569456428
100 0.384167385677308
101 0.3927955133735979
102 0.3994823123382226
103 0.40358067299396033
104 0.41522864538395166
105 0.4225625539257981
106 0.428602243313201
107 0.43183779119930976
108 0.4400345125107852
109 0.4518981880931838
110 0.4592320966350302
111 0.4659188955996549
112 0.4687230371009491
113 0.4732528041415013
114 0.47756686798964626
115 0.4818809318377912
116 0.48770491803278687
117 0.4913718723037101
118 0.49331320103537535
119 0.49482312338222606
120 0.5012942191544435
121 0.503451251078516
122 0.5101380500431406
123 0.5107851596203624
124 0.5146678170836928
125 0.5265314926660914
126 0.5317083692838654
127 0.5314926660914582
128 0.5334339948231234
129 0.5394736842105263
130 0.5431406384814496
131 0.5416307161345988
132 0.5437877480586712
133 0.5476704055220017
134 0.5556514236410699
135 0.5660051768766178
136 0.57053494391717
137 0.5759275237273511
138 0.5789473684210527
139 0.5830457290767903
140 0.5869283865401208
141 0.590595340811044
142 0.5927523727351165
143 0.5972821397756687
144 0.6044003451251079
145 0.6160483175150993
146 0.616695427092321
147 0.6138912855910268
148 0.6100086281276963
149 0.6143226919758412
150 0.6164797238999137
151 0.6248921484037964
152 0.6317946505608283
153 0.6309318377911993
154 0.6365401207937877
155 0.6324417601380501
156 0.6380500431406385
157 0.6397756686798964
158 0.6382657463330458
159 0.6436583261432269
160 0.6494823123382226
161 0.6540120793787748
162 0.6557377049180327
163 0.658541846419327
164 0.6583261432269197
165 0.658541846419327
166 0.6643658326143227
167 0.6693270060396894
168 0.66458153580673
169 0.6660914581535806
170 0.6740724762726489
171 0.6757981018119068
172 0.6732096635030198
173 0.6790336496980155
174 0.6798964624676446
175 0.6788179465056083
176 0.67946505608283
177 0.67946505608283
178 0.685504745470233
179 0.6885245901639344
180 0.6908973252804141
181 0.6954270923209663
182 0.6997411561691113
183 0.7010353753235548
184 0.7096635030198447
185 0.7051337359792925
186 0.7075064710957722
187 0.7066436583261432
188 0.7150560828300259
189 0.7146246764452114
190 0.7204486626402071
191 0.722174288179465
192 0.723037100949094
193 0.7249784296807593
194 0.7191544434857636
195 0.7236842105263158
196 0.7260569456427955
197 0.7228213977566867
198 0.7277825711820535
199 0.7262726488352028
200 0.730802415875755
201 0.7355478861087144
202 0.7323123382226057
203 0.7340379637618637
204 0.7336065573770492
205 0.7305867126833477
206 0.7269197584124245
207 0.7275668679896462
208 0.7275668679896462
209 0.729076790336497
210 0.7349007765314927
211 0.7323123382226057
212 0.7398619499568594
213 0.7400776531492667
214 0.7402933563416738
215 0.7385677308024159
216 0.7340379637618637
217 0.7340379637618637
218 0.7325280414150129
219 0.7351164797238999
220 0.7405090595340811
221 0.7441760138050043
222 0.7480586712683348
223 0.7446074201898188
224 0.7430974978429681
225 0.7467644521138913
226 0.7469801553062986
227 0.7502157031924073
228 0.7530198446937014
229 0.7497842968075927
230 0.7502157031924073
231 0.748274374460742
232 0.7562553925798102
233 0.7601380500431406
234 0.7627264883520276
235 0.7681190681622088
236 0.7679033649698016
237 0.7614322691975841
238 0.7663934426229508
239 0.7663934426229508
240 0.7592752372735116
241 0.7618636755823986
242 0.7607851596203624
243 0.755176876617774
244 0.7547454702329595
245 0.7569025021570319
246 0.753451251078516
247 0.7530198446937014
248 0.7543140638481449
249 0.7571182053494392
250 0.7618636755823986
251 0.7581967213114754
252 0.7584124245038827
253 0.753451251078516
254 0.7603537532355479
255 0.7558239861949957
256 0.7579810181190682
257 0.769197584124245
258 0.7713546160483176
259 0.7642364106988784
260 0.7659620362381363
261 0.7661777394305436
262 0.7642364106988784
263 0.7653149266609146
264 0.7616479723899914
265 0.7648835202761001
266 0.7698446937014668
267 0.7799827437446074
268 0.7758843830888698
269 0.7812769628990509
270 0.7864538395168249
271 0.7868852459016393
272 0.780414150129422
273 0.7767471958584987
274 0.7763157894736842
275 0.7782571182053495
276 0.77351164797239
277 0.7728645383951682
278 0.7763157894736842
279 0.7737273511647972
280 0.7713546160483176
281 0.7715703192407247
282 0.7739430543572045
283 0.7720017256255393
284 0.7668248490077653
285 0.7674719585849871
286 0.7771786022433133
287 0.7754529767040552
288 0.7767471958584987
289 0.7825711820534944
290 0.7849439171699741
291 0.7871009490940466
292 0.7845125107851596
293 0.7909836065573771
294 0.7968075927523728
295 0.8004745470232959
296 0.795297670405522
297 0.7883951682484901
298 0.7860224331320104
299 0.7890422778257118
300 0.7920621225194133
301 0.7875323554788611
302 0.7879637618636756
303 0.7864538395168249
304 0.7821397756686799
305 0.7907679033649698
306 0.7924935289042278
307 0.7868852459016393
308 0.7847282139775669
309 0.7814926660914582
310 0.7834339948231234
311 0.7858067299396031
312 0.7892579810181191
313 0.7855910267471958
314 0.7907679033649698
315 0.7877480586712683
316 0.7871009490940466
317 0.7914150129421915
318 0.7873166522864539
319 0.7914150129421915
320 0.7931406384814496
321 0.7920621225194133
322 0.7933563416738568
323 0.7942191544434858
324 0.8039257981018119
325 0.7974547023295945
326 0.7970232959447799
327 0.7955133735979293
328 0.7909836065573771
329 0.7890422778257118
330 0.7899050905953409
331 0.7890422778257118
332 0.7942191544434858
333 0.797886108714409
334 0.7899050905953409
335 0.7830025884383088
336 0.7866695427092321
337 0.7845125107851596
338 0.7868852459016393
339 0.7911993097497843
340 0.7860224331320104
341 0.7851596203623814
342 0.7851596203623814
343 0.7907679033649698
344 0.7886108714408974
345 0.7922778257118205
346 0.7896893874029336
347 0.7834339948231234
348 0.7847282139775669
349 0.7911993097497843
350 0.7871009490940466
351 0.7827868852459017
352 0.7817083692838654
353 0.7868852459016393
354 0.7871009490940466
355 0.7851596203623814
356 0.7830025884383088
357 0.7767471958584987
358 0.774374460742019
359 0.7730802415875755
360 0.7737273511647972
361 0.7698446937014668
362 0.7745901639344263
363 0.769197584124245
364 0.7704918032786885
365 0.7694132873166523
366 0.7666091458153581
367 0.77351164797239
368 0.7679033649698016
369 0.7737273511647972
370 0.7745901639344263
371 0.7758843830888698
372 0.7773943054357204
373 0.7823554788610871
374 0.7817083692838654
375 0.7892579810181191
376 0.7871009490940466
377 0.792709232096635
378 0.7886108714408974
379 0.7892579810181191
380 0.7888265746333045
381 0.7855910267471958
382 0.7825711820534944
383 0.7868852459016393
384 0.7862381363244176
385 0.7868852459016393
386 0.7849439171699741
387 0.7903364969801553
388 0.7881794650560828
389 0.7894736842105263
390 0.7886108714408974
391 0.7786885245901639
392 0.7771786022433133
393 0.7823554788610871
394 0.7817083692838654
395 0.7806298533218292
396 0.7845125107851596
397 0.7860224331320104
398 0.7892579810181191
399 0.7883951682484901
400 0.7879637618636756
401 0.7851596203623814
402 0.7840811044003452
403 0.7899050905953409
404 0.790120793787748
405 0.7860224331320104
406 0.7916307161345988
407 0.7832182916307161
408 0.7849439171699741
409 0.7855910267471958
410 0.7862381363244176
411 0.7868852459016393
412 0.7866695427092321
413 0.7881794650560828
414 0.7905522001725626
415 0.794434857635893
416 0.7940034512510785
417 0.7931406384814496
418 0.7922778257118205
419 0.7914150129421915
420 0.7946505608283002
421 0.7888265746333045
422 0.794434857635893
423 0.7933563416738568
424 0.7899050905953409
425 0.7858067299396031
426 0.7905522001725626
427 0.7920621225194133
428 0.794434857635893
429 0.7985332182916307
430 0.7963761863675582
431 0.7983175150992234
432 0.7963761863675582
433 0.7860224331320104
434 0.7866695427092321
435 0.7888265746333045
436 0.7849439171699741
437 0.776962899050906
438 0.775237273511648
439 0.7817083692838654
440 0.7842968075927523
441 0.7819240724762726
442 0.7851596203623814
443 0.7879637618636756
444 0.7896893874029336
445 0.7955133735979293
446 0.7875323554788611
447 0.7853753235547886
448 0.7842968075927523
449 0.7838654012079379
450 0.7855910267471958
451 0.7840811044003452
452 0.7851596203623814
453 0.7806298533218292
454 0.7812769628990509
455 0.7832182916307161
456 0.7814926660914582
457 0.774374460742019
458 0.7737273511647972
459 0.772648835202761
460 0.7748058671268335
461 0.7838654012079379
462 0.7791199309749784
463 0.7773943054357204
464 0.7825711820534944
465 0.7866695427092321
466 0.7819240724762726
467 0.7801984469370147
468 0.7849439171699741
469 0.7836496980155306
470 0.7825711820534944
471 0.7819240724762726
472 0.7748058671268335
473 0.777825711820535
474 0.7782571182053495
475 0.7827868852459017
476 0.7838654012079379
477 0.7810612597066436
478 0.7756686798964625
479 0.7730802415875755
480 0.7810612597066436
481 0.7840811044003452
482 0.7873166522864539
483 0.7877480586712683
484 0.7888265746333045
485 0.7881794650560828
486 0.7866695427092321
487 0.7832182916307161
488 0.7855910267471958
489 0.7782571182053495
490 0.7801984469370147
491 0.7851596203623814
492 0.7883951682484901
493 0.7873166522864539
494 0.7881794650560828
495 0.7838654012079379
496 0.7791199309749784
497 0.7799827437446074
498 0.7724331320103538
499 0.7640207075064711
500 0.7674719585849871
501 0.7737273511647972
502 0.7707075064710958
503 0.768334771354616
504 0.7698446937014668
505 0.7707075064710958
506 0.7730802415875755
507 0.7767471958584987
508 0.7784728213977566
509 0.774374460742019
510 0.7681190681622088
511 0.7737273511647972
512 0.7782571182053495
513 0.7838654012079379
514 0.7877480586712683
515 0.7832182916307161
516 0.7836496980155306
517 0.7761000862812769
518 0.7786885245901639
519 0.7832182916307161
520 0.7847282139775669
521 0.7767471958584987
522 0.7793356341673857
523 0.7765314926660914
524 0.7797670405522001
525 0.77351164797239
526 0.7758843830888698
527 0.7842968075927523
528 0.7858067299396031
529 0.7886108714408974
530 0.7855910267471958
531 0.7830025884383088
532 0.7795513373597929
533 0.7855910267471958
534 0.7812769628990509
535 0.7773943054357204
536 0.7767471958584987
537 0.7763157894736842
538 0.774374460742019
539 0.7704918032786885
540 0.7648835202761001
541 0.7670405522001725
542 0.7627264883520276
543 0.7685504745470233
544 0.7707075064710958
545 0.7698446937014668
546 0.7756686798964625
547 0.7741587575496117
548 0.7748058671268335
549 0.7797670405522001
550 0.7715703192407247
551 0.7741587575496117
552 0.7782571182053495
553 0.7750215703192407
554 0.7754529767040552
555 0.7771786022433133
556 0.7821397756686799
557 0.7823554788610871
558 0.7763157894736842
559 0.7806298533218292
560 0.7808455565142364
561 0.7847282139775669
562 0.7825711820534944
563 0.7814926660914582
564 0.7888265746333045
565 0.7871009490940466
566 0.7860224331320104
567 0.7823554788610871
568 0.7791199309749784
569 0.7791199309749784
570 0.7801984469370147
571 0.7823554788610871
572 0.7894736842105263
573 0.7871009490940466
574 0.7855910267471958
575 0.7886108714408974
576 0.7879637618636756
577 0.7899050905953409
578 0.7918464193270061
579 0.790120793787748
580 0.7868852459016393
581 0.7836496980155306
582 0.7858067299396031
583 0.7890422778257118
584 0.7827868852459017
585 0.7776100086281277
586 0.7780414150129422
587 0.7853753235547886
588 0.7838654012079379
589 0.7851596203623814
590 0.7890422778257118
591 0.7899050905953409
592 0.7950819672131147
593 0.7933563416738568
594 0.7955133735979293
595 0.795297670405522
596 0.7931406384814496
597 0.7931406384814496
598 0.7959447799827437
599 0.794434857635893
600 0.7907679033649698
601 0.7886108714408974
602 0.7899050905953409
603 0.7899050905953409
604 0.7959447799827437
605 0.7914150129421915
606 0.7914150129421915
607 0.7922778257118205
608 0.7937877480586712
609 0.7905522001725626
610 0.7862381363244176
611 0.7866695427092321
612 0.7899050905953409
613 0.7911993097497843
614 0.792709232096635
615 0.7946505608283002
616 0.7970232959447799
617 0.7976704055220017
618 0.7976704055220017
619 0.7931406384814496
620 0.7940034512510785
621 0.7886108714408974
622 0.7888265746333045
623 0.7851596203623814
624 0.7786885245901639
625 0.7801984469370147
626 0.7853753235547886
627 0.7875323554788611
628 0.7851596203623814
629 0.7879637618636756
630 0.7890422778257118
631 0.7894736842105263
632 0.7968075927523728
633 0.8002588438308887
634 0.8002588438308887
635 0.7985332182916307
636 0.7963761863675582
637 0.7950819672131147
638 0.7911993097497843
639 0.7929249352890423
640 0.7892579810181191
641 0.7853753235547886
642 0.7853753235547886
643 0.7845125107851596
644 0.7827868852459017
645 0.7832182916307161
646 0.780414150129422
647 0.7782571182053495
648 0.7793356341673857
649 0.7853753235547886
650 0.7801984469370147
651 0.7836496980155306
652 0.7871009490940466
653 0.7836496980155306
654 0.7840811044003452
655 0.7888265746333045
656 0.7851596203623814
657 0.7916307161345988
658 0.7942191544434858
659 0.792709232096635
660 0.793572044866264
661 0.794434857635893
662 0.8000431406384815
663 0.798748921484038
664 0.7937877480586712
665 0.7877480586712683
666 0.7851596203623814
667 0.790120793787748
668 0.7899050905953409
669 0.7924935289042278
670 0.7916307161345988
671 0.7981018119068162
672 0.8002588438308887
673 0.7983175150992234
674 0.7955133735979293
675 0.7955133735979293
676 0.8037100949094047
677 0.8054357204486626
678 0.8041415012942191
679 0.8071613459879207
680 0.8071613459879207
681 0.8091026747195859
682 0.8030629853321829
683 0.8015530629853321
684 0.8019844693701467
685 0.7955133735979293
686 0.794434857635893
687 0.7920621225194133
688 0.7957290767903364
689 0.7976704055220017
690 0.801337359792925
691 0.7972389991371872
692 0.7996117342536669
693 0.7963761863675582
694 0.7942191544434858
695 0.7968075927523728
696 0.790120793787748
697 0.7847282139775669
698 0.7862381363244176
699 0.7879637618636756
700 0.7890422778257118
