1 0.0012942191544434857
2 0.0019413287316652286
3 0.0021570319240724763
4 0.0025884383088869713
5 0.0032355478861087143
6 0.0045297670405522
7 0.005176876617773943
8 0.006902502157031924
9 0.00819672131147541
10 0.009275237273511648
11 0.01186367558239862
12 0.014452113891285591
13 0.016609145815358068
14 0.018766177739430543
15 0.022433132010353754
16 0.02610008628127696
17 0.029767040552200173
18 0.033218291630716136
19 0.037532355478861086
20 0.040120793787748056
21 0.04184641932700604
22 0.043356341673856776
23 0.045944779982743746
24 0.04831751509922347
25 0.05241587575496117
26 0.05629853321829163
27 0.06061259706643658
28 0.06514236410698879
29 0.07031924072476273
30 0.07571182053494392
31 0.08326143226919758
32 0.08541846419327007
33 0.09318377911993098
34 0.10030198446937015
35 0.11065573770491803
36 0.11691113028472822
37 0.1231665228645384
38 0.12899050905953408
39 0.13610871440897326
40 0.14430543572044865
41 0.14969801553062986
42 0.15271786022433131
43 0.15703192407247626
44 0.1622088006902502
45 0.16954270923209663
46 0.1766609145815358
47 0.1865832614322692
48 0.19823123382226057
49 0.20987920621225195
50 0.2200172562553926
51 0.2269197584124245
52 0.22972389991371872
53 0.23490077653149266
54 0.24029335634167387
55 0.2463330457290768
56 0.2571182053494392
57 0.26056945642795515
58 0.26617773943054357
59 0.27372735116479724
60 0.28364969801553064
61 0.2914150129421915
62 0.3002588438308887
63 0.3084555651423641
64 0.31363244176013805
65 0.3216134598792062
66 0.32808455565142364
67 0.3332614322691976
68 0.34037963761863677
69 0.3444779982743745
70 0.3528904227782571
71 0.3656169111302847
72 0.3768334771354616
73 0.3839516824849008
74 0.3908541846419327
75 0.3958153580672994
76 0.40099223468507333
77 0.4154443485763589
78 0.42515099223468505
79 0.4339948231233822
80 0.4365832614322692
81 0.4443485763589301
82 0.4488783433994823
83 0.4570750647109577
84 0.46203623813632444
85 0.46656600517687663
86 0.4743313201035375
87 0.47519413287316653
88 0.47886108714408976
89 0.4857635893011217
90 0.49331320103537535
91 0.5028041415012943
92 0.5090595340811044
93 0.5092752372735116
94 0.518334771354616
95 0.5202761000862812
96 0.5207075064710958
97 0.5232959447799828
98 0.5291199309749784
99 0.5366695427092321
100 0.5388265746333045
101 0.5457290767903364
102 0.5526315789473685
103 0.558455565142364
104 0.5547886108714409
105 0.5571613459879207
106 0.5653580672993961
107 0.568809318377912
108 0.5765746333045729
109 0.5823986194995686
110 0.5886540120793787
111 0.5968507333908541
112 0.5992234685073339
113 0.5959879206212252
114 0.5998705780845557
115 0.6056945642795514
116 0.6082830025884383
117 0.6091458153580673
118 0.6100086281276963
119 0.6145383951682485
120 0.614106988783434
121 0.6216566005176877
122 0.6255392579810182
123 0.619283865401208
124 0.6240293356341674
125 0.6257549611734253
126 0.6292062122519413
127 0.6382657463330458
128 0.6395599654874892
129 0.6473252804141502
130 0.6481880931837791
131 0.6520707506471096
132 0.657679033649698
133 0.6606988783433995
134 0.6561691113028473
135 0.6622088006902502
136 0.6613459879206213
137 0.6542277825711821
138 0.657679033649698
139 0.6572476272648835
140 0.6589732528041415
141 0.6570319240724762
142 0.6663071613459879
143 0.6667385677308024
144 0.6684641932700603
145 0.6624245038826575
146 0.6589732528041415
147 0.6617773943054357
148 0.667169974115617
149 0.6766609145815358
150 0.6792493528904228
151 0.6859361518550474
152 0.6872303710094909
153 0.688955996548749
154 0.6874460742018982
155 0.691544434857636
156 0.6937014667817084
157 0.6997411561691113
158 0.7018981880931838
159 0.7044866264020707
160 0.7059965487489215
161 0.7118205349439172
162 0.7135461604831751
163 0.7128990509059534
164 0.7219585849870578
165 0.7288610871440897
166 0.727351164797239
167 0.729076790336497
168 0.72648835202761
169 0.728213977566868
170 0.7234685073339086
171 0.7254098360655737
172 0.7236842105263158
173 0.7206643658326143
174 0.7178602243313201
175 0.7161345987920621
176 0.7165660051768766
177 0.7146246764452114
178 0.7165660051768766
179 0.7178602243313201
180 0.7228213977566867
181 0.7258412424503883
182 0.7236842105263158
183 0.7310181190681622
184 0.725625539257981
185 0.728213977566868
186 0.725625539257981
187 0.7213114754098361
188 0.7234685073339086
189 0.724762726488352
190 0.7262726488352028
191 0.723037100949094
192 0.7329594477998275
193 0.7383520276100086
194 0.7437446074201898
195 0.7422346850733391
196 0.7366264020707507
197 0.7398619499568594
198 0.7420189818809318
199 0.7381363244176014
200 0.7402933563416738
201 0.7374892148403797
202 0.7372735116479724
203 0.7351164797238999
204 0.7430974978429681
205 0.7420189818809318
206 0.7443917169974116
207 0.7437446074201898
208 0.7409404659188956
209 0.7493528904227783
210 0.7487057808455565
211 0.7549611734253667
212 0.7553925798101812
213 0.749137187230371
214 0.7532355478861087
215 0.7493528904227783
216 0.7484900776531492
217 0.7506471095772217
218 0.7532355478861087
219 0.7564710957722174
220 0.7489214840379638
221 0.747411561691113
222 0.7502157031924073
223 0.753451251078516
224 0.7521570319240725
225 0.7519413287316652
226 0.7556082830025884
227 0.7607851596203624
228 0.7681190681622088
229 0.7761000862812769
230 0.7700603968938741
231 0.7702761000862812
232 0.7674719585849871
233 0.7666091458153581
234 0.7640207075064711
235 0.7644521138912856
236 0.769197584124245
237 0.774374460742019
238 0.7732959447799828
239 0.772648835202761
240 0.769197584124245
241 0.771786022433132
242 0.7758843830888698
243 0.7704918032786885
244 0.7704918032786885
245 0.7700603968938741
246 0.7674719585849871
247 0.7635893011216566
248 0.7659620362381363
249 0.7672562553925798
250 0.7696289905090595
251 0.7732959447799828
252 0.7666091458153581
253 0.7720017256255393
254 0.7696289905090595
255 0.769197584124245
256 0.7627264883520276
257 0.7668248490077653
258 0.7685504745470233
259 0.7668248490077653
260 0.7659620362381363
261 0.7644521138912856
262 0.7622950819672131
263 0.7620793787748059
264 0.7642364106988784
265 0.765746333045729
266 0.7672562553925798
267 0.7765314926660914
268 0.7694132873166523
269 0.769197584124245
270 0.7730802415875755
271 0.7780414150129422
272 0.7756686798964625
273 0.7741587575496117
274 0.774374460742019
275 0.771786022433132
276 0.7730802415875755
277 0.7799827437446074
278 0.7739430543572045
279 0.7698446937014668
280 0.7713546160483176
281 0.7698446937014668
282 0.7745901639344263
283 0.7722174288179465
284 0.7730802415875755
285 0.7732959447799828
286 0.7791199309749784
287 0.7789042277825712
288 0.7808455565142364
289 0.7765314926660914
290 0.777825711820535
291 0.7748058671268335
292 0.7711389128559103
293 0.7750215703192407
294 0.7737273511647972
295 0.7782571182053495
296 0.7765314926660914
297 0.7745901639344263
298 0.776962899050906
299 0.7711389128559103
300 0.7722174288179465
301 0.7732959447799828
302 0.7668248490077653
303 0.7722174288179465
304 0.7756686798964625
305 0.7791199309749784
306 0.7827868852459017
307 0.7853753235547886
308 0.7801984469370147
309 0.7773943054357204
310 0.7786885245901639
311 0.7773943054357204
312 0.7739430543572045
313 0.77351164797239
314 0.7728645383951682
315 0.7817083692838654
316 0.7773943054357204
317 0.774374460742019
318 0.7771786022433133
319 0.775237273511648
320 0.7793356341673857
321 0.7799827437446074
322 0.7780414150129422
323 0.7791199309749784
324 0.7776100086281277
325 0.7830025884383088
326 0.7795513373597929
327 0.7756686798964625
328 0.777825711820535
329 0.7773943054357204
330 0.7730802415875755
331 0.7791199309749784
332 0.7836496980155306
333 0.7883951682484901
334 0.7886108714408974
335 0.7814926660914582
336 0.7825711820534944
337 0.7812769628990509
338 0.7795513373597929
339 0.7851596203623814
340 0.7817083692838654
341 0.7791199309749784
342 0.7810612597066436
343 0.7821397756686799
344 0.7795513373597929
345 0.7838654012079379
346 0.7823554788610871
347 0.7806298533218292
348 0.7801984469370147
349 0.7761000862812769
350 0.7821397756686799
351 0.7825711820534944
352 0.7806298533218292
353 0.7836496980155306
354 0.7817083692838654
355 0.7847282139775669
356 0.7907679033649698
357 0.7791199309749784
358 0.7836496980155306
359 0.7793356341673857
360 0.7761000862812769
361 0.7864538395168249
362 0.7855910267471958
363 0.7920621225194133
364 0.7873166522864539
365 0.7877480586712683
366 0.7873166522864539
367 0.7782571182053495
368 0.7810612597066436
369 0.7801984469370147
370 0.7894736842105263
371 0.7871009490940466
372 0.7871009490940466
373 0.7890422778257118
374 0.7860224331320104
375 0.7834339948231234
376 0.7797670405522001
377 0.7789042277825712
378 0.7739430543572045
379 0.7801984469370147
380 0.7819240724762726
381 0.7784728213977566
382 0.7819240724762726
383 0.7806298533218292
384 0.7838654012079379
385 0.7890422778257118
386 0.7873166522864539
387 0.7855910267471958
388 0.7834339948231234
389 0.7799827437446074
390 0.7763157894736842
391 0.7814926660914582
392 0.7806298533218292
393 0.7858067299396031
394 0.790120793787748
395 0.792709232096635
396 0.7940034512510785
397 0.8015530629853321
398 0.7968075927523728
399 0.793572044866264
400 0.7896893874029336
401 0.7924935289042278
402 0.7896893874029336
403 0.7877480586712683
404 0.7834339948231234
405 0.7883951682484901
406 0.7871009490940466
407 0.7916307161345988
408 0.7899050905953409
409 0.790120793787748
410 0.7838654012079379
411 0.7858067299396031
412 0.7832182916307161
413 0.7873166522864539
414 0.7817083692838654
415 0.7799827437446074
416 0.7827868852459017
417 0.7888265746333045
418 0.7892579810181191
419 0.7903364969801553
420 0.7920621225194133
421 0.7948662640207075
422 0.7942191544434858
423 0.7931406384814496
424 0.7868852459016393
425 0.7873166522864539
426 0.7847282139775669
427 0.7940034512510785
428 0.7875323554788611
429 0.780414150129422
430 0.7823554788610871
431 0.7832182916307161
432 0.7853753235547886
433 0.7834339948231234
434 0.7849439171699741
435 0.7832182916307161
436 0.7819240724762726
437 0.7849439171699741
438 0.7840811044003452
439 0.7830025884383088
440 0.7860224331320104
441 0.7877480586712683
442 0.7838654012079379
443 0.7851596203623814
444 0.7801984469370147
445 0.7808455565142364
446 0.7836496980155306
447 0.7819240724762726
448 0.7786885245901639
449 0.7730802415875755
450 0.7728645383951682
451 0.7789042277825712
452 0.7773943054357204
453 0.7722174288179465
454 0.7732959447799828
455 0.7814926660914582
456 0.7799827437446074
457 0.7780414150129422
458 0.7780414150129422
459 0.7823554788610871
460 0.7823554788610871
461 0.7840811044003452
462 0.7890422778257118
463 0.7877480586712683
464 0.7851596203623814
465 0.7821397756686799
466 0.7780414150129422
467 0.7845125107851596
468 0.7868852459016393
469 0.7873166522864539
470 0.7933563416738568
471 0.7985332182916307
472 0.7976704055220017
473 0.8019844693701467
474 0.8024158757549612
475 0.7955133735979293
476 0.7881794650560828
477 0.7899050905953409
478 0.7914150129421915
479 0.7948662640207075
480 0.7993960310612597
481 0.8011216566005177
482 0.8006902502157032
483 0.7916307161345988
484 0.7830025884383088
485 0.7741587575496117
486 0.774374460742019
487 0.771786022433132
488 0.776962899050906
489 0.7834339948231234
490 0.7840811044003452
491 0.7881794650560828
492 0.7862381363244176
493 0.7853753235547886
494 0.7823554788610871
495 0.7819240724762726
496 0.7888265746333045
497 0.7996117342536669
498 0.7998274374460742
499 0.7955133735979293
500 0.7942191544434858
501 0.7929249352890423
502 0.7905522001725626
503 0.7909836065573771
504 0.795297670405522
505 0.797886108714409
506 0.801337359792925
507 0.8004745470232959
508 0.7950819672131147
509 0.7892579810181191
510 0.7903364969801553
511 0.7933563416738568
512 0.7888265746333045
513 0.7873166522864539
514 0.7877480586712683
515 0.7957290767903364
516 0.795297670405522
517 0.7909836065573771
518 0.7924935289042278
519 0.7871009490940466
520 0.7849439171699741
521 0.7840811044003452
522 0.7873166522864539
523 0.7827868852459017
524 0.7748058671268335
525 0.7799827437446074
526 0.7834339948231234
527 0.7873166522864539
528 0.7886108714408974
529 0.7914150129421915
530 0.7862381363244176
531 0.7830025884383088
532 0.780414150129422
533 0.7765314926660914
534 0.7713546160483176
535 0.7707075064710958
536 0.774374460742019
537 0.775237273511648
538 0.7750215703192407
539 0.7689818809318378
540 0.7696289905090595
541 0.7715703192407247
542 0.7732959447799828
543 0.7817083692838654
544 0.7920621225194133
545 0.7845125107851596
546 0.7879637618636756
547 0.7842968075927523
548 0.7834339948231234
549 0.7830025884383088
550 0.7808455565142364
551 0.7825711820534944
552 0.7879637618636756
553 0.7821397756686799
554 0.7855910267471958
555 0.7914150129421915
556 0.7890422778257118
557 0.7920621225194133
558 0.7868852459016393
559 0.7817083692838654
560 0.7812769628990509
561 0.7873166522864539
562 0.7786885245901639
563 0.775237273511648
564 0.768334771354616
565 0.7646678170836928
566 0.772648835202761
567 0.7704918032786885
568 0.7700603968938741
569 0.769197584124245
570 0.777825711820535
571 0.7801984469370147
572 0.7838654012079379
573 0.7827868852459017
574 0.780414150129422
575 0.7819240724762726
576 0.7832182916307161
577 0.7842968075927523
578 0.7821397756686799
579 0.7795513373597929
580 0.7756686798964625
581 0.7741587575496117
582 0.771786022433132
583 0.7655306298533219
584 0.7694132873166523
585 0.7676876617773943
586 0.7704918032786885
587 0.7758843830888698
588 0.7784728213977566
589 0.7819240724762726
590 0.7834339948231234
591 0.7817083692838654
592 0.7825711820534944
593 0.7806298533218292
594 0.7782571182053495
595 0.7776100086281277
596 0.775237273511648
597 0.7808455565142364
598 0.7881794650560828
599 0.7868852459016393
600 0.7823554788610871
601 0.7814926660914582
602 0.7814926660914582
603 0.7793356341673857
604 0.7832182916307161
605 0.7812769628990509
606 0.7806298533218292
607 0.7860224331320104
608 0.7849439171699741
609 0.7849439171699741
610 0.7845125107851596
611 0.7767471958584987
612 0.7836496980155306
613 0.7840811044003452
614 0.7845125107851596
615 0.7858067299396031
616 0.7871009490940466
617 0.7879637618636756
618 0.7817083692838654
619 0.7823554788610871
620 0.7858067299396031
621 0.7899050905953409
622 0.7873166522864539
623 0.7875323554788611
624 0.7845125107851596
625 0.7873166522864539
626 0.7858067299396031
627 0.7853753235547886
628 0.7879637618636756
629 0.7890422778257118
630 0.7894736842105263
631 0.7849439171699741
632 0.7840811044003452
633 0.7838654012079379
634 0.7881794650560828
635 0.7873166522864539
636 0.7899050905953409
637 0.7899050905953409
638 0.7886108714408974
639 0.790120793787748
640 0.7855910267471958
641 0.7892579810181191
642 0.7883951682484901
643 0.792709232096635
644 0.7888265746333045
645 0.7858067299396031
646 0.7832182916307161
647 0.7847282139775669
648 0.7799827437446074
649 0.7823554788610871
650 0.7866695427092321
651 0.7886108714408974
652 0.794434857635893
653 0.7976704055220017
654 0.7909836065573771
655 0.7860224331320104
656 0.7877480586712683
657 0.7920621225194133
658 0.7890422778257118
659 0.7929249352890423
660 0.7959447799827437
661 0.7931406384814496
662 0.7909836065573771
663 0.7920621225194133
664 0.7877480586712683
665 0.7890422778257118
666 0.7879637618636756
667 0.7851596203623814
668 0.7823554788610871
669 0.7786885245901639
670 0.7821397756686799
671 0.775237273511648
672 0.777825711820535
673 0.7817083692838654
674 0.7786885245901639
675 0.7830025884383088
676 0.7801984469370147
677 0.7791199309749784
678 0.7806298533218292
679 0.7795513373597929
680 0.7784728213977566
681 0.7797670405522001
682 0.7868852459016393
683 0.7890422778257118
684 0.7933563416738568
685 0.7920621225194133
686 0.7931406384814496
687 0.7920621225194133
688 0.7972389991371872
689 0.7914150129421915
690 0.7886108714408974
691 0.7871009490940466
692 0.7851596203623814
693 0.7860224331320104
694 0.7883951682484901
695 0.7888265746333045
696 0.7911993097497843
697 0.7957290767903364
698 0.794434857635893
699 0.7875323554788611
700 0.7911993097497843
