1 0.00021570319240724764
2 0.0004314063848144953
3 0.0008628127696289905
4 0.0010785159620362382
5 0.001725625539257981
6 0.0019413287316652286
7 0.0025884383088869713
8 0.0036669542709232097
9 0.005823986194995686
10 0.007118205349439172
11 0.007765314926660914
12 0.008843830888697153
13 0.010138050043140638
14 0.011647972389991372
15 0.013373597929249352
16 0.01639344262295082
17 0.018550474547023296
18 0.02092320966350302
19 0.02286453839516825
20 0.02545297670405522
21 0.02739430543572045
22 0.030414150129421915
23 0.03278688524590164
24 0.036669542709232096
25 0.0407679033649698
26 0.04702329594477998
27 0.05069025021570319
28 0.05737704918032787
29 0.06341673856773081
30 0.06514236410698879
31 0.0724762726488352
32 0.07873166522864539
33 0.08779119930974978
34 0.0942622950819672
35 0.10116479723899914
36 0.10612597066436583
37 0.11259706643658327
38 0.1177739430543572
39 0.1227351164797239
40 0.1272648835202761
41 0.12899050905953408
42 0.13783433994823124
43 0.14365832614322693
44 0.15120793787748057
45 0.15746333045729077
46 0.16026747195858498
47 0.1671699741156169
48 0.1725625539257981
49 0.18097497842968077
50 0.18464193270060397
51 0.19327006039689387
52 0.19823123382226057
53 0.20168248490077653
54 0.204702329594478
55 0.21397756686798963
56 0.22088006902502158
57 0.2269197584124245
58 0.2359792924935289
59 0.2405090595340811
60 0.25194132873166525
61 0.25668679896462465
62 0.2635893011216566
63 0.27070750647109576
64 0.2786885245901639
65 0.2784728213977567
66 0.2808455565142364
67 0.2858067299396031
68 0.29335634167385677
69 0.3002588438308887
70 0.3056514236410699
71 0.3160051768766178
72 0.32226056945642795
73 0.32959447799827435
74 0.3382226056945643
75 0.34490940465918896
76 0.3533218291630716
77 0.36022433132010356
78 0.3684210526315789
79 0.3759706643658326
80 0.3826574633304573
81 0.38503019844693703
82 0.3895599654874892
83 0.40099223468507333
84 0.409404659188956
85 0.4143658326143227
86 0.4247195858498706
87 0.42924935289042276
88 0.4402502157031924
89 0.4439171699741156
90 0.4486626402070751
91 0.45405522001725623
92 0.46182053494391717
93 0.47088006902502155
94 0.47929249352890424
95 0.48209663503019845
96 0.4930974978429681
97 0.49201898188093185
98 0.49784296807592754
99 0.5088438308886971
100 0.5105694564279551
101 0.5174719585849871
102 0.5189818809318378
103 0.52351164797239
104 0.5282571182053495
105 0.5364538395168249
106 0.5422778257118205
107 0.5459447799827437
108 0.5498274374460742
109 0.5493960310612597
110 0.5470232959447799
111 0.5528472821397756
112 0.5580241587575496
113 0.563632441760138
114 0.5707506471095772
115 0.5737704918032787
116 0.5752804141501294
117 0.5808886971527178
118 0.5830457290767903
119 0.5785159620362381
120 0.5774374460742019
121 0.5860655737704918
122 0.591458153580673
123 0.5936151855047455
124 0.5981449525452976
125 0.6013805004314063
126 0.6015962036238136
127 0.6031061259706644
128 0.6089301121656601
129 0.6160483175150993
130 0.6207937877480587
131 0.6197152717860225
132 0.6231665228645384
133 0.6225194132873166
134 0.6302847282139775
135 0.6363244176013805
136 0.634167385677308
137 0.6425798101811907
138 0.6415012942191545
139 0.6434426229508197
140 0.6490509059534081
141 0.653364969801553
142 0.6574633304572908
143 0.6514236410698878
144 0.65595340811044
145 0.6566005176876618
146 0.6639344262295082
147 0.6658757549611735
148 0.6704055220017257
149 0.6658757549611735
150 0.6676013805004314
151 0.6647972389991372
152 0.6656600517687662
153 0.6770923209663503
154 0.67946505608283
155 0.6762295081967213
156 0.6801121656600517
157 0.6842105263157895
158 0.6833477135461605
159 0.6872303710094909
160 0.6865832614322692
161 0.6885245901639344
162 0.6941328731665228
163 0.6896031061259706
164 0.6908973252804141
165 0.6956427955133736
166 0.7003882657463331
167 0.7006039689387403
168 0.705565142364107
169 0.7081535806729939
170 0.7036238136324418
171 0.7023295944779983
172 0.707290767903365
173 0.7120362381363244
174 0.7172131147540983
175 0.7139775668679896
176 0.7169974115616912
177 0.7157031924072477
178 0.7154874892148404
179 0.7232528041415013
180 0.7262726488352028
181 0.7299396031061259
182 0.7314495254529767
183 0.7370578084555651
184 0.7402933563416738
185 0.7381363244176014
186 0.7424503882657464
187 0.7379206212251941
188 0.7379206212251941
189 0.7443917169974116
190 0.7456859361518551
191 0.744823123382226
192 0.7400776531492667
193 0.7405090595340811
194 0.744823123382226
195 0.7478429680759275
196 0.7495685936151855
197 0.7532355478861087
198 0.7523727351164797
199 0.7502157031924073
200 0.7571182053494392
201 0.7607851596203624
202 0.7676876617773943
203 0.7663934426229508
204 0.7620793787748059
205 0.7592752372735116
206 0.7685504745470233
207 0.7672562553925798
208 0.7659620362381363
209 0.7694132873166523
210 0.765746333045729
211 0.7603537532355479
212 0.7659620362381363
213 0.768334771354616
214 0.772648835202761
215 0.775237273511648
216 0.7745901639344263
217 0.7700603968938741
218 0.770923209663503
219 0.77351164797239
220 0.7754529767040552
221 0.770923209663503
222 0.7715703192407247
223 0.7676876617773943
224 0.7711389128559103
225 0.768334771354616
226 0.7720017256255393
227 0.7713546160483176
228 0.7730802415875755
229 0.7741587575496117
230 0.7672562553925798
231 0.7622950819672131
232 0.7625107851596203
233 0.7635893011216566
234 0.7707075064710958
235 0.7782571182053495
236 0.7821397756686799
237 0.7821397756686799
238 0.7860224331320104
239 0.7767471958584987
240 0.7782571182053495
241 0.7687661777394306
242 0.7618636755823986
243 0.7707075064710958
244 0.7722174288179465
245 0.7767471958584987
246 0.7765314926660914
247 0.7771786022433133
248 0.776962899050906
249 0.7765314926660914
250 0.7791199309749784
251 0.7771786022433133
252 0.7771786022433133
253 0.7739430543572045
254 0.777825711820535
255 0.7737273511647972
256 0.780414150129422
257 0.7763157894736842
258 0.776962899050906
259 0.7782571182053495
260 0.7801984469370147
261 0.7793356341673857
262 0.7814926660914582
263 0.7750215703192407
264 0.7786885245901639
265 0.776962899050906
266 0.7765314926660914
267 0.7765314926660914
268 0.7801984469370147
269 0.7825711820534944
270 0.7845125107851596
271 0.7855910267471958
272 0.7776100086281277
273 0.7832182916307161
274 0.7832182916307161
275 0.7827868852459017
276 0.7821397756686799
277 0.7791199309749784
278 0.7789042277825712
279 0.7795513373597929
280 0.7823554788610871
281 0.7860224331320104
282 0.7862381363244176
283 0.7806298533218292
284 0.7750215703192407
285 0.7793356341673857
286 0.7795513373597929
287 0.7732959447799828
288 0.7704918032786885
289 0.7737273511647972
290 0.7763157894736842
291 0.7810612597066436
292 0.7836496980155306
293 0.7858067299396031
294 0.7819240724762726
295 0.7834339948231234
296 0.7871009490940466
297 0.7864538395168249
298 0.7823554788610871
299 0.7791199309749784
300 0.7797670405522001
301 0.7767471958584987
302 0.7793356341673857
303 0.776962899050906
304 0.7771786022433133
305 0.7821397756686799
306 0.7827868852459017
307 0.7795513373597929
308 0.7732959447799828
309 0.7745901639344263
310 0.7750215703192407
311 0.7773943054357204
312 0.7825711820534944
313 0.7840811044003452
314 0.7860224331320104
315 0.7881794650560828
316 0.7860224331320104
317 0.7864538395168249
318 0.7905522001725626
319 0.7851596203623814
320 0.7823554788610871
321 0.7827868852459017
322 0.7823554788610871
323 0.7791199309749784
324 0.7801984469370147
325 0.7855910267471958
326 0.7851596203623814
327 0.7797670405522001
328 0.7789042277825712
329 0.7793356341673857
330 0.775237273511648
331 0.7761000862812769
332 0.7722174288179465
333 0.7728645383951682
334 0.772648835202761
335 0.77351164797239
336 0.7713546160483176
337 0.7724331320103538
338 0.7745901639344263
339 0.7745901639344263
340 0.7801984469370147
341 0.7825711820534944
342 0.7827868852459017
343 0.7890422778257118
344 0.7823554788610871
345 0.7834339948231234
346 0.7840811044003452
347 0.7868852459016393
348 0.7827868852459017
349 0.7750215703192407
350 0.7758843830888698
351 0.7702761000862812
352 0.7739430543572045
353 0.772648835202761
354 0.7685504745470233
355 0.7704918032786885
356 0.7707075064710958
357 0.7754529767040552
358 0.7650992234685073
359 0.7713546160483176
360 0.772648835202761
361 0.7786885245901639
362 0.7814926660914582
363 0.7849439171699741
364 0.7909836065573771
365 0.7853753235547886
366 0.7793356341673857
367 0.7808455565142364
368 0.7789042277825712
369 0.7795513373597929
370 0.7810612597066436
371 0.7780414150129422
372 0.7812769628990509
373 0.7851596203623814
374 0.7881794650560828
375 0.7899050905953409
376 0.8000431406384815
377 0.7916307161345988
378 0.7937877480586712
379 0.7881794650560828
380 0.7868852459016393
381 0.7814926660914582
382 0.7823554788610871
383 0.7847282139775669
384 0.7836496980155306
385 0.7849439171699741
386 0.7812769628990509
387 0.7817083692838654
388 0.7821397756686799
389 0.7849439171699741
390 0.7761000862812769
391 0.780414150129422
392 0.7871009490940466
393 0.7836496980155306
394 0.7899050905953409
395 0.794434857635893
396 0.7896893874029336
397 0.7883951682484901
398 0.7842968075927523
399 0.7858067299396031
400 0.7819240724762726
401 0.7868852459016393
402 0.7827868852459017
403 0.7890422778257118
404 0.792709232096635
405 0.7920621225194133
406 0.7875323554788611
407 0.7907679033649698
408 0.7886108714408974
409 0.7940034512510785
410 0.7957290767903364
411 0.7914150129421915
412 0.7879637618636756
413 0.7892579810181191
414 0.7875323554788611
415 0.7875323554788611
416 0.7896893874029336
417 0.7858067299396031
418 0.7832182916307161
419 0.7860224331320104
420 0.7853753235547886
421 0.7868852459016393
422 0.7819240724762726
423 0.7851596203623814
424 0.7877480586712683
425 0.7827868852459017
426 0.7836496980155306
427 0.7907679033649698
428 0.7860224331320104
429 0.7888265746333045
430 0.792709232096635
431 0.7860224331320104
432 0.7845125107851596
433 0.7868852459016393
434 0.7830025884383088
435 0.7855910267471958
436 0.7886108714408974
437 0.7883951682484901
438 0.7849439171699741
439 0.7855910267471958
440 0.7868852459016393
441 0.7812769628990509
442 0.7855910267471958
443 0.7853753235547886
444 0.7858067299396031
445 0.7827868852459017
446 0.7799827437446074
447 0.7773943054357204
448 0.7763157894736842
449 0.7821397756686799
450 0.7842968075927523
451 0.7838654012079379
452 0.7847282139775669
453 0.7782571182053495
454 0.777825711820535
455 0.77351164797239
456 0.7670405522001725
457 0.768334771354616
458 0.7694132873166523
459 0.7745901639344263
460 0.7724331320103538
461 0.7756686798964625
462 0.7801984469370147
463 0.7855910267471958
464 0.7832182916307161
465 0.7840811044003452
466 0.7864538395168249
467 0.7789042277825712
468 0.7817083692838654
469 0.7825711820534944
470 0.7853753235547886
471 0.7776100086281277
472 0.7750215703192407
473 0.7754529767040552
474 0.7786885245901639
475 0.7763157894736842
476 0.7773943054357204
477 0.7853753235547886
478 0.7879637618636756
479 0.7909836065573771
480 0.7845125107851596
481 0.7771786022433133
482 0.769197584124245
483 0.7737273511647972
484 0.7732959447799828
485 0.7761000862812769
486 0.7825711820534944
487 0.7827868852459017
488 0.7840811044003452
489 0.7933563416738568
490 0.7957290767903364
491 0.7899050905953409
492 0.7875323554788611
493 0.7877480586712683
494 0.7853753235547886
495 0.7827868852459017
496 0.7838654012079379
497 0.7767471958584987
498 0.7767471958584987
499 0.7758843830888698
500 0.7782571182053495
501 0.7789042277825712
502 0.7799827437446074
503 0.7842968075927523
504 0.7877480586712683
505 0.7903364969801553
506 0.7890422778257118
507 0.7860224331320104
508 0.7780414150129422
509 0.770923209663503
510 0.7702761000862812
511 0.7745901639344263
512 0.7748058671268335
513 0.7793356341673857
514 0.7799827437446074
515 0.7823554788610871
516 0.7817083692838654
517 0.7830025884383088
518 0.7823554788610871
519 0.7832182916307161
520 0.7892579810181191
521 0.7806298533218292
522 0.7756686798964625
523 0.7830025884383088
524 0.7836496980155306
525 0.7830025884383088
526 0.7784728213977566
527 0.7853753235547886
528 0.7860224331320104
529 0.7853753235547886
530 0.7916307161345988
531 0.7983175150992234
532 0.7989646246764452
533 0.7950819672131147
534 0.7931406384814496
535 0.7903364969801553
536 0.7799827437446074
537 0.7750215703192407
538 0.7767471958584987
539 0.7830025884383088
540 0.7892579810181191
541 0.7858067299396031
542 0.7845125107851596
543 0.7858067299396031
544 0.7933563416738568
545 0.7862381363244176
546 0.7896893874029336
547 0.7830025884383088
548 0.7875323554788611
549 0.7838654012079379
550 0.7836496980155306
551 0.7814926660914582
552 0.7812769628990509
553 0.7858067299396031
554 0.7789042277825712
555 0.774374460742019
556 0.7763157894736842
557 0.7810612597066436
558 0.7860224331320104
559 0.7834339948231234
560 0.7842968075927523
561 0.7862381363244176
562 0.7871009490940466
563 0.7836496980155306
564 0.7812769628990509
565 0.7834339948231234
566 0.7840811044003452
567 0.7858067299396031
568 0.7871009490940466
569 0.793572044866264
570 0.7933563416738568
571 0.7920621225194133
572 0.7940034512510785
573 0.7955133735979293
574 0.7950819672131147
575 0.7940034512510785
576 0.7907679033649698
577 0.7916307161345988
578 0.7823554788610871
579 0.7864538395168249
580 0.7858067299396031
581 0.7883951682484901
582 0.7858067299396031
583 0.7825711820534944
584 0.7830025884383088
585 0.780414150129422
586 0.7838654012079379
587 0.7877480586712683
588 0.7855910267471958
589 0.7877480586712683
590 0.7871009490940466
591 0.7875323554788611
592 0.7838654012079379
593 0.7881794650560828
594 0.7905522001725626
595 0.8019844693701467
596 0.798748921484038
597 0.7965918895599655
598 0.796160483175151
599 0.7950819672131147
600 0.7907679033649698
601 0.7886108714408974
602 0.7871009490940466
603 0.7868852459016393
604 0.7875323554788611
605 0.790120793787748
606 0.7911993097497843
607 0.7972389991371872
608 0.798748921484038
609 0.7989646246764452
610 0.7972389991371872
611 0.7955133735979293
612 0.7998274374460742
613 0.8032786885245902
614 0.8088869715271786
615 0.8043572044866264
616 0.8019844693701467
617 0.8037100949094047
618 0.8047886108714409
619 0.7970232959447799
620 0.7959447799827437
621 0.7916307161345988
622 0.7864538395168249
623 0.7825711820534944
624 0.7817083692838654
625 0.7806298533218292
626 0.7834339948231234
627 0.777825711820535
628 0.7793356341673857
629 0.7819240724762726
630 0.780414150129422
631 0.7793356341673857
632 0.780414150129422
633 0.7789042277825712
634 0.7836496980155306
635 0.7862381363244176
636 0.7881794650560828
637 0.7922778257118205
638 0.792709232096635
639 0.7907679033649698
640 0.7871009490940466
641 0.7858067299396031
642 0.7896893874029336
643 0.7896893874029336
644 0.7864538395168249
645 0.7819240724762726
646 0.7849439171699741
647 0.7909836065573771
648 0.7924935289042278
649 0.7950819672131147
650 0.7985332182916307
651 0.7963761863675582
652 0.7940034512510785
653 0.7937877480586712
654 0.7914150129421915
655 0.7929249352890423
656 0.7970232959447799
657 0.7931406384814496
658 0.792709232096635
659 0.7976704055220017
660 0.793572044866264
661 0.7993960310612597
662 0.7996117342536669
663 0.7981018119068162
664 0.7931406384814496
665 0.790120793787748
666 0.7907679033649698
667 0.7918464193270061
668 0.798748921484038
669 0.7946505608283002
670 0.7989646246764452
671 0.7959447799827437
672 0.8004745470232959
673 0.8022001725625539
674 0.7998274374460742
675 0.7959447799827437
676 0.7920621225194133
677 0.7877480586712683
678 0.7877480586712683
679 0.790120793787748
680 0.7888265746333045
681 0.7847282139775669
682 0.7862381363244176
683 0.7808455565142364
684 0.7810612597066436
685 0.7812769628990509
686 0.7855910267471958
687 0.7868852459016393
688 0.7896893874029336
689 0.794434857635893
690 0.7946505608283002
691 0.7955133735979293
692 0.7868852459016393
693 0.7914150129421915
694 0.7937877480586712
695 0.795297670405522
696 0.7970232959447799
697 0.7963761863675582
698 0.7922778257118205
699 0.7899050905953409
700 0.7845125107851596
