1 0.00021570319240724764
2 0.00021570319240724764
3 0.00021570319240724764
4 0.00021570319240724764
5 0.00021570319240724764
6 0.00021570319240724764
7 0.00021570319240724764
8 0.00021570319240724764
9 0.00021570319240724764
10 0.00021570319240724764
11 0.0004314063848144953
12 0.0004314063848144953
13 0.0004314063848144953
14 0.0004314063848144953
15 0.0004314063848144953
16 0.0004314063848144953
17 0.0004314063848144953
18 0.0004314063848144953
19 0.0004314063848144953
20 0.0004314063848144953
21 0.0004314063848144953
22 0.0004314063848144953
23 0.0004314063848144953
24 0.0006471095772217428
25 0.0008628127696289905
26 0.0008628127696289905
27 0.0008628127696289905
28 0.0008628127696289905
29 0.0012942191544434857
30 0.0008628127696289905
31 0.0015099223468507334
32 0.0015099223468507334
33 0.001725625539257981
34 0.0019413287316652286
35 0.0021570319240724763
36 0.0025884383088869713
37 0.002372735116479724
38 0.0021570319240724763
39 0.0021570319240724763
40 0.0019413287316652286
41 0.0021570319240724763
42 0.0021570319240724763
43 0.002372735116479724
44 0.002372735116479724
45 0.0021570319240724763
46 0.002372735116479724
47 0.002372735116479724
48 0.0032355478861087143
49 0.0030198446937014668
50 0.003451251078515962
51 0.003451251078515962
52 0.0036669542709232097
53 0.0036669542709232097
54 0.003882657463330457
55 0.004314063848144953
56 0.0045297670405522
57 0.0045297670405522
58 0.004961173425366695
59 0.004961173425366695
60 0.004745470232959448
61 0.004745470232959448
62 0.004745470232959448
63 0.005176876617773943
64 0.005392579810181191
65 0.0056082830025884385
66 0.0056082830025884385
67 0.0060396893874029335
68 0.005823986194995686
69 0.0060396893874029335
70 0.006686798964624676
71 0.007118205349439172
72 0.006686798964624676
73 0.006902502157031924
74 0.007981018119068163
75 0.007981018119068163
76 0.008843830888697153
77 0.00992234685073339
78 0.010138050043140638
79 0.01100086281276963
80 0.011216566005176877
81 0.012079378774805867
82 0.012295081967213115
83 0.012079378774805867
84 0.012295081967213115
85 0.012942191544434857
86 0.014020707506471096
87 0.014883520276100086
88 0.014667817083692839
89 0.014883520276100086
90 0.01639344262295082
91 0.016609145815358068
92 0.016609145815358068
93 0.018766177739430543
94 0.019413287316652286
95 0.02070750647109577
96 0.021354616048317517
97 0.021570319240724764
98 0.022433132010353754
99 0.02437446074201898
100 0.024805867126833477
101 0.024805867126833477
102 0.026962899050905955
103 0.028041415012942193
104 0.029767040552200173
105 0.030198446937014668
106 0.030629853321829163
107 0.032355478861087146
108 0.03300258843830889
109 0.03451251078515962
110 0.034081104400345126
111 0.03472821397756687
112 0.036022433132010354
113 0.036022433132010354
114 0.03731665228645384
115 0.037748058671268334
116 0.038610871440897324
117 0.040120793787748056
118 0.040336496980155304
119 0.040336496980155304
120 0.04184641932700604
121 0.044219154443485766
122 0.04400345125107852
123 0.04357204486626402
124 0.04443485763589301
125 0.044219154443485766
126 0.04659188955996549
127 0.046807592752372736
128 0.048533218291630716
129 0.05047454702329594
130 0.051984469370146676
131 0.05457290767903365
132 0.05565142364106989
133 0.05759275237273512
134 0.0588869715271786
135 0.06082830025884383
136 0.06255392579810182
137 0.06190681622088007
138 0.06449525452976704
139 0.06406384814495254
140 0.0675150992234685
141 0.06880931837791199
142 0.07031924072476273
143 0.07204486626402071
144 0.07269197584124246
145 0.07441760138050044
146 0.0774374460742019
147 0.07981018119068162
148 0.08196721311475409
149 0.08390854184641933
150 0.08779119930974978
151 0.09037963761863675
152 0.09296807592752372
153 0.09534081104400345
154 0.10094909404659189
155 0.10375323554788611
156 0.10677308024158758
157 0.11130284728213978
158 0.11561691113028473
159 0.11647972389991372
160 0.11798964624676445
161 0.12165660051768766
162 0.12381363244176014
163 0.12877480586712683
164 0.1326574633304573
165 0.13546160483175151
166 0.13848144952545297
167 0.1412855910267472
168 0.14559965487489215
169 0.15142364106988784
170 0.1535806729939603
171 0.15918895599654875
172 0.16501294219154444
173 0.16975841242450387
174 0.17450388265746333
175 0.17881794650560828
176 0.17968075927523727
177 0.18334771354616047
178 0.1898188093183779
179 0.19585849870578084
180 0.202113891285591
181 0.2079378774805867
182 0.21182053494391717
183 0.22540983606557377
184 0.2286453839516825
185 0.23813632441760138
186 0.24439171699741155
187 0.2512942191544435
188 0.25388265746333044
189 0.2590595340811044
190 0.2640207075064711
191 0.26790336496980155
192 0.27329594477998276
193 0.28321829163071616
194 0.2901207937877481
195 0.29767040552200175
196 0.30500431406384815
197 0.31492666091458155
198 0.31924072476272647
199 0.3233390854184642
200 0.3254961173425367
201 0.33498705780845556
202 0.34210526315789475
203 0.3455565142364107
204 0.3472821397756687
205 0.3584987057808456
206 0.3673425366695427
207 0.37251941328731664
208 0.3809318377911993
209 0.3798533218291631
210 0.38912855910267474
211 0.3953839516824849
212 0.39365832614322693
213 0.39926660914581535
214 0.40336496980155306
215 0.4098360655737705
216 0.4171699741156169
217 0.42515099223468505
218 0.42515099223468505
219 0.4301121656600518
220 0.43550474547023293
221 0.4400345125107852
222 0.43766177739430545
223 0.4387402933563417
224 0.4398188093183779
225 0.44930974978429683
226 0.4514667817083693
227 0.4633304572907679
228 0.4685073339085418
229 0.4760569456427955
230 0.48209663503019845
231 0.4887834339948231
232 0.48748921484037966
233 0.49396031061259704
234 0.4887834339948231
235 0.4928817946505608
236 0.5028041415012943
237 0.5081967213114754
238 0.5103537532355479
239 0.5148835202761001
240 0.5150992234685073
241 0.5237273511647972
242 0.5241587575496117
243 0.5237273511647972
244 0.5321397756686799
245 0.5448662640207075
246 0.5448662640207075
247 0.5463761863675582
248 0.5524158757549612
249 0.5599654874892148
250 0.5681622088006902
251 0.5726919758412424
252 0.5770060396893874
253 0.5839085418464194
254 0.5946937014667817
255 0.5987920621225195
256 0.6048317515099223
257 0.6128127696289906
258 0.6119499568593615
259 0.6188524590163934
260 0.6231665228645384
261 0.631578947368421
262 0.6337359792924935
263 0.6337359792924935
264 0.635893011216566
265 0.6339516824849007
266 0.6410698878343399
267 0.6453839516824849
268 0.6520707506471096
269 0.659404659188956
270 0.6647972389991372
271 0.6680327868852459
272 0.667169974115617
273 0.6712683347713546
274 0.6734253666954271
275 0.6807592752372735
276 0.6839948231233822
277 0.6807592752372735
278 0.6908973252804141
279 0.6965056082830026
280 0.6980155306298533
281 0.703839516824849
282 0.703839516824849
283 0.7049180327868853
284 0.7042709232096636
285 0.7018981880931838
286 0.7051337359792925
287 0.7088006902502157
288 0.7124676445211389
289 0.7107420189818809
290 0.7137618636755824
291 0.7152717860224331
292 0.7137618636755824
293 0.7154874892148404
294 0.7152717860224331
295 0.7150560828300259
296 0.7204486626402071
297 0.7187230371009491
298 0.7139775668679896
299 0.7137618636755824
300 0.7144089732528042
301 0.7178602243313201
302 0.7161345987920621
303 0.7258412424503883
304 0.7241156169111302
305 0.7245470232959448
306 0.7241156169111302
307 0.7269197584124245
308 0.7323123382226057
309 0.7320966350301984
310 0.7355478861087144
311 0.7372735116479724
312 0.7374892148403797
313 0.7312338222605694
314 0.7405090595340811
315 0.7405090595340811
316 0.7418032786885246
317 0.7377049180327869
318 0.7452545297670405
319 0.7392148403796376
320 0.7433132010353753
321 0.7379206212251941
322 0.7459016393442623
323 0.7487057808455565
324 0.7469801553062986
325 0.7506471095772217
326 0.7512942191544435
327 0.7543140638481449
328 0.755176876617774
329 0.7620793787748059
330 0.7540983606557377
331 0.7610008628127696
332 0.7601380500431406
333 0.7618636755823986
334 0.7668248490077653
335 0.7728645383951682
336 0.7666091458153581
337 0.7622950819672131
338 0.7629421915444349
339 0.7618636755823986
340 0.7599223468507333
341 0.7571182053494392
342 0.7631578947368421
343 0.7610008628127696
344 0.7622950819672131
345 0.7592752372735116
346 0.7618636755823986
347 0.755176876617774
348 0.7562553925798102
349 0.7650992234685073
350 0.7642364106988784
351 0.7711389128559103
352 0.7696289905090595
353 0.769197584124245
354 0.7694132873166523
355 0.775237273511648
356 0.7711389128559103
357 0.7704918032786885
358 0.7659620362381363
359 0.7713546160483176
360 0.7653149266609146
361 0.7633735979292493
362 0.7605694564279551
363 0.7631578947368421
364 0.7650992234685073
365 0.7644521138912856
366 0.771786022433132
367 0.7696289905090595
368 0.7689818809318378
369 0.765746333045729
370 0.7644521138912856
371 0.7646678170836928
372 0.7601380500431406
373 0.7597066436583262
374 0.7590595340811044
375 0.7616479723899914
376 0.7579810181190682
377 0.756039689387403
378 0.7614322691975841
379 0.7597066436583262
380 0.7625107851596203
381 0.7687661777394306
382 0.7668248490077653
383 0.769197584124245
384 0.768334771354616
385 0.774374460742019
386 0.7711389128559103
387 0.7728645383951682
388 0.7754529767040552
389 0.7732959447799828
390 0.7696289905090595
391 0.7732959447799828
392 0.7754529767040552
393 0.7730802415875755
394 0.7780414150129422
395 0.7767471958584987
396 0.7776100086281277
397 0.777825711820535
398 0.7808455565142364
399 0.7780414150129422
400 0.7808455565142364
401 0.7767471958584987
402 0.7715703192407247
403 0.7668248490077653
404 0.7653149266609146
405 0.7698446937014668
406 0.7681190681622088
407 0.7668248490077653
408 0.7666091458153581
409 0.771786022433132
410 0.7642364106988784
411 0.7625107851596203
412 0.765746333045729
413 0.7732959447799828
414 0.7724331320103538
415 0.772648835202761
416 0.7780414150129422
417 0.7795513373597929
418 0.7797670405522001
419 0.775237273511648
420 0.7763157894736842
421 0.7702761000862812
422 0.7741587575496117
423 0.7732959447799828
424 0.7730802415875755
425 0.768334771354616
426 0.7670405522001725
427 0.765746333045729
428 0.7674719585849871
429 0.7685504745470233
430 0.772648835202761
431 0.769197584124245
432 0.7696289905090595
433 0.771786022433132
434 0.7722174288179465
435 0.7674719585849871
436 0.7676876617773943
437 0.77351164797239
438 0.7713546160483176
439 0.765746333045729
440 0.7728645383951682
441 0.7720017256255393
442 0.7715703192407247
443 0.7748058671268335
444 0.775237273511648
445 0.7808455565142364
446 0.7847282139775669
447 0.775237273511648
448 0.7784728213977566
449 0.7797670405522001
450 0.7782571182053495
451 0.7763157894736842
452 0.7689818809318378
453 0.7646678170836928
454 0.7666091458153581
455 0.7676876617773943
456 0.7711389128559103
457 0.7754529767040552
458 0.7724331320103538
459 0.7679033649698016
460 0.768334771354616
461 0.7666091458153581
462 0.7676876617773943
463 0.7750215703192407
464 0.7756686798964625
465 0.7745901639344263
466 0.7702761000862812
467 0.7786885245901639
468 0.7786885245901639
469 0.7758843830888698
470 0.7748058671268335
471 0.7741587575496117
472 0.7793356341673857
473 0.7776100086281277
474 0.777825711820535
475 0.7795513373597929
476 0.7795513373597929
477 0.7784728213977566
478 0.777825711820535
479 0.774374460742019
480 0.7737273511647972
481 0.7741587575496117
482 0.7817083692838654
483 0.7806298533218292
484 0.7840811044003452
485 0.7847282139775669
486 0.7838654012079379
487 0.7879637618636756
488 0.7860224331320104
489 0.7834339948231234
490 0.7825711820534944
491 0.7763157894736842
492 0.7780414150129422
493 0.7776100086281277
494 0.77351164797239
495 0.7739430543572045
496 0.7750215703192407
497 0.780414150129422
498 0.7754529767040552
499 0.7808455565142364
500 0.7827868852459017
501 0.7810612597066436
502 0.7795513373597929
503 0.7799827437446074
504 0.7840811044003452
505 0.7842968075927523
506 0.7840811044003452
507 0.7894736842105263
508 0.7931406384814496
509 0.7894736842105263
510 0.7890422778257118
511 0.7860224331320104
512 0.793572044866264
513 0.7845125107851596
514 0.7808455565142364
515 0.7806298533218292
516 0.7817083692838654
517 0.7858067299396031
518 0.7842968075927523
519 0.7871009490940466
520 0.7873166522864539
521 0.7879637618636756
522 0.7830025884383088
523 0.7862381363244176
524 0.7849439171699741
525 0.7871009490940466
526 0.7903364969801553
527 0.7924935289042278
528 0.793572044866264
529 0.7968075927523728
530 0.796160483175151
531 0.8019844693701467
532 0.7991803278688525
533 0.797886108714409
534 0.7959447799827437
535 0.797886108714409
536 0.7942191544434858
537 0.7940034512510785
538 0.7911993097497843
539 0.7860224331320104
540 0.777825711820535
541 0.7801984469370147
542 0.7782571182053495
543 0.7830025884383088
544 0.7814926660914582
545 0.7864538395168249
546 0.7911993097497843
547 0.7950819672131147
548 0.7914150129421915
549 0.7942191544434858
550 0.7896893874029336
551 0.7914150129421915
552 0.7845125107851596
553 0.7825711820534944
554 0.7789042277825712
555 0.776962899050906
556 0.7782571182053495
557 0.7767471958584987
558 0.7799827437446074
559 0.7782571182053495
560 0.7823554788610871
561 0.7812769628990509
562 0.7819240724762726
563 0.7808455565142364
564 0.7834339948231234
565 0.7784728213977566
566 0.7698446937014668
567 0.777825711820535
568 0.7761000862812769
569 0.7773943054357204
570 0.7784728213977566
571 0.771786022433132
572 0.7748058671268335
573 0.7739430543572045
574 0.7681190681622088
575 0.7638050043140638
576 0.7689818809318378
577 0.7687661777394306
578 0.7724331320103538
579 0.7720017256255393
580 0.7786885245901639
581 0.77351164797239
582 0.7741587575496117
583 0.775237273511648
584 0.7842968075927523
585 0.7860224331320104
586 0.7899050905953409
587 0.7864538395168249
588 0.7836496980155306
589 0.7799827437446074
590 0.7799827437446074
591 0.7830025884383088
592 0.7842968075927523
593 0.7890422778257118
594 0.7877480586712683
595 0.7922778257118205
596 0.7940034512510785
597 0.792709232096635
598 0.7883951682484901
599 0.7946505608283002
600 0.7875323554788611
601 0.7922778257118205
602 0.7965918895599655
603 0.797886108714409
604 0.7955133735979293
605 0.7974547023295945
606 0.7899050905953409
607 0.7862381363244176
608 0.7851596203623814
609 0.7830025884383088
610 0.7784728213977566
611 0.7801984469370147
612 0.7830025884383088
613 0.7784728213977566
614 0.777825711820535
615 0.7773943054357204
616 0.7782571182053495
617 0.7797670405522001
618 0.7791199309749784
619 0.7810612597066436
620 0.7836496980155306
621 0.7873166522864539
622 0.793572044866264
623 0.7909836065573771
624 0.7883951682484901
625 0.7916307161345988
626 0.7892579810181191
627 0.7914150129421915
628 0.7849439171699741
629 0.7801984469370147
630 0.7862381363244176
631 0.7909836065573771
632 0.7896893874029336
633 0.7918464193270061
634 0.7933563416738568
635 0.7907679033649698
636 0.7918464193270061
637 0.7929249352890423
638 0.7937877480586712
639 0.7933563416738568
640 0.792709232096635
641 0.796160483175151
642 0.8009059534081104
643 0.8039257981018119
644 0.8024158757549612
645 0.7998274374460742
646 0.8034943917169974
647 0.7963761863675582
648 0.8002588438308887
649 0.7957290767903364
650 0.797886108714409
651 0.7981018119068162
652 0.7993960310612597
653 0.8000431406384815
654 0.7974547023295945
655 0.798748921484038
656 0.8004745470232959
657 0.8017687661777394
658 0.8011216566005177
659 0.7974547023295945
660 0.7907679033649698
661 0.7873166522864539
662 0.7875323554788611
663 0.7924935289042278
664 0.795297670405522
665 0.7920621225194133
666 0.7920621225194133
667 0.7909836065573771
668 0.7942191544434858
669 0.7950819672131147
670 0.7883951682484901
671 0.7851596203623814
672 0.7814926660914582
673 0.7784728213977566
674 0.7799827437446074
675 0.7847282139775669
676 0.7821397756686799
677 0.7849439171699741
678 0.7836496980155306
679 0.7849439171699741
680 0.7914150129421915
681 0.7931406384814496
682 0.7946505608283002
683 0.7903364969801553
684 0.7879637618636756
685 0.7830025884383088
686 0.7836496980155306
687 0.7849439171699741
688 0.7868852459016393
689 0.7763157894736842
690 0.7838654012079379
691 0.7838654012079379
692 0.790120793787748
693 0.7853753235547886
694 0.7881794650560828
695 0.7879637618636756
696 0.7914150129421915
697 0.7903364969801553
698 0.7853753235547886
699 0.7860224331320104
700 0.7782571182053495
