1 0.0004314063848144953
2 0.0010785159620362382
3 0.0021570319240724763
4 0.0032355478861087143
5 0.004098360655737705
6 0.005823986194995686
7 0.008628127696289905
8 0.009490940465918895
9 0.009275237273511648
10 0.01100086281276963
11 0.01272648835202761
12 0.013373597929249352
13 0.015530629853321829
14 0.015530629853321829
15 0.019628990509059533
16 0.022648835202761
17 0.024158757549611734
18 0.027825711820534945
19 0.031492666091458156
20 0.0362381363244176
21 0.04357204486626402
22 0.04702329594477998
23 0.049396031061259706
24 0.05327868852459016
25 0.0588869715271786
26 0.0593183779119931
27 0.06298533218291631
28 0.0675150992234685
29 0.0724762726488352
30 0.0770060396893874
31 0.08261432269197584
32 0.08973252804141502
33 0.0946937014667817
34 0.10634167385677308
35 0.10871440897325281
36 0.11712683347713546
37 0.12510785159620363
38 0.12985332182916307
39 0.13783433994823124
40 0.14279551337359792
41 0.1499137187230371
42 0.15660051768766178
43 0.15962036238136323
44 0.1693270060396894
45 0.17558239861949956
46 0.1857204486626402
47 0.19305435720448663
48 0.20664365832614323
49 0.2187230371009491
50 0.22476272648835202
51 0.23619499568593616
52 0.2441760138050043
53 0.2528041415012942
54 0.2603537532355479
55 0.26617773943054357
56 0.2776100086281277
57 0.2899050905953408
58 0.29378774805867125
59 0.3060828300258844
60 0.317946505608283
61 0.32808455565142364
62 0.3323986194995686
63 0.337144089732528
64 0.3444779982743745
65 0.3485763589301122
66 0.3582830025884383
67 0.3660483175150992
68 0.3697152717860224
69 0.37381363244176014
70 0.37942191544434856
71 0.386755823986195
72 0.39603106125970666
73 0.3981880931837791
74 0.4072476272648835
75 0.4141501294219154
76 0.4188955996548749
77 0.4255823986194996
78 0.4327006039689387
79 0.4357204486626402
80 0.4432700603968939
81 0.4510353753235548
82 0.4575064710957722
83 0.4596635030198447
84 0.4687230371009491
85 0.4702329594477998
86 0.4771354616048318
87 0.4818809318377912
88 0.49115616911130283
89 0.49633304572907677
90 0.5015099223468508
91 0.5090595340811044
92 0.5122950819672131
93 0.5222174288179465
94 0.5293356341673857
95 0.5334339948231234
96 0.5349439171699741
97 0.5459447799827437
98 0.5526315789473685
99 0.5578084555651424
100 0.5582398619499569
101 0.5640638481449526
102 0.5640638481449526
103 0.5724762726488352
104 0.5759275237273511
105 0.5748490077653149
106 0.5817515099223468
107 0.5884383088869716
108 0.5957722174288179
109 0.5942622950819673
110 0.600086281276963
111 0.6041846419327006
112 0.6156169111302847
113 0.6136755823986195
114 0.614106988783434
115 0.6199309749784296
116 0.6201466781708369
117 0.6289905090595341
118 0.6369715271786023
119 0.6397756686798964
120 0.6397756686798964
121 0.6425798101811907
122 0.6481880931837791
123 0.6505608283002589
124 0.6542277825711821
125 0.6568162208800691
126 0.6581104400345125
127 0.6615616911130284
128 0.6581104400345125
129 0.6639344262295082
130 0.6684641932700603
131 0.6729939603106126
132 0.6766609145815358
133 0.680327868852459
134 0.6818377911993098
135 0.6788179465056083
136 0.6865832614322692
137 0.6908973252804141
138 0.6921915444348576
139 0.6945642795513374
140 0.6902502157031924
141 0.6928386540120793
142 0.6924072476272649
143 0.6943485763589301
144 0.6947799827437446
145 0.7003882657463331
146 0.7029767040552201
147 0.6997411561691113
148 0.6975841242450388
149 0.6982312338222606
150 0.702113891285591
151 0.7126833477135461
152 0.7159188955996548
153 0.7202329594477999
154 0.7262726488352028
155 0.7271354616048318
156 0.7254098360655737
157 0.729076790336497
158 0.728213977566868
159 0.7331751509922347
160 0.7394305435720449
161 0.7398619499568594
162 0.7450388265746333
163 0.7443917169974116
164 0.7461173425366695
165 0.7461173425366695
166 0.749137187230371
167 0.7461173425366695
168 0.7521570319240725
169 0.7519413287316652
170 0.7504314063848145
171 0.7504314063848145
172 0.7553925798101812
173 0.7528041415012943
174 0.7478429680759275
175 0.7543140638481449
176 0.755176876617774
177 0.7484900776531492
178 0.7476272648835203
179 0.7409404659188956
180 0.7443917169974116
181 0.7450388265746333
182 0.7428817946505608
183 0.747411561691113
184 0.744823123382226
185 0.7480586712683348
186 0.749137187230371
187 0.7467644521138913
188 0.7461173425366695
189 0.7469801553062986
190 0.7543140638481449
191 0.7549611734253667
192 0.7543140638481449
193 0.7556082830025884
194 0.7562553925798102
195 0.7553925798101812
196 0.7616479723899914
197 0.7625107851596203
198 0.770923209663503
199 0.7650992234685073
200 0.775237273511648
201 0.7745901639344263
202 0.7704918032786885
203 0.7720017256255393
204 0.775237273511648
205 0.7745901639344263
206 0.774374460742019
207 0.7739430543572045
208 0.7704918032786885
209 0.7704918032786885
210 0.7730802415875755
211 0.7648835202761001
212 0.7614322691975841
213 0.7616479723899914
214 0.7655306298533219
215 0.7655306298533219
216 0.7644521138912856
217 0.765746333045729
218 0.771786022433132
219 0.7767471958584987
220 0.7758843830888698
221 0.7707075064710958
222 0.7750215703192407
223 0.7745901639344263
224 0.77351164797239
225 0.7702761000862812
226 0.7724331320103538
227 0.7756686798964625
228 0.7797670405522001
229 0.7806298533218292
230 0.7784728213977566
231 0.7827868852459017
232 0.7849439171699741
233 0.7845125107851596
234 0.7860224331320104
235 0.7801984469370147
236 0.774374460742019
237 0.7715703192407247
238 0.7704918032786885
239 0.774374460742019
240 0.7793356341673857
241 0.7795513373597929
242 0.7776100086281277
243 0.7758843830888698
244 0.774374460742019
245 0.7737273511647972
246 0.7732959447799828
247 0.7713546160483176
248 0.7670405522001725
249 0.7659620362381363
250 0.7728645383951682
251 0.7750215703192407
252 0.774374460742019
253 0.769197584124245
254 0.7646678170836928
255 0.7687661777394306
256 0.7696289905090595
257 0.770923209663503
258 0.7711389128559103
259 0.7750215703192407
260 0.7672562553925798
261 0.7642364106988784
262 0.7622950819672131
263 0.7713546160483176
264 0.7765314926660914
265 0.7761000862812769
266 0.774374460742019
267 0.7696289905090595
268 0.776962899050906
269 0.7689818809318378
270 0.7739430543572045
271 0.768334771354616
272 0.7663934426229508
273 0.7661777394305436
274 0.7650992234685073
275 0.7672562553925798
276 0.7732959447799828
277 0.772648835202761
278 0.7748058671268335
279 0.7763157894736842
280 0.7754529767040552
281 0.7838654012079379
282 0.7821397756686799
283 0.7797670405522001
284 0.7864538395168249
285 0.7879637618636756
286 0.7875323554788611
287 0.7849439171699741
288 0.7866695427092321
289 0.7847282139775669
290 0.7825711820534944
291 0.7845125107851596
292 0.7845125107851596
293 0.7808455565142364
294 0.7773943054357204
295 0.7773943054357204
296 0.775237273511648
297 0.777825711820535
298 0.7730802415875755
299 0.7732959447799828
300 0.7782571182053495
301 0.777825711820535
302 0.7786885245901639
303 0.7814926660914582
304 0.7868852459016393
305 0.7896893874029336
306 0.7840811044003452
307 0.7812769628990509
308 0.7832182916307161
309 0.7886108714408974
310 0.7823554788610871
311 0.7810612597066436
312 0.7812769628990509
313 0.7786885245901639
314 0.7730802415875755
315 0.7776100086281277
316 0.7842968075927523
317 0.7836496980155306
318 0.7855910267471958
319 0.7827868852459017
320 0.7836496980155306
321 0.7795513373597929
322 0.7782571182053495
323 0.7745901639344263
324 0.7814926660914582
325 0.7819240724762726
326 0.7817083692838654
327 0.7827868852459017
328 0.7771786022433133
329 0.7797670405522001
330 0.7909836065573771
331 0.7909836065573771
332 0.7868852459016393
333 0.7834339948231234
334 0.7795513373597929
335 0.7840811044003452
336 0.7877480586712683
337 0.790120793787748
338 0.7894736842105263
339 0.7894736842105263
340 0.7879637618636756
341 0.7858067299396031
342 0.7812769628990509
343 0.7866695427092321
344 0.7845125107851596
345 0.7847282139775669
346 0.7840811044003452
347 0.7834339948231234
348 0.7812769628990509
349 0.7830025884383088
350 0.7776100086281277
351 0.7782571182053495
352 0.7812769628990509
353 0.7823554788610871
354 0.7819240724762726
355 0.7817083692838654
356 0.790120793787748
357 0.7875323554788611
358 0.7920621225194133
359 0.7860224331320104
360 0.7888265746333045
361 0.7920621225194133
362 0.7929249352890423
363 0.7937877480586712
364 0.7914150129421915
365 0.7933563416738568
366 0.7888265746333045
367 0.7892579810181191
368 0.7866695427092321
369 0.7916307161345988
370 0.7955133735979293
371 0.7942191544434858
372 0.793572044866264
373 0.794434857635893
374 0.7933563416738568
375 0.7929249352890423
376 0.7983175150992234
377 0.7899050905953409
378 0.7855910267471958
379 0.7888265746333045
380 0.7916307161345988
381 0.7836496980155306
382 0.7866695427092321
383 0.7888265746333045
384 0.7858067299396031
385 0.7933563416738568
386 0.7883951682484901
387 0.7937877480586712
388 0.793572044866264
389 0.792709232096635
390 0.7924935289042278
391 0.7892579810181191
392 0.7920621225194133
393 0.7907679033649698
394 0.790120793787748
395 0.7875323554788611
396 0.7890422778257118
397 0.7810612597066436
398 0.7771786022433133
399 0.7834339948231234
400 0.7825711820534944
401 0.7812769628990509
402 0.7782571182053495
403 0.7782571182053495
404 0.7858067299396031
405 0.7860224331320104
406 0.7896893874029336
407 0.7916307161345988
408 0.7806298533218292
409 0.7806298533218292
410 0.7791199309749784
411 0.7698446937014668
412 0.7758843830888698
413 0.7784728213977566
414 0.7776100086281277
415 0.7858067299396031
416 0.7881794650560828
417 0.7886108714408974
418 0.7924935289042278
419 0.7993960310612597
420 0.797886108714409
421 0.7985332182916307
422 0.7899050905953409
423 0.7849439171699741
424 0.7879637618636756
425 0.7866695427092321
426 0.7838654012079379
427 0.7860224331320104
428 0.7892579810181191
429 0.795297670405522
430 0.7946505608283002
431 0.7886108714408974
432 0.7877480586712683
433 0.7896893874029336
434 0.7911993097497843
435 0.7963761863675582
436 0.7983175150992234
437 0.8000431406384815
438 0.798748921484038
439 0.797886108714409
440 0.8004745470232959
441 0.7950819672131147
442 0.7879637618636756
443 0.7929249352890423
444 0.7881794650560828
445 0.7855910267471958
446 0.7812769628990509
447 0.7838654012079379
448 0.7899050905953409
449 0.794434857635893
450 0.7905522001725626
451 0.7894736842105263
452 0.7890422778257118
453 0.7959447799827437
454 0.7957290767903364
455 0.7916307161345988
456 0.7905522001725626
457 0.7883951682484901
458 0.7905522001725626
459 0.7862381363244176
460 0.7929249352890423
461 0.7937877480586712
462 0.7957290767903364
463 0.7965918895599655
464 0.7933563416738568
465 0.796160483175151
466 0.7933563416738568
467 0.7911993097497843
468 0.8009059534081104
469 0.7996117342536669
470 0.8009059534081104
471 0.7940034512510785
472 0.7881794650560828
473 0.7892579810181191
474 0.7911993097497843
475 0.7955133735979293
476 0.7946505608283002
477 0.7959447799827437
478 0.7922778257118205
479 0.7894736842105263
480 0.793572044866264
481 0.7950819672131147
482 0.794434857635893
483 0.7989646246764452
484 0.8009059534081104
485 0.7968075927523728
486 0.792709232096635
487 0.797886108714409
488 0.7981018119068162
489 0.7974547023295945
490 0.8004745470232959
491 0.7965918895599655
492 0.7914150129421915
493 0.7883951682484901
494 0.7883951682484901
495 0.7862381363244176
496 0.7890422778257118
497 0.7929249352890423
498 0.7916307161345988
499 0.7899050905953409
500 0.7929249352890423
501 0.794434857635893
502 0.7933563416738568
503 0.7842968075927523
504 0.7838654012079379
505 0.7756686798964625
506 0.777825711820535
507 0.7784728213977566
508 0.7786885245901639
509 0.7825711820534944
510 0.7821397756686799
511 0.7814926660914582
512 0.7860224331320104
513 0.7797670405522001
514 0.7812769628990509
515 0.7832182916307161
516 0.7866695427092321
517 0.7847282139775669
518 0.7883951682484901
519 0.7853753235547886
520 0.7847282139775669
521 0.7821397756686799
522 0.7860224331320104
523 0.7825711820534944
524 0.7838654012079379
525 0.7832182916307161
526 0.7845125107851596
527 0.7825711820534944
528 0.77351164797239
529 0.7814926660914582
530 0.7834339948231234
531 0.7838654012079379
532 0.7825711820534944
533 0.780414150129422
534 0.7761000862812769
535 0.7704918032786885
536 0.7711389128559103
537 0.774374460742019
538 0.7842968075927523
539 0.7853753235547886
540 0.7812769628990509
541 0.7767471958584987
542 0.780414150129422
543 0.7786885245901639
544 0.7875323554788611
545 0.7771786022433133
546 0.7810612597066436
547 0.7849439171699741
548 0.7797670405522001
549 0.7801984469370147
550 0.7851596203623814
551 0.7849439171699741
552 0.7903364969801553
553 0.7948662640207075
554 0.7858067299396031
555 0.7832182916307161
556 0.7819240724762726
557 0.7836496980155306
558 0.7793356341673857
559 0.7845125107851596
560 0.7909836065573771
561 0.7883951682484901
562 0.7877480586712683
563 0.792709232096635
564 0.7903364969801553
565 0.7858067299396031
566 0.7860224331320104
567 0.7899050905953409
568 0.7905522001725626
569 0.7871009490940466
570 0.7862381363244176
571 0.7845125107851596
572 0.7875323554788611
573 0.7860224331320104
574 0.7890422778257118
575 0.7827868852459017
576 0.7771786022433133
577 0.780414150129422
578 0.7860224331320104
579 0.7873166522864539
580 0.7862381363244176
581 0.7855910267471958
582 0.7832182916307161
583 0.7834339948231234
584 0.7853753235547886
585 0.7862381363244176
586 0.7834339948231234
587 0.7922778257118205
588 0.8019844693701467
589 0.7972389991371872
590 0.7970232959447799
591 0.7899050905953409
592 0.7860224331320104
593 0.7868852459016393
594 0.7851596203623814
595 0.7827868852459017
596 0.7873166522864539
597 0.7858067299396031
598 0.7875323554788611
599 0.7890422778257118
600 0.790120793787748
601 0.7849439171699741
602 0.7806298533218292
603 0.7864538395168249
604 0.7853753235547886
605 0.7838654012079379
606 0.7916307161345988
607 0.7858067299396031
608 0.7810612597066436
609 0.780414150129422
610 0.7849439171699741
611 0.7877480586712683
612 0.7894736842105263
613 0.7890422778257118
614 0.790120793787748
615 0.7842968075927523
616 0.7847282139775669
617 0.7851596203623814
618 0.7840811044003452
619 0.7862381363244176
620 0.7894736842105263
621 0.790120793787748
622 0.7883951682484901
623 0.7851596203623814
624 0.7899050905953409
625 0.7896893874029336
626 0.7946505608283002
627 0.7933563416738568
628 0.790120793787748
629 0.794434857635893
630 0.7911993097497843
631 0.7911993097497843
632 0.7883951682484901
633 0.7834339948231234
634 0.7877480586712683
635 0.7866695427092321
636 0.7784728213977566
637 0.7827868852459017
638 0.7834339948231234
639 0.7871009490940466
640 0.7786885245901639
641 0.7773943054357204
642 0.780414150129422
643 0.7903364969801553
644 0.7853753235547886
645 0.7819240724762726
646 0.7801984469370147
647 0.7851596203623814
648 0.7840811044003452
649 0.7784728213977566
650 0.774374460742019
651 0.77351164797239
652 0.7754529767040552
653 0.7748058671268335
654 0.7784728213977566
655 0.7761000862812769
656 0.7748058671268335
657 0.7739430543572045
658 0.7730802415875755
659 0.7758843830888698
660 0.7819240724762726
661 0.7890422778257118
662 0.7866695427092321
663 0.7903364969801553
664 0.7907679033649698
665 0.7879637618636756
666 0.7847282139775669
667 0.7836496980155306
668 0.7868852459016393
669 0.7871009490940466
670 0.7821397756686799
671 0.7810612597066436
672 0.7817083692838654
673 0.7868852459016393
674 0.7832182916307161
675 0.7817083692838654
676 0.7814926660914582
677 0.7855910267471958
678 0.7955133735979293
679 0.790120793787748
680 0.7907679033649698
681 0.7905522001725626
682 0.7976704055220017
683 0.793572044866264
684 0.7963761863675582
685 0.797886108714409
686 0.7968075927523728
687 0.7970232959447799
688 0.798748921484038
689 0.794434857635893
690 0.7931406384814496
691 0.795297670405522
692 0.7985332182916307
693 0.7991803278688525
694 0.8017687661777394
695 0.7950819672131147
696 0.7996117342536669
697 0.7998274374460742
698 0.7931406384814496
699 0.7883951682484901
700 0.797886108714409
