1 0.0006471095772217428
2 0.0012942191544434857
3 0.0015099223468507334
4 0.0015099223468507334
5 0.0019413287316652286
6 0.0025884383088869713
7 0.003451251078515962
8 0.0060396893874029335
9 0.006255392579810181
10 0.007765314926660914
11 0.007981018119068163
12 0.008628127696289905
13 0.009706643658326143
14 0.01100086281276963
15 0.01100086281276963
16 0.013157894736842105
17 0.013157894736842105
18 0.015099223468507334
19 0.0181190681622088
20 0.019413287316652286
21 0.02070750647109577
22 0.023943054357204487
23 0.024805867126833477
24 0.02610008628127696
25 0.028688524590163935
26 0.029767040552200173
27 0.03451251078515962
28 0.039473684210526314
29 0.04292493528904228
30 0.0457290767903365
31 0.052847282139775666
32 0.05651423641069888
33 0.06082830025884383
34 0.06837791199309749
35 0.07463330457290768
36 0.0778688524590164
37 0.08584987057808456
38 0.09016393442622951
39 0.09879206212251941
40 0.1050474547023296
41 0.11755823986194995
42 0.12338222605694564
43 0.1309318377911993
44 0.1404227782571182
45 0.1453839516824849
46 0.15012942191544434
47 0.15724762726488353
48 0.16544434857635892
49 0.17083692838654013
50 0.181190681622088
51 0.18723037100949094
52 0.1956427955133736
53 0.205565142364107
54 0.21440897325280414
55 0.2269197584124245
56 0.23382226056945643
57 0.24331320103537532
58 0.2556082830025884
59 0.2614322691975841
60 0.2672562553925798
61 0.27459016393442626
62 0.28213977566867987
63 0.2907679033649698
64 0.29961173425366694
65 0.3052200172562554
66 0.31082830025884384
67 0.3155737704918033
68 0.32679033649698014
69 0.3386540120793788
70 0.3442622950819672
71 0.3528904227782571
72 0.35612597066436585
73 0.362381363244176
74 0.3740293356341674
75 0.3800690250215703
76 0.3854616048317515
77 0.39063848144952545
78 0.3999137187230371
79 0.4072476272648835
80 0.41652286453839515
81 0.4234253666954271
82 0.4333477135461605
83 0.43550474547023293
84 0.4411130284728214
85 0.4501725625539258
86 0.45448662640207077
87 0.46527178602243313
88 0.47174288179465057
89 0.48123382226056943
90 0.48748921484037966
91 0.4885677308024159
92 0.4959016393442623
93 0.49784296807592754
94 0.5004314063848145
95 0.5103537532355479
96 0.5220017256255393
97 0.5254529767040552
98 0.5342968075927523
99 0.5347282139775669
100 0.5431406384814496
101 0.5416307161345988
102 0.5517687661777394
103 0.5541415012942191
104 0.5550043140638481
105 0.5642795513373597
106 0.5724762726488352
107 0.5819672131147541
108 0.5834771354616048
109 0.5962036238136325
110 0.6003019844693701
111 0.6041846419327006
112 0.6044003451251079
113 0.6041846419327006
114 0.6033218291630716
115 0.6082830025884383
116 0.610655737704918
117 0.618421052631579
118 0.6197152717860225
119 0.6227351164797239
120 0.6264020707506471
121 0.6248921484037964
122 0.6292062122519413
123 0.6374029335634167
124 0.6356773080241588
125 0.6425798101811907
126 0.6488352027610008
127 0.6516393442622951
128 0.6503451251078516
129 0.658541846419327
130 0.6660914581535806
131 0.6710526315789473
132 0.6716997411561692
133 0.683779119930975
134 0.6773080241587576
135 0.6773080241587576
136 0.680327868852459
137 0.6747195858498706
138 0.680327868852459
139 0.6781708369283865
140 0.6822691975841243
141 0.6822691975841243
142 0.6857204486626403
143 0.685504745470233
144 0.6911130284728214
145 0.6941328731665228
146 0.6928386540120793
147 0.6965056082830026
148 0.7001725625539258
149 0.7025452976704055
150 0.6997411561691113
151 0.7018981880931838
152 0.7068593615185504
153 0.7090163934426229
154 0.7120362381363244
155 0.7148403796376186
156 0.7174288179465056
157 0.7191544434857636
158 0.7165660051768766
159 0.7124676445211389
160 0.7131147540983607
161 0.7200172562553926
162 0.7182916307161346
163 0.7174288179465056
164 0.7238999137187231
165 0.7305867126833477
166 0.7241156169111302
167 0.727351164797239
168 0.7297238999137188
169 0.7295081967213115
170 0.7312338222605694
171 0.7271354616048318
172 0.7243313201035375
173 0.7262726488352028
174 0.724762726488352
175 0.7262726488352028
176 0.7288610871440897
177 0.7234685073339086
178 0.724762726488352
179 0.7336065573770492
180 0.7385677308024159
181 0.7361949956859362
182 0.7336065573770492
183 0.7331751509922347
184 0.7333908541846419
185 0.7338222605694564
186 0.7346850733390854
187 0.7409404659188956
188 0.7443917169974116
189 0.7471958584987057
190 0.7467644521138913
191 0.748274374460742
192 0.7506471095772217
193 0.7456859361518551
194 0.74137187230371
195 0.7495685936151855
196 0.7545297670405522
197 0.7540983606557377
198 0.7566867989646247
199 0.7530198446937014
200 0.7528041415012943
201 0.7536669542709232
202 0.7545297670405522
203 0.7553925798101812
204 0.7569025021570319
205 0.7622950819672131
206 0.7627264883520276
207 0.7672562553925798
208 0.7668248490077653
209 0.7685504745470233
210 0.7704918032786885
211 0.770923209663503
212 0.7698446937014668
213 0.772648835202761
214 0.7694132873166523
215 0.7694132873166523
216 0.7711389128559103
217 0.7724331320103538
218 0.7711389128559103
219 0.7767471958584987
220 0.7767471958584987
221 0.7730802415875755
222 0.7704918032786885
223 0.7689818809318378
224 0.7715703192407247
225 0.7696289905090595
226 0.772648835202761
227 0.7737273511647972
228 0.7763157894736842
229 0.7750215703192407
230 0.7853753235547886
231 0.7836496980155306
232 0.7801984469370147
233 0.7806298533218292
234 0.7789042277825712
235 0.7767471958584987
236 0.7827868852459017
237 0.7797670405522001
238 0.7771786022433133
239 0.7838654012079379
240 0.7838654012079379
241 0.7754529767040552
242 0.772648835202761
243 0.771786022433132
244 0.7814926660914582
245 0.7782571182053495
246 0.7817083692838654
247 0.7814926660914582
248 0.7825711820534944
249 0.7763157894736842
250 0.7786885245901639
251 0.7771786022433133
252 0.7773943054357204
253 0.7761000862812769
254 0.7840811044003452
255 0.7799827437446074
256 0.7838654012079379
257 0.7825711820534944
258 0.7806298533218292
259 0.7871009490940466
260 0.7823554788610871
261 0.7819240724762726
262 0.7812769628990509
263 0.7810612597066436
264 0.7812769628990509
265 0.7830025884383088
266 0.7810612597066436
267 0.7789042277825712
268 0.7808455565142364
269 0.7763157894736842
270 0.7707075064710958
271 0.771786022433132
272 0.7663934426229508
273 0.770923209663503
274 0.769197584124245
275 0.774374460742019
276 0.774374460742019
277 0.7756686798964625
278 0.7745901639344263
279 0.7732959447799828
280 0.7789042277825712
281 0.7827868852459017
282 0.7855910267471958
283 0.7817083692838654
284 0.7821397756686799
285 0.7795513373597929
286 0.7814926660914582
287 0.7830025884383088
288 0.7799827437446074
289 0.7840811044003452
290 0.7853753235547886
291 0.7817083692838654
292 0.7821397756686799
293 0.7773943054357204
294 0.7825711820534944
295 0.7834339948231234
296 0.7862381363244176
297 0.7830025884383088
298 0.7823554788610871
299 0.7868852459016393
300 0.7888265746333045
301 0.7845125107851596
302 0.7793356341673857
303 0.7814926660914582
304 0.7797670405522001
305 0.7765314926660914
306 0.7750215703192407
307 0.772648835202761
308 0.7724331320103538
309 0.7704918032786885
310 0.7739430543572045
311 0.7713546160483176
312 0.7741587575496117
313 0.7773943054357204
314 0.7737273511647972
315 0.7711389128559103
316 0.7745901639344263
317 0.7814926660914582
318 0.7810612597066436
319 0.775237273511648
320 0.7821397756686799
321 0.7801984469370147
322 0.7879637618636756
323 0.7858067299396031
324 0.7883951682484901
325 0.7888265746333045
326 0.7879637618636756
327 0.7877480586712683
328 0.7894736842105263
329 0.7886108714408974
330 0.7914150129421915
331 0.7914150129421915
332 0.7911993097497843
333 0.7922778257118205
334 0.7968075927523728
335 0.796160483175151
336 0.7957290767903364
337 0.7950819672131147
338 0.795297670405522
339 0.7896893874029336
340 0.7873166522864539
341 0.7911993097497843
342 0.790120793787748
343 0.7866695427092321
344 0.7862381363244176
345 0.7881794650560828
346 0.7890422778257118
347 0.7862381363244176
348 0.7819240724762726
349 0.7786885245901639
350 0.7780414150129422
351 0.7780414150129422
352 0.7838654012079379
353 0.7812769628990509
354 0.7836496980155306
355 0.7827868852459017
356 0.7840811044003452
357 0.7860224331320104
358 0.7836496980155306
359 0.7894736842105263
360 0.7903364969801553
361 0.790120793787748
362 0.7892579810181191
363 0.7866695427092321
364 0.7853753235547886
365 0.7836496980155306
366 0.7883951682484901
367 0.7855910267471958
368 0.7864538395168249
369 0.7814926660914582
370 0.7871009490940466
371 0.7881794650560828
372 0.7858067299396031
373 0.7823554788610871
374 0.780414150129422
375 0.7791199309749784
376 0.7814926660914582
377 0.7907679033649698
378 0.7922778257118205
379 0.7847282139775669
380 0.7834339948231234
381 0.7845125107851596
382 0.7905522001725626
383 0.7914150129421915
384 0.7871009490940466
385 0.7855910267471958
386 0.7799827437446074
387 0.7782571182053495
388 0.7827868852459017
389 0.7871009490940466
390 0.7847282139775669
391 0.7840811044003452
392 0.7810612597066436
393 0.7847282139775669
394 0.7849439171699741
395 0.7858067299396031
396 0.7914150129421915
397 0.7862381363244176
398 0.7853753235547886
399 0.7840811044003452
400 0.7830025884383088
401 0.7840811044003452
402 0.7827868852459017
403 0.7767471958584987
404 0.7750215703192407
405 0.7773943054357204
406 0.7782571182053495
407 0.777825711820535
408 0.7866695427092321
409 0.7868852459016393
410 0.7881794650560828
411 0.7920621225194133
412 0.7825711820534944
413 0.7851596203623814
414 0.7875323554788611
415 0.7892579810181191
416 0.7873166522864539
417 0.7849439171699741
418 0.7851596203623814
419 0.7834339948231234
420 0.7871009490940466
421 0.7894736842105263
422 0.792709232096635
423 0.7894736842105263
424 0.7922778257118205
425 0.790120793787748
426 0.7899050905953409
427 0.7873166522864539
428 0.7840811044003452
429 0.7827868852459017
430 0.7832182916307161
431 0.7808455565142364
432 0.7776100086281277
433 0.780414150129422
434 0.7825711820534944
435 0.7773943054357204
436 0.7801984469370147
437 0.7864538395168249
438 0.7836496980155306
439 0.7860224331320104
440 0.7875323554788611
441 0.7825711820534944
442 0.7851596203623814
443 0.7903364969801553
444 0.7942191544434858
445 0.7933563416738568
446 0.7931406384814496
447 0.7942191544434858
448 0.7929249352890423
449 0.797886108714409
450 0.7948662640207075
451 0.7968075927523728
452 0.7931406384814496
453 0.7924935289042278
454 0.7920621225194133
455 0.7948662640207075
456 0.8004745470232959
457 0.8009059534081104
458 0.8017687661777394
459 0.7981018119068162
460 0.7950819672131147
461 0.7929249352890423
462 0.7892579810181191
463 0.7911993097497843
464 0.7940034512510785
465 0.7976704055220017
466 0.7946505608283002
467 0.7911993097497843
468 0.7864538395168249
469 0.7862381363244176
470 0.7858067299396031
471 0.7842968075927523
472 0.7892579810181191
473 0.7890422778257118
474 0.7873166522864539
475 0.7873166522864539
476 0.7896893874029336
477 0.7905522001725626
478 0.7931406384814496
479 0.7911993097497843
480 0.7905522001725626
481 0.7834339948231234
482 0.7821397756686799
483 0.7810612597066436
484 0.7817083692838654
485 0.7836496980155306
486 0.7868852459016393
487 0.7903364969801553
488 0.7888265746333045
489 0.7892579810181191
490 0.7911993097497843
491 0.7875323554788611
492 0.7881794650560828
493 0.7883951682484901
494 0.7886108714408974
495 0.7892579810181191
496 0.7948662640207075
497 0.7955133735979293
498 0.795297670405522
499 0.7963761863675582
500 0.7959447799827437
501 0.796160483175151
502 0.8022001725625539
503 0.7985332182916307
504 0.793572044866264
505 0.7903364969801553
506 0.796160483175151
507 0.7985332182916307
508 0.8006902502157032
509 0.7957290767903364
510 0.7940034512510785
511 0.7909836065573771
512 0.7871009490940466
513 0.7896893874029336
514 0.7892579810181191
515 0.7907679033649698
516 0.7916307161345988
517 0.7955133735979293
518 0.7970232959447799
519 0.7981018119068162
520 0.7937877480586712
521 0.7918464193270061
522 0.7871009490940466
523 0.7922778257118205
524 0.7892579810181191
525 0.7896893874029336
526 0.7933563416738568
527 0.7907679033649698
528 0.7924935289042278
529 0.7916307161345988
530 0.793572044866264
531 0.7881794650560828
532 0.7918464193270061
533 0.794434857635893
534 0.790120793787748
535 0.7916307161345988
536 0.7847282139775669
537 0.7883951682484901
538 0.7922778257118205
539 0.794434857635893
540 0.7929249352890423
541 0.7907679033649698
542 0.7875323554788611
543 0.7858067299396031
544 0.7791199309749784
545 0.7776100086281277
546 0.7810612597066436
547 0.7810612597066436
548 0.7812769628990509
549 0.7853753235547886
550 0.7838654012079379
551 0.7937877480586712
552 0.7931406384814496
553 0.7931406384814496
554 0.7989646246764452
555 0.792709232096635
556 0.793572044866264
557 0.7858067299396031
558 0.7855910267471958
559 0.7853753235547886
560 0.7845125107851596
561 0.7806298533218292
562 0.7830025884383088
563 0.7851596203623814
564 0.7886108714408974
565 0.7862381363244176
566 0.7808455565142364
567 0.777825711820535
568 0.7793356341673857
569 0.7786885245901639
570 0.7793356341673857
571 0.7838654012079379
572 0.7840811044003452
573 0.7866695427092321
574 0.7888265746333045
575 0.7845125107851596
576 0.7823554788610871
577 0.7879637618636756
578 0.7864538395168249
579 0.7830025884383088
580 0.7842968075927523
581 0.7836496980155306
582 0.7821397756686799
583 0.7810612597066436
584 0.7821397756686799
585 0.7817083692838654
586 0.7814926660914582
587 0.7817083692838654
588 0.776962899050906
589 0.7806298533218292
590 0.7836496980155306
591 0.7801984469370147
592 0.7817083692838654
593 0.7776100086281277
594 0.7791199309749784
595 0.7827868852459017
596 0.7795513373597929
597 0.7881794650560828
598 0.7883951682484901
599 0.7940034512510785
600 0.7965918895599655
601 0.7929249352890423
602 0.7873166522864539
603 0.7911993097497843
604 0.790120793787748
605 0.7875323554788611
606 0.7942191544434858
607 0.7931406384814496
608 0.7916307161345988
609 0.7918464193270061
610 0.7933563416738568
611 0.7959447799827437
612 0.7929249352890423
613 0.7916307161345988
614 0.7907679033649698
615 0.7896893874029336
616 0.7834339948231234
617 0.7823554788610871
618 0.7836496980155306
619 0.7873166522864539
620 0.7853753235547886
621 0.7836496980155306
622 0.7892579810181191
623 0.793572044866264
624 0.7946505608283002
625 0.7905522001725626
626 0.7840811044003452
627 0.7858067299396031
628 0.7879637618636756
629 0.7862381363244176
630 0.7877480586712683
631 0.7825711820534944
632 0.7819240724762726
633 0.7834339948231234
634 0.7819240724762726
635 0.780414150129422
636 0.7847282139775669
637 0.7842968075927523
638 0.7801984469370147
639 0.7732959447799828
640 0.7827868852459017
641 0.7797670405522001
642 0.7866695427092321
643 0.7799827437446074
644 0.7761000862812769
645 0.7737273511647972
646 0.7737273511647972
647 0.7771786022433133
648 0.7812769628990509
649 0.7780414150129422
650 0.7827868852459017
651 0.7840811044003452
652 0.7858067299396031
653 0.7879637618636756
654 0.7849439171699741
655 0.7812769628990509
656 0.7821397756686799
657 0.7853753235547886
658 0.7855910267471958
659 0.7883951682484901
660 0.7834339948231234
661 0.7812769628990509
662 0.7864538395168249
663 0.7868852459016393
664 0.7849439171699741
665 0.7825711820534944
666 0.7836496980155306
667 0.7801984469370147
668 0.7817083692838654
669 0.7801984469370147
670 0.7801984469370147
671 0.7830025884383088
672 0.7786885245901639
673 0.7784728213977566
674 0.7745901639344263
675 0.7748058671268335
676 0.7732959447799828
677 0.7722174288179465
678 0.7797670405522001
679 0.7830025884383088
680 0.7812769628990509
681 0.7817083692838654
682 0.7765314926660914
683 0.7750215703192407
684 0.7793356341673857
685 0.7773943054357204
686 0.7763157894736842
687 0.7745901639344263
688 0.774374460742019
689 0.7782571182053495
690 0.7853753235547886
691 0.7801984469370147
692 0.7840811044003452
693 0.7881794650560828
694 0.7881794650560828
695 0.7814926660914582
696 0.7808455565142364
697 0.7823554788610871
698 0.7838654012079379
699 0.7853753235547886
700 0.7864538395168249
