1 0.0008628127696289905
2 0.001725625539257981
3 0.0021570319240724763
4 0.0032355478861087143
5 0.003451251078515962
6 0.003882657463330457
7 0.004745470232959448
8 0.005392579810181191
9 0.004961173425366695
10 0.0056082830025884385
11 0.007549611734253667
12 0.0090595340811044
13 0.010353753235547885
14 0.011432269197584125
15 0.012295081967213115
16 0.013805004314063849
17 0.014883520276100086
18 0.016177739430543573
19 0.01639344262295082
20 0.018550474547023296
21 0.019413287316652286
22 0.02113891285591027
23 0.023943054357204487
24 0.028041415012942193
25 0.031492666091458156
26 0.03386540120793788
27 0.036885245901639344
28 0.03731665228645384
29 0.040120793787748056
30 0.043356341673856776
31 0.04702329594477998
32 0.04874892148403796
33 0.051121656600517686
34 0.056945642795513375
35 0.058671268334771355
36 0.06341673856773081
37 0.06816220880069025
38 0.07333908541846419
39 0.07830025884383089
40 0.08520276100086281
41 0.09188955996548749
42 0.0992234685073339
43 0.10763589301121657
44 0.11432269197584125
45 0.12036238136324418
46 0.12704918032786885
47 0.13373597929249353
48 0.1399913718723037
49 0.1421484037963762
50 0.14969801553062986
51 0.15530629853321828
52 0.1630716134598792
53 0.17040552200172562
54 0.17558239861949956
55 0.18226919758412424
56 0.19327006039689387
57 0.19887834339948232
58 0.20578084555651424
59 0.2120362381363244
60 0.2215271786022433
61 0.23037100949094047
62 0.23446937014667818
63 0.24266609145815357
64 0.2495685936151855
65 0.25215703192407246
66 0.25970664365832613
67 0.270060396893874
68 0.2754529767040552
69 0.2789042277825712
70 0.28386540120793785
71 0.2862381363244176
72 0.29184641932700606
73 0.30176876617773946
74 0.3101811906816221
75 0.3134167385677308
76 0.31902502157031926
77 0.32484900776531495
78 0.33347713546160485
79 0.33908541846419327
80 0.3444779982743745
81 0.3528904227782571
82 0.3643226919758412
83 0.3703623813632442
84 0.3787748058671268
85 0.3863244176013805
86 0.3930112165660052
87 0.4003451251078516
88 0.4061691113028473
89 0.4171699741156169
90 0.4212683347713546
91 0.4298964624676445
92 0.4389559965487489
93 0.44909404659188956
94 0.4518981880931838
95 0.453839516824849
96 0.4568593615185505
97 0.4659188955996549
98 0.47346850733390855
99 0.48080241587575495
100 0.4823123382226057
101 0.48533218291630714
102 0.49029335634167387
103 0.49611734253666956
104 0.5036669542709232
105 0.5122950819672131
106 0.5153149266609146
107 0.5181190681622088
108 0.5250215703192407
109 0.5282571182053495
110 0.5379637618636756
111 0.542709232096635
112 0.5392579810181191
113 0.5440034512510785
114 0.5470232959447799
115 0.5534943917169974
116 0.5582398619499569
117 0.5666522864538395
118 0.5729076790336497
119 0.5813201035375324
120 0.5877911993097498
121 0.588006902502157
122 0.591458153580673
123 0.59404659188956
124 0.5985763589301122
125 0.6028904227782571
126 0.6052631578947368
127 0.6089301121656601
128 0.615832614322692
129 0.6160483175150993
130 0.6160483175150993
131 0.6173425366695428
132 0.6218723037100949
133 0.6285591026747196
134 0.6300690250215704
135 0.6354616048317515
136 0.6430112165660051
137 0.6447368421052632
138 0.6466781708369284
139 0.6466781708369284
140 0.6432269197584124
141 0.6496980155306299
142 0.6494823123382226
143 0.6501294219154443
144 0.6479723899913719
145 0.6563848144952545
146 0.6492666091458154
147 0.6527178602243313
148 0.6566005176876618
149 0.660267471958585
150 0.6639344262295082
151 0.674288179465056
152 0.6708369283865401
153 0.674288179465056
154 0.6773080241587576
155 0.681190681622088
156 0.6839948231233822
157 0.6831320103537533
158 0.6770923209663503
159 0.6867989646246765
160 0.6906816220880069
161 0.6872303710094909
162 0.6906816220880069
163 0.6885245901639344
164 0.6975841242450388
165 0.6941328731665228
166 0.6947799827437446
167 0.6934857635893011
168 0.6949956859361519
169 0.7003882657463331
170 0.7059965487489215
171 0.7092320966350302
172 0.7146246764452114
173 0.7219585849870578
174 0.7275668679896462
175 0.7238999137187231
176 0.727351164797239
177 0.7251941328731665
178 0.7234685073339086
179 0.7226056945642796
180 0.7267040552200172
181 0.7262726488352028
182 0.7208800690250216
183 0.7204486626402071
184 0.7206643658326143
185 0.725625539257981
186 0.727351164797239
187 0.72648835202761
188 0.7275668679896462
189 0.729076790336497
190 0.7323123382226057
191 0.7383520276100086
192 0.7422346850733391
193 0.7398619499568594
194 0.7435289042277826
195 0.7450388265746333
196 0.748274374460742
197 0.7502157031924073
198 0.7446074201898188
199 0.7493528904227783
200 0.7504314063848145
201 0.7510785159620362
202 0.7510785159620362
203 0.7480586712683348
204 0.7476272648835203
205 0.7497842968075927
206 0.75
207 0.7532355478861087
208 0.7566867989646247
209 0.7573339085418465
210 0.7661777394305436
211 0.7640207075064711
212 0.7661777394305436
213 0.7616479723899914
214 0.7670405522001725
215 0.7696289905090595
216 0.7715703192407247
217 0.7696289905090595
218 0.7663934426229508
219 0.7655306298533219
220 0.7659620362381363
221 0.772648835202761
222 0.7756686798964625
223 0.7739430543572045
224 0.7720017256255393
225 0.772648835202761
226 0.7627264883520276
227 0.7622950819672131
228 0.7607851596203624
229 0.7607851596203624
230 0.7635893011216566
231 0.7696289905090595
232 0.7676876617773943
233 0.7704918032786885
234 0.7724331320103538
235 0.7773943054357204
236 0.7763157894736842
237 0.7758843830888698
238 0.7761000862812769
239 0.7780414150129422
240 0.7823554788610871
241 0.7862381363244176
242 0.7832182916307161
243 0.7812769628990509
244 0.7819240724762726
245 0.7739430543572045
246 0.7767471958584987
247 0.77351164797239
248 0.7730802415875755
249 0.7704918032786885
250 0.7739430543572045
251 0.7784728213977566
252 0.770923209663503
253 0.7741587575496117
254 0.7739430543572045
255 0.7797670405522001
256 0.7845125107851596
257 0.7851596203623814
258 0.7873166522864539
259 0.7849439171699741
260 0.7817083692838654
261 0.7789042277825712
262 0.776962899050906
263 0.772648835202761
264 0.7724331320103538
265 0.7745901639344263
266 0.7737273511647972
267 0.7737273511647972
268 0.77351164797239
269 0.7737273511647972
270 0.7756686798964625
271 0.776962899050906
272 0.7784728213977566
273 0.7765314926660914
274 0.7761000862812769
275 0.7763157894736842
276 0.7776100086281277
277 0.7765314926660914
278 0.7739430543572045
279 0.776962899050906
280 0.775237273511648
281 0.7765314926660914
282 0.774374460742019
283 0.7786885245901639
284 0.7812769628990509
285 0.7834339948231234
286 0.7830025884383088
287 0.7873166522864539
288 0.7888265746333045
289 0.7849439171699741
290 0.7812769628990509
291 0.7840811044003452
292 0.7814926660914582
293 0.7847282139775669
294 0.7789042277825712
295 0.7810612597066436
296 0.7801984469370147
297 0.7773943054357204
298 0.7741587575496117
299 0.777825711820535
300 0.7801984469370147
301 0.7838654012079379
302 0.7780414150129422
303 0.7715703192407247
304 0.780414150129422
305 0.7745901639344263
306 0.7789042277825712
307 0.7776100086281277
308 0.7765314926660914
309 0.7750215703192407
310 0.7722174288179465
311 0.7720017256255393
312 0.7711389128559103
313 0.7707075064710958
314 0.7763157894736842
315 0.775237273511648
316 0.7756686798964625
317 0.7750215703192407
318 0.7756686798964625
319 0.7806298533218292
320 0.7789042277825712
321 0.7838654012079379
322 0.7875323554788611
323 0.7853753235547886
324 0.7834339948231234
325 0.7806298533218292
326 0.7806298533218292
327 0.7836496980155306
328 0.7832182916307161
329 0.7823554788610871
330 0.7771786022433133
331 0.776962899050906
332 0.7812769628990509
333 0.7825711820534944
334 0.777825711820535
335 0.7806298533218292
336 0.7739430543572045
337 0.7827868852459017
338 0.7795513373597929
339 0.7808455565142364
340 0.7868852459016393
341 0.7905522001725626
342 0.7894736842105263
343 0.7916307161345988
344 0.790120793787748
345 0.7888265746333045
346 0.7842968075927523
347 0.7871009490940466
348 0.7896893874029336
349 0.7862381363244176
350 0.7918464193270061
351 0.7907679033649698
352 0.7972389991371872
353 0.795297670405522
354 0.7965918895599655
355 0.7911993097497843
356 0.7881794650560828
357 0.7862381363244176
358 0.7871009490940466
359 0.7851596203623814
360 0.7858067299396031
361 0.7849439171699741
362 0.7836496980155306
363 0.7834339948231234
364 0.7830025884383088
365 0.7799827437446074
366 0.7892579810181191
367 0.7890422778257118
368 0.7922778257118205
369 0.7968075927523728
370 0.796160483175151
371 0.7918464193270061
372 0.7894736842105263
373 0.794434857635893
374 0.7929249352890423
375 0.7881794650560828
376 0.7914150129421915
377 0.7894736842105263
378 0.790120793787748
379 0.7903364969801553
380 0.7903364969801553
381 0.7821397756686799
382 0.7871009490940466
383 0.7918464193270061
384 0.7914150129421915
385 0.7918464193270061
386 0.7864538395168249
387 0.7892579810181191
388 0.7871009490940466
389 0.7879637618636756
390 0.7860224331320104
391 0.7793356341673857
392 0.7858067299396031
393 0.792709232096635
394 0.7931406384814496
395 0.7955133735979293
396 0.7905522001725626
397 0.7868852459016393
398 0.7933563416738568
399 0.7922778257118205
400 0.7989646246764452
401 0.7957290767903364
402 0.7946505608283002
403 0.7894736842105263
404 0.7890422778257118
405 0.795297670405522
406 0.7946505608283002
407 0.7918464193270061
408 0.7890422778257118
409 0.7888265746333045
410 0.7914150129421915
411 0.7907679033649698
412 0.7950819672131147
413 0.8004745470232959
414 0.7933563416738568
415 0.7914150129421915
416 0.7981018119068162
417 0.7985332182916307
418 0.7955133735979293
419 0.7929249352890423
420 0.7929249352890423
421 0.7959447799827437
422 0.7972389991371872
423 0.8011216566005177
424 0.8028472821397756
425 0.8056514236410699
426 0.8026315789473685
427 0.8030629853321829
428 0.7993960310612597
429 0.795297670405522
430 0.7946505608283002
431 0.7864538395168249
432 0.7881794650560828
433 0.7847282139775669
434 0.7825711820534944
435 0.7782571182053495
436 0.7881794650560828
437 0.7903364969801553
438 0.7827868852459017
439 0.7862381363244176
440 0.7812769628990509
441 0.7808455565142364
442 0.777825711820535
443 0.7771786022433133
444 0.7750215703192407
445 0.777825711820535
446 0.7812769628990509
447 0.7801984469370147
448 0.776962899050906
449 0.7761000862812769
450 0.774374460742019
451 0.7756686798964625
452 0.772648835202761
453 0.7668248490077653
454 0.769197584124245
455 0.7732959447799828
456 0.7722174288179465
457 0.7765314926660914
458 0.7728645383951682
459 0.7765314926660914
460 0.7821397756686799
461 0.7842968075927523
462 0.7819240724762726
463 0.7866695427092321
464 0.7950819672131147
465 0.8002588438308887
466 0.8039257981018119
467 0.8028472821397756
468 0.8030629853321829
469 0.7976704055220017
470 0.7968075927523728
471 0.7909836065573771
472 0.7890422778257118
473 0.7864538395168249
474 0.7830025884383088
475 0.7888265746333045
476 0.7877480586712683
477 0.7890422778257118
478 0.792709232096635
479 0.792709232096635
480 0.7873166522864539
481 0.7819240724762726
482 0.7789042277825712
483 0.7832182916307161
484 0.7795513373597929
485 0.7849439171699741
486 0.7845125107851596
487 0.7737273511647972
488 0.7748058671268335
489 0.7720017256255393
490 0.769197584124245
491 0.775237273511648
492 0.7715703192407247
493 0.77351164797239
494 0.7663934426229508
495 0.7674719585849871
496 0.7672562553925798
497 0.7661777394305436
498 0.7653149266609146
499 0.774374460742019
500 0.7732959447799828
501 0.7776100086281277
502 0.77351164797239
503 0.7812769628990509
504 0.777825711820535
505 0.7814926660914582
506 0.7808455565142364
507 0.774374460742019
508 0.7761000862812769
509 0.7789042277825712
510 0.775237273511648
511 0.7750215703192407
512 0.7732959447799828
513 0.775237273511648
514 0.7741587575496117
515 0.7797670405522001
516 0.7832182916307161
517 0.7862381363244176
518 0.780414150129422
519 0.7819240724762726
520 0.7797670405522001
521 0.7808455565142364
522 0.7791199309749784
523 0.7750215703192407
524 0.7773943054357204
525 0.7737273511647972
526 0.7782571182053495
527 0.7754529767040552
528 0.7847282139775669
529 0.7866695427092321
530 0.7883951682484901
531 0.7920621225194133
532 0.7931406384814496
533 0.7920621225194133
534 0.7937877480586712
535 0.793572044866264
536 0.7888265746333045
537 0.7890422778257118
538 0.7862381363244176
539 0.7881794650560828
540 0.7920621225194133
541 0.7914150129421915
542 0.7875323554788611
543 0.7819240724762726
544 0.7814926660914582
545 0.7812769628990509
546 0.776962899050906
547 0.7748058671268335
548 0.7685504745470233
549 0.7694132873166523
550 0.7724331320103538
551 0.7741587575496117
552 0.7722174288179465
553 0.774374460742019
554 0.7847282139775669
555 0.7847282139775669
556 0.7890422778257118
557 0.7853753235547886
558 0.7793356341673857
559 0.7836496980155306
560 0.7862381363244176
561 0.7834339948231234
562 0.7812769628990509
563 0.7834339948231234
564 0.7810612597066436
565 0.7789042277825712
566 0.7780414150129422
567 0.7853753235547886
568 0.7868852459016393
569 0.7821397756686799
570 0.777825711820535
571 0.7795513373597929
572 0.7847282139775669
573 0.7814926660914582
574 0.7862381363244176
575 0.7883951682484901
576 0.7855910267471958
577 0.7821397756686799
578 0.7864538395168249
579 0.7968075927523728
580 0.7899050905953409
581 0.7899050905953409
582 0.7877480586712683
583 0.7881794650560828
584 0.7933563416738568
585 0.7998274374460742
586 0.794434857635893
587 0.7929249352890423
588 0.792709232096635
589 0.7924935289042278
590 0.7955133735979293
591 0.7996117342536669
592 0.7991803278688525
593 0.7957290767903364
594 0.7976704055220017
595 0.7991803278688525
596 0.797886108714409
597 0.7946505608283002
598 0.793572044866264
599 0.795297670405522
600 0.7892579810181191
601 0.7842968075927523
602 0.7853753235547886
603 0.7851596203623814
604 0.7903364969801553
605 0.7965918895599655
606 0.8011216566005177
607 0.8032786885245902
608 0.8058671268334772
609 0.7993960310612597
610 0.7968075927523728
611 0.7970232959447799
612 0.795297670405522
613 0.7931406384814496
614 0.7985332182916307
615 0.8006902502157032
616 0.8034943917169974
617 0.7948662640207075
618 0.7918464193270061
619 0.7905522001725626
620 0.792709232096635
621 0.7933563416738568
622 0.7914150129421915
623 0.794434857635893
624 0.7918464193270061
625 0.7972389991371872
626 0.796160483175151
627 0.7972389991371872
628 0.7976704055220017
629 0.7899050905953409
630 0.7845125107851596
631 0.7883951682484901
632 0.7886108714408974
633 0.7823554788610871
634 0.7821397756686799
635 0.7806298533218292
636 0.7814926660914582
637 0.7830025884383088
638 0.7817083692838654
639 0.7810612597066436
640 0.7821397756686799
641 0.7817083692838654
642 0.7808455565142364
643 0.7795513373597929
644 0.7819240724762726
645 0.7845125107851596
646 0.7827868852459017
647 0.7784728213977566
648 0.776962899050906
649 0.7758843830888698
650 0.7808455565142364
651 0.7840811044003452
652 0.7920621225194133
653 0.7812769628990509
654 0.7771786022433133
655 0.7771786022433133
656 0.7825711820534944
657 0.7845125107851596
658 0.7819240724762726
659 0.7806298533218292
660 0.7795513373597929
661 0.7791199309749784
662 0.7834339948231234
663 0.7873166522864539
664 0.7832182916307161
665 0.7810612597066436
666 0.7784728213977566
667 0.7840811044003452
668 0.7823554788610871
669 0.7832182916307161
670 0.7875323554788611
671 0.7866695427092321
672 0.7793356341673857
673 0.7810612597066436
674 0.7784728213977566
675 0.7825711820534944
676 0.7873166522864539
677 0.7851596203623814
678 0.7806298533218292
679 0.7838654012079379
680 0.7894736842105263
681 0.7903364969801553
682 0.7862381363244176
683 0.7836496980155306
684 0.7847282139775669
685 0.7817083692838654
686 0.7819240724762726
687 0.7873166522864539
688 0.7832182916307161
689 0.7789042277825712
690 0.7827868852459017
691 0.7836496980155306
692 0.7832182916307161
693 0.7836496980155306
694 0.780414150129422
695 0.7840811044003452
696 0.7864538395168249
697 0.7890422778257118
698 0.7793356341673857
699 0.7780414150129422
700 0.7834339948231234
