1 0.0004314063848144953
2 0.0004314063848144953
3 0.00021570319240724764
4 0.00021570319240724764
5 0.00021570319240724764
6 0.0004314063848144953
7 0.0004314063848144953
8 0.0004314063848144953
9 0.0006471095772217428
10 0.0006471095772217428
11 0.0008628127696289905
12 0.0006471095772217428
13 0.0006471095772217428
14 0.0008628127696289905
15 0.0010785159620362382
16 0.0012942191544434857
17 0.0012942191544434857
18 0.0012942191544434857
19 0.0015099223468507334
20 0.001725625539257981
21 0.0019413287316652286
22 0.001725625539257981
23 0.0019413287316652286
24 0.0019413287316652286
25 0.001725625539257981
26 0.0015099223468507334
27 0.0019413287316652286
28 0.002372735116479724
29 0.0025884383088869713
30 0.0028041415012942193
31 0.0030198446937014668
32 0.0030198446937014668
33 0.0036669542709232097
34 0.003882657463330457
35 0.003882657463330457
36 0.004098360655737705
37 0.0045297670405522
38 0.005176876617773943
39 0.0056082830025884385
40 0.005823986194995686
41 0.006255392579810181
42 0.0064710957722174285
43 0.0060396893874029335
44 0.0064710957722174285
45 0.006686798964624676
46 0.007549611734253667
47 0.008412424503882658
48 0.009706643658326143
49 0.010138050043140638
50 0.01186367558239862
51 0.012942191544434857
52 0.015314926660914581
53 0.015530629853321829
54 0.017471958584987058
55 0.0181190681622088
56 0.018550474547023296
57 0.018334771354616048
58 0.019628990509059533
59 0.01984469370146678
60 0.020491803278688523
61 0.020491803278688523
62 0.02286453839516825
63 0.024805867126833477
64 0.02631578947368421
65 0.02631578947368421
66 0.02739430543572045
67 0.028904227782571183
68 0.030414150129421915
69 0.031708369283865404
70 0.034943917169974116
71 0.037532355478861086
72 0.040983606557377046
73 0.044219154443485766
74 0.048533218291630716
75 0.05155306298533218
76 0.05371009490940466
77 0.05759275237273512
78 0.062122519413287315
79 0.06578947368421052
80 0.06837791199309749
81 0.07010353753235547
82 0.07614322691975842
83 0.07937877480586712
84 0.08067299396031061
85 0.08412424503882658
86 0.09037963761863675
87 0.09534081104400345
88 0.10181190681622088
89 0.10785159620362382
90 0.11604831751509923
91 0.12208800690250216
92 0.12467644521138913
93 0.13201035375323555
94 0.1371872303710095
95 0.14732528041415013
96 0.15293356341673855
97 0.1598360655737705
98 0.16673856773080242
99 0.1766609145815358
100 0.18226919758412424
101 0.18874029335634168
102 0.1984469370146678
103 0.2014667817083693
104 0.2120362381363244
105 0.2169974115616911
106 0.22346850733390855
107 0.23123382226056946
108 0.24201898188093185
109 0.24935289042277825
110 0.25496117342536667
111 0.26617773943054357
112 0.27092320966350303
113 0.27911993097497845
114 0.28472821397756687
115 0.2931406384814495
116 0.30069025021570317
117 0.31061259706643657
118 0.317083692838654
119 0.32204486626402073
120 0.3285159620362381
121 0.3356341673856773
122 0.3410267471958585
123 0.3455565142364107
124 0.34943917169974115
125 0.3587144089732528
126 0.36518550474547024
127 0.3802847282139776
128 0.38373597929249353
129 0.39193270060396895
130 0.39344262295081966
131 0.40056082830025885
132 0.4072476272648835
133 0.41069887834339946
134 0.41781708369283865
135 0.41781708369283865
136 0.4262295081967213
137 0.4314063848144953
138 0.43485763589301124
139 0.4424072476272649
140 0.45405522001725623
141 0.4605263157894737
142 0.4672131147540984
143 0.47217428817946505
144 0.47648835202761003
145 0.4769197584124245
146 0.4887834339948231
147 0.48921484037963764
148 0.49503882657463333
149 0.4905090595340811
150 0.49396031061259704
151 0.5019413287316652
152 0.5081967213114754
153 0.5159620362381363
154 0.5187661777394306
155 0.527825711820535
156 0.5265314926660914
157 0.5347282139775669
158 0.5366695427092321
159 0.5360224331320104
160 0.5375323554788611
161 0.5437877480586712
162 0.551337359792925
163 0.5522001725625539
164 0.5524158757549612
165 0.5619068162208801
166 0.5694564279551337
167 0.5672993960310613
168 0.5707506471095772
169 0.5765746333045729
170 0.5839085418464194
171 0.586281276962899
172 0.5931837791199309
173 0.6003019844693701
174 0.6041846419327006
175 0.6091458153580673
176 0.6056945642795514
177 0.6145383951682485
178 0.6205780845556514
179 0.6201466781708369
180 0.619283865401208
181 0.6225194132873166
182 0.6264020707506471
183 0.6283433994823123
184 0.6348144952545298
185 0.6374029335634167
186 0.6354616048317515
187 0.6406384814495254
188 0.642795513373598
189 0.6447368421052632
190 0.6430112165660051
191 0.6460310612597067
192 0.6458153580672994
193 0.6484037963761864
194 0.6537963761863675
195 0.653364969801553
196 0.6548748921484038
197 0.6630716134598792
198 0.6643658326143227
199 0.6656600517687662
200 0.6723468507333908
201 0.6710526315789473
202 0.6757981018119068
203 0.6796807592752373
204 0.682053494391717
205 0.6859361518550474
206 0.6926229508196722
207 0.6988783433994823
208 0.7034081104400345
209 0.7029767040552201
210 0.7029767040552201
211 0.6973684210526315
212 0.7016824849007766
213 0.7003882657463331
214 0.7010353753235548
215 0.7016824849007766
216 0.7088006902502157
217 0.701251078515962
218 0.7018981880931838
219 0.703839516824849
220 0.7016824849007766
221 0.7006039689387403
222 0.7003882657463331
223 0.705565142364107
224 0.7042709232096636
225 0.7079378774805867
226 0.7075064710957722
227 0.7083692838654012
228 0.7148403796376186
229 0.7232528041415013
230 0.7200172562553926
231 0.7189387402933564
232 0.7228213977566867
233 0.7236842105263158
234 0.7275668679896462
235 0.7269197584124245
236 0.7344693701466781
237 0.7299396031061259
238 0.7279982743744607
239 0.7292924935289042
240 0.7329594477998275
241 0.7370578084555651
242 0.7409404659188956
243 0.7383520276100086
244 0.7387834339948232
245 0.7456859361518551
246 0.747411561691113
247 0.743960310612597
248 0.7400776531492667
249 0.7418032786885246
250 0.7446074201898188
251 0.7389991371872304
252 0.7411561691113029
253 0.7379206212251941
254 0.7443917169974116
255 0.7493528904227783
256 0.7502157031924073
257 0.7487057808455565
258 0.750862812769629
259 0.7523727351164797
260 0.7564710957722174
261 0.7612165660051768
262 0.7607851596203624
263 0.7556082830025884
264 0.7577653149266609
265 0.7584124245038827
266 0.7638050043140638
267 0.7670405522001725
268 0.7646678170836928
269 0.7627264883520276
270 0.7599223468507333
271 0.7510785159620362
272 0.7519413287316652
273 0.7549611734253667
274 0.7540983606557377
275 0.75862812769629
276 0.7610008628127696
277 0.7590595340811044
278 0.7618636755823986
279 0.7605694564279551
280 0.7642364106988784
281 0.7702761000862812
282 0.769197584124245
283 0.770923209663503
284 0.7642364106988784
285 0.7625107851596203
286 0.7590595340811044
287 0.7616479723899914
288 0.7672562553925798
289 0.7605694564279551
290 0.7631578947368421
291 0.7674719585849871
292 0.7650992234685073
293 0.7670405522001725
294 0.7720017256255393
295 0.7687661777394306
296 0.7728645383951682
297 0.7700603968938741
298 0.7670405522001725
299 0.7711389128559103
300 0.7676876617773943
301 0.7642364106988784
302 0.7672562553925798
303 0.7704918032786885
304 0.7761000862812769
305 0.7765314926660914
306 0.7715703192407247
307 0.7711389128559103
308 0.7685504745470233
309 0.7750215703192407
310 0.7685504745470233
311 0.768334771354616
312 0.7674719585849871
313 0.7681190681622088
314 0.7685504745470233
315 0.7661777394305436
316 0.7780414150129422
317 0.7763157894736842
318 0.7758843830888698
319 0.7754529767040552
320 0.7808455565142364
321 0.7799827437446074
322 0.7786885245901639
323 0.7786885245901639
324 0.7806298533218292
325 0.7851596203623814
326 0.7868852459016393
327 0.7871009490940466
328 0.7849439171699741
329 0.7758843830888698
330 0.7784728213977566
331 0.7784728213977566
332 0.7780414150129422
333 0.7761000862812769
334 0.7832182916307161
335 0.7782571182053495
336 0.7758843830888698
337 0.7782571182053495
338 0.7773943054357204
339 0.776962899050906
340 0.7748058671268335
341 0.777825711820535
342 0.7767471958584987
343 0.7765314926660914
344 0.77351164797239
345 0.7679033649698016
346 0.771786022433132
347 0.7694132873166523
348 0.771786022433132
349 0.7776100086281277
350 0.7761000862812769
351 0.7754529767040552
352 0.7793356341673857
353 0.7808455565142364
354 0.7825711820534944
355 0.7823554788610871
356 0.7860224331320104
357 0.7866695427092321
358 0.7877480586712683
359 0.7883951682484901
360 0.7838654012079379
361 0.7830025884383088
362 0.7823554788610871
363 0.7834339948231234
364 0.7825711820534944
365 0.7789042277825712
366 0.775237273511648
367 0.772648835202761
368 0.776962899050906
369 0.7793356341673857
370 0.7750215703192407
371 0.7821397756686799
372 0.7817083692838654
373 0.7767471958584987
374 0.770923209663503
375 0.776962899050906
376 0.7761000862812769
377 0.7780414150129422
378 0.7801984469370147
379 0.7801984469370147
380 0.7883951682484901
381 0.7896893874029336
382 0.7922778257118205
383 0.795297670405522
384 0.7974547023295945
385 0.7922778257118205
386 0.7855910267471958
387 0.790120793787748
388 0.7886108714408974
389 0.7853753235547886
390 0.7914150129421915
391 0.7873166522864539
392 0.7903364969801553
393 0.7881794650560828
394 0.7899050905953409
395 0.7955133735979293
396 0.7911993097497843
397 0.7836496980155306
398 0.7914150129421915
399 0.7905522001725626
400 0.7862381363244176
401 0.7814926660914582
402 0.7799827437446074
403 0.7823554788610871
404 0.7823554788610871
405 0.7821397756686799
406 0.777825711820535
407 0.7834339948231234
408 0.7786885245901639
409 0.7823554788610871
410 0.7817083692838654
411 0.7883951682484901
412 0.7855910267471958
413 0.7877480586712683
414 0.7855910267471958
415 0.7806298533218292
416 0.7830025884383088
417 0.7847282139775669
418 0.7791199309749784
419 0.780414150129422
420 0.7812769628990509
421 0.7780414150129422
422 0.7797670405522001
423 0.7834339948231234
424 0.7808455565142364
425 0.7791199309749784
426 0.7758843830888698
427 0.7793356341673857
428 0.7799827437446074
429 0.7832182916307161
430 0.7838654012079379
431 0.7808455565142364
432 0.7851596203623814
433 0.7780414150129422
434 0.7808455565142364
435 0.7801984469370147
436 0.7771786022433133
437 0.776962899050906
438 0.7838654012079379
439 0.7707075064710958
440 0.7741587575496117
441 0.7797670405522001
442 0.7773943054357204
443 0.7763157894736842
444 0.7771786022433133
445 0.7763157894736842
446 0.7771786022433133
447 0.7767471958584987
448 0.7754529767040552
449 0.7750215703192407
450 0.7754529767040552
451 0.7821397756686799
452 0.7842968075927523
453 0.7832182916307161
454 0.7823554788610871
455 0.7821397756686799
456 0.7847282139775669
457 0.7860224331320104
458 0.7873166522864539
459 0.7909836065573771
460 0.7873166522864539
461 0.7899050905953409
462 0.7894736842105263
463 0.7840811044003452
464 0.7810612597066436
465 0.7883951682484901
466 0.792709232096635
467 0.7998274374460742
468 0.7957290767903364
469 0.797886108714409
470 0.8024158757549612
471 0.8004745470232959
472 0.7993960310612597
473 0.7940034512510785
474 0.7896893874029336
475 0.7892579810181191
476 0.7911993097497843
477 0.7853753235547886
478 0.7899050905953409
479 0.7847282139775669
480 0.7851596203623814
481 0.7799827437446074
482 0.7797670405522001
483 0.780414150129422
484 0.7858067299396031
485 0.7799827437446074
486 0.7871009490940466
487 0.7892579810181191
488 0.7871009490940466
489 0.7845125107851596
490 0.7847282139775669
491 0.7834339948231234
492 0.7847282139775669
493 0.7905522001725626
494 0.7860224331320104
495 0.7868852459016393
496 0.7892579810181191
497 0.7875323554788611
498 0.7916307161345988
499 0.7905522001725626
500 0.7905522001725626
501 0.7909836065573771
502 0.7860224331320104
503 0.7903364969801553
504 0.7911993097497843
505 0.7929249352890423
506 0.7862381363244176
507 0.7899050905953409
508 0.7849439171699741
509 0.7849439171699741
510 0.7875323554788611
511 0.7922778257118205
512 0.792709232096635
513 0.7903364969801553
514 0.7810612597066436
515 0.7808455565142364
516 0.7756686798964625
517 0.7832182916307161
518 0.7819240724762726
519 0.7773943054357204
520 0.780414150129422
521 0.7838654012079379
522 0.7871009490940466
523 0.7879637618636756
524 0.7907679033649698
525 0.7858067299396031
526 0.7909836065573771
527 0.7849439171699741
528 0.7918464193270061
529 0.7914150129421915
530 0.7899050905953409
531 0.7864538395168249
532 0.7832182916307161
533 0.7842968075927523
534 0.7830025884383088
535 0.7773943054357204
536 0.7795513373597929
537 0.7780414150129422
538 0.7756686798964625
539 0.7866695427092321
540 0.7875323554788611
541 0.7862381363244176
542 0.7812769628990509
543 0.7810612597066436
544 0.7881794650560828
545 0.7922778257118205
546 0.7933563416738568
547 0.7888265746333045
548 0.7896893874029336
549 0.7955133735979293
550 0.8000431406384815
551 0.7972389991371872
552 0.7957290767903364
553 0.7957290767903364
554 0.796160483175151
555 0.7918464193270061
556 0.7920621225194133
557 0.7879637618636756
558 0.7862381363244176
559 0.7842968075927523
560 0.7855910267471958
561 0.7909836065573771
562 0.7959447799827437
563 0.793572044866264
564 0.7940034512510785
565 0.7881794650560828
566 0.7862381363244176
567 0.7918464193270061
568 0.7899050905953409
569 0.7929249352890423
570 0.793572044866264
571 0.7940034512510785
572 0.7965918895599655
573 0.793572044866264
574 0.7929249352890423
575 0.7881794650560828
576 0.7892579810181191
577 0.795297670405522
578 0.7892579810181191
579 0.7892579810181191
580 0.7866695427092321
581 0.7886108714408974
582 0.7922778257118205
583 0.7976704055220017
584 0.7914150129421915
585 0.7849439171699741
586 0.780414150129422
587 0.7784728213977566
588 0.7806298533218292
589 0.7808455565142364
590 0.7851596203623814
591 0.790120793787748
592 0.7911993097497843
593 0.7903364969801553
594 0.796160483175151
595 0.7903364969801553
596 0.7957290767903364
597 0.7976704055220017
598 0.7903364969801553
599 0.7916307161345988
600 0.7894736842105263
601 0.7883951682484901
602 0.7929249352890423
603 0.7922778257118205
604 0.7914150129421915
605 0.7905522001725626
606 0.7894736842105263
607 0.7873166522864539
608 0.7899050905953409
609 0.7899050905953409
610 0.7849439171699741
611 0.7851596203623814
612 0.7946505608283002
613 0.7914150129421915
614 0.7918464193270061
615 0.7974547023295945
616 0.7972389991371872
617 0.7937877480586712
618 0.7924935289042278
619 0.7918464193270061
620 0.7924935289042278
621 0.796160483175151
622 0.7905522001725626
623 0.7892579810181191
624 0.792709232096635
625 0.7911993097497843
626 0.794434857635893
627 0.7957290767903364
628 0.7907679033649698
629 0.7903364969801553
630 0.7871009490940466
631 0.7771786022433133
632 0.774374460742019
633 0.7827868852459017
634 0.7896893874029336
635 0.794434857635893
636 0.7970232959447799
637 0.7963761863675582
638 0.795297670405522
639 0.794434857635893
640 0.7965918895599655
641 0.7968075927523728
642 0.8028472821397756
643 0.8009059534081104
644 0.8028472821397756
645 0.8047886108714409
646 0.7948662640207075
647 0.7996117342536669
648 0.7972389991371872
649 0.7976704055220017
650 0.7946505608283002
651 0.7858067299396031
652 0.7877480586712683
653 0.7866695427092321
654 0.7931406384814496
655 0.7948662640207075
656 0.7937877480586712
657 0.7937877480586712
658 0.7946505608283002
659 0.7899050905953409
660 0.7838654012079379
661 0.7836496980155306
662 0.7873166522864539
663 0.7860224331320104
664 0.7896893874029336
665 0.7899050905953409
666 0.7851596203623814
667 0.7871009490940466
668 0.7890422778257118
669 0.7888265746333045
670 0.7823554788610871
671 0.7862381363244176
672 0.7810612597066436
673 0.777825711820535
674 0.7730802415875755
675 0.7789042277825712
676 0.7773943054357204
677 0.7776100086281277
678 0.7830025884383088
679 0.7881794650560828
680 0.7877480586712683
681 0.7875323554788611
682 0.7873166522864539
683 0.7836496980155306
684 0.7799827437446074
685 0.7791199309749784
686 0.7810612597066436
687 0.7845125107851596
688 0.7875323554788611
689 0.7933563416738568
690 0.7892579810181191
691 0.7858067299396031
692 0.7836496980155306
693 0.7836496980155306
694 0.7864538395168249
695 0.7881794650560828
696 0.7830025884383088
697 0.7855910267471958
698 0.7916307161345988
699 0.7892579810181191
700 0.7875323554788611
