1 0.00021570319240724764
2 0.00021570319240724764
3 0.00021570319240724764
4 0.0006471095772217428
5 0.0006471095772217428
6 0.0006471095772217428
7 0.0006471095772217428
8 0.0006471095772217428
9 0.00021570319240724764
10 0.0004314063848144953
11 0.0006471095772217428
12 0.0004314063848144953
13 0.0006471095772217428
14 0.0004314063848144953
15 0.0004314063848144953
16 0.0004314063848144953
17 0.0004314063848144953
18 0.0004314063848144953
19 0.0006471095772217428
20 0.0004314063848144953
21 0.0004314063848144953
22 0.00021570319240724764
23 0.0004314063848144953
24 0.0004314063848144953
25 0.0004314063848144953
26 0.0006471095772217428
27 0.0008628127696289905
28 0.0010785159620362382
29 0.0010785159620362382
30 0.0010785159620362382
31 0.0010785159620362382
32 0.0010785159620362382
33 0.0010785159620362382
34 0.0010785159620362382
35 0.0010785159620362382
36 0.0010785159620362382
37 0.0008628127696289905
38 0.0008628127696289905
39 0.0006471095772217428
40 0.0008628127696289905
41 0.0010785159620362382
42 0.0010785159620362382
43 0.0010785159620362382
44 0.0010785159620362382
45 0.0012942191544434857
46 0.0012942191544434857
47 0.0015099223468507334
48 0.0015099223468507334
49 0.001725625539257981
50 0.001725625539257981
51 0.001725625539257981
52 0.001725625539257981
53 0.001725625539257981
54 0.001725625539257981
55 0.0021570319240724763
56 0.0021570319240724763
57 0.0028041415012942193
58 0.0028041415012942193
59 0.0030198446937014668
60 0.0030198446937014668
61 0.003451251078515962
62 0.0032355478861087143
63 0.0036669542709232097
64 0.0036669542709232097
65 0.004961173425366695
66 0.004745470232959448
67 0.005176876617773943
68 0.0056082830025884385
69 0.005823986194995686
70 0.007118205349439172
71 0.008412424503882658
72 0.008628127696289905
73 0.008843830888697153
74 0.009706643658326143
75 0.01100086281276963
76 0.01272648835202761
77 0.014236410698878344
78 0.01639344262295082
79 0.018334771354616048
80 0.019628990509059533
81 0.02178602243313201
82 0.02178602243313201
83 0.02200172562553926
84 0.02286453839516825
85 0.02351164797238999
86 0.02631578947368421
87 0.027610008628127698
88 0.028472821397756688
89 0.028688524590163935
90 0.028688524590163935
91 0.029767040552200173
92 0.031061259706643658
93 0.032571182053494394
94 0.03451251078515962
95 0.03472821397756687
96 0.03817946505608283
97 0.03904227782571182
98 0.04141501294219154
99 0.042493528904227786
100 0.04227782571182054
101 0.04357204486626402
102 0.04702329594477998
103 0.04810181190681622
104 0.04896462467644521
105 0.05220017256255392
106 0.0547886108714409
107 0.05737704918032787
108 0.0593183779119931
109 0.06147540983606557
110 0.06320103537532355
111 0.06622088006902502
112 0.06729939603106126
113 0.07031924072476273
114 0.07182916307161347
115 0.07506471095772217
116 0.07873166522864539
117 0.08045729076790337
118 0.08369283865401209
119 0.08800690250215704
120 0.09081104400345125
121 0.09404659188955997
122 0.09749784296807593
123 0.10073339085418465
124 0.10353753235547886
125 0.10655737704918032
126 0.10698878343399482
127 0.11044003451251079
128 0.11302847282139776
129 0.11949956859361519
130 0.12122519413287317
131 0.12446074201898188
132 0.13308886971527178
133 0.14020707506471095
134 0.14387402933563417
135 0.1471095772217429
136 0.15034512510785158
137 0.1557377049180328
138 0.1606988783433995
139 0.16199309749784296
140 0.16975841242450387
141 0.17881794650560828
142 0.18226919758412424
143 0.18593615185504744
144 0.1898188093183779
145 0.19672131147540983
146 0.202113891285591
147 0.20534943917169973
148 0.20944779982743744
149 0.21635030198446936
150 0.22260569456427956
151 0.23166522864538394
152 0.23899913718723037
153 0.24460742018981882
154 0.24611734253666953
155 0.2553925798101812
156 0.26207937877480586
157 0.26962899050905953
158 0.27329594477998276
159 0.2780414150129422
160 0.2886108714408973
161 0.28904227782571185
162 0.2989646246764452
163 0.3039257981018119
164 0.3101811906816221
165 0.31233822260569455
166 0.32312338222605697
167 0.3287316652286454
168 0.337144089732528
169 0.3442622950819672
170 0.3559102674719586
171 0.36259706643658324
172 0.365832614322692
173 0.3697152717860224
174 0.3723037100949094
175 0.3768334771354616
176 0.3843830888697153
177 0.3940897325280414
178 0.4012079378774806
179 0.40789473684210525
180 0.411130284728214
181 0.41501294219154444
182 0.42105263157894735
183 0.4288179465056083
184 0.4316220880069025
185 0.434641932700604
186 0.4473684210526316
187 0.45534943917169973
188 0.4596635030198447
189 0.4702329594477998
190 0.4777825711820535
191 0.4829594477998274
192 0.49352890422778256
193 0.4984900776531493
194 0.5047454702329595
195 0.5090595340811044
196 0.5127264883520276
197 0.5222174288179465
198 0.5291199309749784
199 0.5355910267471958
200 0.5431406384814496
201 0.5519844693701467
202 0.5567299396031061
203 0.5657894736842105
204 0.5655737704918032
205 0.5690250215703192
206 0.5746333045729077
207 0.5783002588438308
208 0.5739861949956859
209 0.5787316652286454
210 0.588006902502157
211 0.5877911993097498
212 0.597497842968076
213 0.6024590163934426
214 0.6033218291630716
215 0.6063416738567731
216 0.614969801553063
217 0.6154012079378774
218 0.616695427092321
219 0.6156169111302847
220 0.6179896462467644
221 0.6177739430543572
222 0.6194995685936152
223 0.6205780845556514
224 0.6259706643658326
225 0.6339516824849007
226 0.6445211389128559
227 0.6466781708369284
228 0.6488352027610008
229 0.6494823123382226
230 0.6553062985332183
231 0.660267471958585
232 0.6643658326143227
233 0.6757981018119068
234 0.6792493528904228
235 0.6865832614322692
236 0.6880931837791199
237 0.6839948231233822
238 0.6885245901639344
239 0.6926229508196722
240 0.6928386540120793
241 0.698662640207075
242 0.6949956859361519
243 0.6930543572044866
244 0.6913287316652287
245 0.6958584987057809
246 0.7006039689387403
247 0.7008196721311475
248 0.7010353753235548
249 0.6956427955133736
250 0.6945642795513374
251 0.7034081104400345
252 0.7128990509059534
253 0.7107420189818809
254 0.7120362381363244
255 0.7174288179465056
256 0.7210957722174288
257 0.7213114754098361
258 0.7174288179465056
259 0.7226056945642796
260 0.7232528041415013
261 0.7234685073339086
262 0.734253666954271
263 0.7407247627264884
264 0.7366264020707507
265 0.7389991371872304
266 0.7355478861087144
267 0.7359792924935289
268 0.7359792924935289
269 0.7394305435720449
270 0.7366264020707507
271 0.7338222605694564
272 0.7303710094909405
273 0.7312338222605694
274 0.7344693701466781
275 0.7379206212251941
276 0.7402933563416738
277 0.7430974978429681
278 0.746548748921484
279 0.7452545297670405
280 0.7506471095772217
281 0.7484900776531492
282 0.7469801553062986
283 0.7487057808455565
284 0.746548748921484
285 0.7504314063848145
286 0.7454702329594478
287 0.75
288 0.7523727351164797
289 0.7510785159620362
290 0.7519413287316652
291 0.7493528904227783
292 0.749137187230371
293 0.7489214840379638
294 0.7456859361518551
295 0.7459016393442623
296 0.7430974978429681
297 0.7411561691113029
298 0.7383520276100086
299 0.7450388265746333
300 0.748274374460742
301 0.747411561691113
302 0.7538826574633305
303 0.7530198446937014
304 0.7484900776531492
305 0.7450388265746333
306 0.750862812769629
307 0.7467644521138913
308 0.7441760138050043
309 0.7493528904227783
310 0.7566867989646247
311 0.755176876617774
312 0.7581967213114754
313 0.755176876617774
314 0.7562553925798102
315 0.75862812769629
316 0.7577653149266609
317 0.7581967213114754
318 0.7590595340811044
319 0.7642364106988784
320 0.7720017256255393
321 0.7704918032786885
322 0.7659620362381363
323 0.7659620362381363
324 0.7607851596203624
325 0.7607851596203624
326 0.7614322691975841
327 0.7536669542709232
328 0.7536669542709232
329 0.7573339085418465
330 0.7638050043140638
331 0.7679033649698016
332 0.769197584124245
333 0.7696289905090595
334 0.768334771354616
335 0.7689818809318378
336 0.7655306298533219
337 0.7638050043140638
338 0.7629421915444349
339 0.7681190681622088
340 0.7722174288179465
341 0.7763157894736842
342 0.7830025884383088
343 0.7877480586712683
344 0.790120793787748
345 0.7873166522864539
346 0.7799827437446074
347 0.7849439171699741
348 0.7875323554788611
349 0.7812769628990509
350 0.7808455565142364
351 0.7821397756686799
352 0.7795513373597929
353 0.7767471958584987
354 0.7786885245901639
355 0.7817083692838654
356 0.7784728213977566
357 0.7728645383951682
358 0.7655306298533219
359 0.7661777394305436
360 0.7659620362381363
361 0.7640207075064711
362 0.7650992234685073
363 0.7676876617773943
364 0.7640207075064711
365 0.7737273511647972
366 0.7786885245901639
367 0.7808455565142364
368 0.7756686798964625
369 0.7741587575496117
370 0.7711389128559103
371 0.7663934426229508
372 0.7679033649698016
373 0.7685504745470233
374 0.775237273511648
375 0.7728645383951682
376 0.7754529767040552
377 0.772648835202761
378 0.7728645383951682
379 0.7702761000862812
380 0.7685504745470233
381 0.7679033649698016
382 0.7720017256255393
383 0.7696289905090595
384 0.7750215703192407
385 0.7801984469370147
386 0.7864538395168249
387 0.7860224331320104
388 0.7842968075927523
389 0.7812769628990509
390 0.7825711820534944
391 0.7780414150129422
392 0.77351164797239
393 0.7756686798964625
394 0.7780414150129422
395 0.7780414150129422
396 0.7741587575496117
397 0.7761000862812769
398 0.7767471958584987
399 0.7795513373597929
400 0.7840811044003452
401 0.7834339948231234
402 0.7862381363244176
403 0.7864538395168249
404 0.7909836065573771
405 0.7810612597066436
406 0.7823554788610871
407 0.7806298533218292
408 0.7784728213977566
409 0.7763157894736842
410 0.7782571182053495
411 0.780414150129422
412 0.7765314926660914
413 0.7832182916307161
414 0.7821397756686799
415 0.7832182916307161
416 0.7830025884383088
417 0.7819240724762726
418 0.7797670405522001
419 0.7808455565142364
420 0.7830025884383088
421 0.7849439171699741
422 0.7875323554788611
423 0.7881794650560828
424 0.7929249352890423
425 0.790120793787748
426 0.7838654012079379
427 0.7868852459016393
428 0.7836496980155306
429 0.7916307161345988
430 0.7868852459016393
431 0.7827868852459017
432 0.7853753235547886
433 0.7838654012079379
434 0.7819240724762726
435 0.7817083692838654
436 0.7767471958584987
437 0.777825711820535
438 0.7780414150129422
439 0.7795513373597929
440 0.774374460742019
441 0.7761000862812769
442 0.775237273511648
443 0.7745901639344263
444 0.7722174288179465
445 0.7674719585849871
446 0.7732959447799828
447 0.7758843830888698
448 0.7830025884383088
449 0.7784728213977566
450 0.7711389128559103
451 0.7754529767040552
452 0.7761000862812769
453 0.7767471958584987
454 0.772648835202761
455 0.7797670405522001
456 0.7808455565142364
457 0.7786885245901639
458 0.7799827437446074
459 0.7797670405522001
460 0.7821397756686799
461 0.7806298533218292
462 0.7795513373597929
463 0.7845125107851596
464 0.7817083692838654
465 0.7791199309749784
466 0.7761000862812769
467 0.7819240724762726
468 0.7905522001725626
469 0.7871009490940466
470 0.7860224331320104
471 0.7873166522864539
472 0.7840811044003452
473 0.7808455565142364
474 0.7780414150129422
475 0.7776100086281277
476 0.7801984469370147
477 0.7799827437446074
478 0.7767471958584987
479 0.7776100086281277
480 0.7838654012079379
481 0.7886108714408974
482 0.7849439171699741
483 0.7916307161345988
484 0.7888265746333045
485 0.7899050905953409
486 0.7894736842105263
487 0.7853753235547886
488 0.7877480586712683
489 0.7849439171699741
490 0.7860224331320104
491 0.7758843830888698
492 0.7814926660914582
493 0.7873166522864539
494 0.7842968075927523
495 0.7851596203623814
496 0.7812769628990509
497 0.7795513373597929
498 0.7836496980155306
499 0.7784728213977566
500 0.7780414150129422
501 0.7812769628990509
502 0.7810612597066436
503 0.7810612597066436
504 0.7808455565142364
505 0.7761000862812769
506 0.7767471958584987
507 0.7780414150129422
508 0.775237273511648
509 0.7765314926660914
510 0.7780414150129422
511 0.7780414150129422
512 0.7681190681622088
513 0.7713546160483176
514 0.7720017256255393
515 0.7761000862812769
516 0.7765314926660914
517 0.7808455565142364
518 0.7808455565142364
519 0.7797670405522001
520 0.7801984469370147
521 0.7810612597066436
522 0.7838654012079379
523 0.7801984469370147
524 0.7825711820534944
525 0.7795513373597929
526 0.7864538395168249
527 0.7832182916307161
528 0.7883951682484901
529 0.790120793787748
530 0.7924935289042278
531 0.7899050905953409
532 0.7886108714408974
533 0.7896893874029336
534 0.7916307161345988
535 0.7929249352890423
536 0.7845125107851596
537 0.7890422778257118
538 0.7875323554788611
539 0.7855910267471958
540 0.7868852459016393
541 0.7877480586712683
542 0.7858067299396031
543 0.7883951682484901
544 0.7858067299396031
545 0.7875323554788611
546 0.7879637618636756
547 0.7868852459016393
548 0.7933563416738568
549 0.798748921484038
550 0.7993960310612597
551 0.7985332182916307
552 0.797886108714409
553 0.7922778257118205
554 0.7983175150992234
555 0.8039257981018119
556 0.8002588438308887
557 0.792709232096635
558 0.7933563416738568
559 0.7940034512510785
560 0.7942191544434858
561 0.7855910267471958
562 0.7862381363244176
563 0.7851596203623814
564 0.7830025884383088
565 0.7834339948231234
566 0.7817083692838654
567 0.7847282139775669
568 0.7883951682484901
569 0.7838654012079379
570 0.7771786022433133
571 0.7845125107851596
572 0.780414150129422
573 0.7821397756686799
574 0.7864538395168249
575 0.7877480586712683
576 0.7879637618636756
577 0.7892579810181191
578 0.7827868852459017
579 0.7827868852459017
580 0.7821397756686799
581 0.7786885245901639
582 0.7808455565142364
583 0.7780414150129422
584 0.7793356341673857
585 0.7776100086281277
586 0.7776100086281277
587 0.7754529767040552
588 0.7784728213977566
589 0.7821397756686799
590 0.7836496980155306
591 0.7834339948231234
592 0.7814926660914582
593 0.7814926660914582
594 0.7864538395168249
595 0.7845125107851596
596 0.7883951682484901
597 0.7888265746333045
598 0.7916307161345988
599 0.7931406384814496
600 0.792709232096635
601 0.7924935289042278
602 0.8011216566005177
603 0.7981018119068162
604 0.7981018119068162
605 0.7948662640207075
606 0.7883951682484901
607 0.7875323554788611
608 0.7920621225194133
609 0.7847282139775669
610 0.7909836065573771
611 0.794434857635893
612 0.7899050905953409
613 0.7916307161345988
614 0.7890422778257118
615 0.7914150129421915
616 0.7896893874029336
617 0.7918464193270061
618 0.7892579810181191
619 0.7920621225194133
620 0.7924935289042278
621 0.7911993097497843
622 0.7918464193270061
623 0.7911993097497843
624 0.7881794650560828
625 0.7849439171699741
626 0.7812769628990509
627 0.7871009490940466
628 0.7871009490940466
629 0.7840811044003452
630 0.7860224331320104
631 0.7827868852459017
632 0.7842968075927523
633 0.7858067299396031
634 0.7855910267471958
635 0.7789042277825712
636 0.775237273511648
637 0.780414150129422
638 0.7886108714408974
639 0.7873166522864539
640 0.7909836065573771
641 0.7808455565142364
642 0.7875323554788611
643 0.7853753235547886
644 0.7879637618636756
645 0.7911993097497843
646 0.7890422778257118
647 0.7836496980155306
648 0.7860224331320104
649 0.7918464193270061
650 0.7890422778257118
651 0.7940034512510785
652 0.797886108714409
653 0.7892579810181191
654 0.7879637618636756
655 0.7847282139775669
656 0.7817083692838654
657 0.7784728213977566
658 0.780414150129422
659 0.7801984469370147
660 0.7767471958584987
661 0.7741587575496117
662 0.780414150129422
663 0.7825711820534944
664 0.7886108714408974
665 0.7918464193270061
666 0.7838654012079379
667 0.7810612597066436
668 0.7823554788610871
669 0.7808455565142364
670 0.7860224331320104
671 0.7868852459016393
672 0.7849439171699741
673 0.7823554788610871
674 0.7838654012079379
675 0.7864538395168249
676 0.7862381363244176
677 0.7866695427092321
678 0.7873166522864539
679 0.7877480586712683
680 0.7875323554788611
681 0.7896893874029336
682 0.7840811044003452
683 0.7862381363244176
684 0.7866695427092321
685 0.7914150129421915
686 0.7970232959447799
687 0.7948662640207075
688 0.7868852459016393
689 0.790120793787748
690 0.7931406384814496
691 0.7981018119068162
692 0.7976704055220017
693 0.7955133735979293
694 0.7959447799827437
695 0.7892579810181191
696 0.7873166522864539
697 0.7890422778257118
698 0.7916307161345988
699 0.7942191544434858
700 0.7922778257118205
