1 0.0015099223468507334
2 0.001725625539257981
3 0.0019413287316652286
4 0.002372735116479724
5 0.0036669542709232097
6 0.004745470232959448
7 0.0060396893874029335
8 0.007981018119068163
9 0.00992234685073339
10 0.011432269197584125
11 0.01272648835202761
12 0.013805004314063849
13 0.016824849007765316
14 0.019628990509059533
15 0.021570319240724764
16 0.02286453839516825
17 0.026962899050905955
18 0.031492666091458156
19 0.036022433132010354
20 0.040336496980155304
21 0.045081967213114756
22 0.04788610871440897
23 0.051984469370146676
24 0.05586712683347714
25 0.05802415875754961
26 0.06341673856773081
27 0.06773080241587576
28 0.07355478861087145
29 0.07937877480586712
30 0.08477135461604832
31 0.08973252804141502
32 0.0946937014667817
33 0.0996548748921484
34 0.10591026747195859
35 0.11065573770491803
36 0.1177739430543572
37 0.12704918032786885
38 0.1335202761000863
39 0.13912855910267471
40 0.14646246764452114
41 0.15271786022433131
42 0.15746333045729077
43 0.16544434857635892
44 0.1684641932700604
45 0.17515099223468508
46 0.18226919758412424
47 0.18766177739430542
48 0.19995685936151855
49 0.2141932700603969
50 0.22131147540983606
51 0.22907679033649697
52 0.23490077653149266
53 0.24482312338222606
54 0.25517687661777394
55 0.2614322691975841
56 0.27092320966350303
57 0.2767471958584987
58 0.2814926660914582
59 0.28968938740293354
60 0.2948662640207075
61 0.30198446937014667
62 0.3116911130284728
63 0.3185936151855047
64 0.3259275237273512
65 0.3339085418464193
66 0.33951682484900775
67 0.34771354616048317
68 0.3572044866264021
69 0.3682053494391717
70 0.37208800690250216
71 0.3815789473684211
72 0.384167385677308
73 0.3915012942191544
74 0.40465918895599656
75 0.4135030198446937
76 0.4240724762726488
77 0.4296807592752373
78 0.4283865401207938
79 0.4342105263157895
80 0.43917169974115616
81 0.44370146678170835
82 0.4501725625539258
83 0.45232959447799825
84 0.46074201898188094
85 0.46786022433132013
86 0.475625539257981
87 0.4844693701466782
88 0.48921484037963764
89 0.4926660914581536
90 0.4954702329594478
91 0.502588438308887
92 0.5118636755823986
93 0.5148835202761001
94 0.5207075064710958
95 0.5301984469370147
96 0.5396893874029336
97 0.5420621225194133
98 0.5483175150992234
99 0.5517687661777394
100 0.5541415012942191
101 0.561044003451251
102 0.568809318377912
103 0.5716134598792062
104 0.5791630716134599
105 0.5821829163071613
106 0.5936151855047455
107 0.6007333908541846
108 0.5977135461604832
109 0.5994391716997411
110 0.6065573770491803
111 0.613244176013805
112 0.613244176013805
113 0.6205780845556514
114 0.6182053494391717
115 0.6266177739430544
116 0.6311475409836066
117 0.6343830888697153
118 0.6361087144089732
119 0.6365401207937877
120 0.6440897325280415
121 0.6404227782571182
122 0.6466781708369284
123 0.649913718723037
124 0.6509922346850734
125 0.6512079378774805
126 0.6544434857635893
127 0.6589732528041415
128 0.6641501294219154
129 0.66458153580673
130 0.6710526315789473
131 0.6738567730802416
132 0.6714840379637619
133 0.6714840379637619
134 0.6736410698878343
135 0.6760138050043141
136 0.6779551337359793
137 0.6719154443485763
138 0.6773080241587576
139 0.6816220880069025
140 0.6805435720448663
141 0.6831320103537533
142 0.6891716997411562
143 0.6926229508196722
144 0.7003882657463331
145 0.6960742018981881
146 0.691544434857636
147 0.6908973252804141
148 0.6954270923209663
149 0.6975841242450388
150 0.6956427955133736
151 0.7016824849007766
152 0.7062122519413288
153 0.7083692838654012
154 0.7141932700603969
155 0.7185073339085418
156 0.7185073339085418
157 0.7131147540983607
158 0.7146246764452114
159 0.7185073339085418
160 0.719585849870578
161 0.7200172562553926
162 0.7254098360655737
163 0.7234685073339086
164 0.724762726488352
165 0.7267040552200172
166 0.728213977566868
167 0.7297238999137188
168 0.7344693701466781
169 0.7368421052631579
170 0.7409404659188956
171 0.7441760138050043
172 0.7467644521138913
173 0.74137187230371
174 0.7381363244176014
175 0.7377049180327869
176 0.7299396031061259
177 0.7383520276100086
178 0.7387834339948232
179 0.7415875754961173
180 0.743960310612597
181 0.7437446074201898
182 0.7400776531492667
183 0.7418032786885246
184 0.7430974978429681
185 0.7435289042277826
186 0.7469801553062986
187 0.744823123382226
188 0.7504314063848145
189 0.7461173425366695
190 0.7454702329594478
191 0.7545297670405522
192 0.7579810181190682
193 0.755176876617774
194 0.7504314063848145
195 0.7512942191544435
196 0.7532355478861087
197 0.7536669542709232
198 0.7547454702329595
199 0.7556082830025884
200 0.751725625539258
201 0.7538826574633305
202 0.7597066436583262
203 0.7584124245038827
204 0.7562553925798102
205 0.748274374460742
206 0.7461173425366695
207 0.7528041415012943
208 0.7506471095772217
209 0.7543140638481449
210 0.7536669542709232
211 0.749137187230371
212 0.7480586712683348
213 0.7540983606557377
214 0.756039689387403
215 0.7571182053494392
216 0.7620793787748059
217 0.7584124245038827
218 0.7594909404659189
219 0.7627264883520276
220 0.7625107851596203
221 0.7616479723899914
222 0.7588438308886971
223 0.7610008628127696
224 0.7620793787748059
225 0.7577653149266609
226 0.756039689387403
227 0.7584124245038827
228 0.7584124245038827
229 0.7536669542709232
230 0.7553925798101812
231 0.7620793787748059
232 0.7590595340811044
233 0.7631578947368421
234 0.7612165660051768
235 0.7638050043140638
236 0.7629421915444349
237 0.7707075064710958
238 0.7644521138912856
239 0.7581967213114754
240 0.7577653149266609
241 0.7603537532355479
242 0.7655306298533219
243 0.7625107851596203
244 0.7661777394305436
245 0.768334771354616
246 0.7696289905090595
247 0.7707075064710958
248 0.7681190681622088
249 0.7666091458153581
250 0.7644521138912856
251 0.7599223468507333
252 0.7581967213114754
253 0.7618636755823986
254 0.7676876617773943
255 0.7642364106988784
256 0.7653149266609146
257 0.7622950819672131
258 0.7597066436583262
259 0.7620793787748059
260 0.7614322691975841
261 0.7588438308886971
262 0.75862812769629
263 0.7579810181190682
264 0.7594909404659189
265 0.7562553925798102
266 0.7571182053494392
267 0.7584124245038827
268 0.7594909404659189
269 0.7605694564279551
270 0.7558239861949957
271 0.7581967213114754
272 0.7545297670405522
273 0.7558239861949957
274 0.7540983606557377
275 0.7616479723899914
276 0.7670405522001725
277 0.7655306298533219
278 0.7670405522001725
279 0.7646678170836928
280 0.7670405522001725
281 0.7707075064710958
282 0.7681190681622088
283 0.7659620362381363
284 0.7732959447799828
285 0.7715703192407247
286 0.7737273511647972
287 0.7728645383951682
288 0.7737273511647972
289 0.7782571182053495
290 0.7761000862812769
291 0.7728645383951682
292 0.7750215703192407
293 0.7741587575496117
294 0.7773943054357204
295 0.777825711820535
296 0.7789042277825712
297 0.776962899050906
298 0.7700603968938741
299 0.768334771354616
300 0.768334771354616
301 0.7758843830888698
302 0.7763157894736842
303 0.7722174288179465
304 0.7767471958584987
305 0.7758843830888698
306 0.777825711820535
307 0.776962899050906
308 0.7797670405522001
309 0.7754529767040552
310 0.7763157894736842
311 0.7771786022433133
312 0.7793356341673857
313 0.7830025884383088
314 0.7834339948231234
315 0.7776100086281277
316 0.7793356341673857
317 0.7817083692838654
318 0.7821397756686799
319 0.7840811044003452
320 0.7853753235547886
321 0.7797670405522001
322 0.7789042277825712
323 0.7830025884383088
324 0.7806298533218292
325 0.7737273511647972
326 0.7681190681622088
327 0.7696289905090595
328 0.7655306298533219
329 0.7739430543572045
330 0.7761000862812769
331 0.7763157894736842
332 0.7823554788610871
333 0.7789042277825712
334 0.7838654012079379
335 0.7838654012079379
336 0.7821397756686799
337 0.7737273511647972
338 0.7739430543572045
339 0.7797670405522001
340 0.7814926660914582
341 0.7806298533218292
342 0.7784728213977566
343 0.7821397756686799
344 0.7817083692838654
345 0.7855910267471958
346 0.7903364969801553
347 0.7868852459016393
348 0.7832182916307161
349 0.7849439171699741
350 0.7896893874029336
351 0.7864538395168249
352 0.7907679033649698
353 0.7931406384814496
354 0.7937877480586712
355 0.793572044866264
356 0.7942191544434858
357 0.7963761863675582
358 0.7993960310612597
359 0.7903364969801553
360 0.7883951682484901
361 0.7864538395168249
362 0.7873166522864539
363 0.7836496980155306
364 0.7838654012079379
365 0.7868852459016393
366 0.7838654012079379
367 0.7830025884383088
368 0.7903364969801553
369 0.7847282139775669
370 0.7866695427092321
371 0.7888265746333045
372 0.790120793787748
373 0.7851596203623814
374 0.7845125107851596
375 0.7922778257118205
376 0.7924935289042278
377 0.7914150129421915
378 0.7814926660914582
379 0.7847282139775669
380 0.7814926660914582
381 0.7834339948231234
382 0.7810612597066436
383 0.7827868852459017
384 0.7812769628990509
385 0.7812769628990509
386 0.7847282139775669
387 0.7873166522864539
388 0.7888265746333045
389 0.7868852459016393
390 0.7896893874029336
391 0.7918464193270061
392 0.7881794650560828
393 0.7899050905953409
394 0.7868852459016393
395 0.7845125107851596
396 0.7873166522864539
397 0.7911993097497843
398 0.7922778257118205
399 0.7899050905953409
400 0.7823554788610871
401 0.7830025884383088
402 0.7845125107851596
403 0.7877480586712683
404 0.7896893874029336
405 0.7950819672131147
406 0.7948662640207075
407 0.7974547023295945
408 0.7948662640207075
409 0.7911993097497843
410 0.7959447799827437
411 0.7946505608283002
412 0.7914150129421915
413 0.7888265746333045
414 0.7866695427092321
415 0.7883951682484901
416 0.7866695427092321
417 0.7849439171699741
418 0.7860224331320104
419 0.7896893874029336
420 0.7842968075927523
421 0.7840811044003452
422 0.7799827437446074
423 0.7784728213977566
424 0.7853753235547886
425 0.7855910267471958
426 0.7808455565142364
427 0.7862381363244176
428 0.7855910267471958
429 0.7864538395168249
430 0.7914150129421915
431 0.7894736842105263
432 0.7868852459016393
433 0.7868852459016393
434 0.7862381363244176
435 0.7855910267471958
436 0.7827868852459017
437 0.7817083692838654
438 0.7875323554788611
439 0.7873166522864539
440 0.7862381363244176
441 0.7855910267471958
442 0.7812769628990509
443 0.7812769628990509
444 0.7763157894736842
445 0.7842968075927523
446 0.7819240724762726
447 0.7782571182053495
448 0.7786885245901639
449 0.7694132873166523
450 0.7702761000862812
451 0.7679033649698016
452 0.765746333045729
453 0.7668248490077653
454 0.7646678170836928
455 0.7653149266609146
456 0.7728645383951682
457 0.7679033649698016
458 0.7694132873166523
459 0.7754529767040552
460 0.7758843830888698
461 0.7722174288179465
462 0.7685504745470233
463 0.7670405522001725
464 0.7627264883520276
465 0.7659620362381363
466 0.7666091458153581
467 0.7655306298533219
468 0.7650992234685073
469 0.769197584124245
470 0.7737273511647972
471 0.7730802415875755
472 0.7765314926660914
473 0.770923209663503
474 0.7679033649698016
475 0.7672562553925798
476 0.771786022433132
477 0.7737273511647972
478 0.7810612597066436
479 0.7814926660914582
480 0.7851596203623814
481 0.7847282139775669
482 0.7819240724762726
483 0.7799827437446074
484 0.7763157894736842
485 0.7845125107851596
486 0.7801984469370147
487 0.7812769628990509
488 0.7840811044003452
489 0.7855910267471958
490 0.7799827437446074
491 0.7801984469370147
492 0.7808455565142364
493 0.7797670405522001
494 0.7808455565142364
495 0.7825711820534944
496 0.7821397756686799
497 0.7842968075927523
498 0.7894736842105263
499 0.7834339948231234
500 0.7842968075927523
501 0.7801984469370147
502 0.7799827437446074
503 0.7756686798964625
504 0.7728645383951682
505 0.7724331320103538
506 0.770923209663503
507 0.7711389128559103
508 0.7732959447799828
509 0.7724331320103538
510 0.771786022433132
511 0.7771786022433133
512 0.775237273511648
513 0.772648835202761
514 0.7750215703192407
515 0.7754529767040552
516 0.7810612597066436
517 0.7858067299396031
518 0.7888265746333045
519 0.7795513373597929
520 0.7845125107851596
521 0.7812769628990509
522 0.7784728213977566
523 0.7821397756686799
524 0.7849439171699741
525 0.7886108714408974
526 0.792709232096635
527 0.7866695427092321
528 0.780414150129422
529 0.7810612597066436
530 0.7903364969801553
531 0.794434857635893
532 0.7909836065573771
533 0.7855910267471958
534 0.7871009490940466
535 0.7849439171699741
536 0.7825711820534944
537 0.7799827437446074
538 0.7845125107851596
539 0.7847282139775669
540 0.7832182916307161
541 0.7899050905953409
542 0.797886108714409
543 0.7968075927523728
544 0.796160483175151
545 0.7909836065573771
546 0.7862381363244176
547 0.793572044866264
548 0.7940034512510785
549 0.7937877480586712
550 0.7968075927523728
551 0.795297670405522
552 0.7909836065573771
553 0.7875323554788611
554 0.7795513373597929
555 0.7864538395168249
556 0.7877480586712683
557 0.7849439171699741
558 0.7851596203623814
559 0.7877480586712683
560 0.7855910267471958
561 0.7814926660914582
562 0.7836496980155306
563 0.7806298533218292
564 0.7808455565142364
565 0.7847282139775669
566 0.7877480586712683
567 0.7860224331320104
568 0.7918464193270061
569 0.7989646246764452
570 0.7989646246764452
571 0.7888265746333045
572 0.7888265746333045
573 0.7875323554788611
574 0.7868852459016393
575 0.7937877480586712
576 0.7881794650560828
577 0.7948662640207075
578 0.7903364969801553
579 0.7840811044003452
580 0.7890422778257118
581 0.7819240724762726
582 0.7879637618636756
583 0.7868852459016393
584 0.7830025884383088
585 0.7771786022433133
586 0.776962899050906
587 0.7724331320103538
588 0.7739430543572045
589 0.7668248490077653
590 0.7707075064710958
591 0.7698446937014668
592 0.7720017256255393
593 0.7761000862812769
594 0.7741587575496117
595 0.7761000862812769
596 0.7789042277825712
597 0.777825711820535
598 0.7819240724762726
599 0.7849439171699741
600 0.7789042277825712
601 0.7814926660914582
602 0.7862381363244176
603 0.7911993097497843
604 0.7914150129421915
605 0.7866695427092321
606 0.7894736842105263
607 0.7873166522864539
608 0.7862381363244176
609 0.7830025884383088
610 0.7819240724762726
611 0.7819240724762726
612 0.7810612597066436
613 0.7771786022433133
614 0.7810612597066436
615 0.7868852459016393
616 0.7888265746333045
617 0.7875323554788611
618 0.7877480586712683
619 0.7892579810181191
620 0.7877480586712683
621 0.7842968075927523
622 0.7823554788610871
623 0.7812769628990509
624 0.7754529767040552
625 0.7754529767040552
626 0.7793356341673857
627 0.7776100086281277
628 0.7767471958584987
629 0.7786885245901639
630 0.7825711820534944
631 0.7875323554788611
632 0.7918464193270061
633 0.7905522001725626
634 0.793572044866264
635 0.7873166522864539
636 0.7866695427092321
637 0.7903364969801553
638 0.7922778257118205
639 0.7920621225194133
640 0.7877480586712683
641 0.7866695427092321
642 0.7849439171699741
643 0.7799827437446074
644 0.7776100086281277
645 0.77351164797239
646 0.7771786022433133
647 0.7819240724762726
648 0.7741587575496117
649 0.7765314926660914
650 0.7765314926660914
651 0.7763157894736842
652 0.7763157894736842
653 0.7795513373597929
654 0.776962899050906
655 0.7823554788610871
656 0.7795513373597929
657 0.7847282139775669
658 0.7825711820534944
659 0.780414150129422
660 0.7830025884383088
661 0.7823554788610871
662 0.7754529767040552
663 0.7776100086281277
664 0.7793356341673857
665 0.7832182916307161
666 0.7761000862812769
667 0.7776100086281277
668 0.7784728213977566
669 0.7799827437446074
670 0.7776100086281277
671 0.7771786022433133
672 0.7801984469370147
673 0.7745901639344263
674 0.7786885245901639
675 0.7754529767040552
676 0.7728645383951682
677 0.7741587575496117
678 0.777825711820535
679 0.7795513373597929
680 0.7782571182053495
681 0.7756686798964625
682 0.774374460742019
683 0.775237273511648
684 0.7810612597066436
685 0.7905522001725626
686 0.7883951682484901
687 0.7881794650560828
688 0.7907679033649698
689 0.7892579810181191
690 0.796160483175151
691 0.8011216566005177
692 0.7955133735979293
693 0.7965918895599655
694 0.793572044866264
695 0.7920621225194133
696 0.7896893874029336
697 0.7855910267471958
698 0.7929249352890423
699 0.7965918895599655
700 0.794434857635893
