1 0.0004314063848144953
2 0.0006471095772217428
3 0.0006471095772217428
4 0.0006471095772217428
5 0.0008628127696289905
6 0.0012942191544434857
7 0.0015099223468507334
8 0.002372735116479724
9 0.0025884383088869713
10 0.0030198446937014668
11 0.0036669542709232097
12 0.005392579810181191
13 0.006686798964624676
14 0.008843830888697153
15 0.010138050043140638
16 0.011432269197584125
17 0.013373597929249352
18 0.016177739430543573
19 0.020276100086281276
20 0.023295944779982744
21 0.028041415012942193
22 0.02998274374460742
23 0.031708369283865404
24 0.034943917169974116
25 0.04055220017256255
26 0.04378774805867127
27 0.049396031061259706
28 0.05327868852459016
29 0.058671268334771355
30 0.0642795513373598
31 0.06643658326143227
32 0.06924072476272648
33 0.07333908541846419
34 0.07808455565142364
35 0.08283002588438308
36 0.08951682484900776
37 0.09577221742881795
38 0.10094909404659189
39 0.10245901639344263
40 0.10828300258843832
41 0.11475409836065574
42 0.11928386540120794
43 0.12510785159620363
44 0.1317946505608283
45 0.1363244176013805
46 0.14279551337359792
47 0.14775668679896461
48 0.15099223468507333
49 0.16091458153580673
50 0.16673856773080242
51 0.17148403796376185
52 0.17515099223468508
53 0.18011216566005178
54 0.1878774805867127
55 0.1965056082830026
56 0.20103537532355478
57 0.206427955133736
58 0.21527178602243313
59 0.22325280414150128
60 0.2314495254529767
61 0.24266609145815357
62 0.250862812769629
63 0.25647109577221744
64 0.26380500431406384
65 0.2689818809318378
66 0.27523727351164795
67 0.28515962036238135
68 0.29184641932700606
69 0.29961173425366694
70 0.3075927523727351
71 0.3160051768766178
72 0.32635893011216566
73 0.32894736842105265
74 0.33541846419327004
75 0.34210526315789475
76 0.34792924935289044
77 0.35763589301121657
78 0.3654012079378775
79 0.3710094909404659
80 0.3781276962899051
81 0.3882657463330457
82 0.3999137187230371
83 0.40185504745470235
84 0.41522864538395166
85 0.42040552200172565
86 0.428602243313201
87 0.4301121656600518
88 0.43679896462467643
89 0.44068162208800693
90 0.4516824849007765
91 0.46268334771354613
92 0.4715271786022433
93 0.47670405522001724
94 0.4844693701466782
95 0.4900776531492666
96 0.4930974978429681
97 0.500862812769629
98 0.5040983606557377
99 0.5120793787748059
100 0.5131578947368421
101 0.5170405522001725
102 0.519197584124245
103 0.5200603968938741
104 0.5256686798964625
105 0.5336496980155306
106 0.5383951682484901
107 0.5409836065573771
108 0.5450819672131147
109 0.5554357204486626
110 0.5578084555651424
111 0.5657894736842105
112 0.5597497842968076
113 0.5651423641069888
114 0.5692407247627265
115 0.5795944779982743
116 0.5873597929249353
117 0.5942622950819673
118 0.5992234685073339
119 0.6074201898188093
120 0.6104400345125108
121 0.6121656600517688
122 0.6143226919758412
123 0.6194995685936152
124 0.6235979292493529
125 0.6246764452113891
126 0.6371872303710094
127 0.6382657463330458
128 0.6430112165660051
129 0.6473252804141502
130 0.6440897325280415
131 0.6471095772217429
132 0.6512079378774805
133 0.6494823123382226
134 0.6537963761863675
135 0.6542277825711821
136 0.6516393442622951
137 0.6555220017256256
138 0.659404659188956
139 0.6596203623813632
140 0.6615616911130284
141 0.667169974115617
142 0.6745038826574633
143 0.681190681622088
144 0.6783865401207938
145 0.685504745470233
146 0.686367558239862
147 0.6924072476272649
148 0.6990940465918896
149 0.6995254529767041
150 0.701251078515962
151 0.7053494391716998
152 0.7083692838654012
153 0.7049180327868853
154 0.7103106125970664
155 0.7152717860224331
156 0.7178602243313201
157 0.7187230371009491
158 0.7174288179465056
159 0.7165660051768766
160 0.7178602243313201
161 0.7146246764452114
162 0.7180759275237274
163 0.7213114754098361
164 0.7193701466781708
165 0.7182916307161346
166 0.727351164797239
167 0.7310181190681622
168 0.7377049180327869
169 0.7402933563416738
170 0.7340379637618637
171 0.7361949956859362
172 0.7379206212251941
173 0.7392148403796376
174 0.7424503882657464
175 0.7426660914581535
176 0.7402933563416738
177 0.7407247627264884
178 0.7487057808455565
179 0.7450388265746333
180 0.751725625539258
181 0.7493528904227783
182 0.7452545297670405
183 0.7446074201898188
184 0.7519413287316652
185 0.75862812769629
186 0.7547454702329595
187 0.7558239861949957
188 0.7523727351164797
189 0.7536669542709232
190 0.753451251078516
191 0.7506471095772217
192 0.752588438308887
193 0.7573339085418465
194 0.7577653149266609
195 0.7642364106988784
196 0.7640207075064711
197 0.7700603968938741
198 0.7676876617773943
199 0.7650992234685073
200 0.7627264883520276
201 0.7707075064710958
202 0.7741587575496117
203 0.7765314926660914
204 0.776962899050906
205 0.7808455565142364
206 0.7711389128559103
207 0.7720017256255393
208 0.774374460742019
209 0.7741587575496117
210 0.7814926660914582
211 0.7789042277825712
212 0.7737273511647972
213 0.7720017256255393
214 0.7745901639344263
215 0.7780414150129422
216 0.7834339948231234
217 0.7883951682484901
218 0.7817083692838654
219 0.7842968075927523
220 0.7812769628990509
221 0.7801984469370147
222 0.7776100086281277
223 0.7763157894736842
224 0.7722174288179465
225 0.774374460742019
226 0.7784728213977566
227 0.7761000862812769
228 0.7728645383951682
229 0.7758843830888698
230 0.7763157894736842
231 0.7761000862812769
232 0.7756686798964625
233 0.7819240724762726
234 0.7782571182053495
235 0.7761000862812769
236 0.7776100086281277
237 0.7801984469370147
238 0.7789042277825712
239 0.776962899050906
240 0.772648835202761
241 0.7737273511647972
242 0.7739430543572045
243 0.7711389128559103
244 0.7767471958584987
245 0.7786885245901639
246 0.7767471958584987
247 0.7765314926660914
248 0.772648835202761
249 0.7679033649698016
250 0.7737273511647972
251 0.768334771354616
252 0.7767471958584987
253 0.7810612597066436
254 0.7771786022433133
255 0.7765314926660914
256 0.7748058671268335
257 0.7801984469370147
258 0.7821397756686799
259 0.7791199309749784
260 0.7724331320103538
261 0.7761000862812769
262 0.7763157894736842
263 0.7799827437446074
264 0.7780414150129422
265 0.7722174288179465
266 0.7713546160483176
267 0.770923209663503
268 0.7791199309749784
269 0.7748058671268335
270 0.7754529767040552
271 0.7819240724762726
272 0.7758843830888698
273 0.7855910267471958
274 0.7875323554788611
275 0.7838654012079379
276 0.7886108714408974
277 0.7918464193270061
278 0.790120793787748
279 0.792709232096635
280 0.7940034512510785
281 0.7907679033649698
282 0.7896893874029336
283 0.7957290767903364
284 0.7918464193270061
285 0.7871009490940466
286 0.7851596203623814
287 0.7842968075927523
288 0.7842968075927523
289 0.7791199309749784
290 0.7810612597066436
291 0.774374460742019
292 0.7724331320103538
293 0.7756686798964625
294 0.7782571182053495
295 0.7776100086281277
296 0.7754529767040552
297 0.7773943054357204
298 0.7750215703192407
299 0.7722174288179465
300 0.7730802415875755
301 0.7758843830888698
302 0.7797670405522001
303 0.7810612597066436
304 0.7806298533218292
305 0.7754529767040552
306 0.7713546160483176
307 0.775237273511648
308 0.7765314926660914
309 0.7771786022433133
310 0.774374460742019
311 0.7713546160483176
312 0.7715703192407247
313 0.7801984469370147
314 0.7786885245901639
315 0.7801984469370147
316 0.7782571182053495
317 0.776962899050906
318 0.7754529767040552
319 0.7819240724762726
320 0.7855910267471958
321 0.7886108714408974
322 0.7909836065573771
323 0.7942191544434858
324 0.797886108714409
325 0.7963761863675582
326 0.7907679033649698
327 0.7868852459016393
328 0.7911993097497843
329 0.7946505608283002
330 0.7976704055220017
331 0.7896893874029336
332 0.7899050905953409
333 0.7886108714408974
334 0.792709232096635
335 0.7918464193270061
336 0.793572044866264
337 0.7940034512510785
338 0.7976704055220017
339 0.7991803278688525
340 0.7920621225194133
341 0.7875323554788611
342 0.7929249352890423
343 0.7918464193270061
344 0.7905522001725626
345 0.7903364969801553
346 0.7858067299396031
347 0.7871009490940466
348 0.7834339948231234
349 0.7836496980155306
350 0.7853753235547886
351 0.7916307161345988
352 0.7922778257118205
353 0.7940034512510785
354 0.7877480586712683
355 0.7883951682484901
356 0.7920621225194133
357 0.7855910267471958
358 0.7881794650560828
359 0.7896893874029336
360 0.7929249352890423
361 0.7911993097497843
362 0.7916307161345988
363 0.7888265746333045
364 0.7860224331320104
365 0.7899050905953409
366 0.7817083692838654
367 0.7827868852459017
368 0.7834339948231234
369 0.7840811044003452
370 0.7873166522864539
371 0.7886108714408974
372 0.7883951682484901
373 0.7886108714408974
374 0.7827868852459017
375 0.7838654012079379
376 0.7851596203623814
377 0.7894736842105263
378 0.7855910267471958
379 0.7860224331320104
380 0.7763157894736842
381 0.776962899050906
382 0.7745901639344263
383 0.776962899050906
384 0.7795513373597929
385 0.7832182916307161
386 0.7821397756686799
387 0.7842968075927523
388 0.7875323554788611
389 0.7847282139775669
390 0.7814926660914582
391 0.7847282139775669
392 0.7806298533218292
393 0.7834339948231234
394 0.7845125107851596
395 0.7858067299396031
396 0.7834339948231234
397 0.7814926660914582
398 0.7894736842105263
399 0.7873166522864539
400 0.7903364969801553
401 0.7920621225194133
402 0.7888265746333045
403 0.7830025884383088
404 0.7866695427092321
405 0.7821397756686799
406 0.7830025884383088
407 0.7834339948231234
408 0.7838654012079379
409 0.7799827437446074
410 0.7782571182053495
411 0.7793356341673857
412 0.7773943054357204
413 0.7825711820534944
414 0.7851596203623814
415 0.7871009490940466
416 0.7806298533218292
417 0.7799827437446074
418 0.7830025884383088
419 0.7819240724762726
420 0.7834339948231234
421 0.7810612597066436
422 0.7786885245901639
423 0.7724331320103538
424 0.7782571182053495
425 0.7797670405522001
426 0.7773943054357204
427 0.7763157894736842
428 0.7763157894736842
429 0.7819240724762726
430 0.7903364969801553
431 0.7877480586712683
432 0.7806298533218292
433 0.7845125107851596
434 0.7871009490940466
435 0.7888265746333045
436 0.7892579810181191
437 0.7881794650560828
438 0.7896893874029336
439 0.7903364969801553
440 0.7929249352890423
441 0.7970232959447799
442 0.7918464193270061
443 0.7832182916307161
444 0.7840811044003452
445 0.7834339948231234
446 0.7823554788610871
447 0.7819240724762726
448 0.7853753235547886
449 0.790120793787748
450 0.7817083692838654
451 0.7732959447799828
452 0.7782571182053495
453 0.7799827437446074
454 0.7801984469370147
455 0.7786885245901639
456 0.7827868852459017
457 0.7881794650560828
458 0.7940034512510785
459 0.7933563416738568
460 0.7875323554788611
461 0.7899050905953409
462 0.7845125107851596
463 0.7879637618636756
464 0.7888265746333045
465 0.7918464193270061
466 0.7931406384814496
467 0.7864538395168249
468 0.7830025884383088
469 0.7825711820534944
470 0.7875323554788611
471 0.790120793787748
472 0.7892579810181191
473 0.7976704055220017
474 0.7957290767903364
475 0.7959447799827437
476 0.7914150129421915
477 0.7849439171699741
478 0.7868852459016393
479 0.7862381363244176
480 0.7888265746333045
481 0.7963761863675582
482 0.7965918895599655
483 0.7963761863675582
484 0.7911993097497843
485 0.7899050905953409
486 0.7883951682484901
487 0.7862381363244176
488 0.7879637618636756
489 0.7968075927523728
490 0.7955133735979293
491 0.7948662640207075
492 0.7972389991371872
493 0.7894736842105263
494 0.7957290767903364
495 0.7920621225194133
496 0.7946505608283002
497 0.7955133735979293
498 0.7942191544434858
499 0.7933563416738568
500 0.7942191544434858
501 0.7981018119068162
502 0.7959447799827437
503 0.7991803278688525
504 0.7972389991371872
505 0.8006902502157032
506 0.7946505608283002
507 0.7907679033649698
508 0.796160483175151
509 0.7950819672131147
510 0.7963761863675582
511 0.795297670405522
512 0.7955133735979293
513 0.7920621225194133
514 0.7838654012079379
515 0.7851596203623814
516 0.7883951682484901
517 0.7812769628990509
518 0.7763157894736842
519 0.7853753235547886
520 0.7922778257118205
521 0.7931406384814496
522 0.7942191544434858
523 0.7965918895599655
524 0.7959447799827437
525 0.7948662640207075
526 0.7868852459016393
527 0.7873166522864539
528 0.7905522001725626
529 0.7890422778257118
530 0.790120793787748
531 0.7883951682484901
532 0.7823554788610871
533 0.7862381363244176
534 0.7827868852459017
535 0.7855910267471958
536 0.7819240724762726
537 0.7875323554788611
538 0.7784728213977566
539 0.7773943054357204
540 0.7801984469370147
541 0.7864538395168249
542 0.7862381363244176
543 0.7868852459016393
544 0.7875323554788611
545 0.7911993097497843
546 0.7903364969801553
547 0.7855910267471958
548 0.7786885245901639
549 0.7793356341673857
550 0.7909836065573771
551 0.7903364969801553
552 0.7881794650560828
553 0.7881794650560828
554 0.7868852459016393
555 0.7834339948231234
556 0.7836496980155306
557 0.7847282139775669
558 0.7899050905953409
559 0.7896893874029336
560 0.7881794650560828
561 0.7883951682484901
562 0.7888265746333045
563 0.7892579810181191
564 0.7929249352890423
565 0.7868852459016393
566 0.7866695427092321
567 0.7892579810181191
568 0.7896893874029336
569 0.7866695427092321
570 0.7909836065573771
571 0.7899050905953409
572 0.7862381363244176
573 0.7883951682484901
574 0.7883951682484901
575 0.7903364969801553
576 0.7888265746333045
577 0.7812769628990509
578 0.7799827437446074
579 0.7758843830888698
580 0.7799827437446074
581 0.7819240724762726
582 0.7851596203623814
583 0.7808455565142364
584 0.7834339948231234
585 0.7817083692838654
586 0.7819240724762726
587 0.7860224331320104
588 0.7819240724762726
589 0.7810612597066436
590 0.7840811044003452
591 0.7871009490940466
592 0.7853753235547886
593 0.7866695427092321
594 0.7894736842105263
595 0.7896893874029336
596 0.7883951682484901
597 0.792709232096635
598 0.793572044866264
599 0.7894736842105263
600 0.7905522001725626
601 0.7890422778257118
602 0.7881794650560828
603 0.7832182916307161
604 0.777825711820535
605 0.7784728213977566
606 0.7780414150129422
607 0.7776100086281277
608 0.7795513373597929
609 0.775237273511648
610 0.7786885245901639
611 0.7847282139775669
612 0.7881794650560828
613 0.7894736842105263
614 0.7903364969801553
615 0.7894736842105263
616 0.7879637618636756
617 0.7931406384814496
618 0.7871009490940466
619 0.7871009490940466
620 0.7905522001725626
621 0.7879637618636756
622 0.7911993097497843
623 0.7922778257118205
624 0.7916307161345988
625 0.7864538395168249
626 0.7905522001725626
627 0.7892579810181191
628 0.7909836065573771
629 0.7860224331320104
630 0.7868852459016393
631 0.7849439171699741
632 0.7866695427092321
633 0.7851596203623814
634 0.7812769628990509
635 0.7823554788610871
636 0.7847282139775669
637 0.7871009490940466
638 0.7795513373597929
639 0.7851596203623814
640 0.7894736842105263
641 0.7890422778257118
642 0.7924935289042278
643 0.7886108714408974
644 0.7799827437446074
645 0.7849439171699741
646 0.7858067299396031
647 0.7853753235547886
648 0.7817083692838654
649 0.7776100086281277
650 0.7838654012079379
651 0.7782571182053495
652 0.7817083692838654
653 0.7771786022433133
654 0.7819240724762726
655 0.7825711820534944
656 0.7812769628990509
657 0.7821397756686799
658 0.7868852459016393
659 0.7853753235547886
660 0.7868852459016393
661 0.7883951682484901
662 0.7888265746333045
663 0.7862381363244176
664 0.7819240724762726
665 0.7799827437446074
666 0.7814926660914582
667 0.7849439171699741
668 0.7911993097497843
669 0.7853753235547886
670 0.7877480586712683
671 0.7838654012079379
672 0.7791199309749784
673 0.780414150129422
674 0.7801984469370147
675 0.7838654012079379
676 0.7948662640207075
677 0.7931406384814496
678 0.7974547023295945
679 0.7946505608283002
680 0.7899050905953409
681 0.7864538395168249
682 0.7892579810181191
683 0.793572044866264
684 0.7905522001725626
685 0.7888265746333045
686 0.7940034512510785
687 0.7894736842105263
688 0.7875323554788611
689 0.7849439171699741
690 0.7847282139775669
691 0.7899050905953409
692 0.7924935289042278
693 0.7892579810181191
694 0.7931406384814496
695 0.7940034512510785
696 0.7894736842105263
697 0.7875323554788611
698 0.7907679033649698
699 0.7942191544434858
700 0.7983175150992234
