1 0.00021570319240724764
2 0.00021570319240724764
3 0.00021570319240724764
4 0.00021570319240724764
5 0.0004314063848144953
6 0.00021570319240724764
7 0.00021570319240724764
8 0.00021570319240724764
9 0.00021570319240724764
10 0.0004314063848144953
11 0.0004314063848144953
12 0.0004314063848144953
13 0.0004314063848144953
14 0.0006471095772217428
15 0.0006471095772217428
16 0.0006471095772217428
17 0.0008628127696289905
18 0.0010785159620362382
19 0.0010785159620362382
20 0.0010785159620362382
21 0.0012942191544434857
22 0.0012942191544434857
23 0.0012942191544434857
24 0.0008628127696289905
25 0.0008628127696289905
26 0.0010785159620362382
27 0.0012942191544434857
28 0.0012942191544434857
29 0.0015099223468507334
30 0.0012942191544434857
31 0.0012942191544434857
32 0.0015099223468507334
33 0.0010785159620362382
34 0.0010785159620362382
35 0.0008628127696289905
36 0.0008628127696289905
37 0.0012942191544434857
38 0.001725625539257981
39 0.0021570319240724763
40 0.0030198446937014668
41 0.003451251078515962
42 0.003882657463330457
43 0.0045297670405522
44 0.0045297670405522
45 0.004961173425366695
46 0.0056082830025884385
47 0.0060396893874029335
48 0.0064710957722174285
49 0.006255392579810181
50 0.006686798964624676
51 0.007765314926660914
52 0.0090595340811044
53 0.010569456427955135
54 0.012079378774805867
55 0.01272648835202761
56 0.014236410698878344
57 0.015962036238136326
58 0.01725625539257981
59 0.01984469370146678
60 0.02178602243313201
61 0.02286453839516825
62 0.02351164797238999
63 0.026747195858498704
64 0.030414150129421915
65 0.031061259706643658
66 0.03192407247627265
67 0.03386540120793788
68 0.03559102674719586
69 0.03731665228645384
70 0.037748058671268334
71 0.04141501294219154
72 0.0457290767903365
73 0.04745470232959448
74 0.05069025021570319
75 0.05392579810181191
76 0.05974978429680759
77 0.0638481449525453
78 0.06665228645383951
79 0.07377049180327869
80 0.07894736842105263
81 0.08261432269197584
82 0.08908541846419327
83 0.0951251078515962
84 0.09900776531492667
85 0.10353753235547886
86 0.10979292493528904
87 0.11669542709232096
88 0.12165660051768766
89 0.12575496117342536
90 0.13546160483175151
91 0.1412855910267472
92 0.14818809318377912
93 0.15185504745470232
94 0.15811044003451252
95 0.16522864538395168
96 0.17169974115616912
97 0.17881794650560828
98 0.18593615185504744
99 0.19046591889559966
100 0.19779982743744606
101 0.2034081104400345
102 0.21138912855910266
103 0.2187230371009491
104 0.2236842105263158
105 0.23339085418464192
106 0.2422346850733391
107 0.24827437446074202
108 0.252588438308887
109 0.2569025021570319
110 0.26466781708369286
111 0.27372735116479724
112 0.2825711820534944
113 0.28602243313201037
114 0.29637618636755825
115 0.2998274374460742
116 0.30371009490940465
117 0.3138481449525453
118 0.32226056945642795
119 0.33045729076790337
120 0.341458153580673
121 0.35483175150992236
122 0.36194995685936154
123 0.3731665228645384
124 0.3789905090595341
125 0.38740293356341676
126 0.3927955133735979
127 0.39969801553062984
128 0.4061691113028473
129 0.4154443485763589
130 0.4242881794650561
131 0.42687661777394303
132 0.4327006039689387
133 0.4428386540120794
134 0.4447799827437446
135 0.4510353753235548
136 0.45793787748058673
137 0.46484037963761865
138 0.46656600517687663
139 0.4786453839516825
140 0.4818809318377912
141 0.4885677308024159
142 0.49935289042277825
143 0.502588438308887
144 0.5131578947368421
145 0.5179033649698016
146 0.5250215703192407
147 0.5330025884383088
148 0.540120793787748
149 0.5493960310612597
150 0.5586712683347713
151 0.5642795513373597
152 0.5681622088006902
153 0.5707506471095772
154 0.575711820534944
155 0.5817515099223468
156 0.5867126833477135
157 0.5916738567730803
158 0.5979292493528904
159 0.5985763589301122
160 0.6044003451251079
161 0.6119499568593615
162 0.6164797238999137
163 0.6235979292493529
164 0.6240293356341674
165 0.6272648835202761
166 0.6339516824849007
167 0.6397756686798964
168 0.6462467644521139
169 0.653364969801553
170 0.6553062985332183
171 0.659404659188956
172 0.6587575496117343
173 0.661130284728214
174 0.6609145815358067
175 0.6753666954270923
176 0.6727782571182054
177 0.6710526315789473
178 0.6740724762726489
179 0.6786022433132011
180 0.6850733390854185
181 0.685504745470233
182 0.6924072476272649
183 0.6958584987057809
184 0.6967213114754098
185 0.6977998274374461
186 0.6937014667817084
187 0.6932700603968939
188 0.701251078515962
189 0.7025452976704055
190 0.6999568593615185
191 0.7042709232096636
192 0.6962899050905953
193 0.6949956859361519
194 0.6971527178602244
195 0.6999568593615185
196 0.7040552200172563
197 0.7081535806729939
198 0.7141932700603969
199 0.7174288179465056
200 0.7215271786022434
201 0.722174288179465
202 0.7236842105263158
203 0.7292924935289042
204 0.7232528041415013
205 0.72648835202761
206 0.7303710094909405
207 0.7366264020707507
208 0.7368421052631579
209 0.7381363244176014
210 0.7377049180327869
211 0.7422346850733391
212 0.7461173425366695
213 0.743960310612597
214 0.7426660914581535
215 0.74137187230371
216 0.743960310612597
217 0.7422346850733391
218 0.74137187230371
219 0.7415875754961173
220 0.7379206212251941
221 0.7435289042277826
222 0.7428817946505608
223 0.7359792924935289
224 0.7288610871440897
225 0.7340379637618637
226 0.7370578084555651
227 0.7355478861087144
228 0.7355478861087144
229 0.7407247627264884
230 0.749137187230371
231 0.7495685936151855
232 0.7530198446937014
233 0.7523727351164797
234 0.7590595340811044
235 0.7581967213114754
236 0.7603537532355479
237 0.7564710957722174
238 0.7577653149266609
239 0.7497842968075927
240 0.7521570319240725
241 0.7601380500431406
242 0.7625107851596203
243 0.7674719585849871
244 0.7594909404659189
245 0.7584124245038827
246 0.7579810181190682
247 0.751725625539258
248 0.7581967213114754
249 0.756039689387403
250 0.7571182053494392
251 0.7612165660051768
252 0.7620793787748059
253 0.7612165660051768
254 0.7610008628127696
255 0.7687661777394306
256 0.7681190681622088
257 0.7668248490077653
258 0.7730802415875755
259 0.768334771354616
260 0.771786022433132
261 0.774374460742019
262 0.7722174288179465
263 0.7730802415875755
264 0.7730802415875755
265 0.775237273511648
266 0.775237273511648
267 0.7724331320103538
268 0.7784728213977566
269 0.7795513373597929
270 0.7780414150129422
271 0.7793356341673857
272 0.7873166522864539
273 0.7825711820534944
274 0.7827868852459017
275 0.7767471958584987
276 0.777825711820535
277 0.7793356341673857
278 0.7814926660914582
279 0.7808455565142364
280 0.7817083692838654
281 0.7845125107851596
282 0.7808455565142364
283 0.7834339948231234
284 0.7791199309749784
285 0.777825711820535
286 0.7782571182053495
287 0.7830025884383088
288 0.7851596203623814
289 0.7836496980155306
290 0.7795513373597929
291 0.777825711820535
292 0.7814926660914582
293 0.7819240724762726
294 0.7771786022433133
295 0.7724331320103538
296 0.7761000862812769
297 0.7799827437446074
298 0.7806298533218292
299 0.7784728213977566
300 0.7767471958584987
301 0.7739430543572045
302 0.7694132873166523
303 0.771786022433132
304 0.7732959447799828
305 0.774374460742019
306 0.7713546160483176
307 0.7797670405522001
308 0.7827868852459017
309 0.7784728213977566
310 0.7784728213977566
311 0.7875323554788611
312 0.7877480586712683
313 0.7907679033649698
314 0.7922778257118205
315 0.7911993097497843
316 0.7896893874029336
317 0.7899050905953409
318 0.7907679033649698
319 0.7924935289042278
320 0.7957290767903364
321 0.7914150129421915
322 0.7896893874029336
323 0.7888265746333045
324 0.7922778257118205
325 0.7920621225194133
326 0.7892579810181191
327 0.7810612597066436
328 0.7860224331320104
329 0.7864538395168249
330 0.7899050905953409
331 0.7873166522864539
332 0.7801984469370147
333 0.7780414150129422
334 0.7836496980155306
335 0.776962899050906
336 0.7698446937014668
337 0.7687661777394306
338 0.7711389128559103
339 0.7663934426229508
340 0.7659620362381363
341 0.7663934426229508
342 0.7704918032786885
343 0.7711389128559103
344 0.7720017256255393
345 0.775237273511648
346 0.7814926660914582
347 0.7842968075927523
348 0.7810612597066436
349 0.7834339948231234
350 0.7773943054357204
351 0.780414150129422
352 0.7797670405522001
353 0.7834339948231234
354 0.7834339948231234
355 0.7812769628990509
356 0.7791199309749784
357 0.7782571182053495
358 0.776962899050906
359 0.7786885245901639
360 0.7737273511647972
361 0.7715703192407247
362 0.7763157894736842
363 0.7808455565142364
364 0.7801984469370147
365 0.7791199309749784
366 0.7732959447799828
367 0.7773943054357204
368 0.7786885245901639
369 0.7771786022433133
370 0.7730802415875755
371 0.775237273511648
372 0.7765314926660914
373 0.7737273511647972
374 0.7713546160483176
375 0.7687661777394306
376 0.7720017256255393
377 0.7644521138912856
378 0.7722174288179465
379 0.775237273511648
380 0.7756686798964625
381 0.7782571182053495
382 0.7821397756686799
383 0.7823554788610871
384 0.7825711820534944
385 0.7830025884383088
386 0.7789042277825712
387 0.7767471958584987
388 0.77351164797239
389 0.7840811044003452
390 0.7810612597066436
391 0.7868852459016393
392 0.7881794650560828
393 0.7860224331320104
394 0.792709232096635
395 0.7911993097497843
396 0.7801984469370147
397 0.7771786022433133
398 0.7789042277825712
399 0.7821397756686799
400 0.7886108714408974
401 0.7924935289042278
402 0.7860224331320104
403 0.7851596203623814
404 0.7871009490940466
405 0.7909836065573771
406 0.7922778257118205
407 0.7940034512510785
408 0.796160483175151
409 0.8028472821397756
410 0.7948662640207075
411 0.7886108714408974
412 0.7873166522864539
413 0.7817083692838654
414 0.7814926660914582
415 0.7858067299396031
416 0.7834339948231234
417 0.7842968075927523
418 0.7797670405522001
419 0.7814926660914582
420 0.775237273511648
421 0.7782571182053495
422 0.7761000862812769
423 0.7814926660914582
424 0.7814926660914582
425 0.7814926660914582
426 0.7849439171699741
427 0.7871009490940466
428 0.7776100086281277
429 0.7819240724762726
430 0.7808455565142364
431 0.7793356341673857
432 0.7767471958584987
433 0.771786022433132
434 0.7707075064710958
435 0.7745901639344263
436 0.7700603968938741
437 0.7713546160483176
438 0.7702761000862812
439 0.7707075064710958
440 0.7696289905090595
441 0.7732959447799828
442 0.7715703192407247
443 0.7754529767040552
444 0.7817083692838654
445 0.7812769628990509
446 0.7784728213977566
447 0.7786885245901639
448 0.7791199309749784
449 0.7858067299396031
450 0.7821397756686799
451 0.7773943054357204
452 0.7739430543572045
453 0.776962899050906
454 0.7780414150129422
455 0.7799827437446074
456 0.7830025884383088
457 0.7851596203623814
458 0.7858067299396031
459 0.7886108714408974
460 0.7842968075927523
461 0.7858067299396031
462 0.7806298533218292
463 0.7789042277825712
464 0.7784728213977566
465 0.780414150129422
466 0.7855910267471958
467 0.7830025884383088
468 0.7821397756686799
469 0.7825711820534944
470 0.7847282139775669
471 0.7855910267471958
472 0.7864538395168249
473 0.7851596203623814
474 0.7860224331320104
475 0.7806298533218292
476 0.7773943054357204
477 0.7864538395168249
478 0.7851596203623814
479 0.7868852459016393
480 0.790120793787748
481 0.7877480586712683
482 0.7890422778257118
483 0.7842968075927523
484 0.7845125107851596
485 0.7830025884383088
486 0.7836496980155306
487 0.7830025884383088
488 0.7786885245901639
489 0.7784728213977566
490 0.7776100086281277
491 0.776962899050906
492 0.7761000862812769
493 0.7756686798964625
494 0.774374460742019
495 0.7670405522001725
496 0.7745901639344263
497 0.7782571182053495
498 0.7724331320103538
499 0.7704918032786885
500 0.7758843830888698
501 0.7814926660914582
502 0.7786885245901639
503 0.7784728213977566
504 0.7722174288179465
505 0.7754529767040552
506 0.769197584124245
507 0.7627264883520276
508 0.765746333045729
509 0.7616479723899914
510 0.7601380500431406
511 0.7573339085418465
512 0.7594909404659189
513 0.7581967213114754
514 0.75862812769629
515 0.7659620362381363
516 0.7653149266609146
517 0.7603537532355479
518 0.7642364106988784
519 0.7668248490077653
520 0.7707075064710958
521 0.7711389128559103
522 0.777825711820535
523 0.7827868852459017
524 0.7834339948231234
525 0.7810612597066436
526 0.7920621225194133
527 0.7883951682484901
528 0.7942191544434858
529 0.7940034512510785
530 0.7942191544434858
531 0.793572044866264
532 0.7905522001725626
533 0.790120793787748
534 0.7892579810181191
535 0.7922778257118205
536 0.7948662640207075
537 0.794434857635893
538 0.796160483175151
539 0.7970232959447799
540 0.795297670405522
541 0.7862381363244176
542 0.7840811044003452
543 0.7847282139775669
544 0.7860224331320104
545 0.7875323554788611
546 0.7873166522864539
547 0.7830025884383088
548 0.7814926660914582
549 0.7776100086281277
550 0.7793356341673857
551 0.7750215703192407
552 0.7720017256255393
553 0.770923209663503
554 0.7694132873166523
555 0.7638050043140638
556 0.7631578947368421
557 0.7603537532355479
558 0.7614322691975841
559 0.7607851596203624
560 0.7655306298533219
561 0.7650992234685073
562 0.772648835202761
563 0.7689818809318378
564 0.7741587575496117
565 0.7739430543572045
566 0.7797670405522001
567 0.7834339948231234
568 0.7877480586712683
569 0.7793356341673857
570 0.7763157894736842
571 0.7761000862812769
572 0.7758843830888698
573 0.7767471958584987
574 0.7741587575496117
575 0.774374460742019
576 0.7789042277825712
577 0.7791199309749784
578 0.7817083692838654
579 0.7830025884383088
580 0.7750215703192407
581 0.7756686798964625
582 0.7786885245901639
583 0.7763157894736842
584 0.7780414150129422
585 0.7801984469370147
586 0.7810612597066436
587 0.7765314926660914
588 0.7776100086281277
589 0.7795513373597929
590 0.77351164797239
591 0.7720017256255393
592 0.7663934426229508
593 0.7704918032786885
594 0.7745901639344263
595 0.777825711820535
596 0.7789042277825712
597 0.7801984469370147
598 0.7767471958584987
599 0.7767471958584987
600 0.7793356341673857
601 0.7830025884383088
602 0.7864538395168249
603 0.7814926660914582
604 0.7847282139775669
605 0.7823554788610871
606 0.7890422778257118
607 0.7853753235547886
608 0.792709232096635
609 0.7909836065573771
610 0.790120793787748
611 0.795297670405522
612 0.7929249352890423
613 0.7911993097497843
614 0.7957290767903364
615 0.7972389991371872
616 0.7942191544434858
617 0.7959447799827437
618 0.7955133735979293
619 0.7959447799827437
620 0.7981018119068162
621 0.8011216566005177
622 0.8004745470232959
623 0.7965918895599655
624 0.7937877480586712
625 0.7916307161345988
626 0.7968075927523728
627 0.795297670405522
628 0.7937877480586712
629 0.7948662640207075
630 0.7871009490940466
631 0.7862381363244176
632 0.7899050905953409
633 0.7862381363244176
634 0.7894736842105263
635 0.7890422778257118
636 0.7868852459016393
637 0.7860224331320104
638 0.7838654012079379
639 0.7795513373597929
640 0.7789042277825712
641 0.7842968075927523
642 0.7851596203623814
643 0.7806298533218292
644 0.7776100086281277
645 0.7745901639344263
646 0.7739430543572045
647 0.7791199309749784
648 0.7750215703192407
649 0.7799827437446074
650 0.7797670405522001
651 0.7823554788610871
652 0.7879637618636756
653 0.7868852459016393
654 0.7873166522864539
655 0.7834339948231234
656 0.7858067299396031
657 0.7879637618636756
658 0.7918464193270061
659 0.7871009490940466
660 0.7825711820534944
661 0.7866695427092321
662 0.7929249352890423
663 0.7957290767903364
664 0.7957290767903364
665 0.7948662640207075
666 0.7937877480586712
667 0.7931406384814496
668 0.7845125107851596
669 0.7920621225194133
670 0.7896893874029336
671 0.7914150129421915
672 0.7933563416738568
673 0.790120793787748
674 0.7868852459016393
675 0.7847282139775669
676 0.7823554788610871
677 0.7808455565142364
678 0.7849439171699741
679 0.7886108714408974
680 0.7883951682484901
681 0.7879637618636756
682 0.7830025884383088
683 0.7808455565142364
684 0.7756686798964625
685 0.7737273511647972
686 0.7763157894736842
687 0.7780414150129422
688 0.7761000862812769
689 0.7793356341673857
690 0.7767471958584987
691 0.7791199309749784
692 0.7754529767040552
693 0.7730802415875755
694 0.7786885245901639
695 0.7741587575496117
696 0.7801984469370147
697 0.7767471958584987
698 0.772648835202761
699 0.7663934426229508
700 0.7653149266609146
