1 0.00021570319240724764
2 0.00021570319240724764
3 0.00021570319240724764
4 0.0006471095772217428
5 0.0015099223468507334
6 0.0021570319240724763
7 0.0025884383088869713
8 0.003882657463330457
9 0.006255392579810181
10 0.00819672131147541
11 0.010353753235547885
12 0.01186367558239862
13 0.014667817083692839
14 0.016609145815358068
15 0.01725625539257981
16 0.017687661777394306
17 0.019413287316652286
18 0.022433132010353754
19 0.02631578947368421
20 0.030414150129421915
21 0.03300258843830889
22 0.036885245901639344
23 0.03968938740293356
24 0.04723899913718723
25 0.05457290767903365
26 0.05759275237273512
27 0.06147540983606557
28 0.06298533218291631
29 0.07010353753235547
30 0.07549611734253667
31 0.08088869715271786
32 0.08455565142364108
33 0.09232096635030199
34 0.10094909404659189
35 0.10893011216566005
36 0.1177739430543572
37 0.12553925798101812
38 0.13438308886971528
39 0.13697152717860225
40 0.14193270060396893
41 0.15293356341673855
42 0.16048317515099222
43 0.16652286453839515
44 0.17277825711820535
45 0.18097497842968077
46 0.1865832614322692
47 0.19456427955133737
48 0.205565142364107
49 0.2133304572907679
50 0.2219585849870578
51 0.22519413287316653
52 0.23403796376186367
53 0.2454702329594478
54 0.251725625539258
55 0.25970664365832613
56 0.2672562553925798
57 0.27631578947368424
58 0.2853753235547886
59 0.2903364969801553
60 0.3000431406384815
61 0.3056514236410699
62 0.31514236410698876
63 0.3254961173425367
64 0.33908541846419327
65 0.3487920621225194
66 0.35504745470232957
67 0.3613028472821398
68 0.3682053494391717
69 0.3785591026747196
70 0.38654012079378774
71 0.39236410698878343
72 0.40250215703192405
73 0.40638481449525454
74 0.41652286453839515
75 0.42234685073339084
76 0.4324849007765315
77 0.4402502157031924
78 0.4469370146678171
79 0.4460742018981881
80 0.45319240724762727
81 0.4568593615185505
82 0.4600949094046592
83 0.46893874029335636
84 0.4758412424503883
85 0.48382226056945643
86 0.48360655737704916
87 0.4905090595340811
88 0.49158757549611737
89 0.502588438308887
90 0.5103537532355479
91 0.5202761000862812
92 0.5241587575496117
93 0.5289042277825712
94 0.5386108714408974
95 0.5448662640207075
96 0.5502588438308887
97 0.5556514236410699
98 0.5603968938740294
99 0.5653580672993961
100 0.5759275237273511
101 0.5798101811906816
102 0.5821829163071613
103 0.5849870578084556
104 0.5901639344262295
105 0.6013805004314063
106 0.6063416738567731
107 0.6100086281276963
108 0.609792924935289
109 0.6151855047454702
110 0.6130284728213977
111 0.6175582398619499
112 0.6199309749784296
113 0.6242450388265747
114 0.6270491803278688
115 0.6283433994823123
116 0.6324417601380501
117 0.6363244176013805
118 0.6399913718723037
119 0.6417169974115617
120 0.6417169974115617
121 0.6432269197584124
122 0.6451682484900777
123 0.6484037963761864
124 0.6505608283002589
125 0.6520707506471096
126 0.6589732528041415
127 0.6591889559965487
128 0.6632873166522865
129 0.661130284728214
130 0.6658757549611735
131 0.6622088006902502
132 0.6688955996548749
133 0.6710526315789473
134 0.6714840379637619
135 0.6751509922346851
136 0.6749352890422778
137 0.6798964624676446
138 0.6878774805867127
139 0.6906816220880069
140 0.6975841242450388
141 0.6993097497842968
142 0.701251078515962
143 0.7008196721311475
144 0.701251078515962
145 0.6960742018981881
146 0.6956427955133736
147 0.6995254529767041
148 0.6956427955133736
149 0.6982312338222606
150 0.6997411561691113
151 0.7096635030198447
152 0.7137618636755824
153 0.707290767903365
154 0.7126833477135461
155 0.7122519413287317
156 0.7120362381363244
157 0.7141932700603969
158 0.7215271786022434
159 0.7210957722174288
160 0.7234685073339086
161 0.7241156169111302
162 0.72648835202761
163 0.7251941328731665
164 0.7269197584124245
165 0.7305867126833477
166 0.7284296807592753
167 0.7364106988783434
168 0.7329594477998275
169 0.7364106988783434
170 0.7357635893011216
171 0.7353321829163072
172 0.7387834339948232
173 0.7476272648835203
174 0.7504314063848145
175 0.7502157031924073
176 0.752588438308887
177 0.75
178 0.749137187230371
179 0.7504314063848145
180 0.7603537532355479
181 0.7566867989646247
182 0.7584124245038827
183 0.7629421915444349
184 0.7625107851596203
185 0.7616479723899914
186 0.7722174288179465
187 0.7640207075064711
188 0.7674719585849871
189 0.7676876617773943
190 0.7676876617773943
191 0.7670405522001725
192 0.7631578947368421
193 0.765746333045729
194 0.7730802415875755
195 0.7745901639344263
196 0.7646678170836928
197 0.7679033649698016
198 0.7698446937014668
199 0.7661777394305436
200 0.7672562553925798
201 0.7674719585849871
202 0.7670405522001725
203 0.7698446937014668
204 0.7773943054357204
205 0.7750215703192407
206 0.7696289905090595
207 0.7648835202761001
208 0.7607851596203624
209 0.7633735979292493
210 0.7663934426229508
211 0.7605694564279551
212 0.7672562553925798
213 0.7687661777394306
214 0.7622950819672131
215 0.7713546160483176
216 0.7732959447799828
217 0.772648835202761
218 0.7655306298533219
219 0.7635893011216566
220 0.7728645383951682
221 0.7739430543572045
222 0.7761000862812769
223 0.7761000862812769
224 0.7722174288179465
225 0.7698446937014668
226 0.7715703192407247
227 0.7696289905090595
228 0.769197584124245
229 0.7713546160483176
230 0.7707075064710958
231 0.7694132873166523
232 0.7761000862812769
233 0.776962899050906
234 0.7771786022433133
235 0.77351164797239
236 0.7676876617773943
237 0.7689818809318378
238 0.7659620362381363
239 0.7715703192407247
240 0.7761000862812769
241 0.7789042277825712
242 0.7795513373597929
243 0.7765314926660914
244 0.7771786022433133
245 0.7724331320103538
246 0.769197584124245
247 0.7635893011216566
248 0.7663934426229508
249 0.7696289905090595
250 0.7672562553925798
251 0.7685504745470233
252 0.7711389128559103
253 0.7739430543572045
254 0.772648835202761
255 0.7670405522001725
256 0.769197584124245
257 0.7758843830888698
258 0.7728645383951682
259 0.7748058671268335
260 0.7745901639344263
261 0.7776100086281277
262 0.780414150129422
263 0.780414150129422
264 0.7771786022433133
265 0.7765314926660914
266 0.7758843830888698
267 0.77351164797239
268 0.7795513373597929
269 0.7765314926660914
270 0.7720017256255393
271 0.7689818809318378
272 0.7756686798964625
273 0.7750215703192407
274 0.7782571182053495
275 0.7806298533218292
276 0.775237273511648
277 0.7758843830888698
278 0.7776100086281277
279 0.7765314926660914
280 0.7812769628990509
281 0.7782571182053495
282 0.774374460742019
283 0.7750215703192407
284 0.774374460742019
285 0.7797670405522001
286 0.7808455565142364
287 0.7795513373597929
288 0.7754529767040552
289 0.7748058671268335
290 0.7724331320103538
291 0.7722174288179465
292 0.7767471958584987
293 0.7827868852459017
294 0.7825711820534944
295 0.7832182916307161
296 0.7851596203623814
297 0.7834339948231234
298 0.7862381363244176
299 0.7868852459016393
300 0.7832182916307161
301 0.7840811044003452
302 0.7905522001725626
303 0.7892579810181191
304 0.7840811044003452
305 0.7821397756686799
306 0.7864538395168249
307 0.7868852459016393
308 0.7858067299396031
309 0.7860224331320104
310 0.7847282139775669
311 0.7808455565142364
312 0.7821397756686799
313 0.7814926660914582
314 0.7806298533218292
315 0.7756686798964625
316 0.776962899050906
317 0.7724331320103538
318 0.7782571182053495
319 0.7842968075927523
320 0.7890422778257118
321 0.7866695427092321
322 0.7819240724762726
323 0.7741587575496117
324 0.7730802415875755
325 0.7739430543572045
326 0.7715703192407247
327 0.7704918032786885
328 0.7696289905090595
329 0.7646678170836928
330 0.765746333045729
331 0.7672562553925798
332 0.7676876617773943
333 0.769197584124245
334 0.7674719585849871
335 0.7786885245901639
336 0.7827868852459017
337 0.7780414150129422
338 0.7679033649698016
339 0.765746333045729
340 0.7597066436583262
341 0.7631578947368421
342 0.7661777394305436
343 0.7715703192407247
344 0.771786022433132
345 0.7650992234685073
346 0.7689818809318378
347 0.7754529767040552
348 0.7750215703192407
349 0.7845125107851596
350 0.7836496980155306
351 0.7845125107851596
352 0.7896893874029336
353 0.7911993097497843
354 0.7933563416738568
355 0.7916307161345988
356 0.792709232096635
357 0.7890422778257118
358 0.7899050905953409
359 0.7888265746333045
360 0.7886108714408974
361 0.7853753235547886
362 0.7853753235547886
363 0.7808455565142364
364 0.7924935289042278
365 0.7922778257118205
366 0.7853753235547886
367 0.7808455565142364
368 0.7894736842105263
369 0.7894736842105263
370 0.7890422778257118
371 0.795297670405522
372 0.796160483175151
373 0.7950819672131147
374 0.794434857635893
375 0.7916307161345988
376 0.790120793787748
377 0.7907679033649698
378 0.7866695427092321
379 0.7894736842105263
380 0.7888265746333045
381 0.7886108714408974
382 0.7858067299396031
383 0.7806298533218292
384 0.7866695427092321
385 0.7892579810181191
386 0.7918464193270061
387 0.7864538395168249
388 0.7888265746333045
389 0.7888265746333045
390 0.7868852459016393
391 0.7875323554788611
392 0.7881794650560828
393 0.7866695427092321
394 0.7864538395168249
395 0.790120793787748
396 0.793572044866264
397 0.7914150129421915
398 0.7886108714408974
399 0.7868852459016393
400 0.790120793787748
401 0.7905522001725626
402 0.7920621225194133
403 0.7920621225194133
404 0.7899050905953409
405 0.7868852459016393
406 0.7875323554788611
407 0.7849439171699741
408 0.7836496980155306
409 0.7782571182053495
410 0.7784728213977566
411 0.7795513373597929
412 0.7819240724762726
413 0.7871009490940466
414 0.7832182916307161
415 0.7840811044003452
416 0.7875323554788611
417 0.7864538395168249
418 0.7883951682484901
419 0.7883951682484901
420 0.7929249352890423
421 0.7976704055220017
422 0.8002588438308887
423 0.8045729076790337
424 0.8006902502157032
425 0.7959447799827437
426 0.8011216566005177
427 0.8009059534081104
428 0.8043572044866264
429 0.7963761863675582
430 0.7929249352890423
431 0.7883951682484901
432 0.7840811044003452
433 0.7819240724762726
434 0.7834339948231234
435 0.7855910267471958
436 0.7864538395168249
437 0.7875323554788611
438 0.7791199309749784
439 0.780414150129422
440 0.7834339948231234
441 0.7866695427092321
442 0.790120793787748
443 0.7866695427092321
444 0.7862381363244176
445 0.7808455565142364
446 0.7840811044003452
447 0.7903364969801553
448 0.7933563416738568
449 0.7883951682484901
450 0.7909836065573771
451 0.7916307161345988
452 0.793572044866264
453 0.7890422778257118
454 0.7871009490940466
455 0.7871009490940466
456 0.7858067299396031
457 0.7812769628990509
458 0.7825711820534944
459 0.7866695427092321
460 0.7817083692838654
461 0.7784728213977566
462 0.7771786022433133
463 0.7780414150129422
464 0.7845125107851596
465 0.7840811044003452
466 0.7819240724762726
467 0.7825711820534944
468 0.7836496980155306
469 0.7855910267471958
470 0.7866695427092321
471 0.7875323554788611
472 0.7825711820534944
473 0.7797670405522001
474 0.7836496980155306
475 0.7840811044003452
476 0.7795513373597929
477 0.7797670405522001
478 0.7791199309749784
479 0.771786022433132
480 0.772648835202761
481 0.7784728213977566
482 0.7763157894736842
483 0.7750215703192407
484 0.776962899050906
485 0.7754529767040552
486 0.7711389128559103
487 0.7698446937014668
488 0.7655306298533219
489 0.770923209663503
490 0.7745901639344263
491 0.7823554788610871
492 0.7771786022433133
493 0.7761000862812769
494 0.7776100086281277
495 0.7754529767040552
496 0.776962899050906
497 0.7823554788610871
498 0.7840811044003452
499 0.7793356341673857
500 0.775237273511648
501 0.775237273511648
502 0.7784728213977566
503 0.7806298533218292
504 0.7791199309749784
505 0.7842968075927523
506 0.7853753235547886
507 0.780414150129422
508 0.7748058671268335
509 0.77351164797239
510 0.7659620362381363
511 0.7655306298533219
512 0.7728645383951682
513 0.7741587575496117
514 0.7789042277825712
515 0.7838654012079379
516 0.7875323554788611
517 0.7881794650560828
518 0.7890422778257118
519 0.7842968075927523
520 0.7834339948231234
521 0.7881794650560828
522 0.7868852459016393
523 0.7933563416738568
524 0.7914150129421915
525 0.7862381363244176
526 0.7851596203623814
527 0.780414150129422
528 0.7868852459016393
529 0.7855910267471958
530 0.7810612597066436
531 0.7797670405522001
532 0.7741587575496117
533 0.7784728213977566
534 0.7784728213977566
535 0.7858067299396031
536 0.7853753235547886
537 0.7825711820534944
538 0.7817083692838654
539 0.7825711820534944
540 0.780414150129422
541 0.7819240724762726
542 0.7830025884383088
543 0.7855910267471958
544 0.7877480586712683
545 0.7903364969801553
546 0.7834339948231234
547 0.7840811044003452
548 0.7873166522864539
549 0.7914150129421915
550 0.794434857635893
551 0.8028472821397756
552 0.8047886108714409
553 0.8037100949094047
554 0.8054357204486626
555 0.8002588438308887
556 0.7991803278688525
557 0.7963761863675582
558 0.8002588438308887
559 0.796160483175151
560 0.7914150129421915
561 0.7959447799827437
562 0.7959447799827437
563 0.7911993097497843
564 0.7909836065573771
565 0.793572044866264
566 0.795297670405522
567 0.7985332182916307
568 0.8009059534081104
569 0.8009059534081104
570 0.8002588438308887
571 0.7959447799827437
572 0.8026315789473685
573 0.7899050905953409
574 0.7896893874029336
575 0.7883951682484901
576 0.7905522001725626
577 0.7886108714408974
578 0.7909836065573771
579 0.7853753235547886
580 0.7855910267471958
581 0.7918464193270061
582 0.793572044866264
583 0.7899050905953409
584 0.794434857635893
585 0.794434857635893
586 0.8002588438308887
587 0.8006902502157032
588 0.7991803278688525
589 0.792709232096635
590 0.7924935289042278
591 0.7866695427092321
592 0.7853753235547886
593 0.7894736842105263
594 0.7918464193270061
595 0.7916307161345988
596 0.7894736842105263
597 0.7894736842105263
598 0.7931406384814496
599 0.7886108714408974
600 0.7886108714408974
601 0.7890422778257118
602 0.7834339948231234
603 0.7825711820534944
604 0.7838654012079379
605 0.7834339948231234
606 0.7883951682484901
607 0.790120793787748
608 0.7968075927523728
609 0.7916307161345988
610 0.7890422778257118
611 0.7896893874029336
612 0.7851596203623814
613 0.7868852459016393
614 0.7836496980155306
615 0.7817083692838654
616 0.7888265746333045
617 0.7907679033649698
618 0.7873166522864539
619 0.7851596203623814
620 0.7830025884383088
621 0.780414150129422
622 0.7797670405522001
623 0.7810612597066436
624 0.7821397756686799
625 0.7776100086281277
626 0.7761000862812769
627 0.7758843830888698
628 0.7711389128559103
629 0.774374460742019
630 0.7797670405522001
631 0.7840811044003452
632 0.7814926660914582
633 0.7812769628990509
634 0.7840811044003452
635 0.7786885245901639
636 0.776962899050906
637 0.7797670405522001
638 0.7894736842105263
639 0.7903364969801553
640 0.7918464193270061
641 0.7877480586712683
642 0.7881794650560828
643 0.7862381363244176
644 0.7899050905953409
645 0.7842968075927523
646 0.7866695427092321
647 0.7782571182053495
648 0.7817083692838654
649 0.7817083692838654
650 0.7793356341673857
651 0.7832182916307161
652 0.7845125107851596
653 0.7836496980155306
654 0.7814926660914582
655 0.7817083692838654
656 0.7825711820534944
657 0.7855910267471958
658 0.7782571182053495
659 0.777825711820535
660 0.7737273511647972
661 0.7782571182053495
662 0.7786885245901639
663 0.7780414150129422
664 0.7793356341673857
665 0.7789042277825712
666 0.7817083692838654
667 0.7750215703192407
668 0.774374460742019
669 0.7765314926660914
670 0.7799827437446074
671 0.7838654012079379
672 0.7782571182053495
673 0.775237273511648
674 0.7812769628990509
675 0.7873166522864539
676 0.7946505608283002
677 0.7866695427092321
678 0.7866695427092321
679 0.7894736842105263
680 0.7871009490940466
681 0.7834339948231234
682 0.7875323554788611
683 0.7875323554788611
684 0.7871009490940466
685 0.7823554788610871
686 0.7832182916307161
687 0.7817083692838654
688 0.7868852459016393
689 0.7851596203623814
690 0.7905522001725626
691 0.7862381363244176
692 0.7868852459016393
693 0.7950819672131147
694 0.7955133735979293
695 0.7911993097497843
696 0.7933563416738568
697 0.7942191544434858
698 0.7918464193270061
699 0.7931406384814496
700 0.7946505608283002
