1 0.0004314063848144953
2 0.0006471095772217428
3 0.0008628127696289905
4 0.001725625539257981
5 0.0019413287316652286
6 0.0021570319240724763
7 0.002372735116479724
8 0.0030198446937014668
9 0.004314063848144953
10 0.005176876617773943
11 0.0060396893874029335
12 0.006686798964624676
13 0.007333908541846419
14 0.008843830888697153
15 0.010138050043140638
16 0.01100086281276963
17 0.01186367558239862
18 0.012295081967213115
19 0.014020707506471096
20 0.014667817083692839
21 0.017687661777394306
22 0.020491803278688523
23 0.023080241587575497
24 0.02631578947368421
25 0.028041415012942193
26 0.030198446937014668
27 0.036022433132010354
28 0.03990509059534081
29 0.040983606557377046
30 0.04443485763589301
31 0.050258843830888696
32 0.05672993960310613
33 0.06082830025884383
34 0.06406384814495254
35 0.06859361518550475
36 0.07398619499568594
37 0.07765314926660914
38 0.08326143226919758
39 0.08800690250215704
40 0.0951251078515962
41 0.09987057808455566
42 0.10591026747195859
43 0.11345987920621226
44 0.12079378774805867
45 0.12791199309749784
46 0.13546160483175151
47 0.14430543572044865
48 0.1490509059534081
49 0.15379637618636754
50 0.15918895599654875
51 0.17105263157894737
52 0.17687661777394306
53 0.1861518550474547
54 0.19693701466781707
55 0.20405522001725626
56 0.2083692838654012
57 0.21764452113891286
58 0.22519413287316653
59 0.2323123382226057
60 0.23964624676445212
61 0.25194132873166525
62 0.2612165660051769
63 0.2668248490077653
64 0.27092320966350303
65 0.27911993097497845
66 0.2853753235547886
67 0.2929249352890423
68 0.2993960310612597
69 0.30349439171699744
70 0.3110440034512511
71 0.321397756686799
72 0.32937877480586714
73 0.33930112165660054
74 0.343183779119931
75 0.34814495254529765
76 0.3544003451251079
77 0.363244176013805
78 0.37208800690250216
79 0.3789905090595341
80 0.385893011216566
81 0.3966781708369284
82 0.404227782571182
83 0.41242450388265744
84 0.41738567730802417
85 0.42515099223468505
86 0.4342105263157895
87 0.43938740293356343
88 0.45038826574633306
89 0.4527610008628128
90 0.4583692838654012
91 0.4691544434857636
92 0.47174288179465057
93 0.47627264883520276
94 0.4870578084555651
95 0.49396031061259704
96 0.5038826574633305
97 0.5038826574633305
98 0.5105694564279551
99 0.5135893011216566
100 0.5163934426229508
101 0.5120793787748059
102 0.5215703192407247
103 0.5295513373597929
104 0.5422778257118205
105 0.544434857635893
106 0.5528472821397756
107 0.5552200172562554
108 0.5586712683347713
109 0.5655737704918032
110 0.5690250215703192
111 0.5737704918032787
112 0.5767903364969802
113 0.5839085418464194
114 0.5931837791199309
115 0.5946937014667817
116 0.6015962036238136
117 0.6076358930112166
118 0.6117342536669542
119 0.6190681622088007
120 0.6210094909404659
121 0.6231665228645384
122 0.6259706643658326
123 0.635030198446937
124 0.6348144952545298
125 0.6410698878343399
126 0.6425798101811907
127 0.6466781708369284
128 0.6540120793787748
129 0.655090595340811
130 0.6557377049180327
131 0.6606988783433995
132 0.6682484900776532
133 0.6706212251941329
134 0.6721311475409836
135 0.6710526315789473
136 0.6725625539257981
137 0.6719154443485763
138 0.6682484900776532
139 0.6760138050043141
140 0.6816220880069025
141 0.6798964624676446
142 0.6818377911993098
143 0.6867989646246765
144 0.6859361518550474
145 0.6842105263157895
146 0.6857204486626403
147 0.6962899050905953
148 0.6975841242450388
149 0.6967213114754098
150 0.6977998274374461
151 0.6984469370146679
152 0.7036238136324418
153 0.7025452976704055
154 0.7059965487489215
155 0.7051337359792925
156 0.7031924072476272
157 0.7036238136324418
158 0.7109577221742882
159 0.7144089732528042
160 0.7154874892148404
161 0.7236842105263158
162 0.7271354616048318
163 0.729076790336497
164 0.7314495254529767
165 0.727351164797239
166 0.7329594477998275
167 0.7325280414150129
168 0.7340379637618637
169 0.7312338222605694
170 0.7305867126833477
171 0.725625539257981
172 0.72648835202761
173 0.7279982743744607
174 0.7344693701466781
175 0.7377049180327869
176 0.7364106988783434
177 0.7398619499568594
178 0.7364106988783434
179 0.7402933563416738
180 0.7396462467644521
181 0.7415875754961173
182 0.7495685936151855
183 0.7512942191544435
184 0.7547454702329595
185 0.752588438308887
186 0.7556082830025884
187 0.753451251078516
188 0.7540983606557377
189 0.7540983606557377
190 0.7588438308886971
191 0.7644521138912856
192 0.7661777394305436
193 0.7629421915444349
194 0.7612165660051768
195 0.7618636755823986
196 0.7536669542709232
197 0.7545297670405522
198 0.7564710957722174
199 0.7584124245038827
200 0.755176876617774
201 0.7584124245038827
202 0.7592752372735116
203 0.7648835202761001
204 0.7633735979292493
205 0.7650992234685073
206 0.7661777394305436
207 0.7650992234685073
208 0.7670405522001725
209 0.7672562553925798
210 0.7631578947368421
211 0.7661777394305436
212 0.769197584124245
213 0.7704918032786885
214 0.7750215703192407
215 0.7810612597066436
216 0.7801984469370147
217 0.7834339948231234
218 0.7773943054357204
219 0.7745901639344263
220 0.776962899050906
221 0.7732959447799828
222 0.776962899050906
223 0.7808455565142364
224 0.7784728213977566
225 0.7795513373597929
226 0.7830025884383088
227 0.7795513373597929
228 0.7789042277825712
229 0.7789042277825712
230 0.7795513373597929
231 0.7730802415875755
232 0.7758843830888698
233 0.776962899050906
234 0.7793356341673857
235 0.7810612597066436
236 0.7765314926660914
237 0.7722174288179465
238 0.7687661777394306
239 0.7666091458153581
240 0.7659620362381363
241 0.7704918032786885
242 0.7687661777394306
243 0.7758843830888698
244 0.7789042277825712
245 0.7748058671268335
246 0.7765314926660914
247 0.7711389128559103
248 0.7715703192407247
249 0.7771786022433133
250 0.7791199309749784
251 0.7767471958584987
252 0.7750215703192407
253 0.7776100086281277
254 0.7758843830888698
255 0.7784728213977566
256 0.7801984469370147
257 0.7732959447799828
258 0.7700603968938741
259 0.7694132873166523
260 0.7629421915444349
261 0.7605694564279551
262 0.7663934426229508
263 0.7679033649698016
264 0.7696289905090595
265 0.7679033649698016
266 0.7666091458153581
267 0.776962899050906
268 0.7666091458153581
269 0.7758843830888698
270 0.7793356341673857
271 0.7773943054357204
272 0.7782571182053495
273 0.7745901639344263
274 0.7670405522001725
275 0.7700603968938741
276 0.768334771354616
277 0.7713546160483176
278 0.7650992234685073
279 0.7648835202761001
280 0.7724331320103538
281 0.7728645383951682
282 0.777825711820535
283 0.780414150129422
284 0.7814926660914582
285 0.7786885245901639
286 0.7763157894736842
287 0.7750215703192407
288 0.7704918032786885
289 0.7702761000862812
290 0.77351164797239
291 0.7730802415875755
292 0.7732959447799828
293 0.7758843830888698
294 0.7786885245901639
295 0.7823554788610871
296 0.7825711820534944
297 0.7817083692838654
298 0.7782571182053495
299 0.7780414150129422
300 0.7745901639344263
301 0.7715703192407247
302 0.770923209663503
303 0.7715703192407247
304 0.7771786022433133
305 0.780414150129422
306 0.7838654012079379
307 0.7799827437446074
308 0.777825711820535
309 0.7819240724762726
310 0.776962899050906
311 0.7834339948231234
312 0.7873166522864539
313 0.7903364969801553
314 0.7830025884383088
315 0.780414150129422
316 0.7817083692838654
317 0.7806298533218292
318 0.774374460742019
319 0.7722174288179465
320 0.7758843830888698
321 0.776962899050906
322 0.7791199309749784
323 0.7793356341673857
324 0.7773943054357204
325 0.7814926660914582
326 0.7763157894736842
327 0.7853753235547886
328 0.7823554788610871
329 0.7827868852459017
330 0.7767471958584987
331 0.780414150129422
332 0.7797670405522001
333 0.7840811044003452
334 0.7767471958584987
335 0.7866695427092321
336 0.7894736842105263
337 0.793572044866264
338 0.7972389991371872
339 0.7911993097497843
340 0.7896893874029336
341 0.7847282139775669
342 0.7754529767040552
343 0.7817083692838654
344 0.7838654012079379
345 0.7814926660914582
346 0.776962899050906
347 0.7784728213977566
348 0.768334771354616
349 0.7758843830888698
350 0.7722174288179465
351 0.7702761000862812
352 0.7728645383951682
353 0.7765314926660914
354 0.7842968075927523
355 0.7838654012079379
356 0.7877480586712683
357 0.7851596203623814
358 0.7860224331320104
359 0.7868852459016393
360 0.7883951682484901
361 0.7858067299396031
362 0.7860224331320104
363 0.7838654012079379
364 0.7875323554788611
365 0.7888265746333045
366 0.7873166522864539
367 0.7890422778257118
368 0.7920621225194133
369 0.7883951682484901
370 0.7832182916307161
371 0.7849439171699741
372 0.7842968075927523
373 0.7842968075927523
374 0.7808455565142364
375 0.7817083692838654
376 0.7799827437446074
377 0.7801984469370147
378 0.7773943054357204
379 0.7810612597066436
380 0.7745901639344263
381 0.775237273511648
382 0.7840811044003452
383 0.7801984469370147
384 0.7806298533218292
385 0.7814926660914582
386 0.7827868852459017
387 0.7842968075927523
388 0.7890422778257118
389 0.7821397756686799
390 0.7853753235547886
391 0.7868852459016393
392 0.7840811044003452
393 0.7830025884383088
394 0.7812769628990509
395 0.7806298533218292
396 0.7797670405522001
397 0.7821397756686799
398 0.7868852459016393
399 0.7855910267471958
400 0.7860224331320104
401 0.7899050905953409
402 0.7860224331320104
403 0.7851596203623814
404 0.7840811044003452
405 0.7868852459016393
406 0.7886108714408974
407 0.7771786022433133
408 0.7741587575496117
409 0.7793356341673857
410 0.780414150129422
411 0.7827868852459017
412 0.7832182916307161
413 0.7851596203623814
414 0.7888265746333045
415 0.7827868852459017
416 0.7827868852459017
417 0.777825711820535
418 0.7830025884383088
419 0.7834339948231234
420 0.7905522001725626
421 0.7860224331320104
422 0.7849439171699741
423 0.7864538395168249
424 0.7905522001725626
425 0.7920621225194133
426 0.7896893874029336
427 0.793572044866264
428 0.7942191544434858
429 0.7965918895599655
430 0.7946505608283002
431 0.7942191544434858
432 0.7933563416738568
433 0.7862381363244176
434 0.7879637618636756
435 0.7875323554788611
436 0.7832182916307161
437 0.7812769628990509
438 0.7838654012079379
439 0.7836496980155306
440 0.7847282139775669
441 0.7855910267471958
442 0.7868852459016393
443 0.7894736842105263
444 0.7890422778257118
445 0.7855910267471958
446 0.7853753235547886
447 0.7875323554788611
448 0.7907679033649698
449 0.7907679033649698
450 0.7922778257118205
451 0.7862381363244176
452 0.7871009490940466
453 0.7855910267471958
454 0.7940034512510785
455 0.7832182916307161
456 0.7868852459016393
457 0.7860224331320104
458 0.7911993097497843
459 0.7881794650560828
460 0.7886108714408974
461 0.7836496980155306
462 0.7840811044003452
463 0.7836496980155306
464 0.7849439171699741
465 0.7875323554788611
466 0.7840811044003452
467 0.7890422778257118
468 0.7886108714408974
469 0.7903364969801553
470 0.7896893874029336
471 0.7868852459016393
472 0.7911993097497843
473 0.7845125107851596
474 0.7814926660914582
475 0.7860224331320104
476 0.7858067299396031
477 0.7873166522864539
478 0.7914150129421915
479 0.7909836065573771
480 0.7883951682484901
481 0.7931406384814496
482 0.792709232096635
483 0.7920621225194133
484 0.7968075927523728
485 0.7998274374460742
486 0.7976704055220017
487 0.7924935289042278
488 0.7955133735979293
489 0.7981018119068162
490 0.796160483175151
491 0.7972389991371872
492 0.7955133735979293
493 0.7916307161345988
494 0.7871009490940466
495 0.7877480586712683
496 0.7940034512510785
497 0.7937877480586712
498 0.7924935289042278
499 0.7896893874029336
500 0.7814926660914582
501 0.7819240724762726
502 0.7799827437446074
503 0.7810612597066436
504 0.7821397756686799
505 0.7836496980155306
506 0.7877480586712683
507 0.7890422778257118
508 0.7886108714408974
509 0.7871009490940466
510 0.7845125107851596
511 0.7801984469370147
512 0.7806298533218292
513 0.7830025884383088
514 0.7799827437446074
515 0.7801984469370147
516 0.7855910267471958
517 0.7862381363244176
518 0.7916307161345988
519 0.7946505608283002
520 0.7948662640207075
521 0.7924935289042278
522 0.7929249352890423
523 0.7909836065573771
524 0.7845125107851596
525 0.7836496980155306
526 0.7823554788610871
527 0.7838654012079379
528 0.7791199309749784
529 0.7842968075927523
530 0.7836496980155306
531 0.7825711820534944
532 0.7868852459016393
533 0.7873166522864539
534 0.7914150129421915
535 0.7819240724762726
536 0.7853753235547886
537 0.7791199309749784
538 0.7814926660914582
539 0.7838654012079379
540 0.7866695427092321
541 0.7836496980155306
542 0.7858067299396031
543 0.7879637618636756
544 0.7883951682484901
545 0.7830025884383088
546 0.7851596203623814
547 0.7838654012079379
548 0.7832182916307161
549 0.7847282139775669
550 0.7827868852459017
551 0.7830025884383088
552 0.7877480586712683
553 0.7920621225194133
554 0.7888265746333045
555 0.7879637618636756
556 0.7899050905953409
557 0.7881794650560828
558 0.7851596203623814
559 0.7871009490940466
560 0.7968075927523728
561 0.7905522001725626
562 0.7892579810181191
563 0.7879637618636756
564 0.7862381363244176
565 0.7853753235547886
566 0.7836496980155306
567 0.7832182916307161
568 0.7838654012079379
569 0.7916307161345988
570 0.7879637618636756
571 0.7907679033649698
572 0.794434857635893
573 0.7948662640207075
574 0.7931406384814496
575 0.797886108714409
576 0.7965918895599655
577 0.7974547023295945
578 0.7847282139775669
579 0.7799827437446074
580 0.7810612597066436
581 0.7855910267471958
582 0.7862381363244176
583 0.7866695427092321
584 0.7830025884383088
585 0.7830025884383088
586 0.7814926660914582
587 0.7834339948231234
588 0.7858067299396031
589 0.7849439171699741
590 0.7847282139775669
591 0.7860224331320104
592 0.7888265746333045
593 0.7950819672131147
594 0.8006902502157032
595 0.797886108714409
596 0.7933563416738568
597 0.7920621225194133
598 0.7920621225194133
599 0.7890422778257118
600 0.7890422778257118
601 0.7847282139775669
602 0.7909836065573771
603 0.7965918895599655
604 0.7948662640207075
605 0.7909836065573771
606 0.7937877480586712
607 0.7896893874029336
608 0.7860224331320104
609 0.7823554788610871
610 0.7858067299396031
611 0.7847282139775669
612 0.7890422778257118
613 0.7881794650560828
614 0.7819240724762726
615 0.7911993097497843
616 0.7933563416738568
617 0.790120793787748
618 0.793572044866264
619 0.7929249352890423
620 0.7965918895599655
621 0.793572044866264
622 0.798748921484038
623 0.7940034512510785
624 0.7946505608283002
625 0.7875323554788611
626 0.7853753235547886
627 0.7888265746333045
628 0.7888265746333045
629 0.7851596203623814
630 0.7860224331320104
631 0.7873166522864539
632 0.7864538395168249
633 0.7812769628990509
634 0.7812769628990509
635 0.7793356341673857
636 0.7849439171699741
637 0.7823554788610871
638 0.7827868852459017
639 0.7849439171699741
640 0.7899050905953409
641 0.7888265746333045
642 0.792709232096635
643 0.7950819672131147
644 0.7929249352890423
645 0.797886108714409
646 0.7974547023295945
647 0.7989646246764452
648 0.7989646246764452
649 0.7886108714408974
650 0.794434857635893
651 0.794434857635893
652 0.797886108714409
653 0.7989646246764452
654 0.8009059534081104
655 0.7959447799827437
656 0.7968075927523728
657 0.7877480586712683
658 0.7911993097497843
659 0.7827868852459017
660 0.7720017256255393
661 0.7676876617773943
662 0.7670405522001725
663 0.7724331320103538
664 0.7730802415875755
665 0.7694132873166523
666 0.7771786022433133
667 0.7773943054357204
668 0.7814926660914582
669 0.7864538395168249
670 0.7838654012079379
671 0.7830025884383088
672 0.7868852459016393
673 0.7896893874029336
674 0.7847282139775669
675 0.7849439171699741
676 0.7860224331320104
677 0.7793356341673857
678 0.7808455565142364
679 0.780414150129422
680 0.7825711820534944
681 0.7838654012079379
682 0.7780414150129422
683 0.7827868852459017
684 0.7862381363244176
685 0.7842968075927523
686 0.7862381363244176
687 0.7866695427092321
688 0.7868852459016393
689 0.7883951682484901
690 0.7899050905953409
691 0.7851596203623814
692 0.7879637618636756
693 0.7877480586712683
694 0.7849439171699741
695 0.7797670405522001
696 0.7825711820534944
697 0.7832182916307161
698 0.7799827437446074
699 0.7845125107851596
700 0.7836496980155306
