1 0.00021570319240724764
2 0.00021570319240724764
3 0.00021570319240724764
4 0.0004314063848144953
5 0.0004314063848144953
6 0.0004314063848144953
7 0.0006471095772217428
8 0.0010785159620362382
9 0.0015099223468507334
10 0.0019413287316652286
11 0.0021570319240724763
12 0.0019413287316652286
13 0.001725625539257981
14 0.0010785159620362382
15 0.001725625539257981
16 0.0021570319240724763
17 0.002372735116479724
18 0.0025884383088869713
19 0.003451251078515962
20 0.003882657463330457
21 0.003882657463330457
22 0.004745470232959448
23 0.004961173425366695
24 0.0056082830025884385
25 0.005823986194995686
26 0.0060396893874029335
27 0.005392579810181191
28 0.005823986194995686
29 0.0060396893874029335
30 0.0064710957722174285
31 0.006686798964624676
32 0.0060396893874029335
33 0.006686798964624676
34 0.007333908541846419
35 0.007765314926660914
36 0.00819672131147541
37 0.008843830888697153
38 0.009275237273511648
39 0.010785159620362382
40 0.011216566005176877
41 0.012295081967213115
42 0.013157894736842105
43 0.014667817083692839
44 0.015962036238136326
45 0.017471958584987058
46 0.019413287316652286
47 0.019413287316652286
48 0.02092320966350302
49 0.023080241587575497
50 0.025021570319240724
51 0.026747195858498704
52 0.027610008628127698
53 0.029335634167385678
54 0.031492666091458156
55 0.03386540120793788
56 0.03451251078515962
57 0.036022433132010354
58 0.03710094909404659
59 0.039473684210526314
60 0.03968938740293356
61 0.042493528904227786
62 0.04378774805867127
63 0.045944779982743746
64 0.04918032786885246
65 0.051984469370146676
66 0.055220017256255395
67 0.05737704918032787
68 0.06104400345125108
69 0.06255392579810182
70 0.06276962899050906
71 0.06255392579810182
72 0.06535806729939603
73 0.06859361518550475
74 0.06945642795513374
75 0.06924072476272648
76 0.07031924072476273
77 0.07398619499568594
78 0.07722174288179465
79 0.07959447799827438
80 0.0811044003451251
81 0.08347713546160483
82 0.08822260569456428
83 0.08757549611734254
84 0.09167385677308024
85 0.09275237273511648
86 0.09749784296807593
87 0.09943917169974116
88 0.10310612597066436
89 0.10440034512510785
90 0.11044003451251079
91 0.11691113028472822
92 0.12122519413287317
93 0.12532355478861087
94 0.12791199309749784
95 0.13114754098360656
96 0.13761863675582398
97 0.14344262295081966
98 0.14883520276100087
99 0.15314926660914582
100 0.159404659188956
101 0.16458153580672993
102 0.17105263157894737
103 0.1757981018119068
104 0.18183779119930976
105 0.19003451251078515
106 0.19866264020707505
107 0.2034081104400345
108 0.2070750647109577
109 0.21160483175150993
110 0.21958584987057808
111 0.22842968075927525
112 0.2355478861087144
113 0.23835202761000862
114 0.24892148403796377
115 0.25927523727351165
116 0.26639344262295084
117 0.271786022433132
118 0.274374460742019
119 0.2789042277825712
120 0.2862381363244176
121 0.2907679033649698
122 0.29788610871440896
123 0.3056514236410699
124 0.31233822260569455
125 0.317083692838654
126 0.3261432269197584
127 0.33045729076790337
128 0.3345556514236411
129 0.34037963761863677
130 0.3485763589301122
131 0.3513805004314064
132 0.3617342536669543
133 0.3684210526315789
134 0.3815789473684211
135 0.3856773080241588
136 0.3955996548748921
137 0.39926660914581535
138 0.40379637618636754
139 0.4089732528041415
140 0.42062122519413286
141 0.42924935289042276
142 0.4327006039689387
143 0.43787748058671266
144 0.44456427955133737
145 0.45319240724762727
146 0.4628990509059534
147 0.46613459879206215
148 0.4719585849870578
149 0.48037100949094047
150 0.47929249352890424
151 0.4887834339948231
152 0.4954702329594478
153 0.5071182053494392
154 0.5107851596203624
155 0.5220017256255393
156 0.525237273511648
157 0.5368852459016393
158 0.5409836065573771
159 0.5481018119068162
160 0.5532786885245902
161 0.5621225194132873
162 0.5683779119930975
163 0.5724762726488352
164 0.5811044003451251
165 0.5852027610008628
166 0.5877911993097498
167 0.5953408110440035
168 0.5998705780845557
169 0.6015962036238136
170 0.6061259706643658
171 0.6108714408973253
172 0.6110871440897325
173 0.6210094909404659
174 0.6266177739430544
175 0.6326574633304572
176 0.6374029335634167
177 0.6453839516824849
178 0.6464624676445211
179 0.6453839516824849
180 0.6440897325280415
181 0.6455996548748921
182 0.6486194995685937
183 0.6535806729939603
184 0.6574633304572908
185 0.657679033649698
186 0.6684641932700603
187 0.6725625539257981
188 0.6734253666954271
189 0.674288179465056
190 0.682053494391717
191 0.6822691975841243
192 0.6865832614322692
193 0.6932700603968939
194 0.6934857635893011
195 0.6984469370146679
196 0.7016824849007766
197 0.6993097497842968
198 0.7014667817083693
199 0.706427955133736
200 0.704702329594478
201 0.7070750647109577
202 0.706427955133736
203 0.7090163934426229
204 0.7146246764452114
205 0.7161345987920621
206 0.7185073339085418
207 0.7200172562553926
208 0.7249784296807593
209 0.7208800690250216
210 0.7243313201035375
211 0.724762726488352
212 0.7277825711820535
213 0.7228213977566867
214 0.7262726488352028
215 0.7301553062985332
216 0.7260569456427955
217 0.7305867126833477
218 0.7310181190681622
219 0.7368421052631579
220 0.7361949956859362
221 0.7344693701466781
222 0.7286453839516824
223 0.7366264020707507
224 0.7372735116479724
225 0.7387834339948232
226 0.7396462467644521
227 0.7329594477998275
228 0.729076790336497
229 0.729076790336497
230 0.7236842105263158
231 0.729076790336497
232 0.7340379637618637
233 0.7364106988783434
234 0.7405090595340811
235 0.7394305435720449
236 0.7310181190681622
237 0.7314495254529767
238 0.7379206212251941
239 0.7415875754961173
240 0.7400776531492667
241 0.7441760138050043
242 0.7452545297670405
243 0.7428817946505608
244 0.748274374460742
245 0.7497842968075927
246 0.753451251078516
247 0.7556082830025884
248 0.7603537532355479
249 0.7601380500431406
250 0.7553925798101812
251 0.7549611734253667
252 0.755176876617774
253 0.7564710957722174
254 0.7579810181190682
255 0.7566867989646247
256 0.7553925798101812
257 0.7607851596203624
258 0.7599223468507333
259 0.7650992234685073
260 0.7622950819672131
261 0.7605694564279551
262 0.7584124245038827
263 0.7610008628127696
264 0.7592752372735116
265 0.7605694564279551
266 0.7635893011216566
267 0.7584124245038827
268 0.7577653149266609
269 0.7547454702329595
270 0.7620793787748059
271 0.7668248490077653
272 0.7644521138912856
273 0.7668248490077653
274 0.7702761000862812
275 0.7732959447799828
276 0.7696289905090595
277 0.7687661777394306
278 0.7700603968938741
279 0.7661777394305436
280 0.769197584124245
281 0.7724331320103538
282 0.771786022433132
283 0.7702761000862812
284 0.7741587575496117
285 0.771786022433132
286 0.7741587575496117
287 0.7722174288179465
288 0.7730802415875755
289 0.772648835202761
290 0.7715703192407247
291 0.774374460742019
292 0.7730802415875755
293 0.7730802415875755
294 0.7618636755823986
295 0.7620793787748059
296 0.7668248490077653
297 0.7672562553925798
298 0.77351164797239
299 0.7720017256255393
300 0.7696289905090595
301 0.77351164797239
302 0.77351164797239
303 0.774374460742019
304 0.77351164797239
305 0.7732959447799828
306 0.7737273511647972
307 0.772648835202761
308 0.7702761000862812
309 0.7642364106988784
310 0.7571182053494392
311 0.7594909404659189
312 0.7581967213114754
313 0.765746333045729
314 0.7663934426229508
315 0.7698446937014668
316 0.7756686798964625
317 0.7741587575496117
318 0.7732959447799828
319 0.7795513373597929
320 0.7763157894736842
321 0.7698446937014668
322 0.7635893011216566
323 0.7694132873166523
324 0.7666091458153581
325 0.7748058671268335
326 0.775237273511648
327 0.7754529767040552
328 0.770923209663503
329 0.7728645383951682
330 0.7711389128559103
331 0.7821397756686799
332 0.7840811044003452
333 0.7793356341673857
334 0.7748058671268335
335 0.7655306298533219
336 0.7666091458153581
337 0.7640207075064711
338 0.7663934426229508
339 0.7670405522001725
340 0.7631578947368421
341 0.756039689387403
342 0.7653149266609146
343 0.7597066436583262
344 0.7612165660051768
345 0.7605694564279551
346 0.765746333045729
347 0.7640207075064711
348 0.7650992234685073
349 0.7655306298533219
350 0.7653149266609146
351 0.7648835202761001
352 0.7635893011216566
353 0.7674719585849871
354 0.770923209663503
355 0.771786022433132
356 0.7715703192407247
357 0.7730802415875755
358 0.7750215703192407
359 0.775237273511648
360 0.7748058671268335
361 0.7763157894736842
362 0.7761000862812769
363 0.7756686798964625
364 0.777825711820535
365 0.7786885245901639
366 0.7771786022433133
367 0.7741587575496117
368 0.7713546160483176
369 0.7748058671268335
370 0.7786885245901639
371 0.7795513373597929
372 0.7793356341673857
373 0.7797670405522001
374 0.7795513373597929
375 0.777825711820535
376 0.7793356341673857
377 0.7780414150129422
378 0.7761000862812769
379 0.7739430543572045
380 0.7748058671268335
381 0.7782571182053495
382 0.7789042277825712
383 0.7842968075927523
384 0.7862381363244176
385 0.7812769628990509
386 0.7761000862812769
387 0.780414150129422
388 0.7834339948231234
389 0.7849439171699741
390 0.7838654012079379
391 0.7849439171699741
392 0.7866695427092321
393 0.7838654012079379
394 0.7834339948231234
395 0.7858067299396031
396 0.7838654012079379
397 0.7830025884383088
398 0.7830025884383088
399 0.7821397756686799
400 0.7808455565142364
401 0.7862381363244176
402 0.7896893874029336
403 0.7845125107851596
404 0.7776100086281277
405 0.7724331320103538
406 0.7737273511647972
407 0.7795513373597929
408 0.7713546160483176
409 0.7780414150129422
410 0.7851596203623814
411 0.7845125107851596
412 0.7873166522864539
413 0.7838654012079379
414 0.7812769628990509
415 0.7883951682484901
416 0.7909836065573771
417 0.7899050905953409
418 0.7862381363244176
419 0.7860224331320104
420 0.7838654012079379
421 0.790120793787748
422 0.7950819672131147
423 0.7907679033649698
424 0.7957290767903364
425 0.7981018119068162
426 0.7996117342536669
427 0.7959447799827437
428 0.7976704055220017
429 0.7942191544434858
430 0.7871009490940466
431 0.7836496980155306
432 0.7838654012079379
433 0.7830025884383088
434 0.7847282139775669
435 0.7795513373597929
436 0.7799827437446074
437 0.7756686798964625
438 0.7745901639344263
439 0.7687661777394306
440 0.7672562553925798
441 0.7730802415875755
442 0.7771786022433133
443 0.7767471958584987
444 0.77351164797239
445 0.7720017256255393
446 0.7687661777394306
447 0.7728645383951682
448 0.7799827437446074
449 0.7842968075927523
450 0.7892579810181191
451 0.7879637618636756
452 0.7877480586712683
453 0.7830025884383088
454 0.7789042277825712
455 0.777825711820535
456 0.7782571182053495
457 0.7786885245901639
458 0.7784728213977566
459 0.7767471958584987
460 0.7776100086281277
461 0.7789042277825712
462 0.7773943054357204
463 0.7730802415875755
464 0.772648835202761
465 0.7745901639344263
466 0.7801984469370147
467 0.7817083692838654
468 0.7793356341673857
469 0.7791199309749784
470 0.7782571182053495
471 0.7853753235547886
472 0.7860224331320104
473 0.7871009490940466
474 0.7903364969801553
475 0.7899050905953409
476 0.7933563416738568
477 0.7946505608283002
478 0.801337359792925
479 0.7989646246764452
480 0.7970232959447799
481 0.7924935289042278
482 0.7909836065573771
483 0.7899050905953409
484 0.7888265746333045
485 0.7892579810181191
486 0.7896893874029336
487 0.7860224331320104
488 0.7845125107851596
489 0.7834339948231234
490 0.7832182916307161
491 0.7812769628990509
492 0.7825711820534944
493 0.7855910267471958
494 0.7786885245901639
495 0.7849439171699741
496 0.7840811044003452
497 0.7905522001725626
498 0.7858067299396031
499 0.7879637618636756
500 0.7896893874029336
501 0.7890422778257118
502 0.7888265746333045
503 0.7886108714408974
504 0.7929249352890423
505 0.7929249352890423
506 0.7862381363244176
507 0.7823554788610871
508 0.7853753235547886
509 0.7918464193270061
510 0.7851596203623814
511 0.7875323554788611
512 0.7860224331320104
513 0.7875323554788611
514 0.7931406384814496
515 0.795297670405522
516 0.7922778257118205
517 0.7896893874029336
518 0.7918464193270061
519 0.7937877480586712
520 0.794434857635893
521 0.7931406384814496
522 0.7972389991371872
523 0.7972389991371872
524 0.7937877480586712
525 0.7911993097497843
526 0.7911993097497843
527 0.7929249352890423
528 0.7911993097497843
529 0.801337359792925
530 0.7918464193270061
531 0.7894736842105263
532 0.7868852459016393
533 0.7892579810181191
534 0.7853753235547886
535 0.7864538395168249
536 0.7855910267471958
537 0.7849439171699741
538 0.7890422778257118
539 0.796160483175151
540 0.7940034512510785
541 0.7892579810181191
542 0.7883951682484901
543 0.7845125107851596
544 0.7847282139775669
545 0.7836496980155306
546 0.7860224331320104
547 0.7907679033649698
548 0.7896893874029336
549 0.7883951682484901
550 0.7888265746333045
551 0.7886108714408974
552 0.7883951682484901
553 0.7909836065573771
554 0.7946505608283002
555 0.8028472821397756
556 0.8000431406384815
557 0.8006902502157032
558 0.8062985332182916
559 0.8026315789473685
560 0.8030629853321829
561 0.8000431406384815
562 0.7959447799827437
563 0.794434857635893
564 0.7864538395168249
565 0.7896893874029336
566 0.7864538395168249
567 0.7877480586712683
568 0.7873166522864539
569 0.7858067299396031
570 0.7814926660914582
571 0.7801984469370147
572 0.7832182916307161
573 0.7823554788610871
574 0.7797670405522001
575 0.7784728213977566
576 0.7834339948231234
577 0.7739430543572045
578 0.775237273511648
579 0.7732959447799828
580 0.7773943054357204
581 0.7737273511647972
582 0.7698446937014668
583 0.7784728213977566
584 0.7834339948231234
585 0.7909836065573771
586 0.7896893874029336
587 0.7823554788610871
588 0.7827868852459017
589 0.7821397756686799
590 0.7823554788610871
591 0.7894736842105263
592 0.7890422778257118
593 0.7838654012079379
594 0.7817083692838654
595 0.7871009490940466
596 0.7817083692838654
597 0.7789042277825712
598 0.7817083692838654
599 0.7784728213977566
600 0.7767471958584987
601 0.780414150129422
602 0.7836496980155306
603 0.7871009490940466
604 0.7883951682484901
605 0.7888265746333045
606 0.7853753235547886
607 0.7853753235547886
608 0.7827868852459017
609 0.7864538395168249
610 0.7858067299396031
611 0.7817083692838654
612 0.7858067299396031
613 0.790120793787748
614 0.7858067299396031
615 0.7849439171699741
616 0.7834339948231234
617 0.7830025884383088
618 0.7819240724762726
619 0.7810612597066436
620 0.7819240724762726
621 0.7823554788610871
622 0.7838654012079379
623 0.7827868852459017
624 0.772648835202761
625 0.7808455565142364
626 0.7793356341673857
627 0.7814926660914582
628 0.7909836065573771
629 0.7955133735979293
630 0.7916307161345988
631 0.7892579810181191
632 0.796160483175151
633 0.7911993097497843
634 0.7914150129421915
635 0.7918464193270061
636 0.792709232096635
637 0.7905522001725626
638 0.7877480586712683
639 0.7881794650560828
640 0.7903364969801553
641 0.7896893874029336
642 0.7946505608283002
643 0.7957290767903364
644 0.7907679033649698
645 0.793572044866264
646 0.7950819672131147
647 0.7959447799827437
648 0.7959447799827437
649 0.792709232096635
650 0.7842968075927523
651 0.7860224331320104
652 0.7860224331320104
653 0.7877480586712683
654 0.7845125107851596
655 0.7864538395168249
656 0.7868852459016393
657 0.7914150129421915
658 0.7946505608283002
659 0.7909836065573771
660 0.7946505608283002
661 0.7950819672131147
662 0.7946505608283002
663 0.7959447799827437
664 0.7853753235547886
665 0.7855910267471958
666 0.7868852459016393
667 0.7950819672131147
668 0.7929249352890423
669 0.7940034512510785
670 0.7983175150992234
671 0.8011216566005177
672 0.7959447799827437
673 0.7940034512510785
674 0.7907679033649698
675 0.7920621225194133
676 0.7946505608283002
677 0.796160483175151
678 0.7974547023295945
679 0.8006902502157032
680 0.8030629853321829
681 0.8088869715271786
682 0.8045729076790337
683 0.8045729076790337
684 0.8026315789473685
685 0.8011216566005177
686 0.7968075927523728
687 0.7968075927523728
688 0.7972389991371872
689 0.795297670405522
690 0.7993960310612597
691 0.7985332182916307
692 0.7989646246764452
693 0.7957290767903364
694 0.7991803278688525
695 0.8034943917169974
696 0.8039257981018119
697 0.7963761863675582
698 0.7974547023295945
699 0.7963761863675582
700 0.7950819672131147
