1 0.0004314063848144953
2 0.0004314063848144953
3 0.0004314063848144953
4 0.00021570319240724764
5 0.0008628127696289905
6 0.0012942191544434857
7 0.0021570319240724763
8 0.0028041415012942193
9 0.003882657463330457
10 0.004745470232959448
11 0.006255392579810181
12 0.007549611734253667
13 0.00819672131147541
14 0.010138050043140638
15 0.011647972389991372
16 0.013805004314063849
17 0.015746333045729078
18 0.016824849007765316
19 0.018334771354616048
20 0.019628990509059533
21 0.023080241587575497
22 0.025021570319240724
23 0.026531492666091457
24 0.029767040552200173
25 0.0321397756686799
26 0.03386540120793788
27 0.035806729939603106
28 0.040120793787748056
29 0.045081967213114756
30 0.04831751509922347
31 0.05220017256255392
32 0.055220017256255395
33 0.059534081104400345
34 0.06169111302847282
35 0.06622088006902502
36 0.07096635030198446
37 0.07635893011216566
38 0.08175150992234685
39 0.08865401207937877
40 0.09447799827437446
41 0.10116479723899914
42 0.10742018981880933
43 0.11259706643658327
44 0.1186367558239862
45 0.12618636755823986
46 0.13157894736842105
47 0.1371872303710095
48 0.14257981018119067
49 0.14840379637618636
50 0.15681622088006902
51 0.16285591026747195
52 0.16997411561691114
53 0.17687661777394306
54 0.18766177739430542
55 0.19542709232096636
56 0.2034081104400345
57 0.21160483175150993
58 0.2215271786022433
59 0.22842968075927525
60 0.2372735116479724
61 0.25021570319240727
62 0.25345125107851596
63 0.2644521138912856
64 0.27200172562553926
65 0.27825711820534943
66 0.2845125107851596
67 0.28904227782571185
68 0.29335634167385677
69 0.3043572044866264
70 0.31622088006902505
71 0.3300258843830889
72 0.33628127696289906
73 0.3438308886971527
74 0.3528904227782571
75 0.35677308024158755
76 0.362381363244176
77 0.3669111302847282
78 0.3744607420189819
79 0.3830888697152718
80 0.38352027610008627
81 0.3912855910267472
82 0.40056082830025885
83 0.40207075064710956
84 0.40832614322691974
85 0.41911130284728215
86 0.4257981018119068
87 0.4324849007765315
88 0.4400345125107852
89 0.4501725625539258
90 0.45405522001725623
91 0.45621225194132875
92 0.4633304572907679
93 0.46484037963761865
94 0.47389991371872303
95 0.48080241587575495
96 0.49158757549611737
97 0.4967644521138913
98 0.5032355478861087
99 0.5112165660051768
100 0.5140207075064711
101 0.5163934426229508
102 0.5256686798964625
103 0.5375323554788611
104 0.5379637618636756
105 0.5377480586712683
106 0.5429249352890423
107 0.5483175150992234
108 0.5504745470232959
109 0.5556514236410699
110 0.5619068162208801
111 0.5664365832614323
112 0.5681622088006902
113 0.5742018981880932
114 0.5800258843830889
115 0.5791630716134599
116 0.5836928386540121
117 0.5858498705780846
118 0.5903796376186368
119 0.5996548748921484
120 0.6022433132010354
121 0.6113028472821398
122 0.6175582398619499
123 0.6199309749784296
124 0.6261863675582399
125 0.6283433994823123
126 0.6343830888697153
127 0.6352459016393442
128 0.6365401207937877
129 0.6406384814495254
130 0.6436583261432269
131 0.6404227782571182
132 0.6490509059534081
133 0.6527178602243313
134 0.6568162208800691
135 0.6505608283002589
136 0.6544434857635893
137 0.6596203623813632
138 0.6578947368421053
139 0.663718723037101
140 0.6682484900776532
141 0.6667385677308024
142 0.6706212251941329
143 0.6719154443485763
144 0.6732096635030198
145 0.6719154443485763
146 0.6745038826574633
147 0.6760138050043141
148 0.6764452113891286
149 0.6779551337359793
150 0.6738567730802416
151 0.676876617773943
152 0.676876617773943
153 0.6818377911993098
154 0.6835634167385677
155 0.682053494391717
156 0.6788179465056083
157 0.67946505608283
158 0.6859361518550474
159 0.688955996548749
160 0.6932700603968939
161 0.6995254529767041
162 0.7010353753235548
163 0.7003882657463331
164 0.7025452976704055
165 0.7118205349439172
166 0.7176445211389129
167 0.7167817083692839
168 0.7148403796376186
169 0.7219585849870578
170 0.7234685073339086
171 0.722174288179465
172 0.7249784296807593
173 0.7301553062985332
174 0.7297238999137188
175 0.727351164797239
176 0.7297238999137188
177 0.7260569456427955
178 0.7297238999137188
179 0.7349007765314927
180 0.7370578084555651
181 0.7333908541846419
182 0.7396462467644521
183 0.7400776531492667
184 0.7435289042277826
185 0.7418032786885246
186 0.7409404659188956
187 0.7336065573770492
188 0.7288610871440897
189 0.7338222605694564
190 0.7364106988783434
191 0.7424503882657464
192 0.7353321829163072
193 0.7336065573770492
194 0.7346850733390854
195 0.7329594477998275
196 0.7361949956859362
197 0.7361949956859362
198 0.74137187230371
199 0.7383520276100086
200 0.7400776531492667
201 0.74137187230371
202 0.7461173425366695
203 0.7461173425366695
204 0.7493528904227783
205 0.7528041415012943
206 0.7484900776531492
207 0.7480586712683348
208 0.7463330457290768
209 0.74137187230371
210 0.7385677308024159
211 0.7392148403796376
212 0.7402933563416738
213 0.7381363244176014
214 0.747411561691113
215 0.7528041415012943
216 0.7497842968075927
217 0.7523727351164797
218 0.7540983606557377
219 0.7521570319240725
220 0.7553925798101812
221 0.7566867989646247
222 0.7502157031924073
223 0.7558239861949957
224 0.752588438308887
225 0.7556082830025884
226 0.7538826574633305
227 0.7528041415012943
228 0.7523727351164797
229 0.7594909404659189
230 0.7607851596203624
231 0.7640207075064711
232 0.7627264883520276
233 0.7687661777394306
234 0.7758843830888698
235 0.7773943054357204
236 0.7741587575496117
237 0.7776100086281277
238 0.7739430543572045
239 0.7730802415875755
240 0.7722174288179465
241 0.7711389128559103
242 0.7707075064710958
243 0.7737273511647972
244 0.7720017256255393
245 0.7739430543572045
246 0.7761000862812769
247 0.7728645383951682
248 0.7674719585849871
249 0.7694132873166523
250 0.7694132873166523
251 0.776962899050906
252 0.77351164797239
253 0.7786885245901639
254 0.7821397756686799
255 0.7817083692838654
256 0.7784728213977566
257 0.7761000862812769
258 0.7773943054357204
259 0.770923209663503
260 0.7767471958584987
261 0.7670405522001725
262 0.7696289905090595
263 0.7763157894736842
264 0.7737273511647972
265 0.7724331320103538
266 0.7763157894736842
267 0.7715703192407247
268 0.7650992234685073
269 0.7681190681622088
270 0.7653149266609146
271 0.7603537532355479
272 0.7627264883520276
273 0.7620793787748059
274 0.7599223468507333
275 0.7646678170836928
276 0.7635893011216566
277 0.7663934426229508
278 0.7741587575496117
279 0.7745901639344263
280 0.7741587575496117
281 0.770923209663503
282 0.7739430543572045
283 0.7795513373597929
284 0.7795513373597929
285 0.7838654012079379
286 0.7795513373597929
287 0.7806298533218292
288 0.7832182916307161
289 0.7801984469370147
290 0.775237273511648
291 0.7732959447799828
292 0.7761000862812769
293 0.7776100086281277
294 0.7750215703192407
295 0.765746333045729
296 0.7648835202761001
297 0.7618636755823986
298 0.7616479723899914
299 0.7640207075064711
300 0.7663934426229508
301 0.7661777394305436
302 0.7627264883520276
303 0.7640207075064711
304 0.7689818809318378
305 0.770923209663503
306 0.7728645383951682
307 0.7655306298533219
308 0.7590595340811044
309 0.7597066436583262
310 0.7601380500431406
311 0.7642364106988784
312 0.7689818809318378
313 0.7722174288179465
314 0.7767471958584987
315 0.7767471958584987
316 0.7789042277825712
317 0.7834339948231234
318 0.7888265746333045
319 0.7896893874029336
320 0.7873166522864539
321 0.7821397756686799
322 0.780414150129422
323 0.7855910267471958
324 0.7864538395168249
325 0.7810612597066436
326 0.7748058671268335
327 0.77351164797239
328 0.7758843830888698
329 0.7732959447799828
330 0.7730802415875755
331 0.77351164797239
332 0.7724331320103538
333 0.7739430543572045
334 0.7761000862812769
335 0.7745901639344263
336 0.7771786022433133
337 0.7842968075927523
338 0.7864538395168249
339 0.7881794650560828
340 0.7851596203623814
341 0.7819240724762726
342 0.7819240724762726
343 0.7801984469370147
344 0.7821397756686799
345 0.777825711820535
346 0.7789042277825712
347 0.7821397756686799
348 0.7838654012079379
349 0.7860224331320104
350 0.7871009490940466
351 0.7812769628990509
352 0.7780414150129422
353 0.7773943054357204
354 0.7797670405522001
355 0.7808455565142364
356 0.7780414150129422
357 0.7750215703192407
358 0.7806298533218292
359 0.7795513373597929
360 0.7825711820534944
361 0.7791199309749784
362 0.777825711820535
363 0.7814926660914582
364 0.7799827437446074
365 0.777825711820535
366 0.772648835202761
367 0.7817083692838654
368 0.7853753235547886
369 0.7888265746333045
370 0.7842968075927523
371 0.7832182916307161
372 0.7868852459016393
373 0.7851596203623814
374 0.7830025884383088
375 0.7810612597066436
376 0.7823554788610871
377 0.7836496980155306
378 0.7830025884383088
379 0.7808455565142364
380 0.7782571182053495
381 0.7782571182053495
382 0.7836496980155306
383 0.7842968075927523
384 0.7838654012079379
385 0.7838654012079379
386 0.7877480586712683
387 0.7896893874029336
388 0.7871009490940466
389 0.7881794650560828
390 0.7845125107851596
391 0.7858067299396031
392 0.7875323554788611
393 0.7886108714408974
394 0.7851596203623814
395 0.7763157894736842
396 0.777825711820535
397 0.7810612597066436
398 0.7840811044003452
399 0.7832182916307161
400 0.7827868852459017
401 0.7871009490940466
402 0.7909836065573771
403 0.7851596203623814
404 0.7911993097497843
405 0.7834339948231234
406 0.7866695427092321
407 0.7894736842105263
408 0.7892579810181191
409 0.7877480586712683
410 0.7866695427092321
411 0.7875323554788611
412 0.7892579810181191
413 0.7877480586712683
414 0.7840811044003452
415 0.7847282139775669
416 0.7827868852459017
417 0.7817083692838654
418 0.7827868852459017
419 0.7834339948231234
420 0.7840811044003452
421 0.7834339948231234
422 0.7888265746333045
423 0.7806298533218292
424 0.7858067299396031
425 0.7879637618636756
426 0.7911993097497843
427 0.794434857635893
428 0.7968075927523728
429 0.7946505608283002
430 0.7957290767903364
431 0.795297670405522
432 0.7972389991371872
433 0.8043572044866264
434 0.801337359792925
435 0.8019844693701467
436 0.8028472821397756
437 0.8017687661777394
438 0.7950819672131147
439 0.7957290767903364
440 0.7903364969801553
441 0.7868852459016393
442 0.7847282139775669
443 0.7832182916307161
444 0.7877480586712683
445 0.7929249352890423
446 0.7965918895599655
447 0.7924935289042278
448 0.7948662640207075
449 0.7955133735979293
450 0.7905522001725626
451 0.7890422778257118
452 0.7916307161345988
453 0.793572044866264
454 0.7879637618636756
455 0.7931406384814496
456 0.7860224331320104
457 0.7849439171699741
458 0.7866695427092321
459 0.7812769628990509
460 0.7886108714408974
461 0.7849439171699741
462 0.7873166522864539
463 0.7903364969801553
464 0.7914150129421915
465 0.795297670405522
466 0.7959447799827437
467 0.7993960310612597
468 0.8032786885245902
469 0.8011216566005177
470 0.7974547023295945
471 0.7955133735979293
472 0.8011216566005177
473 0.8019844693701467
474 0.8052200172562554
475 0.797886108714409
476 0.8022001725625539
477 0.8006902502157032
478 0.801337359792925
479 0.7974547023295945
480 0.7998274374460742
481 0.8017687661777394
482 0.7940034512510785
483 0.7968075927523728
484 0.7916307161345988
485 0.7968075927523728
486 0.795297670405522
487 0.793572044866264
488 0.7920621225194133
489 0.7903364969801553
490 0.790120793787748
491 0.7890422778257118
492 0.7892579810181191
493 0.7834339948231234
494 0.7894736842105263
495 0.7855910267471958
496 0.7860224331320104
497 0.7877480586712683
498 0.7873166522864539
499 0.7924935289042278
500 0.7871009490940466
501 0.7875323554788611
502 0.7853753235547886
503 0.7940034512510785
504 0.7957290767903364
505 0.7851596203623814
506 0.7970232959447799
507 0.7963761863675582
508 0.8030629853321829
509 0.8069456427955134
510 0.8015530629853321
511 0.7965918895599655
512 0.796160483175151
513 0.8000431406384815
514 0.8026315789473685
515 0.795297670405522
516 0.7963761863675582
517 0.7931406384814496
518 0.7955133735979293
519 0.7985332182916307
520 0.7963761863675582
521 0.7903364969801553
522 0.7933563416738568
523 0.7948662640207075
524 0.7881794650560828
525 0.7886108714408974
526 0.7888265746333045
527 0.7905522001725626
528 0.7920621225194133
529 0.7890422778257118
530 0.7845125107851596
531 0.7840811044003452
532 0.7832182916307161
533 0.7873166522864539
534 0.7847282139775669
535 0.7797670405522001
536 0.7741587575496117
537 0.7801984469370147
538 0.776962899050906
539 0.7806298533218292
540 0.7823554788610871
541 0.7795513373597929
542 0.7789042277825712
543 0.7823554788610871
544 0.7840811044003452
545 0.7899050905953409
546 0.7911993097497843
547 0.7886108714408974
548 0.7827868852459017
549 0.7849439171699741
550 0.7866695427092321
551 0.7892579810181191
552 0.7875323554788611
553 0.7842968075927523
554 0.7836496980155306
555 0.7780414150129422
556 0.7756686798964625
557 0.7748058671268335
558 0.7756686798964625
559 0.7771786022433133
560 0.776962899050906
561 0.7808455565142364
562 0.7799827437446074
563 0.7808455565142364
564 0.7776100086281277
565 0.7827868852459017
566 0.7814926660914582
567 0.7791199309749784
568 0.7784728213977566
569 0.7801984469370147
570 0.7799827437446074
571 0.7758843830888698
572 0.7732959447799828
573 0.776962899050906
574 0.7767471958584987
575 0.777825711820535
576 0.7681190681622088
577 0.7704918032786885
578 0.7713546160483176
579 0.776962899050906
580 0.775237273511648
581 0.7748058671268335
582 0.7765314926660914
583 0.7754529767040552
584 0.7748058671268335
585 0.7754529767040552
586 0.776962899050906
587 0.7799827437446074
588 0.7817083692838654
589 0.774374460742019
590 0.7806298533218292
591 0.7849439171699741
592 0.7877480586712683
593 0.7937877480586712
594 0.7855910267471958
595 0.7810612597066436
596 0.7821397756686799
597 0.7853753235547886
598 0.7832182916307161
599 0.7866695427092321
600 0.7806298533218292
601 0.7797670405522001
602 0.7832182916307161
603 0.7849439171699741
604 0.7801984469370147
605 0.7825711820534944
606 0.7834339948231234
607 0.7836496980155306
608 0.777825711820535
609 0.7756686798964625
610 0.776962899050906
611 0.7799827437446074
612 0.7817083692838654
613 0.7838654012079379
614 0.7862381363244176
615 0.7858067299396031
616 0.7892579810181191
617 0.7911993097497843
618 0.793572044866264
619 0.7879637618636756
620 0.7860224331320104
621 0.7886108714408974
622 0.7942191544434858
623 0.7903364969801553
624 0.7883951682484901
625 0.7970232959447799
626 0.8006902502157032
627 0.7985332182916307
628 0.798748921484038
629 0.796160483175151
630 0.7924935289042278
631 0.7896893874029336
632 0.795297670405522
633 0.7963761863675582
634 0.7940034512510785
635 0.7965918895599655
636 0.7959447799827437
637 0.7920621225194133
638 0.7860224331320104
639 0.7881794650560828
640 0.7860224331320104
641 0.7832182916307161
642 0.7806298533218292
643 0.7860224331320104
644 0.7894736842105263
645 0.7860224331320104
646 0.7860224331320104
647 0.7851596203623814
648 0.7922778257118205
649 0.7965918895599655
650 0.7981018119068162
651 0.7937877480586712
652 0.7929249352890423
653 0.7991803278688525
654 0.7931406384814496
655 0.7959447799827437
656 0.7963761863675582
657 0.7940034512510785
658 0.792709232096635
659 0.7866695427092321
660 0.7883951682484901
661 0.7888265746333045
662 0.7933563416738568
663 0.7888265746333045
664 0.7991803278688525
665 0.7968075927523728
666 0.7916307161345988
667 0.7866695427092321
668 0.7879637618636756
669 0.7873166522864539
670 0.7871009490940466
671 0.7873166522864539
672 0.7862381363244176
673 0.7875323554788611
674 0.7909836065573771
675 0.7899050905953409
676 0.7838654012079379
677 0.7888265746333045
678 0.7905522001725626
679 0.7914150129421915
680 0.7855910267471958
681 0.7866695427092321
682 0.7892579810181191
683 0.7866695427092321
684 0.7864538395168249
685 0.7868852459016393
686 0.7855910267471958
687 0.7845125107851596
688 0.7871009490940466
689 0.7814926660914582
690 0.7780414150129422
691 0.7730802415875755
692 0.7732959447799828
693 0.774374460742019
694 0.7771786022433133
695 0.7758843830888698
696 0.7840811044003452
697 0.7849439171699741
698 0.7881794650560828
699 0.7864538395168249
700 0.7849439171699741
