1 0.00021570319240724764
2 0.0006471095772217428
3 0.0008628127696289905
4 0.001725625539257981
5 0.0030198446937014668
6 0.004961173425366695
7 0.0060396893874029335
8 0.007981018119068163
9 0.0090595340811044
10 0.010353753235547885
11 0.012510785159620362
12 0.015099223468507334
13 0.017040552200172563
14 0.020491803278688523
15 0.022648835202761
16 0.024805867126833477
17 0.02998274374460742
18 0.03364969801553063
19 0.03559102674719586
20 0.04270923209663503
21 0.04637618636755824
22 0.05090595340811044
23 0.05392579810181191
24 0.061259706643658325
25 0.06924072476272648
26 0.07161345987920621
27 0.07959447799827438
28 0.08671268334771355
29 0.091458153580673
30 0.09728213977566869
31 0.10224331320103537
32 0.10698878343399482
33 0.11475409836065574
34 0.12100949094046592
35 0.13114754098360656
36 0.13805004314063848
37 0.1421484037963762
38 0.14646246764452114
39 0.1548748921484038
40 0.1598360655737705
41 0.16997411561691114
42 0.17860224331320104
43 0.18874029335634168
44 0.1934857635893011
45 0.20189818809318377
46 0.21117342536669542
47 0.21850733390854185
48 0.22346850733390855
49 0.22886108714408973
50 0.23705780845556515
51 0.2392148403796376
52 0.24331320103537532
53 0.2528041415012942
54 0.2594909404659189
55 0.2689818809318378
56 0.27631578947368424
57 0.28515962036238135
58 0.29508196721311475
59 0.30220017256255394
60 0.31363244176013805
61 0.3237704918032787
62 0.3285159620362381
63 0.33541846419327004
64 0.3410267471958585
65 0.3455565142364107
66 0.3544003451251079
67 0.362381363244176
68 0.3686367558239862
69 0.37661777394305435
70 0.3783433994823123
71 0.3830888697152718
72 0.388481449525453
73 0.3908541846419327
74 0.4014236410698878
75 0.40789473684210525
76 0.4158757549611734
77 0.4214840379637619
78 0.4288179465056083
79 0.4324849007765315
80 0.4452113891285591
81 0.4527610008628128
82 0.4583692838654012
83 0.46095772217428815
84 0.4628990509059534
85 0.4745470232959448
86 0.4814495254529767
87 0.48533218291630714
88 0.4896462467644521
89 0.4900776531492666
90 0.499137187230371
91 0.5058239861949957
92 0.50862812769629
93 0.5131578947368421
94 0.5232959447799828
95 0.5267471958584987
96 0.5325711820534944
97 0.5349439171699741
98 0.5409836065573771
99 0.5396893874029336
100 0.5446505608283002
101 0.5517687661777394
102 0.5528472821397756
103 0.563632441760138
104 0.5692407247627265
105 0.5716134598792062
106 0.5785159620362381
107 0.582830025884383
108 0.591458153580673
109 0.5938308886971527
110 0.6007333908541846
111 0.5998705780845557
112 0.6054788610871441
113 0.6065573770491803
114 0.6091458153580673
115 0.6134598792062123
116 0.6207937877480587
117 0.6201466781708369
118 0.6248921484037964
119 0.6302847282139775
120 0.6335202761000863
121 0.6281276962899051
122 0.636755823986195
123 0.6382657463330458
124 0.6430112165660051
125 0.649913718723037
126 0.6563848144952545
127 0.6581104400345125
128 0.6596203623813632
129 0.6589732528041415
130 0.663718723037101
131 0.6658757549611735
132 0.6691113028472822
133 0.6706212251941329
134 0.6716997411561692
135 0.6760138050043141
136 0.685504745470233
137 0.6861518550474547
138 0.6824849007765315
139 0.6867989646246765
140 0.6846419327006039
141 0.6874460742018982
142 0.6902502157031924
143 0.688955996548749
144 0.691544434857636
145 0.6990940465918896
146 0.6971527178602244
147 0.7001725625539258
148 0.7042709232096636
149 0.6993097497842968
150 0.7029767040552201
151 0.7090163934426229
152 0.7126833477135461
153 0.7103106125970664
154 0.7131147540983607
155 0.7144089732528042
156 0.7204486626402071
157 0.7204486626402071
158 0.7251941328731665
159 0.724762726488352
160 0.729076790336497
161 0.7295081967213115
162 0.7331751509922347
163 0.7370578084555651
164 0.7424503882657464
165 0.7495685936151855
166 0.7415875754961173
167 0.7437446074201898
168 0.7418032786885246
169 0.7398619499568594
170 0.7396462467644521
171 0.7435289042277826
172 0.7428817946505608
173 0.7459016393442623
174 0.75
175 0.7437446074201898
176 0.7545297670405522
177 0.7493528904227783
178 0.7495685936151855
179 0.7467644521138913
180 0.7443917169974116
181 0.7437446074201898
182 0.7437446074201898
183 0.7489214840379638
184 0.7577653149266609
185 0.7599223468507333
186 0.7605694564279551
187 0.7610008628127696
188 0.7629421915444349
189 0.7635893011216566
190 0.7620793787748059
191 0.7674719585849871
192 0.7728645383951682
193 0.7737273511647972
194 0.772648835202761
195 0.77351164797239
196 0.7685504745470233
197 0.7650992234685073
198 0.7599223468507333
199 0.7614322691975841
200 0.7607851596203624
201 0.7653149266609146
202 0.7650992234685073
203 0.7638050043140638
204 0.7670405522001725
205 0.7653149266609146
206 0.769197584124245
207 0.7676876617773943
208 0.7702761000862812
209 0.7704918032786885
210 0.771786022433132
211 0.7700603968938741
212 0.7668248490077653
213 0.7584124245038827
214 0.765746333045729
215 0.7666091458153581
216 0.7612165660051768
217 0.7605694564279551
218 0.7577653149266609
219 0.7571182053494392
220 0.7597066436583262
221 0.7616479723899914
222 0.7646678170836928
223 0.7704918032786885
224 0.7668248490077653
225 0.7704918032786885
226 0.772648835202761
227 0.768334771354616
228 0.7627264883520276
229 0.7679033649698016
230 0.7605694564279551
231 0.7571182053494392
232 0.7519413287316652
233 0.7618636755823986
234 0.7633735979292493
235 0.7679033649698016
236 0.7672562553925798
237 0.7629421915444349
238 0.7633735979292493
239 0.7616479723899914
240 0.7650992234685073
241 0.7653149266609146
242 0.7635893011216566
243 0.7610008628127696
244 0.7627264883520276
245 0.7648835202761001
246 0.7659620362381363
247 0.7655306298533219
248 0.7610008628127696
249 0.7650992234685073
250 0.7627264883520276
251 0.7638050043140638
252 0.7640207075064711
253 0.7633735979292493
254 0.7650992234685073
255 0.769197584124245
256 0.769197584124245
257 0.7668248490077653
258 0.7698446937014668
259 0.7648835202761001
260 0.7663934426229508
261 0.7676876617773943
262 0.7713546160483176
263 0.7676876617773943
264 0.768334771354616
265 0.7730802415875755
266 0.774374460742019
267 0.7713546160483176
268 0.7732959447799828
269 0.7730802415875755
270 0.77351164797239
271 0.7791199309749784
272 0.7836496980155306
273 0.7871009490940466
274 0.7864538395168249
275 0.7879637618636756
276 0.7894736842105263
277 0.7916307161345988
278 0.7855910267471958
279 0.7907679033649698
280 0.7911993097497843
281 0.7916307161345988
282 0.795297670405522
283 0.7920621225194133
284 0.7920621225194133
285 0.794434857635893
286 0.7931406384814496
287 0.7976704055220017
288 0.7940034512510785
289 0.793572044866264
290 0.7929249352890423
291 0.7933563416738568
292 0.7896893874029336
293 0.7888265746333045
294 0.7905522001725626
295 0.7832182916307161
296 0.7873166522864539
297 0.7860224331320104
298 0.7875323554788611
299 0.790120793787748
300 0.7920621225194133
301 0.7918464193270061
302 0.7883951682484901
303 0.7914150129421915
304 0.7896893874029336
305 0.7911993097497843
306 0.7968075927523728
307 0.7920621225194133
308 0.7948662640207075
309 0.7946505608283002
310 0.794434857635893
311 0.798748921484038
312 0.7993960310612597
313 0.7972389991371872
314 0.7931406384814496
315 0.7881794650560828
316 0.7892579810181191
317 0.7924935289042278
318 0.7914150129421915
319 0.7892579810181191
320 0.7817083692838654
321 0.7817083692838654
322 0.7793356341673857
323 0.7793356341673857
324 0.7838654012079379
325 0.7864538395168249
326 0.7842968075927523
327 0.7851596203623814
328 0.7808455565142364
329 0.780414150129422
330 0.7745901639344263
331 0.7806298533218292
332 0.7786885245901639
333 0.7840811044003452
334 0.7801984469370147
335 0.775237273511648
336 0.7786885245901639
337 0.7724331320103538
338 0.7748058671268335
339 0.7767471958584987
340 0.7825711820534944
341 0.7786885245901639
342 0.7771786022433133
343 0.7715703192407247
344 0.7732959447799828
345 0.7737273511647972
346 0.7765314926660914
347 0.7773943054357204
348 0.7765314926660914
349 0.7827868852459017
350 0.7812769628990509
351 0.7838654012079379
352 0.7875323554788611
353 0.7851596203623814
354 0.7909836065573771
355 0.7911993097497843
356 0.7896893874029336
357 0.7914150129421915
358 0.7855910267471958
359 0.7918464193270061
360 0.7883951682484901
361 0.7909836065573771
362 0.7963761863675582
363 0.7911993097497843
364 0.7924935289042278
365 0.793572044866264
366 0.7909836065573771
367 0.7871009490940466
368 0.7959447799827437
369 0.7974547023295945
370 0.7983175150992234
371 0.7911993097497843
372 0.7896893874029336
373 0.7894736842105263
374 0.7836496980155306
375 0.7847282139775669
376 0.7845125107851596
377 0.790120793787748
378 0.7877480586712683
379 0.7851596203623814
380 0.7840811044003452
381 0.7801984469370147
382 0.7832182916307161
383 0.7823554788610871
384 0.7860224331320104
385 0.7881794650560828
386 0.7825711820534944
387 0.7782571182053495
388 0.7776100086281277
389 0.7756686798964625
390 0.774374460742019
391 0.7741587575496117
392 0.7672562553925798
393 0.7696289905090595
394 0.7773943054357204
395 0.7782571182053495
396 0.7812769628990509
397 0.7819240724762726
398 0.7862381363244176
399 0.7950819672131147
400 0.7922778257118205
401 0.7968075927523728
402 0.8054357204486626
403 0.8006902502157032
404 0.8028472821397756
405 0.8045729076790337
406 0.8041415012942191
407 0.7981018119068162
408 0.7972389991371872
409 0.7903364969801553
410 0.7871009490940466
411 0.7918464193270061
412 0.7991803278688525
413 0.7963761863675582
414 0.7972389991371872
415 0.7957290767903364
416 0.7937877480586712
417 0.7959447799827437
418 0.7883951682484901
419 0.7909836065573771
420 0.7933563416738568
421 0.794434857635893
422 0.7922778257118205
423 0.7955133735979293
424 0.7871009490940466
425 0.7883951682484901
426 0.7873166522864539
427 0.7847282139775669
428 0.792709232096635
429 0.790120793787748
430 0.792709232096635
431 0.7933563416738568
432 0.7998274374460742
433 0.7972389991371872
434 0.7946505608283002
435 0.7989646246764452
436 0.7920621225194133
437 0.7933563416738568
438 0.7974547023295945
439 0.7968075927523728
440 0.798748921484038
441 0.7959447799827437
442 0.7974547023295945
443 0.794434857635893
444 0.7955133735979293
445 0.7931406384814496
446 0.7890422778257118
447 0.7858067299396031
448 0.7832182916307161
449 0.7851596203623814
450 0.7849439171699741
451 0.7808455565142364
452 0.777825711820535
453 0.7780414150129422
454 0.7763157894736842
455 0.772648835202761
456 0.7698446937014668
457 0.7758843830888698
458 0.7713546160483176
459 0.7670405522001725
460 0.7730802415875755
461 0.7756686798964625
462 0.7663934426229508
463 0.7702761000862812
464 0.7702761000862812
465 0.7689818809318378
466 0.7702761000862812
467 0.768334771354616
468 0.7728645383951682
469 0.774374460742019
470 0.7780414150129422
471 0.7862381363244176
472 0.7838654012079379
473 0.7849439171699741
474 0.7860224331320104
475 0.7745901639344263
476 0.7771786022433133
477 0.7812769628990509
478 0.7791199309749784
479 0.7832182916307161
480 0.7821397756686799
481 0.7836496980155306
482 0.777825711820535
483 0.7791199309749784
484 0.772648835202761
485 0.7773943054357204
486 0.7748058671268335
487 0.7776100086281277
488 0.7765314926660914
489 0.7767471958584987
490 0.775237273511648
491 0.7789042277825712
492 0.7799827437446074
493 0.7773943054357204
494 0.7789042277825712
495 0.7832182916307161
496 0.7896893874029336
497 0.7873166522864539
498 0.7838654012079379
499 0.7834339948231234
500 0.7812769628990509
501 0.7862381363244176
502 0.7871009490940466
503 0.7873166522864539
504 0.7832182916307161
505 0.7834339948231234
506 0.7845125107851596
507 0.7810612597066436
508 0.7810612597066436
509 0.7845125107851596
510 0.7786885245901639
511 0.7737273511647972
512 0.775237273511648
513 0.7780414150129422
514 0.7832182916307161
515 0.7855910267471958
516 0.7853753235547886
517 0.7853753235547886
518 0.7877480586712683
519 0.7911993097497843
520 0.7907679033649698
521 0.7879637618636756
522 0.7950819672131147
523 0.796160483175151
524 0.796160483175151
525 0.7914150129421915
526 0.7907679033649698
527 0.7929249352890423
528 0.7858067299396031
529 0.7847282139775669
530 0.7830025884383088
531 0.7842968075927523
532 0.7823554788610871
533 0.7821397756686799
534 0.7890422778257118
535 0.7916307161345988
536 0.7881794650560828
537 0.7845125107851596
538 0.7853753235547886
539 0.7840811044003452
540 0.7858067299396031
541 0.7849439171699741
542 0.7851596203623814
543 0.7905522001725626
544 0.7914150129421915
545 0.7883951682484901
546 0.7881794650560828
547 0.7968075927523728
548 0.7970232959447799
549 0.7937877480586712
550 0.792709232096635
551 0.7877480586712683
552 0.7832182916307161
553 0.7808455565142364
554 0.7806298533218292
555 0.7821397756686799
556 0.7888265746333045
557 0.7881794650560828
558 0.7864538395168249
559 0.7851596203623814
560 0.7758843830888698
561 0.7810612597066436
562 0.7832182916307161
563 0.7832182916307161
564 0.7864538395168249
565 0.7860224331320104
566 0.7842968075927523
567 0.7821397756686799
568 0.7812769628990509
569 0.7864538395168249
570 0.7888265746333045
571 0.7890422778257118
572 0.7853753235547886
573 0.7823554788610871
574 0.7817083692838654
575 0.7838654012079379
576 0.7849439171699741
577 0.7888265746333045
578 0.7881794650560828
579 0.7825711820534944
580 0.7851596203623814
581 0.7877480586712683
582 0.7896893874029336
583 0.7905522001725626
584 0.7873166522864539
585 0.7823554788610871
586 0.7793356341673857
587 0.7793356341673857
588 0.7838654012079379
589 0.7864538395168249
590 0.7890422778257118
591 0.7916307161345988
592 0.7855910267471958
593 0.7864538395168249
594 0.7838654012079379
595 0.7780414150129422
596 0.7834339948231234
597 0.7819240724762726
598 0.7883951682484901
599 0.7920621225194133
600 0.7991803278688525
601 0.798748921484038
602 0.793572044866264
603 0.7886108714408974
604 0.7866695427092321
605 0.7830025884383088
606 0.7819240724762726
607 0.7819240724762726
608 0.7832182916307161
609 0.780414150129422
610 0.7737273511647972
611 0.7713546160483176
612 0.7758843830888698
613 0.7784728213977566
614 0.7812769628990509
615 0.7825711820534944
616 0.7773943054357204
617 0.769197584124245
618 0.7786885245901639
619 0.7840811044003452
620 0.780414150129422
621 0.780414150129422
622 0.7830025884383088
623 0.7808455565142364
624 0.7845125107851596
625 0.7860224331320104
626 0.7808455565142364
627 0.7838654012079379
628 0.7832182916307161
629 0.7907679033649698
630 0.7871009490940466
631 0.7937877480586712
632 0.7983175150992234
633 0.7931406384814496
634 0.7981018119068162
635 0.7965918895599655
636 0.7918464193270061
637 0.7892579810181191
638 0.7946505608283002
639 0.793572044866264
640 0.7914150129421915
641 0.7864538395168249
642 0.7877480586712683
643 0.7866695427092321
644 0.7795513373597929
645 0.7789042277825712
646 0.7823554788610871
647 0.780414150129422
648 0.7823554788610871
649 0.7793356341673857
650 0.776962899050906
651 0.7801984469370147
652 0.7761000862812769
653 0.7825711820534944
654 0.7782571182053495
655 0.7750215703192407
656 0.7789042277825712
657 0.7773943054357204
658 0.7808455565142364
659 0.7894736842105263
660 0.7853753235547886
661 0.7823554788610871
662 0.7817083692838654
663 0.7795513373597929
664 0.7789042277825712
665 0.7853753235547886
666 0.7866695427092321
667 0.7851596203623814
668 0.7875323554788611
669 0.7830025884383088
670 0.7795513373597929
671 0.7840811044003452
672 0.7883951682484901
673 0.7903364969801553
674 0.7907679033649698
675 0.7890422778257118
676 0.7950819672131147
677 0.7937877480586712
678 0.7892579810181191
679 0.7911993097497843
680 0.7892579810181191
681 0.7879637618636756
682 0.7875323554788611
683 0.7840811044003452
684 0.7771786022433133
685 0.775237273511648
686 0.7758843830888698
687 0.7745901639344263
688 0.7732959447799828
689 0.7732959447799828
690 0.7866695427092321
691 0.7896893874029336
692 0.7903364969801553
693 0.7907679033649698
694 0.7907679033649698
695 0.790120793787748
696 0.7894736842105263
697 0.794434857635893
698 0.794434857635893
699 0.7957290767903364
700 0.7914150129421915
