1 0.00021570319240724764
2 0.0004314063848144953
3 0.0006471095772217428
4 0.0010785159620362382
5 0.0012942191544434857
6 0.0021570319240724763
7 0.0028041415012942193
8 0.003451251078515962
9 0.0036669542709232097
10 0.005176876617773943
11 0.005823986194995686
12 0.006902502157031924
13 0.008628127696289905
14 0.01186367558239862
15 0.014667817083692839
16 0.015314926660914581
17 0.016824849007765316
18 0.0181190681622088
19 0.018766177739430543
20 0.020491803278688523
21 0.021570319240724764
22 0.024805867126833477
23 0.026747195858498704
24 0.028472821397756688
25 0.03278688524590164
26 0.037748058671268334
27 0.04163071613459879
28 0.04486626402070751
29 0.04831751509922347
30 0.04810181190681622
31 0.05241587575496117
32 0.05716134598792062
33 0.05974978429680759
34 0.06471095772217429
35 0.06945642795513374
36 0.07204486626402071
37 0.07571182053494392
38 0.0815358067299396
39 0.08520276100086281
40 0.0910267471958585
41 0.0951251078515962
42 0.09879206212251941
43 0.10396893874029335
44 0.1091458153580673
45 0.11540120793787748
46 0.1235979292493529
47 0.12510785159620363
48 0.12877480586712683
49 0.13481449525452976
50 0.14559965487489215
51 0.15271786022433131
52 0.1557377049180328
53 0.1598360655737705
54 0.1680327868852459
55 0.17515099223468508
56 0.18507333908541845
57 0.1915444348576359
58 0.20168248490077653
59 0.20664365832614323
60 0.2133304572907679
61 0.22044866264020707
62 0.22756686798964626
63 0.2336065573770492
64 0.24331320103537532
65 0.250862812769629
66 0.2545297670405522
67 0.26466781708369286
68 0.27243313201035374
69 0.28106125970664364
70 0.292709232096635
71 0.2981018119068162
72 0.30349439171699744
73 0.315358067299396
74 0.3242018981880932
75 0.3287316652286454
76 0.3315358067299396
77 0.3427523727351165
78 0.3513805004314064
79 0.3591458153580673
80 0.36216566005176876
81 0.37057808455565144
82 0.37510785159620363
83 0.3813632441760138
84 0.3882657463330457
85 0.3971095772217429
86 0.4048748921484038
87 0.41824849007765313
88 0.4214840379637619
89 0.42817083692838653
90 0.4372303710094909
91 0.44456427955133737
92 0.4506039689387403
93 0.4525452976704055
94 0.454702329594478
95 0.46225194132873165
96 0.46440897325280417
97 0.4713114754098361
98 0.47497842968075926
99 0.48037100949094047
100 0.4827437446074202
101 0.4859792924935289
102 0.49374460742018983
103 0.500862812769629
104 0.5079810181190682
105 0.5142364106988784
106 0.5174719585849871
107 0.5176876617773943
108 0.5228645383951682
109 0.5261000862812769
110 0.5334339948231234
111 0.5362381363244176
112 0.5496117342536669
113 0.5515530629853321
114 0.5593183779119931
115 0.5640638481449526
116 0.5709663503019845
117 0.5694564279551337
118 0.5761432269197584
119 0.5847713546160483
120 0.5884383088869716
121 0.5931837791199309
122 0.5962036238136325
123 0.5970664365832614
124 0.6007333908541846
125 0.6024590163934426
126 0.6069887834339949
127 0.6100086281276963
128 0.6223037100949094
129 0.6276962899050906
130 0.6296376186367558
131 0.6305004314063848
132 0.6322260569456428
133 0.6309318377911993
134 0.6354616048317515
135 0.6415012942191545
136 0.6453839516824849
137 0.6518550474547024
138 0.6563848144952545
139 0.657679033649698
140 0.657679033649698
141 0.6574633304572908
142 0.6583261432269197
143 0.658541846419327
144 0.6641501294219154
145 0.6727782571182054
146 0.674288179465056
147 0.6844262295081968
148 0.6818377911993098
149 0.6844262295081968
150 0.6883088869715271
151 0.6926229508196722
152 0.6945642795513374
153 0.6941328731665228
154 0.6930543572044866
155 0.6934857635893011
156 0.6954270923209663
157 0.6977998274374461
158 0.6967213114754098
159 0.7034081104400345
160 0.7040552200172563
161 0.7042709232096636
162 0.7083692838654012
163 0.7128990509059534
164 0.7131147540983607
165 0.7133304572907679
166 0.7144089732528042
167 0.7124676445211389
168 0.722174288179465
169 0.7245470232959448
170 0.7238999137187231
171 0.7262726488352028
172 0.7223899913718723
173 0.7217428817946505
174 0.7204486626402071
175 0.7297238999137188
176 0.7279982743744607
177 0.7299396031061259
178 0.728213977566868
179 0.728213977566868
180 0.7346850733390854
181 0.7370578084555651
182 0.7286453839516824
183 0.7372735116479724
184 0.7349007765314927
185 0.7398619499568594
186 0.7359792924935289
187 0.7366264020707507
188 0.7340379637618637
189 0.7383520276100086
190 0.7409404659188956
191 0.7398619499568594
192 0.7389991371872304
193 0.7433132010353753
194 0.7344693701466781
195 0.734253666954271
196 0.7314495254529767
197 0.730802415875755
198 0.7314495254529767
199 0.7385677308024159
200 0.7461173425366695
201 0.7502157031924073
202 0.7493528904227783
203 0.752588438308887
204 0.749137187230371
205 0.7502157031924073
206 0.7484900776531492
207 0.7515099223468508
208 0.7543140638481449
209 0.7543140638481449
210 0.7553925798101812
211 0.7573339085418465
212 0.7573339085418465
213 0.7588438308886971
214 0.7601380500431406
215 0.7646678170836928
216 0.7638050043140638
217 0.7674719585849871
218 0.7696289905090595
219 0.7696289905090595
220 0.7713546160483176
221 0.771786022433132
222 0.7687661777394306
223 0.7679033649698016
224 0.7737273511647972
225 0.7754529767040552
226 0.7761000862812769
227 0.7795513373597929
228 0.7776100086281277
229 0.7814926660914582
230 0.7795513373597929
231 0.7866695427092321
232 0.7823554788610871
233 0.7786885245901639
234 0.7786885245901639
235 0.7793356341673857
236 0.7771786022433133
237 0.7789042277825712
238 0.7763157894736842
239 0.7793356341673857
240 0.7741587575496117
241 0.7776100086281277
242 0.7780414150129422
243 0.7761000862812769
244 0.777825711820535
245 0.7789042277825712
246 0.7873166522864539
247 0.7825711820534944
248 0.7873166522864539
249 0.7838654012079379
250 0.7888265746333045
251 0.7931406384814496
252 0.7989646246764452
253 0.7916307161345988
254 0.7914150129421915
255 0.7946505608283002
256 0.7899050905953409
257 0.7924935289042278
258 0.7894736842105263
259 0.7821397756686799
260 0.7860224331320104
261 0.7864538395168249
262 0.7776100086281277
263 0.7821397756686799
264 0.7877480586712683
265 0.7881794650560828
266 0.7855910267471958
267 0.7875323554788611
268 0.7871009490940466
269 0.7871009490940466
270 0.7823554788610871
271 0.7842968075927523
272 0.7849439171699741
273 0.7830025884383088
274 0.7851596203623814
275 0.7817083692838654
276 0.7793356341673857
277 0.7737273511647972
278 0.7791199309749784
279 0.7836496980155306
280 0.7855910267471958
281 0.7892579810181191
282 0.793572044866264
283 0.7909836065573771
284 0.792709232096635
285 0.7892579810181191
286 0.7860224331320104
287 0.7853753235547886
288 0.7821397756686799
289 0.7780414150129422
290 0.7763157894736842
291 0.774374460742019
292 0.7750215703192407
293 0.7786885245901639
294 0.7812769628990509
295 0.7814926660914582
296 0.7808455565142364
297 0.7810612597066436
298 0.7823554788610871
299 0.7886108714408974
300 0.7873166522864539
301 0.792709232096635
302 0.7911993097497843
303 0.7877480586712683
304 0.7881794650560828
305 0.7881794650560828
306 0.7955133735979293
307 0.7970232959447799
308 0.7950819672131147
309 0.7922778257118205
310 0.7909836065573771
311 0.793572044866264
312 0.7890422778257118
313 0.7914150129421915
314 0.7924935289042278
315 0.7976704055220017
316 0.7916307161345988
317 0.7940034512510785
318 0.7909836065573771
319 0.7851596203623814
320 0.7862381363244176
321 0.7845125107851596
322 0.7823554788610871
323 0.7806298533218292
324 0.7840811044003452
325 0.7832182916307161
326 0.7827868852459017
327 0.7899050905953409
328 0.7922778257118205
329 0.7886108714408974
330 0.7849439171699741
331 0.7819240724762726
332 0.7825711820534944
333 0.7836496980155306
334 0.7784728213977566
335 0.7812769628990509
336 0.7739430543572045
337 0.7773943054357204
338 0.7845125107851596
339 0.7888265746333045
340 0.7881794650560828
341 0.7817083692838654
342 0.7864538395168249
343 0.7832182916307161
344 0.790120793787748
345 0.7830025884383088
346 0.7812769628990509
347 0.7812769628990509
348 0.7883951682484901
349 0.7849439171699741
350 0.7916307161345988
351 0.7937877480586712
352 0.7959447799827437
353 0.794434857635893
354 0.7890422778257118
355 0.790120793787748
356 0.7858067299396031
357 0.7836496980155306
358 0.7823554788610871
359 0.7830025884383088
360 0.7827868852459017
361 0.7840811044003452
362 0.7858067299396031
363 0.7840811044003452
364 0.7830025884383088
365 0.7782571182053495
366 0.7821397756686799
367 0.7849439171699741
368 0.7879637618636756
369 0.7890422778257118
370 0.7903364969801553
371 0.7911993097497843
372 0.7881794650560828
373 0.7871009490940466
374 0.7860224331320104
375 0.7821397756686799
376 0.7920621225194133
377 0.7924935289042278
378 0.7896893874029336
379 0.7892579810181191
380 0.7896893874029336
381 0.7899050905953409
382 0.7873166522864539
383 0.7782571182053495
384 0.7814926660914582
385 0.7763157894736842
386 0.7795513373597929
387 0.7797670405522001
388 0.7799827437446074
389 0.7789042277825712
390 0.7795513373597929
391 0.7855910267471958
392 0.7830025884383088
393 0.7827868852459017
394 0.7821397756686799
395 0.7834339948231234
396 0.7801984469370147
397 0.7817083692838654
398 0.7858067299396031
399 0.777825711820535
400 0.7851596203623814
401 0.7836496980155306
402 0.7845125107851596
403 0.7858067299396031
404 0.7877480586712683
405 0.7866695427092321
406 0.7853753235547886
407 0.7855910267471958
408 0.7877480586712683
409 0.7890422778257118
410 0.7875323554788611
411 0.7916307161345988
412 0.7924935289042278
413 0.7970232959447799
414 0.7959447799827437
415 0.7911993097497843
416 0.7881794650560828
417 0.7877480586712683
418 0.7903364969801553
419 0.7903364969801553
420 0.7920621225194133
421 0.7937877480586712
422 0.7946505608283002
423 0.7970232959447799
424 0.7907679033649698
425 0.7866695427092321
426 0.7866695427092321
427 0.7905522001725626
428 0.7950819672131147
429 0.7888265746333045
430 0.7905522001725626
431 0.7929249352890423
432 0.7998274374460742
433 0.7991803278688525
434 0.8017687661777394
435 0.8026315789473685
436 0.7993960310612597
437 0.7955133735979293
438 0.7931406384814496
439 0.7942191544434858
440 0.7920621225194133
441 0.7922778257118205
442 0.7916307161345988
443 0.7907679033649698
444 0.7871009490940466
445 0.7827868852459017
446 0.7847282139775669
447 0.7845125107851596
448 0.7806298533218292
449 0.7724331320103538
450 0.7715703192407247
451 0.7756686798964625
452 0.780414150129422
453 0.7750215703192407
454 0.7806298533218292
455 0.7793356341673857
456 0.7797670405522001
457 0.780414150129422
458 0.7832182916307161
459 0.7836496980155306
460 0.7899050905953409
461 0.7836496980155306
462 0.7847282139775669
463 0.7827868852459017
464 0.7853753235547886
465 0.7916307161345988
466 0.7920621225194133
467 0.7821397756686799
468 0.7871009490940466
469 0.7883951682484901
470 0.7929249352890423
471 0.790120793787748
472 0.793572044866264
473 0.7868852459016393
474 0.7868852459016393
475 0.7767471958584987
476 0.777825711820535
477 0.7756686798964625
478 0.7758843830888698
479 0.77351164797239
480 0.7765314926660914
481 0.7789042277825712
482 0.7756686798964625
483 0.7750215703192407
484 0.7801984469370147
485 0.7765314926660914
486 0.7761000862812769
487 0.775237273511648
488 0.7771786022433133
489 0.7748058671268335
490 0.7758843830888698
491 0.7784728213977566
492 0.7754529767040552
493 0.7830025884383088
494 0.7881794650560828
495 0.7937877480586712
496 0.7940034512510785
497 0.794434857635893
498 0.795297670405522
499 0.7914150129421915
500 0.7914150129421915
501 0.7922778257118205
502 0.7886108714408974
503 0.7842968075927523
504 0.7888265746333045
505 0.7937877480586712
506 0.7989646246764452
507 0.7931406384814496
508 0.7946505608283002
509 0.7918464193270061
510 0.7965918895599655
511 0.7991803278688525
512 0.7886108714408974
513 0.7886108714408974
514 0.7916307161345988
515 0.7916307161345988
516 0.7883951682484901
517 0.7894736842105263
518 0.7983175150992234
519 0.7920621225194133
520 0.7905522001725626
521 0.7946505608283002
522 0.7881794650560828
523 0.7866695427092321
524 0.7860224331320104
525 0.7868852459016393
526 0.7851596203623814
527 0.7827868852459017
528 0.7830025884383088
529 0.777825711820535
530 0.7793356341673857
531 0.7797670405522001
532 0.7877480586712683
533 0.7903364969801553
534 0.7873166522864539
535 0.7862381363244176
536 0.7832182916307161
537 0.7845125107851596
538 0.7795513373597929
539 0.7821397756686799
540 0.7784728213977566
541 0.7771786022433133
542 0.7750215703192407
543 0.7728645383951682
544 0.7713546160483176
545 0.7741587575496117
546 0.7784728213977566
547 0.7780414150129422
548 0.7782571182053495
549 0.7782571182053495
550 0.7842968075927523
551 0.7830025884383088
552 0.7842968075927523
553 0.7853753235547886
554 0.7868852459016393
555 0.7830025884383088
556 0.7838654012079379
557 0.7849439171699741
558 0.7847282139775669
559 0.7780414150129422
560 0.7754529767040552
561 0.7827868852459017
562 0.7814926660914582
563 0.7827868852459017
564 0.7830025884383088
565 0.7862381363244176
566 0.7812769628990509
567 0.7758843830888698
568 0.7732959447799828
569 0.7730802415875755
570 0.7765314926660914
571 0.7730802415875755
572 0.7754529767040552
573 0.7748058671268335
574 0.7771786022433133
575 0.77351164797239
576 0.7763157894736842
577 0.7795513373597929
578 0.7797670405522001
579 0.7806298533218292
580 0.7851596203623814
581 0.7853753235547886
582 0.776962899050906
583 0.7767471958584987
584 0.7834339948231234
585 0.7836496980155306
586 0.7858067299396031
587 0.7873166522864539
588 0.7881794650560828
589 0.7905522001725626
590 0.7903364969801553
591 0.7899050905953409
592 0.7989646246764452
593 0.793572044866264
594 0.7911993097497843
595 0.7871009490940466
596 0.7892579810181191
597 0.7855910267471958
598 0.7948662640207075
599 0.7965918895599655
600 0.794434857635893
601 0.795297670405522
602 0.7950819672131147
603 0.7905522001725626
604 0.7890422778257118
605 0.7875323554788611
606 0.796160483175151
607 0.8006902502157032
608 0.7972389991371872
609 0.7924935289042278
610 0.7883951682484901
611 0.7840811044003452
612 0.7886108714408974
613 0.7860224331320104
614 0.7888265746333045
615 0.7903364969801553
616 0.7894736842105263
617 0.7914150129421915
618 0.7849439171699741
619 0.7860224331320104
620 0.7786885245901639
621 0.7825711820534944
622 0.7812769628990509
623 0.7806298533218292
624 0.7814926660914582
625 0.7862381363244176
626 0.7853753235547886
627 0.7899050905953409
628 0.7866695427092321
629 0.7830025884383088
630 0.7862381363244176
631 0.7916307161345988
632 0.7858067299396031
633 0.790120793787748
634 0.7888265746333045
635 0.7875323554788611
636 0.7866695427092321
637 0.7862381363244176
638 0.792709232096635
639 0.7981018119068162
640 0.7989646246764452
641 0.8009059534081104
642 0.7985332182916307
643 0.797886108714409
644 0.8032786885245902
645 0.8034943917169974
646 0.798748921484038
647 0.7981018119068162
648 0.7896893874029336
649 0.794434857635893
650 0.7892579810181191
651 0.7920621225194133
652 0.7983175150992234
653 0.796160483175151
654 0.7968075927523728
655 0.790120793787748
656 0.7830025884383088
657 0.7832182916307161
658 0.7782571182053495
659 0.7825711820534944
660 0.7827868852459017
661 0.7855910267471958
662 0.7877480586712683
663 0.7862381363244176
664 0.7799827437446074
665 0.7875323554788611
666 0.7832182916307161
667 0.7830025884383088
668 0.7871009490940466
669 0.7838654012079379
670 0.7797670405522001
671 0.7795513373597929
672 0.7748058671268335
673 0.7825711820534944
674 0.7832182916307161
675 0.7860224331320104
676 0.7894736842105263
677 0.7914150129421915
678 0.7950819672131147
679 0.7957290767903364
680 0.795297670405522
681 0.7920621225194133
682 0.7873166522864539
683 0.7875323554788611
684 0.7888265746333045
685 0.7858067299396031
686 0.7838654012079379
687 0.7886108714408974
688 0.7883951682484901
689 0.7842968075927523
690 0.7808455565142364
691 0.7838654012079379
692 0.7868852459016393
693 0.7883951682484901
694 0.7946505608283002
695 0.8000431406384815
696 0.8000431406384815
697 0.8000431406384815
698 0.7963761863675582
699 0.7914150129421915
700 0.7883951682484901
