1 0.00021570319240724764
2 0.00021570319240724764
3 0.00021570319240724764
4 0.00021570319240724764
5 0.00021570319240724764
6 0.00021570319240724764
7 0.0004314063848144953
8 0.0004314063848144953
9 0.0010785159620362382
10 0.0010785159620362382
11 0.0008628127696289905
12 0.0008628127696289905
13 0.0008628127696289905
14 0.0010785159620362382
15 0.0010785159620362382
16 0.0010785159620362382
17 0.0012942191544434857
18 0.0015099223468507334
19 0.0012942191544434857
20 0.0012942191544434857
21 0.0012942191544434857
22 0.0010785159620362382
23 0.0010785159620362382
24 0.0008628127696289905
25 0.0010785159620362382
26 0.0010785159620362382
27 0.0010785159620362382
28 0.0012942191544434857
29 0.001725625539257981
30 0.0015099223468507334
31 0.001725625539257981
32 0.001725625539257981
33 0.001725625539257981
34 0.0019413287316652286
35 0.0025884383088869713
36 0.0025884383088869713
37 0.0028041415012942193
38 0.0032355478861087143
39 0.003451251078515962
40 0.0045297670405522
41 0.005176876617773943
42 0.005823986194995686
43 0.005823986194995686
44 0.0060396893874029335
45 0.006686798964624676
46 0.007981018119068163
47 0.008843830888697153
48 0.009706643658326143
49 0.00992234685073339
50 0.010569456427955135
51 0.010569456427955135
52 0.011216566005176877
53 0.011432269197584125
54 0.012942191544434857
55 0.013589301121656601
56 0.014236410698878344
57 0.015746333045729078
58 0.017687661777394306
59 0.017471958584987058
60 0.01898188093183779
61 0.018766177739430543
62 0.01984469370146678
63 0.02113891285591027
64 0.02200172562553926
65 0.02351164797238999
66 0.024158757549611734
67 0.02459016393442623
68 0.02545297670405522
69 0.025668679896462467
70 0.02631578947368421
71 0.026747195858498704
72 0.02998274374460742
73 0.031492666091458156
74 0.0321397756686799
75 0.033433994823123384
76 0.03645383951682485
77 0.0362381363244176
78 0.037532355478861086
79 0.04055220017256255
80 0.043356341673856776
81 0.049396031061259706
82 0.05220017256255392
83 0.05349439171699741
84 0.05565142364106989
85 0.061259706643658325
86 0.0642795513373598
87 0.067946505608283
88 0.07204486626402071
89 0.07657463330457291
90 0.08175150992234685
91 0.08757549611734254
92 0.0955565142364107
93 0.09900776531492667
94 0.10612597066436583
95 0.11216566005176877
96 0.11647972389991372
97 0.12553925798101812
98 0.13114754098360656
99 0.14063848144952545
100 0.14883520276100087
101 0.1598360655737705
102 0.16458153580672993
103 0.17040552200172562
104 0.18054357204486626
105 0.1885245901639344
106 0.19305435720448663
107 0.19952545297670404
108 0.21074201898188094
109 0.21850733390854185
110 0.22950819672131148
111 0.23943054357204488
112 0.24827437446074202
113 0.2594909404659189
114 0.2670405522001726
115 0.27329594477998276
116 0.2780414150129422
117 0.28213977566867987
118 0.29508196721311475
119 0.3015530629853322
120 0.31320103537532357
121 0.32312338222605697
122 0.32894736842105265
123 0.3364969801553063
124 0.34943917169974115
125 0.3546160483175151
126 0.36475409836065575
127 0.3716566005176877
128 0.3723037100949094
129 0.37942191544434856
130 0.385893011216566
131 0.38912855910267474
132 0.3958153580672994
133 0.40832614322691974
134 0.41954270923209663
135 0.4275237273511648
136 0.43313201035375326
137 0.43377911993097495
138 0.43917169974115616
139 0.44499568593615185
140 0.454702329594478
141 0.455565142364107
142 0.4633304572907679
143 0.4710957722174288
144 0.479939603106126
145 0.48662640207075064
146 0.49396031061259704
147 0.5
148 0.5081967213114754
149 0.5159620362381363
150 0.5222174288179465
151 0.5327868852459017
152 0.5383951682484901
153 0.5489646246764452
154 0.5545729076790337
155 0.561044003451251
156 0.5634167385677308
157 0.5716134598792062
158 0.5789473684210527
159 0.5785159620362381
160 0.5785159620362381
161 0.5817515099223468
162 0.5875754961173425
163 0.5875754961173425
164 0.5994391716997411
165 0.6024590163934426
166 0.6054788610871441
167 0.6082830025884383
168 0.6102243313201036
169 0.6160483175150993
170 0.6128127696289906
171 0.6188524590163934
172 0.6190681622088007
173 0.6244607420189818
174 0.6274805867126834
175 0.6309318377911993
176 0.6281276962899051
177 0.6348144952545298
178 0.6384814495254529
179 0.6386971527178602
180 0.6453839516824849
181 0.6468938740293356
182 0.6531492666091459
183 0.6544434857635893
184 0.6589732528041415
185 0.6606988783433995
186 0.6613459879206213
187 0.6714840379637619
188 0.6725625539257981
189 0.6783865401207938
190 0.6805435720448663
191 0.6747195858498706
192 0.6807592752372735
193 0.6848576358930112
194 0.6818377911993098
195 0.6867989646246765
196 0.6861518550474547
197 0.6887402933563417
198 0.6874460742018982
199 0.6874460742018982
200 0.6926229508196722
201 0.6952113891285591
202 0.6980155306298533
203 0.6973684210526315
204 0.7025452976704055
205 0.7003882657463331
206 0.7023295944779983
207 0.7051337359792925
208 0.7111734253666955
209 0.7100949094046591
210 0.7040552200172563
211 0.7096635030198447
212 0.7062122519413288
213 0.7068593615185504
214 0.7122519413287317
215 0.7092320966350302
216 0.7128990509059534
217 0.7161345987920621
218 0.7176445211389129
219 0.7157031924072477
220 0.7189387402933564
221 0.7161345987920621
222 0.7208800690250216
223 0.7206643658326143
224 0.7206643658326143
225 0.7217428817946505
226 0.7236842105263158
227 0.7269197584124245
228 0.7254098360655737
229 0.7277825711820535
230 0.7310181190681622
231 0.7312338222605694
232 0.7370578084555651
233 0.7377049180327869
234 0.7340379637618637
235 0.7320966350301984
236 0.7333908541846419
237 0.7333908541846419
238 0.7394305435720449
239 0.7329594477998275
240 0.7377049180327869
241 0.7387834339948232
242 0.7415875754961173
243 0.7411561691113029
244 0.7443917169974116
245 0.7461173425366695
246 0.747411561691113
247 0.7478429680759275
248 0.7521570319240725
249 0.7519413287316652
250 0.7510785159620362
251 0.7489214840379638
252 0.7463330457290768
253 0.7454702329594478
254 0.74137187230371
255 0.7389991371872304
256 0.7387834339948232
257 0.7418032786885246
258 0.7446074201898188
259 0.7471958584987057
260 0.756039689387403
261 0.7547454702329595
262 0.7549611734253667
263 0.7605694564279551
264 0.7676876617773943
265 0.7646678170836928
266 0.7668248490077653
267 0.7681190681622088
268 0.7666091458153581
269 0.770923209663503
270 0.7687661777394306
271 0.7698446937014668
272 0.769197584124245
273 0.7687661777394306
274 0.7698446937014668
275 0.7696289905090595
276 0.7771786022433133
277 0.7756686798964625
278 0.7765314926660914
279 0.7750215703192407
280 0.7776100086281277
281 0.7754529767040552
282 0.7687661777394306
283 0.7707075064710958
284 0.7689818809318378
285 0.7720017256255393
286 0.7681190681622088
287 0.7668248490077653
288 0.7711389128559103
289 0.7817083692838654
290 0.7808455565142364
291 0.7812769628990509
292 0.7754529767040552
293 0.7801984469370147
294 0.7827868852459017
295 0.7886108714408974
296 0.7903364969801553
297 0.7812769628990509
298 0.7801984469370147
299 0.7858067299396031
300 0.793572044866264
301 0.7929249352890423
302 0.7858067299396031
303 0.7855910267471958
304 0.7834339948231234
305 0.7920621225194133
306 0.7879637618636756
307 0.7909836065573771
308 0.7920621225194133
309 0.792709232096635
310 0.7866695427092321
311 0.7832182916307161
312 0.7797670405522001
313 0.7776100086281277
314 0.7698446937014668
315 0.7748058671268335
316 0.7724331320103538
317 0.7750215703192407
318 0.7722174288179465
319 0.7730802415875755
320 0.7720017256255393
321 0.7730802415875755
322 0.771786022433132
323 0.777825711820535
324 0.7756686798964625
325 0.7780414150129422
326 0.7754529767040552
327 0.776962899050906
328 0.7786885245901639
329 0.7860224331320104
330 0.7834339948231234
331 0.7864538395168249
332 0.7821397756686799
333 0.7842968075927523
334 0.7814926660914582
335 0.7825711820534944
336 0.7838654012079379
337 0.7791199309749784
338 0.7842968075927523
339 0.7842968075927523
340 0.7864538395168249
341 0.7830025884383088
342 0.7832182916307161
343 0.7836496980155306
344 0.7896893874029336
345 0.7819240724762726
346 0.7799827437446074
347 0.7795513373597929
348 0.7784728213977566
349 0.775237273511648
350 0.7801984469370147
351 0.7832182916307161
352 0.7812769628990509
353 0.7823554788610871
354 0.7806298533218292
355 0.7842968075927523
356 0.7860224331320104
357 0.7789042277825712
358 0.7847282139775669
359 0.7877480586712683
360 0.7864538395168249
361 0.7871009490940466
362 0.7797670405522001
363 0.7741587575496117
364 0.7668248490077653
365 0.775237273511648
366 0.7687661777394306
367 0.7696289905090595
368 0.7702761000862812
369 0.7793356341673857
370 0.7720017256255393
371 0.7741587575496117
372 0.7817083692838654
373 0.7780414150129422
374 0.7801984469370147
375 0.7866695427092321
376 0.7858067299396031
377 0.7855910267471958
378 0.7840811044003452
379 0.7849439171699741
380 0.7814926660914582
381 0.7823554788610871
382 0.7830025884383088
383 0.7791199309749784
384 0.7780414150129422
385 0.7771786022433133
386 0.777825711820535
387 0.7763157894736842
388 0.772648835202761
389 0.7750215703192407
390 0.7789042277825712
391 0.7838654012079379
392 0.7860224331320104
393 0.7819240724762726
394 0.7821397756686799
395 0.7855910267471958
396 0.7875323554788611
397 0.7881794650560828
398 0.7873166522864539
399 0.7922778257118205
400 0.7946505608283002
401 0.795297670405522
402 0.7972389991371872
403 0.7931406384814496
404 0.7942191544434858
405 0.7940034512510785
406 0.7933563416738568
407 0.792709232096635
408 0.7931406384814496
409 0.7890422778257118
410 0.794434857635893
411 0.7911993097497843
412 0.7855910267471958
413 0.7834339948231234
414 0.7797670405522001
415 0.7806298533218292
416 0.7817083692838654
417 0.7883951682484901
418 0.790120793787748
419 0.7842968075927523
420 0.7860224331320104
421 0.790120793787748
422 0.7830025884383088
423 0.7842968075927523
424 0.7847282139775669
425 0.7849439171699741
426 0.7797670405522001
427 0.7838654012079379
428 0.780414150129422
429 0.780414150129422
430 0.7776100086281277
431 0.7754529767040552
432 0.7745901639344263
433 0.7797670405522001
434 0.7827868852459017
435 0.7812769628990509
436 0.7830025884383088
437 0.7836496980155306
438 0.7832182916307161
439 0.7838654012079379
440 0.7892579810181191
441 0.7858067299396031
442 0.7827868852459017
443 0.7827868852459017
444 0.7784728213977566
445 0.7789042277825712
446 0.7756686798964625
447 0.7782571182053495
448 0.7801984469370147
449 0.7806298533218292
450 0.7825711820534944
451 0.7851596203623814
452 0.7819240724762726
453 0.7773943054357204
454 0.7827868852459017
455 0.7761000862812769
456 0.7773943054357204
457 0.7834339948231234
458 0.7830025884383088
459 0.7812769628990509
460 0.771786022433132
461 0.7786885245901639
462 0.7821397756686799
463 0.7767471958584987
464 0.7748058671268335
465 0.7789042277825712
466 0.7812769628990509
467 0.7836496980155306
468 0.7834339948231234
469 0.7873166522864539
470 0.7827868852459017
471 0.7767471958584987
472 0.777825711820535
473 0.7825711820534944
474 0.7834339948231234
475 0.7892579810181191
476 0.7911993097497843
477 0.7903364969801553
478 0.7864538395168249
479 0.790120793787748
480 0.7886108714408974
481 0.7911993097497843
482 0.7873166522864539
483 0.7886108714408974
484 0.7862381363244176
485 0.7896893874029336
486 0.7892579810181191
487 0.7892579810181191
488 0.7886108714408974
489 0.7821397756686799
490 0.7821397756686799
491 0.7855910267471958
492 0.7860224331320104
493 0.7853753235547886
494 0.790120793787748
495 0.7851596203623814
496 0.7851596203623814
497 0.7862381363244176
498 0.7853753235547886
499 0.7918464193270061
500 0.7875323554788611
501 0.7838654012079379
502 0.7830025884383088
503 0.7940034512510785
504 0.7877480586712683
505 0.7886108714408974
506 0.794434857635893
507 0.7965918895599655
508 0.7968075927523728
509 0.7905522001725626
510 0.7909836065573771
511 0.7970232959447799
512 0.795297670405522
513 0.7946505608283002
514 0.7922778257118205
515 0.7911993097497843
516 0.7955133735979293
517 0.798748921484038
518 0.7918464193270061
519 0.7950819672131147
520 0.7937877480586712
521 0.7892579810181191
522 0.7894736842105263
523 0.7968075927523728
524 0.7957290767903364
525 0.7976704055220017
526 0.7950819672131147
527 0.7946505608283002
528 0.7896893874029336
529 0.7950819672131147
530 0.7903364969801553
531 0.7894736842105263
532 0.7931406384814496
533 0.7942191544434858
534 0.7888265746333045
535 0.7814926660914582
536 0.7860224331320104
537 0.7914150129421915
538 0.7886108714408974
539 0.7842968075927523
540 0.7875323554788611
541 0.794434857635893
542 0.7905522001725626
543 0.7836496980155306
544 0.7860224331320104
545 0.7866695427092321
546 0.7883951682484901
547 0.7868852459016393
548 0.7868852459016393
549 0.7842968075927523
550 0.7868852459016393
551 0.7903364969801553
552 0.7914150129421915
553 0.7883951682484901
554 0.7862381363244176
555 0.7890422778257118
556 0.7890422778257118
557 0.7871009490940466
558 0.7789042277825712
559 0.780414150129422
560 0.7849439171699741
561 0.7888265746333045
562 0.7853753235547886
563 0.7918464193270061
564 0.7914150129421915
565 0.7907679033649698
566 0.7875323554788611
567 0.7903364969801553
568 0.7974547023295945
569 0.7955133735979293
570 0.7940034512510785
571 0.7918464193270061
572 0.7940034512510785
573 0.8006902502157032
574 0.8006902502157032
575 0.7991803278688525
576 0.794434857635893
577 0.792709232096635
578 0.7911993097497843
579 0.7922778257118205
580 0.7883951682484901
581 0.7883951682484901
582 0.7907679033649698
583 0.7963761863675582
584 0.795297670405522
585 0.7896893874029336
586 0.7875323554788611
587 0.7896893874029336
588 0.792709232096635
589 0.7955133735979293
590 0.7911993097497843
591 0.7916307161345988
592 0.7894736842105263
593 0.7974547023295945
594 0.7981018119068162
595 0.7989646246764452
596 0.8026315789473685
597 0.7993960310612597
598 0.8058671268334772
599 0.8024158757549612
600 0.7959447799827437
601 0.796160483175151
602 0.7931406384814496
603 0.7866695427092321
604 0.7890422778257118
605 0.7851596203623814
606 0.7948662640207075
607 0.7881794650560828
608 0.7888265746333045
609 0.7894736842105263
610 0.7892579810181191
611 0.7929249352890423
612 0.7993960310612597
613 0.7972389991371872
614 0.7976704055220017
615 0.7907679033649698
616 0.7942191544434858
617 0.7959447799827437
618 0.7899050905953409
619 0.7924935289042278
620 0.7963761863675582
621 0.7996117342536669
622 0.7957290767903364
623 0.7942191544434858
624 0.7916307161345988
625 0.790120793787748
626 0.7888265746333045
627 0.7929249352890423
628 0.794434857635893
629 0.7972389991371872
630 0.794434857635893
631 0.7896893874029336
632 0.7896893874029336
633 0.7883951682484901
634 0.7855910267471958
635 0.7883951682484901
636 0.7899050905953409
637 0.7890422778257118
638 0.7890422778257118
639 0.7909836065573771
640 0.7942191544434858
641 0.7896893874029336
642 0.7888265746333045
643 0.7911993097497843
644 0.7905522001725626
645 0.7834339948231234
646 0.7879637618636756
647 0.7877480586712683
648 0.7888265746333045
649 0.7860224331320104
650 0.7845125107851596
651 0.7845125107851596
652 0.795297670405522
653 0.793572044866264
654 0.7892579810181191
655 0.7903364969801553
656 0.7892579810181191
657 0.7866695427092321
658 0.7832182916307161
659 0.7817083692838654
660 0.7834339948231234
661 0.7836496980155306
662 0.7821397756686799
663 0.7812769628990509
664 0.7806298533218292
665 0.7838654012079379
666 0.7806298533218292
667 0.7789042277825712
668 0.7827868852459017
669 0.7881794650560828
670 0.7888265746333045
671 0.7812769628990509
672 0.7842968075927523
673 0.7849439171699741
674 0.7847282139775669
675 0.7879637618636756
676 0.7832182916307161
677 0.7851596203623814
678 0.7819240724762726
679 0.7810612597066436
680 0.7888265746333045
681 0.7858067299396031
682 0.7883951682484901
683 0.7851596203623814
684 0.7858067299396031
685 0.7834339948231234
686 0.775237273511648
687 0.7765314926660914
688 0.7767471958584987
689 0.7797670405522001
690 0.7855910267471958
691 0.7840811044003452
692 0.7817083692838654
693 0.7871009490940466
694 0.7814926660914582
695 0.7819240724762726
696 0.7834339948231234
697 0.7825711820534944
698 0.7780414150129422
699 0.7786885245901639
700 0.7806298533218292
