1 0.0004314063848144953
2 0.0006471095772217428
3 0.0006471095772217428
4 0.0010785159620362382
5 0.0010785159620362382
6 0.0012942191544434857
7 0.0010785159620362382
8 0.0012942191544434857
9 0.001725625539257981
10 0.0012942191544434857
11 0.0019413287316652286
12 0.0028041415012942193
13 0.0032355478861087143
14 0.004098360655737705
15 0.003882657463330457
16 0.0045297670405522
17 0.004745470232959448
18 0.004745470232959448
19 0.007118205349439172
20 0.008412424503882658
21 0.00992234685073339
22 0.010353753235547885
23 0.01100086281276963
24 0.014667817083692839
25 0.015530629853321829
26 0.017687661777394306
27 0.017471958584987058
28 0.018550474547023296
29 0.019413287316652286
30 0.020060396893874028
31 0.024158757549611734
32 0.02372735116479724
33 0.02610008628127696
34 0.027610008628127698
35 0.027610008628127698
36 0.028041415012942193
37 0.02998274374460742
38 0.031061259706643658
39 0.03278688524590164
40 0.03300258843830889
41 0.034943917169974116
42 0.03731665228645384
43 0.037748058671268334
44 0.039257981018119066
45 0.037748058671268334
46 0.039257981018119066
47 0.041199309749784294
48 0.04400345125107852
49 0.04745470232959448
50 0.050258843830888696
51 0.05306298533218291
52 0.05327868852459016
53 0.0547886108714409
54 0.058671268334771355
55 0.06255392579810182
56 0.06578947368421052
57 0.07182916307161347
58 0.07355478861087145
59 0.07722174288179465
60 0.08024158757549611
61 0.08412424503882658
62 0.08800690250215704
63 0.09232096635030199
64 0.09814495254529768
65 0.10332182916307162
66 0.10634167385677308
67 0.10893011216566005
68 0.11151855047454702
69 0.11518550474547024
70 0.1227351164797239
71 0.1264020707506471
72 0.13373597929249353
73 0.13848144952545297
74 0.14754098360655737
75 0.15163934426229508
76 0.15746333045729077
77 0.16587575496117343
78 0.1721311475409836
79 0.18097497842968077
80 0.18723037100949094
81 0.19715271786022434
82 0.20276100086281276
83 0.20815358067299397
84 0.21182053494391717
85 0.2200172562553926
86 0.22799827437446074
87 0.24072476272648835
88 0.2504314063848145
89 0.2586281276962899
90 0.2653149266609146
91 0.2702761000862813
92 0.27329594477998276
93 0.28213977566867987
94 0.29098360655737704
95 0.29551337359792923
96 0.3015530629853322
97 0.31363244176013805
98 0.32053494391716997
99 0.32937877480586714
100 0.33369283865401206
101 0.34404659188955994
102 0.3533218291630716
103 0.3591458153580673
104 0.364106988783434
105 0.3697152717860224
106 0.3813632441760138
107 0.38244176013805004
108 0.3863244176013805
109 0.3930112165660052
110 0.40336496980155306
111 0.410267471958585
112 0.41371872303710094
113 0.4240724762726488
114 0.42644521138912855
115 0.4372303710094909
116 0.4400345125107852
117 0.44758412424503885
118 0.45319240724762727
119 0.46074201898188094
120 0.4657031924072476
121 0.4700172562553926
122 0.4743313201035375
123 0.48058671268334774
124 0.4842536669542709
125 0.48792062122519414
126 0.49633304572907677
127 0.501725625539258
128 0.5079810181190682
129 0.506039689387403
130 0.5161777394305436
131 0.5174719585849871
132 0.522648835202761
133 0.530414150129422
134 0.5364538395168249
135 0.5371009490940466
136 0.5360224331320104
137 0.5368852459016393
138 0.5465918895599655
139 0.5539257981018119
140 0.5603968938740294
141 0.5599654874892148
142 0.5690250215703192
143 0.5737704918032787
144 0.5813201035375324
145 0.5845556514236411
146 0.58541846419327
147 0.5955565142364107
148 0.6056945642795514
149 0.6061259706643658
150 0.6115185504745471
151 0.6182053494391717
152 0.6259706643658326
153 0.6223037100949094
154 0.6242450388265747
155 0.6227351164797239
156 0.6276962899050906
157 0.6300690250215704
158 0.6261863675582399
159 0.6257549611734253
160 0.6317946505608283
161 0.6391285591026747
162 0.6378343399482312
163 0.639344262295082
164 0.6410698878343399
165 0.6451682484900777
166 0.6503451251078516
167 0.6512079378774805
168 0.6492666091458154
169 0.6529335634167386
170 0.655090595340811
171 0.6617773943054357
172 0.6626402070750647
173 0.66458153580673
174 0.6678170836928387
175 0.6738567730802416
176 0.6762295081967213
177 0.6770923209663503
178 0.6779551337359793
179 0.677739430543572
180 0.681190681622088
181 0.6792493528904228
182 0.6783865401207938
183 0.685504745470233
184 0.6900345125107852
185 0.6924072476272649
186 0.7008196721311475
187 0.7010353753235548
188 0.7018981880931838
189 0.7085849870578085
190 0.7066436583261432
191 0.7057808455565142
192 0.7083692838654012
193 0.7146246764452114
194 0.7137618636755824
195 0.7088006902502157
196 0.7103106125970664
197 0.7111734253666955
198 0.7113891285591026
199 0.7128990509059534
200 0.7161345987920621
201 0.7187230371009491
202 0.7234685073339086
203 0.7236842105263158
204 0.7254098360655737
205 0.729076790336497
206 0.7318809318377912
207 0.7312338222605694
208 0.7353321829163072
209 0.7351164797238999
210 0.7361949956859362
211 0.7394305435720449
212 0.7420189818809318
213 0.7398619499568594
214 0.7383520276100086
215 0.7409404659188956
216 0.7435289042277826
217 0.7435289042277826
218 0.7398619499568594
219 0.7340379637618637
220 0.74137187230371
221 0.7463330457290768
222 0.7385677308024159
223 0.750862812769629
224 0.749137187230371
225 0.7530198446937014
226 0.7553925798101812
227 0.751725625539258
228 0.7521570319240725
229 0.7543140638481449
230 0.7549611734253667
231 0.756039689387403
232 0.7547454702329595
233 0.7523727351164797
234 0.7571182053494392
235 0.7592752372735116
236 0.7625107851596203
237 0.7642364106988784
238 0.7648835202761001
239 0.7696289905090595
240 0.7655306298533219
241 0.7676876617773943
242 0.7650992234685073
243 0.7601380500431406
244 0.7663934426229508
245 0.769197584124245
246 0.7648835202761001
247 0.7668248490077653
248 0.7756686798964625
249 0.7763157894736842
250 0.775237273511648
251 0.7745901639344263
252 0.7786885245901639
253 0.7748058671268335
254 0.776962899050906
255 0.7761000862812769
256 0.7791199309749784
257 0.7801984469370147
258 0.7730802415875755
259 0.7685504745470233
260 0.765746333045729
261 0.7584124245038827
262 0.7584124245038827
263 0.7556082830025884
264 0.7614322691975841
265 0.7653149266609146
266 0.7696289905090595
267 0.7668248490077653
268 0.7655306298533219
269 0.7620793787748059
270 0.7661777394305436
271 0.7687661777394306
272 0.7728645383951682
273 0.7674719585849871
274 0.7687661777394306
275 0.7681190681622088
276 0.7633735979292493
277 0.7668248490077653
278 0.7642364106988784
279 0.7674719585849871
280 0.7720017256255393
281 0.768334771354616
282 0.7685504745470233
283 0.7666091458153581
284 0.7638050043140638
285 0.7584124245038827
286 0.7601380500431406
287 0.7575496117342536
288 0.765746333045729
289 0.769197584124245
290 0.769197584124245
291 0.770923209663503
292 0.7663934426229508
293 0.7655306298533219
294 0.7627264883520276
295 0.769197584124245
296 0.7702761000862812
297 0.776962899050906
298 0.7773943054357204
299 0.7806298533218292
300 0.7810612597066436
301 0.7795513373597929
302 0.7786885245901639
303 0.776962899050906
304 0.7767471958584987
305 0.7784728213977566
306 0.7758843830888698
307 0.7789042277825712
308 0.7793356341673857
309 0.775237273511648
310 0.7793356341673857
311 0.7784728213977566
312 0.7722174288179465
313 0.769197584124245
314 0.7672562553925798
315 0.7629421915444349
316 0.7622950819672131
317 0.7668248490077653
318 0.7661777394305436
319 0.7694132873166523
320 0.7694132873166523
321 0.7741587575496117
322 0.7635893011216566
323 0.7635893011216566
324 0.7650992234685073
325 0.7715703192407247
326 0.7834339948231234
327 0.777825711820535
328 0.7797670405522001
329 0.776962899050906
330 0.7795513373597929
331 0.7853753235547886
332 0.7819240724762726
333 0.772648835202761
334 0.7730802415875755
335 0.7776100086281277
336 0.7808455565142364
337 0.7847282139775669
338 0.7771786022433133
339 0.7808455565142364
340 0.7801984469370147
341 0.7756686798964625
342 0.7832182916307161
343 0.7855910267471958
344 0.7911993097497843
345 0.7940034512510785
346 0.7909836065573771
347 0.792709232096635
348 0.7860224331320104
349 0.7847282139775669
350 0.7847282139775669
351 0.7862381363244176
352 0.7886108714408974
353 0.7812769628990509
354 0.7899050905953409
355 0.7847282139775669
356 0.7797670405522001
357 0.7728645383951682
358 0.7732959447799828
359 0.7761000862812769
360 0.7732959447799828
361 0.771786022433132
362 0.7700603968938741
363 0.7761000862812769
364 0.7767471958584987
365 0.7780414150129422
366 0.7791199309749784
367 0.7782571182053495
368 0.7722174288179465
369 0.7732959447799828
370 0.7702761000862812
371 0.7704918032786885
372 0.775237273511648
373 0.7758843830888698
374 0.7776100086281277
375 0.7786885245901639
376 0.7823554788610871
377 0.7849439171699741
378 0.7825711820534944
379 0.7840811044003452
380 0.7797670405522001
381 0.7836496980155306
382 0.7814926660914582
383 0.7776100086281277
384 0.7823554788610871
385 0.7806298533218292
386 0.7784728213977566
387 0.7821397756686799
388 0.7810612597066436
389 0.7786885245901639
390 0.7782571182053495
391 0.7825711820534944
392 0.7862381363244176
393 0.7823554788610871
394 0.7830025884383088
395 0.7810612597066436
396 0.7795513373597929
397 0.7713546160483176
398 0.775237273511648
399 0.771786022433132
400 0.774374460742019
401 0.7694132873166523
402 0.772648835202761
403 0.7756686798964625
404 0.7756686798964625
405 0.7791199309749784
406 0.7812769628990509
407 0.7795513373597929
408 0.7814926660914582
409 0.7808455565142364
410 0.775237273511648
411 0.7780414150129422
412 0.7720017256255393
413 0.7756686798964625
414 0.7722174288179465
415 0.7730802415875755
416 0.77351164797239
417 0.7739430543572045
418 0.7745901639344263
419 0.7776100086281277
420 0.7791199309749784
421 0.7763157894736842
422 0.770923209663503
423 0.7702761000862812
424 0.7741587575496117
425 0.7750215703192407
426 0.7821397756686799
427 0.7830025884383088
428 0.7847282139775669
429 0.7866695427092321
430 0.7834339948231234
431 0.7909836065573771
432 0.7892579810181191
433 0.7890422778257118
434 0.7914150129421915
435 0.7868852459016393
436 0.7819240724762726
437 0.7827868852459017
438 0.7862381363244176
439 0.7858067299396031
440 0.7877480586712683
441 0.7940034512510785
442 0.7899050905953409
443 0.7871009490940466
444 0.7801984469370147
445 0.7823554788610871
446 0.7838654012079379
447 0.7860224331320104
448 0.7864538395168249
449 0.7871009490940466
450 0.7840811044003452
451 0.7853753235547886
452 0.7864538395168249
453 0.7801984469370147
454 0.780414150129422
455 0.7830025884383088
456 0.7860224331320104
457 0.7879637618636756
458 0.7929249352890423
459 0.7868852459016393
460 0.7916307161345988
461 0.7879637618636756
462 0.7911993097497843
463 0.7883951682484901
464 0.7892579810181191
465 0.7873166522864539
466 0.7894736842105263
467 0.7819240724762726
468 0.7825711820534944
469 0.7868852459016393
470 0.7896893874029336
471 0.7873166522864539
472 0.7894736842105263
473 0.7883951682484901
474 0.7905522001725626
475 0.7918464193270061
476 0.7920621225194133
477 0.7879637618636756
478 0.7830025884383088
479 0.7763157894736842
480 0.7864538395168249
481 0.7892579810181191
482 0.7864538395168249
483 0.7868852459016393
484 0.7877480586712683
485 0.790120793787748
486 0.7909836065573771
487 0.7914150129421915
488 0.7937877480586712
489 0.7894736842105263
490 0.7918464193270061
491 0.7955133735979293
492 0.792709232096635
493 0.7955133735979293
494 0.7929249352890423
495 0.792709232096635
496 0.7937877480586712
497 0.7914150129421915
498 0.7948662640207075
499 0.7948662640207075
500 0.7946505608283002
501 0.7942191544434858
502 0.7916307161345988
503 0.7886108714408974
504 0.7838654012079379
505 0.7847282139775669
506 0.7864538395168249
507 0.790120793787748
508 0.7886108714408974
509 0.7855910267471958
510 0.7795513373597929
511 0.7750215703192407
512 0.7817083692838654
513 0.7789042277825712
514 0.7797670405522001
515 0.7791199309749784
516 0.7860224331320104
517 0.7873166522864539
518 0.7890422778257118
519 0.7836496980155306
520 0.7825711820534944
521 0.775237273511648
522 0.7704918032786885
523 0.7810612597066436
524 0.7799827437446074
525 0.7849439171699741
526 0.7929249352890423
527 0.7899050905953409
528 0.7909836065573771
529 0.7892579810181191
530 0.7907679033649698
531 0.7883951682484901
532 0.7834339948231234
533 0.7750215703192407
534 0.7748058671268335
535 0.7748058671268335
536 0.7780414150129422
537 0.7814926660914582
538 0.7763157894736842
539 0.7795513373597929
540 0.7711389128559103
541 0.77351164797239
542 0.7827868852459017
543 0.7840811044003452
544 0.7847282139775669
545 0.7871009490940466
546 0.7866695427092321
547 0.7890422778257118
548 0.7890422778257118
549 0.7830025884383088
550 0.7799827437446074
551 0.7748058671268335
552 0.7786885245901639
553 0.7864538395168249
554 0.7814926660914582
555 0.7851596203623814
556 0.7860224331320104
557 0.7858067299396031
558 0.7905522001725626
559 0.7937877480586712
560 0.7916307161345988
561 0.7881794650560828
562 0.790120793787748
563 0.7899050905953409
564 0.7892579810181191
565 0.7907679033649698
566 0.7929249352890423
567 0.7892579810181191
568 0.7877480586712683
569 0.7862381363244176
570 0.7883951682484901
571 0.7929249352890423
572 0.7899050905953409
573 0.793572044866264
574 0.7929249352890423
575 0.7931406384814496
576 0.7832182916307161
577 0.7836496980155306
578 0.7849439171699741
579 0.7877480586712683
580 0.7907679033649698
581 0.790120793787748
582 0.7920621225194133
583 0.7834339948231234
584 0.7750215703192407
585 0.7767471958584987
586 0.7819240724762726
587 0.7858067299396031
588 0.7890422778257118
589 0.7989646246764452
590 0.7946505608283002
591 0.7929249352890423
592 0.7922778257118205
593 0.7899050905953409
594 0.7929249352890423
595 0.7929249352890423
596 0.7922778257118205
597 0.7946505608283002
598 0.7968075927523728
599 0.7965918895599655
600 0.7974547023295945
601 0.7877480586712683
602 0.7858067299396031
603 0.7909836065573771
604 0.7894736842105263
605 0.7920621225194133
606 0.7929249352890423
607 0.7948662640207075
608 0.7955133735979293
609 0.7950819672131147
610 0.790120793787748
611 0.7812769628990509
612 0.7836496980155306
613 0.7862381363244176
614 0.7849439171699741
615 0.7873166522864539
616 0.7825711820534944
617 0.7810612597066436
618 0.7791199309749784
619 0.7871009490940466
620 0.7871009490940466
621 0.7875323554788611
622 0.7879637618636756
623 0.7877480586712683
624 0.7879637618636756
625 0.7886108714408974
626 0.7909836065573771
627 0.7946505608283002
628 0.7983175150992234
629 0.7940034512510785
630 0.7860224331320104
631 0.7851596203623814
632 0.7823554788610871
633 0.780414150129422
634 0.7817083692838654
635 0.7842968075927523
636 0.7862381363244176
637 0.7909836065573771
638 0.7924935289042278
639 0.7929249352890423
640 0.7892579810181191
641 0.7851596203623814
642 0.7795513373597929
643 0.780414150129422
644 0.7814926660914582
645 0.7739430543572045
646 0.7655306298533219
647 0.7724331320103538
648 0.7795513373597929
649 0.7860224331320104
650 0.7868852459016393
651 0.7877480586712683
652 0.7877480586712683
653 0.7886108714408974
654 0.7871009490940466
655 0.7860224331320104
656 0.7840811044003452
657 0.7832182916307161
658 0.7791199309749784
659 0.7860224331320104
660 0.7832182916307161
661 0.7806298533218292
662 0.7761000862812769
663 0.7761000862812769
664 0.7765314926660914
665 0.7838654012079379
666 0.7827868852459017
667 0.7834339948231234
668 0.7883951682484901
669 0.792709232096635
670 0.7948662640207075
671 0.7976704055220017
672 0.7963761863675582
673 0.7907679033649698
674 0.7946505608283002
675 0.7946505608283002
676 0.7920621225194133
677 0.7916307161345988
678 0.7851596203623814
679 0.7871009490940466
680 0.7845125107851596
681 0.7849439171699741
682 0.7868852459016393
683 0.7868852459016393
684 0.7881794650560828
685 0.7853753235547886
686 0.7862381363244176
687 0.7886108714408974
688 0.790120793787748
689 0.7933563416738568
690 0.7914150129421915
691 0.7903364969801553
692 0.795297670405522
693 0.7905522001725626
694 0.7916307161345988
695 0.7907679033649698
696 0.7871009490940466
697 0.7866695427092321
698 0.7810612597066436
699 0.7875323554788611
700 0.790120793787748
