1 0.0004314063848144953
2 0.0004314063848144953
3 0.0012942191544434857
4 0.001725625539257981
5 0.0019413287316652286
6 0.002372735116479724
7 0.0028041415012942193
8 0.0028041415012942193
9 0.003882657463330457
10 0.005392579810181191
11 0.0064710957722174285
12 0.008843830888697153
13 0.010353753235547885
14 0.01100086281276963
15 0.012942191544434857
16 0.014883520276100086
17 0.017687661777394306
18 0.021354616048317517
19 0.02286453839516825
20 0.02610008628127696
21 0.028472821397756688
22 0.030198446937014668
23 0.035806729939603106
24 0.0407679033649698
25 0.04702329594477998
26 0.05176876617773943
27 0.05672993960310613
28 0.06018119068162209
29 0.06320103537532355
30 0.06924072476272648
31 0.07679033649698015
32 0.08261432269197584
33 0.08886971527178603
34 0.09534081104400345
35 0.09685073339085419
36 0.10332182916307162
37 0.1095772217428818
38 0.1177739430543572
39 0.12597066436583262
40 0.1313632441760138
41 0.14257981018119067
42 0.15142364106988784
43 0.1622088006902502
44 0.1693270060396894
45 0.17601380500431407
46 0.18183779119930976
47 0.18593615185504744
48 0.19240724762726488
49 0.2001725625539258
50 0.20750647109577222
51 0.2137618636755824
52 0.22088006902502158
53 0.2286453839516825
54 0.23619499568593616
55 0.2487057808455565
56 0.2571182053494392
57 0.2599223468507334
58 0.27329594477998276
59 0.28106125970664364
60 0.28796376186367556
61 0.2993960310612597
62 0.3043572044866264
63 0.31514236410698876
64 0.3261432269197584
65 0.3302415875754961
66 0.3356341673856773
67 0.34361518550474546
68 0.34490940465918896
69 0.35396893874029334
70 0.3617342536669543
71 0.3727351164797239
72 0.3830888697152718
73 0.3927955133735979
74 0.39926660914581535
75 0.411130284728214
76 0.42040552200172565
77 0.4247195858498706
78 0.43054357204486626
79 0.4402502157031924
80 0.4402502157031924
81 0.44952545297670404
82 0.4525452976704055
83 0.4585849870578085
84 0.46268334771354613
85 0.4728213977566868
86 0.479939603106126
87 0.48360655737704916
88 0.49374460742018983
89 0.499137187230371
90 0.5019413287316652
91 0.502588438308887
92 0.5125107851596203
93 0.5166091458153581
94 0.5211389128559103
95 0.5250215703192407
96 0.5282571182053495
97 0.5312769628990509
98 0.542709232096635
99 0.547886108714409
100 0.5537100949094047
101 0.5573770491803278
102 0.564495254529767
103 0.567083692838654
104 0.5742018981880932
105 0.5871440897325281
106 0.590595340811044
107 0.5916738567730803
108 0.5951251078515962
109 0.6005176876617774
110 0.6065573770491803
111 0.6061259706643658
112 0.6050474547023296
113 0.6102243313201036
114 0.6210094909404659
115 0.6274805867126834
116 0.6292062122519413
117 0.631578947368421
118 0.6399913718723037
119 0.642795513373598
120 0.6490509059534081
121 0.6494823123382226
122 0.6557377049180327
123 0.6600517687661778
124 0.6699741156169111
125 0.6766609145815358
126 0.674288179465056
127 0.6734253666954271
128 0.6770923209663503
129 0.6760138050043141
130 0.6805435720448663
131 0.6848576358930112
132 0.6835634167385677
133 0.6906816220880069
134 0.6945642795513374
135 0.6997411561691113
136 0.6999568593615185
137 0.6995254529767041
138 0.7062122519413288
139 0.7042709232096636
140 0.6941328731665228
141 0.7006039689387403
142 0.6971527178602244
143 0.7040552200172563
144 0.7128990509059534
145 0.7137618636755824
146 0.7118205349439172
147 0.7122519413287317
148 0.7077221742881795
149 0.7163503019844694
150 0.7148403796376186
151 0.7135461604831751
152 0.7165660051768766
153 0.7215271786022434
154 0.724762726488352
155 0.7340379637618637
156 0.7286453839516824
157 0.7351164797238999
158 0.7329594477998275
159 0.7361949956859362
160 0.7357635893011216
161 0.7340379637618637
162 0.7353321829163072
163 0.7389991371872304
164 0.7452545297670405
165 0.7435289042277826
166 0.7443917169974116
167 0.7502157031924073
168 0.7484900776531492
169 0.75
170 0.7506471095772217
171 0.753451251078516
172 0.750862812769629
173 0.752588438308887
174 0.7597066436583262
175 0.7597066436583262
176 0.7610008628127696
177 0.7581967213114754
178 0.770923209663503
179 0.7655306298533219
180 0.7635893011216566
181 0.7616479723899914
182 0.7558239861949957
183 0.7540983606557377
184 0.7536669542709232
185 0.7601380500431406
186 0.7616479723899914
187 0.75862812769629
188 0.7558239861949957
189 0.7573339085418465
190 0.7528041415012943
191 0.7510785159620362
192 0.7579810181190682
193 0.7573339085418465
194 0.7558239861949957
195 0.7599223468507333
196 0.7629421915444349
197 0.7627264883520276
198 0.7625107851596203
199 0.7556082830025884
200 0.7566867989646247
201 0.7536669542709232
202 0.7588438308886971
203 0.7618636755823986
204 0.7653149266609146
205 0.7676876617773943
206 0.7720017256255393
207 0.7761000862812769
208 0.7696289905090595
209 0.7737273511647972
210 0.7780414150129422
211 0.7812769628990509
212 0.7845125107851596
213 0.7886108714408974
214 0.7881794650560828
215 0.7903364969801553
216 0.7918464193270061
217 0.7918464193270061
218 0.7860224331320104
219 0.7899050905953409
220 0.7847282139775669
221 0.780414150129422
222 0.7797670405522001
223 0.7827868852459017
224 0.7847282139775669
225 0.7827868852459017
226 0.7812769628990509
227 0.7789042277825712
228 0.7754529767040552
229 0.7761000862812769
230 0.7814926660914582
231 0.7784728213977566
232 0.7739430543572045
233 0.7722174288179465
234 0.7681190681622088
235 0.7730802415875755
236 0.7730802415875755
237 0.7773943054357204
238 0.7773943054357204
239 0.7789042277825712
240 0.7832182916307161
241 0.7821397756686799
242 0.7739430543572045
243 0.774374460742019
244 0.769197584124245
245 0.7679033649698016
246 0.7672562553925798
247 0.7707075064710958
248 0.772648835202761
249 0.7819240724762726
250 0.7851596203623814
251 0.7812769628990509
252 0.7860224331320104
253 0.7836496980155306
254 0.7855910267471958
255 0.7830025884383088
256 0.7780414150129422
257 0.7741587575496117
258 0.7687661777394306
259 0.7700603968938741
260 0.7687661777394306
261 0.7715703192407247
262 0.771786022433132
263 0.777825711820535
264 0.7825711820534944
265 0.7834339948231234
266 0.7821397756686799
267 0.780414150129422
268 0.7776100086281277
269 0.7817083692838654
270 0.7799827437446074
271 0.7791199309749784
272 0.7793356341673857
273 0.7791199309749784
274 0.7817083692838654
275 0.7819240724762726
276 0.7845125107851596
277 0.7806298533218292
278 0.7786885245901639
279 0.7858067299396031
280 0.7866695427092321
281 0.7814926660914582
282 0.7808455565142364
283 0.7810612597066436
284 0.7771786022433133
285 0.7761000862812769
286 0.7789042277825712
287 0.7795513373597929
288 0.7773943054357204
289 0.780414150129422
290 0.7840811044003452
291 0.7851596203623814
292 0.7899050905953409
293 0.7929249352890423
294 0.7911993097497843
295 0.7847282139775669
296 0.7780414150129422
297 0.7732959447799828
298 0.7713546160483176
299 0.7741587575496117
300 0.7756686798964625
301 0.7763157894736842
302 0.774374460742019
303 0.7737273511647972
304 0.7765314926660914
305 0.7748058671268335
306 0.7745901639344263
307 0.7795513373597929
308 0.7847282139775669
309 0.7825711820534944
310 0.777825711820535
311 0.774374460742019
312 0.7791199309749784
313 0.7821397756686799
314 0.7786885245901639
315 0.7836496980155306
316 0.7886108714408974
317 0.7868852459016393
318 0.7879637618636756
319 0.7817083692838654
320 0.7879637618636756
321 0.777825711820535
322 0.7767471958584987
323 0.7786885245901639
324 0.7756686798964625
325 0.7737273511647972
326 0.771786022433132
327 0.772648835202761
328 0.7761000862812769
329 0.7741587575496117
330 0.7806298533218292
331 0.7782571182053495
332 0.7739430543572045
333 0.7698446937014668
334 0.7724331320103538
335 0.7732959447799828
336 0.7728645383951682
337 0.7698446937014668
338 0.7748058671268335
339 0.7771786022433133
340 0.7797670405522001
341 0.7771786022433133
342 0.777825711820535
343 0.7784728213977566
344 0.7780414150129422
345 0.7713546160483176
346 0.7754529767040552
347 0.7795513373597929
348 0.7808455565142364
349 0.776962899050906
350 0.7812769628990509
351 0.7864538395168249
352 0.7883951682484901
353 0.7862381363244176
354 0.780414150129422
355 0.7855910267471958
356 0.7907679033649698
357 0.7950819672131147
358 0.7989646246764452
359 0.7963761863675582
360 0.7940034512510785
361 0.7916307161345988
362 0.7933563416738568
363 0.7899050905953409
364 0.7883951682484901
365 0.7911993097497843
366 0.7899050905953409
367 0.7845125107851596
368 0.7821397756686799
369 0.7842968075927523
370 0.7851596203623814
371 0.7845125107851596
372 0.790120793787748
373 0.7909836065573771
374 0.7905522001725626
375 0.7842968075927523
376 0.7845125107851596
377 0.7834339948231234
378 0.7827868852459017
379 0.7868852459016393
380 0.7922778257118205
381 0.793572044866264
382 0.7847282139775669
383 0.7836496980155306
384 0.7875323554788611
385 0.7851596203623814
386 0.7851596203623814
387 0.7817083692838654
388 0.7823554788610871
389 0.7866695427092321
390 0.7860224331320104
391 0.7896893874029336
392 0.7918464193270061
393 0.7931406384814496
394 0.7972389991371872
395 0.7976704055220017
396 0.7985332182916307
397 0.7946505608283002
398 0.7914150129421915
399 0.7862381363244176
400 0.7909836065573771
401 0.7940034512510785
402 0.7911993097497843
403 0.7957290767903364
404 0.7916307161345988
405 0.7924935289042278
406 0.7940034512510785
407 0.793572044866264
408 0.7894736842105263
409 0.7940034512510785
410 0.7899050905953409
411 0.7959447799827437
412 0.798748921484038
413 0.8002588438308887
414 0.8028472821397756
415 0.8000431406384815
416 0.8006902502157032
417 0.8006902502157032
418 0.7983175150992234
419 0.7993960310612597
420 0.8004745470232959
421 0.7976704055220017
422 0.7929249352890423
423 0.7858067299396031
424 0.7849439171699741
425 0.7940034512510785
426 0.792709232096635
427 0.794434857635893
428 0.7886108714408974
429 0.7899050905953409
430 0.7866695427092321
431 0.7853753235547886
432 0.7842968075927523
433 0.7795513373597929
434 0.7780414150129422
435 0.7812769628990509
436 0.7896893874029336
437 0.7914150129421915
438 0.7924935289042278
439 0.7955133735979293
440 0.7911993097497843
441 0.7922778257118205
442 0.7847282139775669
443 0.7937877480586712
444 0.7864538395168249
445 0.7871009490940466
446 0.7905522001725626
447 0.7821397756686799
448 0.7853753235547886
449 0.7868852459016393
450 0.7883951682484901
451 0.7789042277825712
452 0.7817083692838654
453 0.7842968075927523
454 0.7767471958584987
455 0.7741587575496117
456 0.7763157894736842
457 0.7773943054357204
458 0.7765314926660914
459 0.772648835202761
460 0.7741587575496117
461 0.7732959447799828
462 0.7754529767040552
463 0.7767471958584987
464 0.7875323554788611
465 0.7814926660914582
466 0.7817083692838654
467 0.7789042277825712
468 0.7849439171699741
469 0.7840811044003452
470 0.7892579810181191
471 0.7877480586712683
472 0.7896893874029336
473 0.7894736842105263
474 0.7903364969801553
475 0.7858067299396031
476 0.7855910267471958
477 0.7838654012079379
478 0.7810612597066436
479 0.7905522001725626
480 0.7842968075927523
481 0.7834339948231234
482 0.7780414150129422
483 0.7745901639344263
484 0.7784728213977566
485 0.777825711820535
486 0.7739430543572045
487 0.7793356341673857
488 0.7754529767040552
489 0.7776100086281277
490 0.7745901639344263
491 0.772648835202761
492 0.7782571182053495
493 0.775237273511648
494 0.7780414150129422
495 0.7814926660914582
496 0.7845125107851596
497 0.7845125107851596
498 0.7840811044003452
499 0.7879637618636756
500 0.7849439171699741
501 0.7832182916307161
502 0.7838654012079379
503 0.7827868852459017
504 0.7819240724762726
505 0.7821397756686799
506 0.7862381363244176
507 0.7823554788610871
508 0.7799827437446074
509 0.7797670405522001
510 0.7793356341673857
511 0.7799827437446074
512 0.7858067299396031
513 0.7825711820534944
514 0.7892579810181191
515 0.7888265746333045
516 0.7866695427092321
517 0.7797670405522001
518 0.7830025884383088
519 0.7836496980155306
520 0.7851596203623814
521 0.7817083692838654
522 0.7836496980155306
523 0.7838654012079379
524 0.7808455565142364
525 0.7806298533218292
526 0.780414150129422
527 0.7801984469370147
528 0.7801984469370147
529 0.7853753235547886
530 0.7827868852459017
531 0.7810612597066436
532 0.7771786022433133
533 0.7728645383951682
534 0.7728645383951682
535 0.7758843830888698
536 0.7745901639344263
537 0.7720017256255393
538 0.77351164797239
539 0.7713546160483176
540 0.7797670405522001
541 0.7812769628990509
542 0.7849439171699741
543 0.7817083692838654
544 0.7834339948231234
545 0.7784728213977566
546 0.7748058671268335
547 0.7771786022433133
548 0.7830025884383088
549 0.7834339948231234
550 0.7830025884383088
551 0.7858067299396031
552 0.7823554788610871
553 0.7836496980155306
554 0.7836496980155306
555 0.7858067299396031
556 0.7881794650560828
557 0.7933563416738568
558 0.7911993097497843
559 0.7890422778257118
560 0.7851596203623814
561 0.7855910267471958
562 0.7873166522864539
563 0.7877480586712683
564 0.7905522001725626
565 0.7860224331320104
566 0.7817083692838654
567 0.7836496980155306
568 0.7873166522864539
569 0.7888265746333045
570 0.7922778257118205
571 0.7907679033649698
572 0.7853753235547886
573 0.7907679033649698
574 0.7974547023295945
575 0.797886108714409
576 0.8011216566005177
577 0.7955133735979293
578 0.794434857635893
579 0.7968075927523728
580 0.7929249352890423
581 0.7847282139775669
582 0.7866695427092321
583 0.7860224331320104
584 0.7851596203623814
585 0.7834339948231234
586 0.7838654012079379
587 0.7810612597066436
588 0.7832182916307161
589 0.7855910267471958
590 0.7823554788610871
591 0.7853753235547886
592 0.7858067299396031
593 0.7871009490940466
594 0.7911993097497843
595 0.7899050905953409
596 0.7942191544434858
597 0.7918464193270061
598 0.7933563416738568
599 0.8050043140638481
600 0.8019844693701467
601 0.7970232959447799
602 0.797886108714409
603 0.8019844693701467
604 0.8067299396031061
605 0.8015530629853321
606 0.8004745470232959
607 0.7931406384814496
608 0.7970232959447799
609 0.795297670405522
610 0.7879637618636756
611 0.7838654012079379
612 0.7875323554788611
613 0.7918464193270061
614 0.7871009490940466
615 0.7793356341673857
616 0.7860224331320104
617 0.7873166522864539
618 0.7875323554788611
619 0.7888265746333045
620 0.7933563416738568
621 0.8011216566005177
622 0.794434857635893
623 0.7899050905953409
624 0.7929249352890423
625 0.7974547023295945
626 0.7970232959447799
627 0.8045729076790337
628 0.8024158757549612
629 0.8041415012942191
630 0.8000431406384815
631 0.7942191544434858
632 0.7907679033649698
633 0.7981018119068162
634 0.7881794650560828
635 0.7879637618636756
636 0.7845125107851596
637 0.7888265746333045
638 0.7931406384814496
639 0.7933563416738568
640 0.7873166522864539
641 0.7866695427092321
642 0.7868852459016393
643 0.7903364969801553
644 0.7886108714408974
645 0.7905522001725626
646 0.7946505608283002
647 0.7896893874029336
648 0.790120793787748
649 0.7849439171699741
650 0.7845125107851596
651 0.7849439171699741
652 0.7838654012079379
653 0.776962899050906
654 0.7821397756686799
655 0.7888265746333045
656 0.7842968075927523
657 0.7732959447799828
658 0.7784728213977566
659 0.7789042277825712
660 0.7825711820534944
661 0.7791199309749784
662 0.7881794650560828
663 0.7879637618636756
664 0.7868852459016393
665 0.7827868852459017
666 0.7873166522864539
667 0.7851596203623814
668 0.7879637618636756
669 0.7886108714408974
670 0.7877480586712683
671 0.7903364969801553
672 0.7892579810181191
673 0.796160483175151
674 0.7965918895599655
675 0.7924935289042278
676 0.7888265746333045
677 0.7823554788610871
678 0.7862381363244176
679 0.7890422778257118
680 0.7830025884383088
681 0.7879637618636756
682 0.7899050905953409
683 0.790120793787748
684 0.7931406384814496
685 0.7931406384814496
686 0.7886108714408974
687 0.7903364969801553
688 0.7899050905953409
689 0.7911993097497843
690 0.7976704055220017
691 0.7942191544434858
692 0.7909836065573771
693 0.7871009490940466
694 0.7918464193270061
695 0.7914150129421915
696 0.7899050905953409
697 0.7866695427092321
698 0.7907679033649698
699 0.7907679033649698
700 0.794434857635893
