1 0.00021570319240724764
2 0.00021570319240724764
3 0.00021570319240724764
4 0.00021570319240724764
5 0.00021570319240724764
6 0.00021570319240724764
7 0.00021570319240724764
8 0.00021570319240724764
9 0.00021570319240724764
10 0.00021570319240724764
11 0.00021570319240724764
12 0.00021570319240724764
13 0.00021570319240724764
14 0.00021570319240724764
15 0.00021570319240724764
16 0.00021570319240724764
17 0.0004314063848144953
18 0.0004314063848144953
19 0.0004314063848144953
20 0.0006471095772217428
21 0.0006471095772217428
22 0.0006471095772217428
23 0.0008628127696289905
24 0.0010785159620362382
25 0.001725625539257981
26 0.0030198446937014668
27 0.0032355478861087143
28 0.003451251078515962
29 0.0030198446937014668
30 0.0032355478861087143
31 0.0036669542709232097
32 0.003882657463330457
33 0.004314063848144953
34 0.004961173425366695
35 0.0045297670405522
36 0.004745470232959448
37 0.004745470232959448
38 0.005392579810181191
39 0.006686798964624676
40 0.007765314926660914
41 0.007765314926660914
42 0.009490940465918895
43 0.010569456427955135
44 0.012079378774805867
45 0.013157894736842105
46 0.013805004314063849
47 0.014883520276100086
48 0.015530629853321829
49 0.016177739430543573
50 0.017040552200172563
51 0.017903364969801553
52 0.020276100086281276
53 0.021354616048317517
54 0.023943054357204487
55 0.025668679896462467
56 0.02739430543572045
57 0.028688524590163935
58 0.030414150129421915
59 0.035159620362381364
60 0.038395168248490076
61 0.04206212251941329
62 0.04896462467644521
63 0.05241587575496117
64 0.05629853321829163
65 0.06147540983606557
66 0.06816220880069025
67 0.0724762726488352
68 0.07679033649698015
69 0.08390854184641933
70 0.08628127696289906
71 0.09232096635030199
72 0.09771354616048318
73 0.10310612597066436
74 0.10720448662640207
75 0.11302847282139776
76 0.11949956859361519
77 0.12510785159620363
78 0.13157894736842105
79 0.13848144952545297
80 0.14322691975841242
81 0.15056082830025885
82 0.15509059534081104
83 0.16026747195858498
84 0.16415012942191545
85 0.17105263157894737
86 0.17860224331320104
87 0.18377911993097498
88 0.1898188093183779
89 0.1984469370146678
90 0.20319240724762727
91 0.21225194132873165
92 0.21742881794650562
93 0.22648835202761
94 0.23101811906816222
95 0.2359792924935289
96 0.2400776531492666
97 0.2478429680759275
98 0.2528041415012942
99 0.25884383088869717
100 0.26380500431406384
101 0.26919758412424505
102 0.2786885245901639
103 0.2899050905953408
104 0.2931406384814495
105 0.30047454702329596
106 0.3028472821397757
107 0.3026315789473684
108 0.3086712683347714
109 0.3138481449525453
110 0.317946505608283
111 0.3283002588438309
112 0.33067299396031063
113 0.33628127696289906
114 0.3425366695427092
115 0.3485763589301122
116 0.35396893874029334
117 0.3636755823986195
118 0.3710094909404659
119 0.3800690250215703
120 0.3843830888697153
121 0.3826574633304573
122 0.39106988783433994
123 0.39516824849007764
124 0.40012942191544437
125 0.40962036238136323
126 0.42062122519413286
127 0.43075927523727353
128 0.43075927523727353
129 0.4357204486626402
130 0.4447799827437446
131 0.44909404659188956
132 0.46074201898188094
133 0.4624676445211389
134 0.46764452113891286
135 0.4732528041415013
136 0.4827437446074202
137 0.49396031061259704
138 0.49978429680759273
139 0.5071182053494392
140 0.5114322691975841
141 0.5163934426229508
142 0.520923209663503
143 0.5273943054357204
144 0.5289042277825712
145 0.5342968075927523
146 0.5373166522864539
147 0.5450819672131147
148 0.5509059534081104
149 0.5554357204486626
150 0.5595340811044004
151 0.5619068162208801
152 0.5692407247627265
153 0.5742018981880932
154 0.5774374460742019
155 0.582830025884383
156 0.5873597929249353
157 0.5946937014667817
158 0.5990077653149266
159 0.600086281276963
160 0.6087144089732528
161 0.6104400345125108
162 0.6136755823986195
163 0.6147540983606558
164 0.6130284728213977
165 0.616695427092321
166 0.6210094909404659
167 0.6235979292493529
168 0.6251078515962036
169 0.6285591026747196
170 0.6294219154443486
171 0.6352459016393442
172 0.6406384814495254
173 0.6423641069887834
174 0.6462467644521139
175 0.6542277825711821
176 0.6600517687661778
177 0.661993097497843
178 0.667169974115617
179 0.6749352890422778
180 0.6727782571182054
181 0.6747195858498706
182 0.674288179465056
183 0.6751509922346851
184 0.67946505608283
185 0.6814063848144952
186 0.6796807592752373
187 0.6788179465056083
188 0.6872303710094909
189 0.6878774805867127
190 0.6960742018981881
191 0.6982312338222606
192 0.7051337359792925
193 0.7018981880931838
194 0.702113891285591
195 0.7008196721311475
196 0.6993097497842968
197 0.6993097497842968
198 0.7081535806729939
199 0.7107420189818809
200 0.7085849870578085
201 0.7120362381363244
202 0.7169974115616912
203 0.7193701466781708
204 0.7187230371009491
205 0.7206643658326143
206 0.7241156169111302
207 0.7243313201035375
208 0.7185073339085418
209 0.7185073339085418
210 0.7215271786022434
211 0.7243313201035375
212 0.7226056945642796
213 0.7232528041415013
214 0.7234685073339086
215 0.7219585849870578
216 0.7217428817946505
217 0.722174288179465
218 0.724762726488352
219 0.7286453839516824
220 0.7301553062985332
221 0.7366264020707507
222 0.7325280414150129
223 0.7377049180327869
224 0.7370578084555651
225 0.7368421052631579
226 0.7387834339948232
227 0.7377049180327869
228 0.7295081967213115
229 0.7267040552200172
230 0.7284296807592753
231 0.7292924935289042
232 0.7271354616048318
233 0.7284296807592753
234 0.723037100949094
235 0.7226056945642796
236 0.72648835202761
237 0.7286453839516824
238 0.7314495254529767
239 0.7349007765314927
240 0.7349007765314927
241 0.7377049180327869
242 0.7428817946505608
243 0.7519413287316652
244 0.746548748921484
245 0.7435289042277826
246 0.7510785159620362
247 0.7519413287316652
248 0.7521570319240725
249 0.7519413287316652
250 0.7454702329594478
251 0.747411561691113
252 0.7521570319240725
253 0.7532355478861087
254 0.755176876617774
255 0.756039689387403
256 0.7521570319240725
257 0.7532355478861087
258 0.7549611734253667
259 0.7512942191544435
260 0.7515099223468508
261 0.7528041415012943
262 0.7549611734253667
263 0.7575496117342536
264 0.7592752372735116
265 0.7588438308886971
266 0.7564710957722174
267 0.7573339085418465
268 0.7532355478861087
269 0.7536669542709232
270 0.751725625539258
271 0.7553925798101812
272 0.7506471095772217
273 0.7536669542709232
274 0.7562553925798102
275 0.7575496117342536
276 0.756039689387403
277 0.755176876617774
278 0.7575496117342536
279 0.7556082830025884
280 0.7610008628127696
281 0.7681190681622088
282 0.7687661777394306
283 0.7644521138912856
284 0.7737273511647972
285 0.7763157894736842
286 0.775237273511648
287 0.7758843830888698
288 0.7797670405522001
289 0.7786885245901639
290 0.7791199309749784
291 0.7819240724762726
292 0.7814926660914582
293 0.7780414150129422
294 0.7773943054357204
295 0.7784728213977566
296 0.7767471958584987
297 0.7784728213977566
298 0.7782571182053495
299 0.7795513373597929
300 0.7739430543572045
301 0.7676876617773943
302 0.7720017256255393
303 0.775237273511648
304 0.775237273511648
305 0.77351164797239
306 0.768334771354616
307 0.7780414150129422
308 0.7767471958584987
309 0.775237273511648
310 0.7758843830888698
311 0.7750215703192407
312 0.7748058671268335
313 0.7741587575496117
314 0.7754529767040552
315 0.7739430543572045
316 0.7771786022433133
317 0.7821397756686799
318 0.7866695427092321
319 0.7892579810181191
320 0.7849439171699741
321 0.7808455565142364
322 0.7821397756686799
323 0.7819240724762726
324 0.7741587575496117
325 0.7763157894736842
326 0.7793356341673857
327 0.7821397756686799
328 0.7819240724762726
329 0.7801984469370147
330 0.775237273511648
331 0.7791199309749784
332 0.7806298533218292
333 0.7758843830888698
334 0.7767471958584987
335 0.7806298533218292
336 0.780414150129422
337 0.7791199309749784
338 0.7786885245901639
339 0.7784728213977566
340 0.7797670405522001
341 0.7890422778257118
342 0.7905522001725626
343 0.7899050905953409
344 0.7896893874029336
345 0.7896893874029336
346 0.7847282139775669
347 0.7903364969801553
348 0.7931406384814496
349 0.7883951682484901
350 0.7883951682484901
351 0.793572044866264
352 0.7894736842105263
353 0.7834339948231234
354 0.7748058671268335
355 0.774374460742019
356 0.7817083692838654
357 0.7886108714408974
358 0.7868852459016393
359 0.7808455565142364
360 0.7817083692838654
361 0.7819240724762726
362 0.7756686798964625
363 0.7791199309749784
364 0.7851596203623814
365 0.7881794650560828
366 0.7832182916307161
367 0.7868852459016393
368 0.7892579810181191
369 0.7866695427092321
370 0.7814926660914582
371 0.7855910267471958
372 0.7834339948231234
373 0.780414150129422
374 0.7776100086281277
375 0.7801984469370147
376 0.7866695427092321
377 0.776962899050906
378 0.7771786022433133
379 0.7758843830888698
380 0.7797670405522001
381 0.7806298533218292
382 0.7823554788610871
383 0.7793356341673857
384 0.7763157894736842
385 0.7748058671268335
386 0.7776100086281277
387 0.7832182916307161
388 0.7847282139775669
389 0.7830025884383088
390 0.7817083692838654
391 0.774374460742019
392 0.7724331320103538
393 0.7771786022433133
394 0.7834339948231234
395 0.7896893874029336
396 0.7883951682484901
397 0.7879637618636756
398 0.7911993097497843
399 0.7875323554788611
400 0.7855910267471958
401 0.7855910267471958
402 0.7907679033649698
403 0.793572044866264
404 0.7968075927523728
405 0.7955133735979293
406 0.7918464193270061
407 0.7976704055220017
408 0.7955133735979293
409 0.8041415012942191
410 0.8004745470232959
411 0.7998274374460742
412 0.7970232959447799
413 0.7981018119068162
414 0.7963761863675582
415 0.7899050905953409
416 0.7922778257118205
417 0.7916307161345988
418 0.7950819672131147
419 0.798748921484038
420 0.7976704055220017
421 0.797886108714409
422 0.7907679033649698
423 0.7877480586712683
424 0.7817083692838654
425 0.7810612597066436
426 0.7832182916307161
427 0.7799827437446074
428 0.7776100086281277
429 0.780414150129422
430 0.7853753235547886
431 0.7845125107851596
432 0.7834339948231234
433 0.7877480586712683
434 0.7911993097497843
435 0.7914150129421915
436 0.7875323554788611
437 0.7834339948231234
438 0.7823554788610871
439 0.7866695427092321
440 0.7883951682484901
441 0.7862381363244176
442 0.7817083692838654
443 0.7851596203623814
444 0.7873166522864539
445 0.790120793787748
446 0.7940034512510785
447 0.7998274374460742
448 0.7931406384814496
449 0.7894736842105263
450 0.792709232096635
451 0.7905522001725626
452 0.7907679033649698
453 0.7922778257118205
454 0.7918464193270061
455 0.7851596203623814
456 0.7864538395168249
457 0.7834339948231234
458 0.7840811044003452
459 0.7905522001725626
460 0.7883951682484901
461 0.7825711820534944
462 0.7808455565142364
463 0.7853753235547886
464 0.7808455565142364
465 0.7836496980155306
466 0.7894736842105263
467 0.790120793787748
468 0.7881794650560828
469 0.7888265746333045
470 0.7855910267471958
471 0.7855910267471958
472 0.7849439171699741
473 0.7842968075927523
474 0.7873166522864539
475 0.7896893874029336
476 0.7896893874029336
477 0.7911993097497843
478 0.7899050905953409
479 0.7903364969801553
480 0.7845125107851596
481 0.7810612597066436
482 0.780414150129422
483 0.7855910267471958
484 0.7914150129421915
485 0.793572044866264
486 0.7922778257118205
487 0.7937877480586712
488 0.7909836065573771
489 0.7899050905953409
490 0.7922778257118205
491 0.7963761863675582
492 0.7948662640207075
493 0.7922778257118205
494 0.7909836065573771
495 0.7998274374460742
496 0.796160483175151
497 0.7946505608283002
498 0.7972389991371872
499 0.7985332182916307
500 0.7916307161345988
501 0.7834339948231234
502 0.7864538395168249
503 0.7911993097497843
504 0.7950819672131147
505 0.7933563416738568
506 0.7996117342536669
507 0.7985332182916307
508 0.7937877480586712
509 0.7888265746333045
510 0.7942191544434858
511 0.7970232959447799
512 0.7965918895599655
513 0.7922778257118205
514 0.7858067299396031
515 0.7890422778257118
516 0.7888265746333045
517 0.7860224331320104
518 0.7875323554788611
519 0.7847282139775669
520 0.7855910267471958
521 0.7845125107851596
522 0.7797670405522001
523 0.7819240724762726
524 0.7799827437446074
525 0.774374460742019
526 0.7700603968938741
527 0.7698446937014668
528 0.7668248490077653
529 0.7748058671268335
530 0.7838654012079379
531 0.7875323554788611
532 0.7892579810181191
533 0.7914150129421915
534 0.7933563416738568
535 0.7933563416738568
536 0.7948662640207075
537 0.795297670405522
538 0.7983175150992234
539 0.7983175150992234
540 0.7933563416738568
541 0.7974547023295945
542 0.7903364969801553
543 0.7909836065573771
544 0.7851596203623814
545 0.7832182916307161
546 0.7776100086281277
547 0.7812769628990509
548 0.776962899050906
549 0.7782571182053495
550 0.7823554788610871
551 0.7845125107851596
552 0.7812769628990509
553 0.7892579810181191
554 0.7911993097497843
555 0.7942191544434858
556 0.7955133735979293
557 0.7989646246764452
558 0.7996117342536669
559 0.7981018119068162
560 0.7942191544434858
561 0.7911993097497843
562 0.7873166522864539
563 0.7916307161345988
564 0.7922778257118205
565 0.7948662640207075
566 0.7907679033649698
567 0.7866695427092321
568 0.7911993097497843
569 0.7847282139775669
570 0.7801984469370147
571 0.7853753235547886
572 0.7812769628990509
573 0.7842968075927523
574 0.7832182916307161
575 0.777825711820535
576 0.7765314926660914
577 0.7776100086281277
578 0.7801984469370147
579 0.7728645383951682
580 0.7784728213977566
581 0.7793356341673857
582 0.7842968075927523
583 0.7851596203623814
584 0.7823554788610871
585 0.7817083692838654
586 0.7819240724762726
587 0.7819240724762726
588 0.7776100086281277
589 0.7773943054357204
590 0.7799827437446074
591 0.7793356341673857
592 0.7840811044003452
593 0.7905522001725626
594 0.7946505608283002
595 0.7972389991371872
596 0.7983175150992234
597 0.7937877480586712
598 0.7942191544434858
599 0.7983175150992234
600 0.798748921484038
601 0.7873166522864539
602 0.7879637618636756
603 0.7899050905953409
604 0.7896893874029336
605 0.7847282139775669
606 0.7864538395168249
607 0.7825711820534944
608 0.7812769628990509
609 0.7806298533218292
610 0.7862381363244176
611 0.7879637618636756
612 0.7896893874029336
613 0.7875323554788611
614 0.7916307161345988
615 0.7907679033649698
616 0.7948662640207075
617 0.7905522001725626
618 0.7883951682484901
619 0.794434857635893
620 0.795297670405522
621 0.7907679033649698
622 0.7890422778257118
623 0.7911993097497843
624 0.7933563416738568
625 0.7924935289042278
626 0.7890422778257118
627 0.7907679033649698
628 0.7922778257118205
629 0.7862381363244176
630 0.7875323554788611
631 0.7914150129421915
632 0.7920621225194133
633 0.8024158757549612
634 0.7946505608283002
635 0.7996117342536669
636 0.7981018119068162
637 0.8034943917169974
638 0.797886108714409
639 0.797886108714409
640 0.7937877480586712
641 0.7916307161345988
642 0.7886108714408974
643 0.7890422778257118
644 0.7862381363244176
645 0.7806298533218292
646 0.7842968075927523
647 0.7832182916307161
648 0.7845125107851596
649 0.7825711820534944
650 0.7814926660914582
651 0.7821397756686799
652 0.7862381363244176
653 0.7845125107851596
654 0.7819240724762726
655 0.7845125107851596
656 0.7793356341673857
657 0.7795513373597929
658 0.7771786022433133
659 0.7761000862812769
660 0.7806298533218292
661 0.777825711820535
662 0.776962899050906
663 0.775237273511648
664 0.7793356341673857
665 0.7808455565142364
666 0.7819240724762726
667 0.7817083692838654
668 0.7825711820534944
669 0.7875323554788611
670 0.7836496980155306
671 0.7827868852459017
672 0.7881794650560828
673 0.7866695427092321
674 0.7862381363244176
675 0.7873166522864539
676 0.7849439171699741
677 0.7868852459016393
678 0.7855910267471958
679 0.7847282139775669
680 0.7842968075927523
681 0.7862381363244176
682 0.7888265746333045
683 0.7942191544434858
684 0.7959447799827437
685 0.796160483175151
686 0.7866695427092321
687 0.7914150129421915
688 0.7886108714408974
689 0.7892579810181191
690 0.7905522001725626
691 0.7873166522864539
692 0.7862381363244176
693 0.7881794650560828
694 0.7845125107851596
695 0.7817083692838654
696 0.7834339948231234
697 0.7888265746333045
698 0.7871009490940466
699 0.7855910267471958
700 0.7827868852459017
