1 0.0004314063848144953
2 0.0004314063848144953
3 0.0004314063848144953
4 0.0006471095772217428
5 0.0006471095772217428
6 0.0006471095772217428
7 0.0008628127696289905
8 0.0006471095772217428
9 0.0010785159620362382
10 0.0010785159620362382
11 0.0010785159620362382
12 0.0012942191544434857
13 0.0010785159620362382
14 0.0010785159620362382
15 0.0010785159620362382
16 0.0010785159620362382
17 0.0010785159620362382
18 0.0010785159620362382
19 0.0010785159620362382
20 0.0012942191544434857
21 0.0012942191544434857
22 0.0012942191544434857
23 0.0010785159620362382
24 0.0012942191544434857
25 0.0015099223468507334
26 0.0015099223468507334
27 0.001725625539257981
28 0.001725625539257981
29 0.0019413287316652286
30 0.0019413287316652286
31 0.0028041415012942193
32 0.0030198446937014668
33 0.0030198446937014668
34 0.0032355478861087143
35 0.003882657463330457
36 0.004314063848144953
37 0.004961173425366695
38 0.005176876617773943
39 0.005392579810181191
40 0.005392579810181191
41 0.005392579810181191
42 0.005392579810181191
43 0.0060396893874029335
44 0.006255392579810181
45 0.0060396893874029335
46 0.0064710957722174285
47 0.006902502157031924
48 0.006902502157031924
49 0.007333908541846419
50 0.007981018119068163
51 0.007765314926660914
52 0.007981018119068163
53 0.008412424503882658
54 0.009490940465918895
55 0.008843830888697153
56 0.0090595340811044
57 0.009706643658326143
58 0.010785159620362382
59 0.012295081967213115
60 0.012295081967213115
61 0.012510785159620362
62 0.01272648835202761
63 0.013589301121656601
64 0.013373597929249352
65 0.013805004314063849
66 0.014452113891285591
67 0.013805004314063849
68 0.015099223468507334
69 0.017040552200172563
70 0.01725625539257981
71 0.017471958584987058
72 0.018766177739430543
73 0.020060396893874028
74 0.02070750647109577
75 0.021354616048317517
76 0.02200172562553926
77 0.02372735116479724
78 0.024158757549611734
79 0.02610008628127696
80 0.02825711820534944
81 0.028904227782571183
82 0.029767040552200173
83 0.03127696289905091
84 0.034296807592752374
85 0.036669542709232096
86 0.03882657463330457
87 0.03968938740293356
88 0.042493528904227786
89 0.04616048317515099
90 0.04874892148403796
91 0.04961173425366695
92 0.05133735979292493
93 0.05133735979292493
94 0.05371009490940466
95 0.05651423641069888
96 0.06233822260569456
97 0.06578947368421052
98 0.06902502157031924
99 0.07484900776531493
100 0.07635893011216566
101 0.08088869715271786
102 0.08283002588438308
103 0.08908541846419327
104 0.09490940465918896
105 0.10547886108714409
106 0.11044003451251079
107 0.11647972389991372
108 0.12165660051768766
109 0.12575496117342536
110 0.13287316652286454
111 0.13826574633304572
112 0.14171699741156168
113 0.15056082830025885
114 0.15724762726488353
115 0.16242450388265747
116 0.16911130284728215
117 0.17450388265746333
118 0.1798964624676445
119 0.18356341673856774
120 0.1919758412424504
121 0.19736842105263158
122 0.20664365832614323
123 0.20987920621225195
124 0.2137618636755824
125 0.22411561691113027
126 0.2277825711820535
127 0.23037100949094047
128 0.24180327868852458
129 0.2471958584987058
130 0.25754961173425367
131 0.2642364106988783
132 0.27200172562553926
133 0.28062985332182916
134 0.2883951682484901
135 0.2948662640207075
136 0.30371009490940465
137 0.3134167385677308
138 0.3198878343399482
139 0.3259275237273512
140 0.3323986194995686
141 0.34167385677308026
142 0.34792924935289044
143 0.35353753235547886
144 0.35893011216566006
145 0.3712251941328732
146 0.3723037100949094
147 0.3815789473684211
148 0.38977566867989644
149 0.3962467644521139
150 0.4044434857635893
151 0.4141501294219154
152 0.4234253666954271
153 0.42795513373597927
154 0.4339948231233822
155 0.43679896462467643
156 0.4486626402070751
157 0.45448662640207077
158 0.46074201898188094
159 0.4605263157894737
160 0.46225194132873165
161 0.4719585849870578
162 0.47627264883520276
163 0.48360655737704916
164 0.4831751509922347
165 0.4881363244176014
166 0.49633304572907677
167 0.49611734253666956
168 0.503451251078516
169 0.5144521138912856
170 0.5222174288179465
171 0.5248058671268335
172 0.5347282139775669
173 0.5409836065573771
174 0.547886108714409
175 0.5526315789473685
176 0.558455565142364
177 0.5612597066436583
178 0.5675150992234685
179 0.5675150992234685
180 0.5655737704918032
181 0.5718291630716135
182 0.573123382226057
183 0.5821829163071613
184 0.582830025884383
185 0.5834771354616048
186 0.5871440897325281
187 0.5912424503882657
188 0.6011647972389992
189 0.6074201898188093
190 0.6175582398619499
191 0.6238136324417601
192 0.6242450388265747
193 0.6305004314063848
194 0.6266177739430544
195 0.6298533218291631
196 0.6374029335634167
197 0.6423641069887834
198 0.6451682484900777
199 0.6451682484900777
200 0.655090595340811
201 0.6540120793787748
202 0.6531492666091459
203 0.657679033649698
204 0.6563848144952545
205 0.6591889559965487
206 0.6658757549611735
207 0.6708369283865401
208 0.6745038826574633
209 0.6745038826574633
210 0.682053494391717
211 0.6842105263157895
212 0.6870146678170836
213 0.6835634167385677
214 0.6857204486626403
215 0.6908973252804141
216 0.691544434857636
217 0.6930543572044866
218 0.6930543572044866
219 0.6993097497842968
220 0.704702329594478
221 0.7034081104400345
222 0.7053494391716998
223 0.7059965487489215
224 0.7133304572907679
225 0.7182916307161346
226 0.7150560828300259
227 0.7204486626402071
228 0.7204486626402071
229 0.7249784296807593
230 0.7262726488352028
231 0.7284296807592753
232 0.7340379637618637
233 0.7364106988783434
234 0.7394305435720449
235 0.7349007765314927
236 0.7387834339948232
237 0.7331751509922347
238 0.7331751509922347
239 0.7364106988783434
240 0.7331751509922347
241 0.7355478861087144
242 0.7426660914581535
243 0.746548748921484
244 0.7463330457290768
245 0.7446074201898188
246 0.7424503882657464
247 0.7418032786885246
248 0.7437446074201898
249 0.7446074201898188
250 0.7411561691113029
251 0.7530198446937014
252 0.750862812769629
253 0.7532355478861087
254 0.7528041415012943
255 0.7510785159620362
256 0.7510785159620362
257 0.7607851596203624
258 0.7603537532355479
259 0.756039689387403
260 0.7504314063848145
261 0.7469801553062986
262 0.7454702329594478
263 0.7469801553062986
264 0.7480586712683348
265 0.7471958584987057
266 0.7459016393442623
267 0.7538826574633305
268 0.7493528904227783
269 0.7495685936151855
270 0.7515099223468508
271 0.7528041415012943
272 0.7543140638481449
273 0.7577653149266609
274 0.7661777394305436
275 0.7676876617773943
276 0.772648835202761
277 0.768334771354616
278 0.7659620362381363
279 0.7687661777394306
280 0.7663934426229508
281 0.772648835202761
282 0.7761000862812769
283 0.7767471958584987
284 0.77351164797239
285 0.7674719585849871
286 0.7674719585849871
287 0.7713546160483176
288 0.7713546160483176
289 0.7732959447799828
290 0.7786885245901639
291 0.7771786022433133
292 0.7786885245901639
293 0.776962899050906
294 0.7793356341673857
295 0.7756686798964625
296 0.7732959447799828
297 0.7737273511647972
298 0.7732959447799828
299 0.7702761000862812
300 0.7700603968938741
301 0.769197584124245
302 0.7696289905090595
303 0.770923209663503
304 0.7700603968938741
305 0.7715703192407247
306 0.7640207075064711
307 0.7663934426229508
308 0.7625107851596203
309 0.7648835202761001
310 0.7650992234685073
311 0.7655306298533219
312 0.769197584124245
313 0.7711389128559103
314 0.7728645383951682
315 0.7737273511647972
316 0.771786022433132
317 0.7640207075064711
318 0.7650992234685073
319 0.7689818809318378
320 0.769197584124245
321 0.7666091458153581
322 0.7670405522001725
323 0.769197584124245
324 0.7739430543572045
325 0.7765314926660914
326 0.7782571182053495
327 0.780414150129422
328 0.7801984469370147
329 0.780414150129422
330 0.7754529767040552
331 0.7754529767040552
332 0.7745901639344263
333 0.7834339948231234
334 0.7845125107851596
335 0.7845125107851596
336 0.7830025884383088
337 0.7827868852459017
338 0.7860224331320104
339 0.7877480586712683
340 0.7886108714408974
341 0.7937877480586712
342 0.7948662640207075
343 0.7970232959447799
344 0.7911993097497843
345 0.794434857635893
346 0.7842968075927523
347 0.7851596203623814
348 0.7849439171699741
349 0.7840811044003452
350 0.7838654012079379
351 0.7909836065573771
352 0.7933563416738568
353 0.7948662640207075
354 0.7916307161345988
355 0.7965918895599655
356 0.7924935289042278
357 0.7883951682484901
358 0.7903364969801553
359 0.7905522001725626
360 0.7830025884383088
361 0.7862381363244176
362 0.7875323554788611
363 0.7789042277825712
364 0.7849439171699741
365 0.7797670405522001
366 0.7750215703192407
367 0.7836496980155306
368 0.7873166522864539
369 0.7903364969801553
370 0.780414150129422
371 0.7793356341673857
372 0.7832182916307161
373 0.7896893874029336
374 0.7855910267471958
375 0.7862381363244176
376 0.7830025884383088
377 0.7838654012079379
378 0.7834339948231234
379 0.790120793787748
380 0.790120793787748
381 0.7931406384814496
382 0.7903364969801553
383 0.7946505608283002
384 0.7877480586712683
385 0.7911993097497843
386 0.7918464193270061
387 0.7914150129421915
388 0.7890422778257118
389 0.7888265746333045
390 0.7883951682484901
391 0.7855910267471958
392 0.7890422778257118
393 0.7899050905953409
394 0.7892579810181191
395 0.7957290767903364
396 0.7911993097497843
397 0.7972389991371872
398 0.7970232959447799
399 0.7931406384814496
400 0.796160483175151
401 0.8043572044866264
402 0.8039257981018119
403 0.8024158757549612
404 0.8045729076790337
405 0.8000431406384815
406 0.7968075927523728
407 0.8028472821397756
408 0.8011216566005177
409 0.8011216566005177
410 0.8019844693701467
411 0.798748921484038
412 0.7922778257118205
413 0.7963761863675582
414 0.7985332182916307
415 0.7948662640207075
416 0.7914150129421915
417 0.7914150129421915
418 0.7929249352890423
419 0.7871009490940466
420 0.7883951682484901
421 0.7924935289042278
422 0.7875323554788611
423 0.7879637618636756
424 0.7922778257118205
425 0.7983175150992234
426 0.7942191544434858
427 0.7933563416738568
428 0.7894736842105263
429 0.7942191544434858
430 0.796160483175151
431 0.7933563416738568
432 0.7916307161345988
433 0.7907679033649698
434 0.7899050905953409
435 0.7890422778257118
436 0.7931406384814496
437 0.7918464193270061
438 0.7855910267471958
439 0.7879637618636756
440 0.7918464193270061
441 0.7911993097497843
442 0.7896893874029336
443 0.7864538395168249
444 0.7907679033649698
445 0.7940034512510785
446 0.7862381363244176
447 0.7860224331320104
448 0.7933563416738568
449 0.7907679033649698
450 0.7911993097497843
451 0.7866695427092321
452 0.7864538395168249
453 0.7899050905953409
454 0.7877480586712683
455 0.7842968075927523
456 0.7810612597066436
457 0.7866695427092321
458 0.7877480586712683
459 0.7840811044003452
460 0.7823554788610871
461 0.7830025884383088
462 0.7765314926660914
463 0.7750215703192407
464 0.7773943054357204
465 0.777825711820535
466 0.7801984469370147
467 0.7765314926660914
468 0.7825711820534944
469 0.7827868852459017
470 0.7858067299396031
471 0.7894736842105263
472 0.7834339948231234
473 0.7825711820534944
474 0.7786885245901639
475 0.7797670405522001
476 0.7849439171699741
477 0.7838654012079379
478 0.7834339948231234
479 0.7793356341673857
480 0.7780414150129422
481 0.7793356341673857
482 0.7842968075927523
483 0.7810612597066436
484 0.7858067299396031
485 0.7860224331320104
486 0.7868852459016393
487 0.7858067299396031
488 0.7864538395168249
489 0.7916307161345988
490 0.7918464193270061
491 0.7931406384814496
492 0.7886108714408974
493 0.7894736842105263
494 0.7855910267471958
495 0.7896893874029336
496 0.7922778257118205
497 0.7858067299396031
498 0.7806298533218292
499 0.7817083692838654
500 0.7853753235547886
501 0.7860224331320104
502 0.7868852459016393
503 0.7840811044003452
504 0.7918464193270061
505 0.7911993097497843
506 0.7970232959447799
507 0.7931406384814496
508 0.7965918895599655
509 0.7909836065573771
510 0.7937877480586712
511 0.7965918895599655
512 0.7892579810181191
513 0.7914150129421915
514 0.7886108714408974
515 0.7909836065573771
516 0.796160483175151
517 0.7873166522864539
518 0.7862381363244176
519 0.7875323554788611
520 0.7866695427092321
521 0.7899050905953409
522 0.7916307161345988
523 0.7916307161345988
524 0.7896893874029336
525 0.7965918895599655
526 0.7903364969801553
527 0.7871009490940466
528 0.795297670405522
529 0.7957290767903364
530 0.7920621225194133
531 0.7845125107851596
532 0.7903364969801553
533 0.7823554788610871
534 0.7832182916307161
535 0.7821397756686799
536 0.7879637618636756
537 0.792709232096635
538 0.794434857635893
539 0.7905522001725626
540 0.7886108714408974
541 0.7922778257118205
542 0.793572044866264
543 0.792709232096635
544 0.7922778257118205
545 0.7845125107851596
546 0.7825711820534944
547 0.7823554788610871
548 0.7847282139775669
549 0.7862381363244176
550 0.7855910267471958
551 0.7834339948231234
552 0.7849439171699741
553 0.7853753235547886
554 0.7894736842105263
555 0.7886108714408974
556 0.7842968075927523
557 0.7823554788610871
558 0.7801984469370147
559 0.7827868852459017
560 0.7909836065573771
561 0.7780414150129422
562 0.7814926660914582
563 0.7801984469370147
564 0.775237273511648
565 0.7739430543572045
566 0.7763157894736842
567 0.7789042277825712
568 0.7791199309749784
569 0.7750215703192407
570 0.7821397756686799
571 0.7832182916307161
572 0.7853753235547886
573 0.7810612597066436
574 0.780414150129422
575 0.7750215703192407
576 0.7722174288179465
577 0.7748058671268335
578 0.7812769628990509
579 0.7881794650560828
580 0.7916307161345988
581 0.7940034512510785
582 0.7877480586712683
583 0.7896893874029336
584 0.7929249352890423
585 0.793572044866264
586 0.7940034512510785
587 0.7879637618636756
588 0.7810612597066436
589 0.7821397756686799
590 0.7860224331320104
591 0.7864538395168249
592 0.7905522001725626
593 0.7909836065573771
594 0.795297670405522
595 0.7996117342536669
596 0.8017687661777394
597 0.7983175150992234
598 0.7950819672131147
599 0.801337359792925
600 0.796160483175151
601 0.790120793787748
602 0.7903364969801553
603 0.7886108714408974
604 0.7836496980155306
605 0.7810612597066436
606 0.7886108714408974
607 0.7924935289042278
608 0.7899050905953409
609 0.7864538395168249
610 0.7868852459016393
611 0.7909836065573771
612 0.7896893874029336
613 0.7851596203623814
614 0.7896893874029336
615 0.794434857635893
616 0.7948662640207075
617 0.7968075927523728
618 0.7899050905953409
619 0.7886108714408974
620 0.7851596203623814
621 0.7810612597066436
622 0.7851596203623814
623 0.7881794650560828
624 0.7845125107851596
625 0.7784728213977566
626 0.7771786022433133
627 0.7789042277825712
628 0.7773943054357204
629 0.7767471958584987
630 0.7737273511647972
631 0.7780414150129422
632 0.7732959447799828
633 0.7765314926660914
634 0.77351164797239
635 0.7776100086281277
636 0.7745901639344263
637 0.7763157894736842
638 0.7793356341673857
639 0.7864538395168249
640 0.7797670405522001
641 0.7814926660914582
642 0.776962899050906
643 0.780414150129422
644 0.7801984469370147
645 0.7782571182053495
646 0.7728645383951682
647 0.7782571182053495
648 0.774374460742019
649 0.770923209663503
650 0.7730802415875755
651 0.7767471958584987
652 0.774374460742019
653 0.7797670405522001
654 0.7737273511647972
655 0.7663934426229508
656 0.7674719585849871
657 0.771786022433132
658 0.769197584124245
659 0.7689818809318378
660 0.771786022433132
661 0.7750215703192407
662 0.7763157894736842
663 0.7791199309749784
664 0.7763157894736842
665 0.7750215703192407
666 0.7786885245901639
667 0.7825711820534944
668 0.7894736842105263
669 0.7922778257118205
670 0.7881794650560828
671 0.7868852459016393
672 0.7814926660914582
673 0.7827868852459017
674 0.7858067299396031
675 0.7834339948231234
676 0.7832182916307161
677 0.7849439171699741
678 0.7842968075927523
679 0.7866695427092321
680 0.7879637618636756
681 0.7892579810181191
682 0.7868852459016393
683 0.7871009490940466
684 0.7858067299396031
685 0.7855910267471958
686 0.780414150129422
687 0.7842968075927523
688 0.7855910267471958
689 0.7851596203623814
690 0.7855910267471958
691 0.7834339948231234
692 0.7814926660914582
693 0.7763157894736842
694 0.7767471958584987
695 0.7801984469370147
696 0.7909836065573771
697 0.7920621225194133
698 0.7981018119068162
699 0.7942191544434858
700 0.7894736842105263
