1 0.0006471095772217428
2 0.0010785159620362382
3 0.0008628127696289905
4 0.002372735116479724
5 0.003451251078515962
6 0.005176876617773943
7 0.005392579810181191
8 0.006255392579810181
9 0.00819672131147541
10 0.0090595340811044
11 0.011432269197584125
12 0.01272648835202761
13 0.014452113891285591
14 0.016177739430543573
15 0.018550474547023296
16 0.021570319240724764
17 0.024805867126833477
18 0.027825711820534945
19 0.030198446937014668
20 0.03278688524590164
21 0.035806729939603106
22 0.03990509059534081
23 0.04357204486626402
24 0.04831751509922347
25 0.05263157894736842
26 0.05371009490940466
27 0.05823986194995686
28 0.06320103537532355
29 0.07182916307161347
30 0.07765314926660914
31 0.08067299396031061
32 0.08671268334771355
33 0.09490940465918896
34 0.10310612597066436
35 0.1095772217428818
36 0.11216566005176877
37 0.11712683347713546
38 0.12532355478861087
39 0.13028472821397757
40 0.13783433994823124
41 0.1453839516824849
42 0.15228645383951683
43 0.15811044003451252
44 0.16630716134598791
45 0.17169974115616912
46 0.17838654012079377
47 0.18442622950819673
48 0.19607420189818808
49 0.2042709232096635
50 0.21678170836928387
51 0.2228213977566868
52 0.2318809318377912
53 0.2405090595340811
54 0.2530198446937015
55 0.26056945642795515
56 0.26876617773943057
57 0.2814926660914582
58 0.29206212251941327
59 0.30349439171699744
60 0.3080241587575496
61 0.31449525452976707
62 0.32269197584124243
63 0.3287316652286454
64 0.3345556514236411
65 0.34037963761863677
66 0.3483606557377049
67 0.35806729939603105
68 0.36885245901639346
69 0.37359792924935287
70 0.3815789473684211
71 0.388481449525453
72 0.39365832614322693
73 0.40099223468507333
74 0.40660051768766176
75 0.4167385677308024
76 0.4158757549611734
77 0.41824849007765313
78 0.42515099223468505
79 0.4327006039689387
80 0.4342105263157895
81 0.4400345125107852
82 0.4488783433994823
83 0.45232959447799825
84 0.4592320966350302
85 0.4654874892148404
86 0.47389991371872303
87 0.4758412424503883
88 0.48037100949094047
89 0.48899913718723037
90 0.4959016393442623
91 0.49784296807592754
92 0.5094909404659189
93 0.5155306298533219
94 0.5200603968938741
95 0.5308455565142364
96 0.5388265746333045
97 0.5405522001725626
98 0.5498274374460742
99 0.5603968938740294
100 0.5627696289905091
101 0.5655737704918032
102 0.567946505608283
103 0.5761432269197584
104 0.5735547886108714
105 0.5770060396893874
106 0.5802415875754962
107 0.5918895599654875
108 0.5981449525452976
109 0.6080672993960311
110 0.6056945642795514
111 0.6076358930112166
112 0.612381363244176
113 0.6136755823986195
114 0.614106988783434
115 0.6188524590163934
116 0.6292062122519413
117 0.6281276962899051
118 0.6294219154443486
119 0.6343830888697153
120 0.6352459016393442
121 0.6378343399482312
122 0.6417169974115617
123 0.6430112165660051
124 0.6451682484900777
125 0.6443054357204486
126 0.6421484037963762
127 0.6460310612597067
128 0.6501294219154443
129 0.6518550474547024
130 0.6540120793787748
131 0.6572476272648835
132 0.6583261432269197
133 0.6572476272648835
134 0.6574633304572908
135 0.6600517687661778
136 0.6654443485763589
137 0.6647972389991372
138 0.6693270060396894
139 0.6753666954270923
140 0.6764452113891286
141 0.6805435720448663
142 0.677739430543572
143 0.685504745470233
144 0.6839948231233822
145 0.6902502157031924
146 0.6861518550474547
147 0.6872303710094909
148 0.6893874029335634
149 0.6949956859361519
150 0.6969370146678171
151 0.6956427955133736
152 0.6952113891285591
153 0.6984469370146679
154 0.7042709232096636
155 0.698662640207075
156 0.6973684210526315
157 0.7031924072476272
158 0.7081535806729939
159 0.7139775668679896
160 0.7137618636755824
161 0.7113891285591026
162 0.7124676445211389
163 0.7128990509059534
164 0.7131147540983607
165 0.7109577221742882
166 0.7135461604831751
167 0.7126833477135461
168 0.7137618636755824
169 0.7152717860224331
170 0.7228213977566867
171 0.7213114754098361
172 0.7161345987920621
173 0.7202329594477999
174 0.7275668679896462
175 0.7303710094909405
176 0.7353321829163072
177 0.7353321829163072
178 0.7314495254529767
179 0.7357635893011216
180 0.7368421052631579
181 0.7446074201898188
182 0.7459016393442623
183 0.7433132010353753
184 0.7450388265746333
185 0.7430974978429681
186 0.7400776531492667
187 0.7389991371872304
188 0.7409404659188956
189 0.7396462467644521
190 0.74137187230371
191 0.74137187230371
192 0.7407247627264884
193 0.7452545297670405
194 0.748274374460742
195 0.7469801553062986
196 0.7446074201898188
197 0.7428817946505608
198 0.7422346850733391
199 0.7519413287316652
200 0.7547454702329595
201 0.7521570319240725
202 0.7532355478861087
203 0.7519413287316652
204 0.7549611734253667
205 0.750862812769629
206 0.7506471095772217
207 0.7521570319240725
208 0.7545297670405522
209 0.7569025021570319
210 0.7553925798101812
211 0.7523727351164797
212 0.7566867989646247
213 0.7594909404659189
214 0.7597066436583262
215 0.7562553925798102
216 0.7543140638481449
217 0.7545297670405522
218 0.7573339085418465
219 0.7607851596203624
220 0.7620793787748059
221 0.7633735979292493
222 0.7633735979292493
223 0.753451251078516
224 0.7571182053494392
225 0.7543140638481449
226 0.7614322691975841
227 0.75862812769629
228 0.7616479723899914
229 0.7601380500431406
230 0.7594909404659189
231 0.7564710957722174
232 0.7569025021570319
233 0.756039689387403
234 0.7616479723899914
235 0.7627264883520276
236 0.7575496117342536
237 0.7607851596203624
238 0.7620793787748059
239 0.7616479723899914
240 0.7635893011216566
241 0.7601380500431406
242 0.7625107851596203
243 0.7698446937014668
244 0.7674719585849871
245 0.772648835202761
246 0.7679033649698016
247 0.77351164797239
248 0.7700603968938741
249 0.7694132873166523
250 0.7732959447799828
251 0.7789042277825712
252 0.7855910267471958
253 0.7851596203623814
254 0.7842968075927523
255 0.7808455565142364
256 0.7795513373597929
257 0.777825711820535
258 0.7819240724762726
259 0.7847282139775669
260 0.7864538395168249
261 0.7795513373597929
262 0.7797670405522001
263 0.7793356341673857
264 0.7782571182053495
265 0.776962899050906
266 0.7754529767040552
267 0.77351164797239
268 0.7830025884383088
269 0.7819240724762726
270 0.7838654012079379
271 0.7871009490940466
272 0.7840811044003452
273 0.7862381363244176
274 0.7920621225194133
275 0.7937877480586712
276 0.7883951682484901
277 0.7817083692838654
278 0.7801984469370147
279 0.7819240724762726
280 0.7862381363244176
281 0.7918464193270061
282 0.7890422778257118
283 0.7933563416738568
284 0.7877480586712683
285 0.7830025884383088
286 0.7834339948231234
287 0.7847282139775669
288 0.7806298533218292
289 0.7849439171699741
290 0.7840811044003452
291 0.7832182916307161
292 0.7881794650560828
293 0.7836496980155306
294 0.7868852459016393
295 0.7832182916307161
296 0.7806298533218292
297 0.7786885245901639
298 0.7789042277825712
299 0.7830025884383088
300 0.7871009490940466
301 0.7853753235547886
302 0.7875323554788611
303 0.7924935289042278
304 0.7911993097497843
305 0.7858067299396031
306 0.7873166522864539
307 0.7871009490940466
308 0.7864538395168249
309 0.7840811044003452
310 0.7838654012079379
311 0.7838654012079379
312 0.7836496980155306
313 0.7836496980155306
314 0.7873166522864539
315 0.7914150129421915
316 0.7918464193270061
317 0.7888265746333045
318 0.7858067299396031
319 0.7817083692838654
320 0.7875323554788611
321 0.7892579810181191
322 0.7909836065573771
323 0.7881794650560828
324 0.7911993097497843
325 0.7911993097497843
326 0.7907679033649698
327 0.7868852459016393
328 0.7858067299396031
329 0.7851596203623814
330 0.7827868852459017
331 0.7799827437446074
332 0.7825711820534944
333 0.7810612597066436
334 0.7817083692838654
335 0.7864538395168249
336 0.7909836065573771
337 0.7948662640207075
338 0.7946505608283002
339 0.794434857635893
340 0.7950819672131147
341 0.7959447799827437
342 0.7924935289042278
343 0.7855910267471958
344 0.7851596203623814
345 0.7862381363244176
346 0.7866695427092321
347 0.7883951682484901
348 0.7871009490940466
349 0.7866695427092321
350 0.7860224331320104
351 0.7888265746333045
352 0.7812769628990509
353 0.7855910267471958
354 0.7842968075927523
355 0.7825711820534944
356 0.7864538395168249
357 0.7875323554788611
358 0.7892579810181191
359 0.7836496980155306
360 0.7771786022433133
361 0.7797670405522001
362 0.7832182916307161
363 0.7860224331320104
364 0.7840811044003452
365 0.7873166522864539
366 0.7879637618636756
367 0.7853753235547886
368 0.7845125107851596
369 0.7855910267471958
370 0.7896893874029336
371 0.7892579810181191
372 0.7840811044003452
373 0.7866695427092321
374 0.7924935289042278
375 0.7950819672131147
376 0.7931406384814496
377 0.7883951682484901
378 0.7797670405522001
379 0.7849439171699741
380 0.7860224331320104
381 0.7830025884383088
382 0.7838654012079379
383 0.7907679033649698
384 0.7868852459016393
385 0.7871009490940466
386 0.7840811044003452
387 0.7940034512510785
388 0.7933563416738568
389 0.7955133735979293
390 0.7886108714408974
391 0.7883951682484901
392 0.790120793787748
393 0.7812769628990509
394 0.7823554788610871
395 0.7873166522864539
396 0.7799827437446074
397 0.7827868852459017
398 0.7786885245901639
399 0.7817083692838654
400 0.7838654012079379
401 0.7836496980155306
402 0.7864538395168249
403 0.7886108714408974
404 0.7950819672131147
405 0.7886108714408974
406 0.7866695427092321
407 0.7888265746333045
408 0.7784728213977566
409 0.7756686798964625
410 0.7825711820534944
411 0.7834339948231234
412 0.7827868852459017
413 0.7797670405522001
414 0.7773943054357204
415 0.7780414150129422
416 0.7799827437446074
417 0.7834339948231234
418 0.7881794650560828
419 0.7871009490940466
420 0.7812769628990509
421 0.7883951682484901
422 0.7858067299396031
423 0.7862381363244176
424 0.7830025884383088
425 0.7890422778257118
426 0.7903364969801553
427 0.7909836065573771
428 0.7855910267471958
429 0.7849439171699741
430 0.7797670405522001
431 0.776962899050906
432 0.7771786022433133
433 0.7773943054357204
434 0.7862381363244176
435 0.7812769628990509
436 0.7793356341673857
437 0.7732959447799828
438 0.7810612597066436
439 0.7871009490940466
440 0.7890422778257118
441 0.7940034512510785
442 0.7976704055220017
443 0.7989646246764452
444 0.798748921484038
445 0.790120793787748
446 0.794434857635893
447 0.7924935289042278
448 0.795297670405522
449 0.7911993097497843
450 0.7855910267471958
451 0.7858067299396031
452 0.7840811044003452
453 0.7845125107851596
454 0.7849439171699741
455 0.7868852459016393
456 0.7924935289042278
457 0.7937877480586712
458 0.7965918895599655
459 0.7976704055220017
460 0.7937877480586712
461 0.7903364969801553
462 0.7881794650560828
463 0.7847282139775669
464 0.7823554788610871
465 0.777825711820535
466 0.7814926660914582
467 0.7849439171699741
468 0.7858067299396031
469 0.7855910267471958
470 0.7838654012079379
471 0.7801984469370147
472 0.7797670405522001
473 0.7832182916307161
474 0.7838654012079379
475 0.7814926660914582
476 0.7836496980155306
477 0.7864538395168249
478 0.7860224331320104
479 0.7808455565142364
480 0.7851596203623814
481 0.7903364969801553
482 0.7920621225194133
483 0.7903364969801553
484 0.7948662640207075
485 0.7965918895599655
486 0.798748921484038
487 0.797886108714409
488 0.7929249352890423
489 0.8032786885245902
490 0.8030629853321829
491 0.8047886108714409
492 0.8073770491803278
493 0.8045729076790337
494 0.8011216566005177
495 0.8022001725625539
496 0.8039257981018119
497 0.7985332182916307
498 0.7976704055220017
499 0.8009059534081104
500 0.796160483175151
501 0.7950819672131147
502 0.7931406384814496
503 0.7916307161345988
504 0.794434857635893
505 0.7968075927523728
506 0.7948662640207075
507 0.8017687661777394
508 0.8011216566005177
509 0.7911993097497843
510 0.7911993097497843
511 0.790120793787748
512 0.7858067299396031
513 0.7858067299396031
514 0.7911993097497843
515 0.7823554788610871
516 0.7825711820534944
517 0.7864538395168249
518 0.7868852459016393
519 0.7886108714408974
520 0.7886108714408974
521 0.7963761863675582
522 0.7911993097497843
523 0.7886108714408974
524 0.7933563416738568
525 0.7851596203623814
526 0.7862381363244176
527 0.7877480586712683
528 0.7847282139775669
529 0.7797670405522001
530 0.7918464193270061
531 0.7948662640207075
532 0.8006902502157032
533 0.795297670405522
534 0.7924935289042278
535 0.7924935289042278
536 0.796160483175151
537 0.7933563416738568
538 0.7890422778257118
539 0.7830025884383088
540 0.7845125107851596
541 0.7873166522864539
542 0.7918464193270061
543 0.793572044866264
544 0.7974547023295945
545 0.8032786885245902
546 0.8006902502157032
547 0.8043572044866264
548 0.8004745470232959
549 0.8056514236410699
550 0.8080241587575496
551 0.8026315789473685
552 0.8043572044866264
553 0.8037100949094047
554 0.7983175150992234
555 0.8000431406384815
556 0.796160483175151
557 0.7918464193270061
558 0.7929249352890423
559 0.7881794650560828
560 0.7905522001725626
561 0.7903364969801553
562 0.7866695427092321
563 0.7903364969801553
564 0.7879637618636756
565 0.774374460742019
566 0.7808455565142364
567 0.7791199309749784
568 0.7838654012079379
569 0.7858067299396031
570 0.7849439171699741
571 0.7819240724762726
572 0.7823554788610871
573 0.7883951682484901
574 0.7806298533218292
575 0.7784728213977566
576 0.7806298533218292
577 0.7806298533218292
578 0.7799827437446074
579 0.775237273511648
580 0.7806298533218292
581 0.7763157894736842
582 0.7756686798964625
583 0.7808455565142364
584 0.7836496980155306
585 0.7793356341673857
586 0.7786885245901639
587 0.7799827437446074
588 0.7782571182053495
589 0.7830025884383088
590 0.7825711820534944
591 0.7827868852459017
592 0.7791199309749784
593 0.7812769628990509
594 0.77351164797239
595 0.7720017256255393
596 0.7715703192407247
597 0.7666091458153581
598 0.7672562553925798
599 0.769197584124245
600 0.7685504745470233
601 0.7732959447799828
602 0.7720017256255393
603 0.7748058671268335
604 0.7732959447799828
605 0.7771786022433133
606 0.7793356341673857
607 0.7799827437446074
608 0.7771786022433133
609 0.7763157894736842
610 0.7761000862812769
611 0.7776100086281277
612 0.7801984469370147
613 0.7806298533218292
614 0.7812769628990509
615 0.7767471958584987
616 0.7763157894736842
617 0.772648835202761
618 0.7763157894736842
619 0.7776100086281277
620 0.776962899050906
621 0.7754529767040552
622 0.7795513373597929
623 0.7786885245901639
624 0.7838654012079379
625 0.7892579810181191
626 0.7920621225194133
627 0.7883951682484901
628 0.7899050905953409
629 0.7860224331320104
630 0.7862381363244176
631 0.7836496980155306
632 0.7836496980155306
633 0.7858067299396031
634 0.7836496980155306
635 0.7847282139775669
636 0.7899050905953409
637 0.7851596203623814
638 0.7806298533218292
639 0.7806298533218292
640 0.7853753235547886
641 0.7808455565142364
642 0.7853753235547886
643 0.7793356341673857
644 0.775237273511648
645 0.7810612597066436
646 0.777825711820535
647 0.7801984469370147
648 0.7739430543572045
649 0.7756686798964625
650 0.780414150129422
651 0.7745901639344263
652 0.7756686798964625
653 0.7724331320103538
654 0.7745901639344263
655 0.7748058671268335
656 0.7767471958584987
657 0.780414150129422
658 0.7855910267471958
659 0.780414150129422
660 0.7832182916307161
661 0.7806298533218292
662 0.7761000862812769
663 0.7782571182053495
664 0.777825711820535
665 0.7739430543572045
666 0.7750215703192407
667 0.7689818809318378
668 0.7793356341673857
669 0.7808455565142364
670 0.7905522001725626
671 0.7922778257118205
672 0.7905522001725626
673 0.7922778257118205
674 0.7924935289042278
675 0.7946505608283002
676 0.7965918895599655
677 0.7892579810181191
678 0.7916307161345988
679 0.7924935289042278
680 0.7948662640207075
681 0.7946505608283002
682 0.790120793787748
683 0.7881794650560828
684 0.7899050905953409
685 0.7914150129421915
686 0.7799827437446074
687 0.7821397756686799
688 0.7819240724762726
689 0.7858067299396031
690 0.7892579810181191
691 0.7875323554788611
692 0.7875323554788611
693 0.7890422778257118
694 0.7881794650560828
695 0.7825711820534944
696 0.7791199309749784
697 0.7845125107851596
698 0.7836496980155306
699 0.7832182916307161
700 0.7849439171699741
