1 0.00021570319240724764
2 0.00021570319240724764
3 0.00021570319240724764
4 0.00021570319240724764
5 0.00021570319240724764
6 0.0004314063848144953
7 0.0004314063848144953
8 0.0004314063848144953
9 0.0006471095772217428
10 0.0006471095772217428
11 0.0008628127696289905
12 0.0008628127696289905
13 0.0008628127696289905
14 0.0010785159620362382
15 0.0010785159620362382
16 0.0012942191544434857
17 0.0012942191544434857
18 0.0012942191544434857
19 0.0015099223468507334
20 0.0015099223468507334
21 0.0019413287316652286
22 0.0019413287316652286
23 0.0021570319240724763
24 0.002372735116479724
25 0.0030198446937014668
26 0.003451251078515962
27 0.003882657463330457
28 0.004314063848144953
29 0.004745470232959448
30 0.005176876617773943
31 0.005392579810181191
32 0.0060396893874029335
33 0.0064710957722174285
34 0.007333908541846419
35 0.008843830888697153
36 0.0090595340811044
37 0.008843830888697153
38 0.010353753235547885
39 0.01272648835202761
40 0.014883520276100086
41 0.017040552200172563
42 0.01898188093183779
43 0.02200172562553926
44 0.024805867126833477
45 0.030198446937014668
46 0.03472821397756687
47 0.036022433132010354
48 0.0407679033649698
49 0.04551337359792925
50 0.04874892148403796
51 0.055220017256255395
52 0.06190681622088007
53 0.06514236410698879
54 0.07096635030198446
55 0.07808455565142364
56 0.08283002588438308
57 0.09232096635030199
58 0.0959879206212252
59 0.10289042277825712
60 0.11151855047454702
61 0.11971527178602244
62 0.12899050905953408
63 0.135030198446937
64 0.14063848144952545
65 0.14646246764452114
66 0.15228645383951683
67 0.1589732528041415
68 0.16566005176876616
69 0.1734253666954271
70 0.18097497842968077
71 0.19003451251078515
72 0.1947799827437446
73 0.19736842105263158
74 0.20362381363244175
75 0.20901639344262296
76 0.21613459879206212
77 0.2269197584124245
78 0.22842968075927525
79 0.23576358930112165
80 0.24309749784296808
81 0.24741156169111303
82 0.2573339085418464
83 0.2653149266609146
84 0.27200172562553926
85 0.2817083692838654
86 0.2894736842105263
87 0.29702329594478
88 0.30198446937014667
89 0.3114754098360656
90 0.315358067299396
91 0.31924072476272647
92 0.32635893011216566
93 0.33218291630716135
94 0.33779119930974977
95 0.34081104400345125
96 0.3500862812769629
97 0.3559102674719586
98 0.3636755823986195
99 0.37079378774805866
100 0.3783433994823123
101 0.37748058671268336
102 0.38244176013805004
103 0.38524590163934425
104 0.3915012942191544
105 0.3968938740293356
106 0.4089732528041415
107 0.41630716134598794
108 0.4214840379637619
109 0.42644521138912855
110 0.43507333908541845
111 0.4424072476272649
112 0.44499568593615185
113 0.4486626402070751
114 0.45772217428817946
115 0.4659188955996549
116 0.475625539257981
117 0.4840379637618637
118 0.4870578084555651
119 0.49654874892148404
120 0.5015099223468508
121 0.5101380500431406
122 0.5140207075064711
123 0.5189818809318378
124 0.5232959447799828
125 0.5319240724762726
126 0.5358067299396031
127 0.5364538395168249
128 0.5416307161345988
129 0.5474547023295945
130 0.5498274374460742
131 0.5571613459879207
132 0.5660051768766178
133 0.5701035375323554
134 0.5701035375323554
135 0.5789473684210527
136 0.582830025884383
137 0.5830457290767903
138 0.5817515099223468
139 0.592320966350302
140 0.592320966350302
141 0.6035375323554789
142 0.6056945642795514
143 0.6054788610871441
144 0.6115185504745471
145 0.6171268334771355
146 0.6171268334771355
147 0.6225194132873166
148 0.6268334771354616
149 0.6343830888697153
150 0.6389128559102675
151 0.6352459016393442
152 0.6399913718723037
153 0.6451682484900777
154 0.652502157031924
155 0.6535806729939603
156 0.6518550474547024
157 0.6520707506471096
158 0.657679033649698
159 0.6563848144952545
160 0.6555220017256256
161 0.6632873166522865
162 0.6622088006902502
163 0.6639344262295082
164 0.6647972389991372
165 0.6669542709232097
166 0.6665228645383952
167 0.6783865401207938
168 0.6781708369283865
169 0.6805435720448663
170 0.6878774805867127
171 0.6919758412424504
172 0.6930543572044866
173 0.6913287316652287
174 0.6934857635893011
175 0.6928386540120793
176 0.6988783433994823
177 0.6993097497842968
178 0.6993097497842968
179 0.698662640207075
180 0.6958584987057809
181 0.7016824849007766
182 0.704702329594478
183 0.702113891285591
184 0.7107420189818809
185 0.7148403796376186
186 0.7131147540983607
187 0.7141932700603969
188 0.7174288179465056
189 0.7180759275237274
190 0.7174288179465056
191 0.7189387402933564
192 0.7204486626402071
193 0.722174288179465
194 0.725625539257981
195 0.7286453839516824
196 0.7267040552200172
197 0.7303710094909405
198 0.7344693701466781
199 0.7398619499568594
200 0.7407247627264884
201 0.7418032786885246
202 0.744823123382226
203 0.7469801553062986
204 0.7452545297670405
205 0.7389991371872304
206 0.7405090595340811
207 0.7400776531492667
208 0.7420189818809318
209 0.7402933563416738
210 0.7396462467644521
211 0.7467644521138913
212 0.7523727351164797
213 0.7530198446937014
214 0.7584124245038827
215 0.7564710957722174
216 0.7594909404659189
217 0.7622950819672131
218 0.7610008628127696
219 0.7616479723899914
220 0.7659620362381363
221 0.7610008628127696
222 0.7616479723899914
223 0.7592752372735116
224 0.7633735979292493
225 0.7607851596203624
226 0.7622950819672131
227 0.7610008628127696
228 0.7631578947368421
229 0.7685504745470233
230 0.7700603968938741
231 0.7670405522001725
232 0.7681190681622088
233 0.7679033649698016
234 0.7689818809318378
235 0.7722174288179465
236 0.7722174288179465
237 0.7689818809318378
238 0.7711389128559103
239 0.7685504745470233
240 0.7720017256255393
241 0.7748058671268335
242 0.7758843830888698
243 0.7782571182053495
244 0.772648835202761
245 0.7722174288179465
246 0.7707075064710958
247 0.7720017256255393
248 0.7748058671268335
249 0.7765314926660914
250 0.7730802415875755
251 0.7750215703192407
252 0.7786885245901639
253 0.7780414150129422
254 0.7767471958584987
255 0.7756686798964625
256 0.7754529767040552
257 0.7713546160483176
258 0.7758843830888698
259 0.776962899050906
260 0.7801984469370147
261 0.7881794650560828
262 0.7942191544434858
263 0.7937877480586712
264 0.7920621225194133
265 0.7864538395168249
266 0.7823554788610871
267 0.7817083692838654
268 0.7801984469370147
269 0.7871009490940466
270 0.7819240724762726
271 0.7817083692838654
272 0.7797670405522001
273 0.7786885245901639
274 0.776962899050906
275 0.780414150129422
276 0.777825711820535
277 0.7780414150129422
278 0.7814926660914582
279 0.7832182916307161
280 0.7812769628990509
281 0.7847282139775669
282 0.7847282139775669
283 0.7946505608283002
284 0.7896893874029336
285 0.7851596203623814
286 0.7858067299396031
287 0.7860224331320104
288 0.7806298533218292
289 0.7730802415875755
290 0.772648835202761
291 0.7773943054357204
292 0.7866695427092321
293 0.7793356341673857
294 0.7773943054357204
295 0.7797670405522001
296 0.7784728213977566
297 0.7754529767040552
298 0.7730802415875755
299 0.7713546160483176
300 0.7724331320103538
301 0.77351164797239
302 0.7722174288179465
303 0.775237273511648
304 0.775237273511648
305 0.7827868852459017
306 0.7776100086281277
307 0.775237273511648
308 0.7812769628990509
309 0.780414150129422
310 0.7888265746333045
311 0.7842968075927523
312 0.7810612597066436
313 0.7817083692838654
314 0.7868852459016393
315 0.796160483175151
316 0.7862381363244176
317 0.7810612597066436
318 0.7873166522864539
319 0.7873166522864539
320 0.7871009490940466
321 0.7896893874029336
322 0.7864538395168249
323 0.7881794650560828
324 0.7879637618636756
325 0.7862381363244176
326 0.7896893874029336
327 0.7853753235547886
328 0.780414150129422
329 0.777825711820535
330 0.7791199309749784
331 0.7808455565142364
332 0.7756686798964625
333 0.777825711820535
334 0.7797670405522001
335 0.7797670405522001
336 0.7860224331320104
337 0.7853753235547886
338 0.7858067299396031
339 0.7877480586712683
340 0.7875323554788611
341 0.7888265746333045
342 0.7789042277825712
343 0.7801984469370147
344 0.7814926660914582
345 0.7836496980155306
346 0.7814926660914582
347 0.7810612597066436
348 0.7851596203623814
349 0.7879637618636756
350 0.7866695427092321
351 0.7797670405522001
352 0.7795513373597929
353 0.7825711820534944
354 0.7786885245901639
355 0.7830025884383088
356 0.7750215703192407
357 0.7679033649698016
358 0.7728645383951682
359 0.7763157894736842
360 0.777825711820535
361 0.7748058671268335
362 0.7771786022433133
363 0.7801984469370147
364 0.7819240724762726
365 0.7806298533218292
366 0.7761000862812769
367 0.7799827437446074
368 0.7864538395168249
369 0.7873166522864539
370 0.7890422778257118
371 0.7858067299396031
372 0.7834339948231234
373 0.7825711820534944
374 0.7812769628990509
375 0.7836496980155306
376 0.7881794650560828
377 0.7875323554788611
378 0.7871009490940466
379 0.7883951682484901
380 0.7914150129421915
381 0.7909836065573771
382 0.7907679033649698
383 0.798748921484038
384 0.8002588438308887
385 0.794434857635893
386 0.7940034512510785
387 0.7918464193270061
388 0.7918464193270061
389 0.7911993097497843
390 0.7896893874029336
391 0.7914150129421915
392 0.7858067299396031
393 0.7924935289042278
394 0.7948662640207075
395 0.792709232096635
396 0.7911993097497843
397 0.7937877480586712
398 0.7970232959447799
399 0.7968075927523728
400 0.7965918895599655
401 0.7974547023295945
402 0.7963761863675582
403 0.7929249352890423
404 0.7907679033649698
405 0.7847282139775669
406 0.7886108714408974
407 0.7832182916307161
408 0.7836496980155306
409 0.7799827437446074
410 0.790120793787748
411 0.7899050905953409
412 0.793572044866264
413 0.7942191544434858
414 0.7974547023295945
415 0.797886108714409
416 0.7974547023295945
417 0.7993960310612597
418 0.7890422778257118
419 0.792709232096635
420 0.794434857635893
421 0.7940034512510785
422 0.7881794650560828
423 0.7918464193270061
424 0.7948662640207075
425 0.795297670405522
426 0.7972389991371872
427 0.7996117342536669
428 0.795297670405522
429 0.7903364969801553
430 0.7911993097497843
431 0.7907679033649698
432 0.7922778257118205
433 0.7968075927523728
434 0.7965918895599655
435 0.7942191544434858
436 0.7957290767903364
437 0.7896893874029336
438 0.7873166522864539
439 0.7905522001725626
440 0.7879637618636756
441 0.790120793787748
442 0.7922778257118205
443 0.7933563416738568
444 0.7963761863675582
445 0.797886108714409
446 0.7931406384814496
447 0.7937877480586712
448 0.796160483175151
449 0.7957290767903364
450 0.7993960310612597
451 0.7981018119068162
452 0.8011216566005177
453 0.8024158757549612
454 0.8024158757549612
455 0.7965918895599655
456 0.7948662640207075
457 0.7937877480586712
458 0.7931406384814496
459 0.7950819672131147
460 0.7886108714408974
461 0.7860224331320104
462 0.7860224331320104
463 0.7855910267471958
464 0.7847282139775669
465 0.7918464193270061
466 0.7881794650560828
467 0.7892579810181191
468 0.7866695427092321
469 0.7871009490940466
470 0.7883951682484901
471 0.7845125107851596
472 0.7886108714408974
473 0.7914150129421915
474 0.7881794650560828
475 0.7853753235547886
476 0.7842968075927523
477 0.7922778257118205
478 0.7922778257118205
479 0.7909836065573771
480 0.7847282139775669
481 0.7840811044003452
482 0.7851596203623814
483 0.7903364969801553
484 0.7881794650560828
485 0.7866695427092321
486 0.7892579810181191
487 0.7860224331320104
488 0.7817083692838654
489 0.7801984469370147
490 0.7838654012079379
491 0.7905522001725626
492 0.795297670405522
493 0.7896893874029336
494 0.7877480586712683
495 0.7847282139775669
496 0.7845125107851596
497 0.7817083692838654
498 0.7834339948231234
499 0.7834339948231234
500 0.7845125107851596
501 0.7810612597066436
502 0.7834339948231234
503 0.7842968075927523
504 0.7832182916307161
505 0.7877480586712683
506 0.7819240724762726
507 0.7799827437446074
508 0.7845125107851596
509 0.7825711820534944
510 0.7849439171699741
511 0.7797670405522001
512 0.7819240724762726
513 0.7771786022433133
514 0.7771786022433133
515 0.777825711820535
516 0.7832182916307161
517 0.7814926660914582
518 0.7855910267471958
519 0.7834339948231234
520 0.7875323554788611
521 0.7819240724762726
522 0.7761000862812769
523 0.7780414150129422
524 0.775237273511648
525 0.7808455565142364
526 0.7758843830888698
527 0.777825711820535
528 0.7812769628990509
529 0.7873166522864539
530 0.7916307161345988
531 0.7924935289042278
532 0.7868852459016393
533 0.7879637618636756
534 0.7922778257118205
535 0.794434857635893
536 0.7974547023295945
537 0.7985332182916307
538 0.7888265746333045
539 0.7855910267471958
540 0.7871009490940466
541 0.7868852459016393
542 0.7838654012079379
543 0.7881794650560828
544 0.7963761863675582
545 0.793572044866264
546 0.7896893874029336
547 0.7860224331320104
548 0.7851596203623814
549 0.7899050905953409
550 0.7871009490940466
551 0.7827868852459017
552 0.7795513373597929
553 0.7776100086281277
554 0.7799827437446074
555 0.777825711820535
556 0.7771786022433133
557 0.7825711820534944
558 0.7864538395168249
559 0.7858067299396031
560 0.7877480586712683
561 0.7894736842105263
562 0.7836496980155306
563 0.7860224331320104
564 0.7873166522864539
565 0.7894736842105263
566 0.7868852459016393
567 0.7847282139775669
568 0.7896893874029336
569 0.7899050905953409
570 0.7879637618636756
571 0.7866695427092321
572 0.7873166522864539
573 0.7855910267471958
574 0.7881794650560828
575 0.7862381363244176
576 0.7814926660914582
577 0.7853753235547886
578 0.7881794650560828
579 0.796160483175151
580 0.7985332182916307
581 0.8017687661777394
582 0.8060828300258844
583 0.8037100949094047
584 0.8039257981018119
585 0.7957290767903364
586 0.7965918895599655
587 0.8024158757549612
588 0.797886108714409
589 0.793572044866264
590 0.793572044866264
591 0.7948662640207075
592 0.7890422778257118
593 0.7911993097497843
594 0.793572044866264
595 0.7955133735979293
596 0.7946505608283002
597 0.7948662640207075
598 0.7909836065573771
599 0.7860224331320104
600 0.7892579810181191
601 0.7871009490940466
602 0.7830025884383088
603 0.7832182916307161
604 0.7838654012079379
605 0.7801984469370147
606 0.7819240724762726
607 0.7830025884383088
608 0.7868852459016393
609 0.7810612597066436
610 0.7840811044003452
611 0.7832182916307161
612 0.7853753235547886
613 0.7845125107851596
614 0.7834339948231234
615 0.7849439171699741
616 0.7838654012079379
617 0.7817083692838654
618 0.7819240724762726
619 0.7836496980155306
620 0.7853753235547886
621 0.7812769628990509
622 0.7793356341673857
623 0.7793356341673857
624 0.7842968075927523
625 0.7888265746333045
626 0.7853753235547886
627 0.7847282139775669
628 0.7883951682484901
629 0.7894736842105263
630 0.7847282139775669
631 0.7896893874029336
632 0.7886108714408974
633 0.7879637618636756
634 0.7899050905953409
635 0.7924935289042278
636 0.7890422778257118
637 0.7905522001725626
638 0.7888265746333045
639 0.7918464193270061
640 0.7866695427092321
641 0.7875323554788611
642 0.7814926660914582
643 0.7832182916307161
644 0.7858067299396031
645 0.7886108714408974
646 0.7871009490940466
647 0.7864538395168249
648 0.7823554788610871
649 0.7873166522864539
650 0.7894736842105263
651 0.7924935289042278
652 0.7937877480586712
653 0.7996117342536669
654 0.8022001725625539
655 0.7959447799827437
656 0.7957290767903364
657 0.7996117342536669
658 0.8006902502157032
659 0.8030629853321829
660 0.801337359792925
661 0.8009059534081104
662 0.8037100949094047
663 0.8004745470232959
664 0.7959447799827437
665 0.7974547023295945
666 0.7989646246764452
667 0.8056514236410699
668 0.8045729076790337
669 0.8032786885245902
670 0.8043572044866264
671 0.8106125970664366
672 0.8043572044866264
673 0.801337359792925
674 0.8050043140638481
675 0.8032786885245902
676 0.8022001725625539
677 0.8015530629853321
678 0.8039257981018119
679 0.7985332182916307
680 0.7933563416738568
681 0.7920621225194133
682 0.7914150129421915
683 0.7965918895599655
684 0.7896893874029336
685 0.7920621225194133
686 0.7911993097497843
687 0.7873166522864539
688 0.7888265746333045
689 0.7909836065573771
690 0.7914150129421915
691 0.7946505608283002
692 0.7905522001725626
693 0.7920621225194133
694 0.792709232096635
695 0.7970232959447799
696 0.7993960310612597
697 0.7907679033649698
698 0.7883951682484901
699 0.7868852459016393
700 0.7860224331320104
