1 0.0004314063848144953
2 0.0004314063848144953
3 0.0008628127696289905
4 0.0010785159620362382
5 0.001725625539257981
6 0.0028041415012942193
7 0.0032355478861087143
8 0.004098360655737705
9 0.0060396893874029335
10 0.008843830888697153
11 0.011647972389991372
12 0.012295081967213115
13 0.015314926660914581
14 0.015746333045729078
15 0.016609145815358068
16 0.017903364969801553
17 0.02200172562553926
18 0.02523727351164797
19 0.028472821397756688
20 0.031492666091458156
21 0.035159620362381364
22 0.040120793787748056
23 0.044219154443485766
24 0.05004314063848145
25 0.05565142364106989
26 0.06169111302847282
27 0.067946505608283
28 0.07377049180327869
29 0.08132010353753236
30 0.08779119930974978
31 0.09404659188955997
32 0.10181190681622088
33 0.10634167385677308
34 0.11194995685936152
35 0.12014667817083693
36 0.12791199309749784
37 0.13201035375323555
38 0.1363244176013805
39 0.14473684210526316
40 0.15530629853321828
41 0.16285591026747195
42 0.17277825711820535
43 0.17601380500431407
44 0.18226919758412424
45 0.18809318377911993
46 0.19240724762726488
47 0.2001725625539258
48 0.20685936151855047
49 0.21440897325280414
50 0.22519413287316653
51 0.22756686798964626
52 0.23317515099223468
53 0.24245038826574633
54 0.2471958584987058
55 0.25388265746333044
56 0.26078515962036236
57 0.26790336496980155
58 0.2728645383951682
59 0.2786885245901639
60 0.28645383951682485
61 0.2929249352890423
62 0.2972389991371872
63 0.30090595340811044
64 0.30823986194995684
65 0.32075064710957724
66 0.32916307161345987
67 0.343183779119931
68 0.34749784296807595
69 0.35526315789473684
70 0.35936151855047455
71 0.3656169111302847
72 0.3729508196721312
73 0.3802847282139776
74 0.3871872303710095
75 0.3955996548748921
76 0.40660051768766176
77 0.40767903364969804
78 0.4143658326143227
79 0.41738567730802417
80 0.4266609145815358
81 0.4365832614322692
82 0.43679896462467643
83 0.4460742018981881
84 0.4518981880931838
85 0.454702329594478
86 0.46074201898188094
87 0.4657031924072476
88 0.47174288179465057
89 0.47950819672131145
90 0.4881363244176014
91 0.49245038826574633
92 0.49611734253666956
93 0.5107851596203624
94 0.518334771354616
95 0.5187661777394306
96 0.525237273511648
97 0.5310612597066436
98 0.5358067299396031
99 0.5386108714408974
100 0.5411993097497843
101 0.5455133735979293
102 0.5446505608283002
103 0.5541415012942191
104 0.5575927523727351
105 0.5606125970664366
106 0.5647109577221743
107 0.5672993960310613
108 0.5754961173425367
109 0.5849870578084556
110 0.58541846419327
111 0.5877911993097498
112 0.5918895599654875
113 0.592320966350302
114 0.5882226056945643
115 0.5933994823123382
116 0.5972821397756687
117 0.6031061259706644
118 0.6061259706643658
119 0.6143226919758412
120 0.6220880069025022
121 0.6274805867126834
122 0.6300690250215704
123 0.6268334771354616
124 0.6287748058671269
125 0.6337359792924935
126 0.639344262295082
127 0.652502157031924
128 0.6494823123382226
129 0.6507765314926661
130 0.655090595340811
131 0.6622088006902502
132 0.6658757549611735
133 0.6701898188093184
134 0.6686798964624676
135 0.6716997411561692
136 0.6678170836928387
137 0.6732096635030198
138 0.6770923209663503
139 0.6783865401207938
140 0.682916307161346
141 0.6893874029335634
142 0.6945642795513374
143 0.6958584987057809
144 0.7001725625539258
145 0.7059965487489215
146 0.7081535806729939
147 0.7107420189818809
148 0.7165660051768766
149 0.7228213977566867
150 0.7219585849870578
151 0.7234685073339086
152 0.722174288179465
153 0.7185073339085418
154 0.7200172562553926
155 0.722174288179465
156 0.7238999137187231
157 0.727351164797239
158 0.7269197584124245
159 0.724762726488352
160 0.7236842105263158
161 0.7243313201035375
162 0.730802415875755
163 0.7366264020707507
164 0.7405090595340811
165 0.7364106988783434
166 0.7349007765314927
167 0.7338222605694564
168 0.7351164797238999
169 0.7305867126833477
170 0.734253666954271
171 0.7435289042277826
172 0.7463330457290768
173 0.7521570319240725
174 0.752588438308887
175 0.752588438308887
176 0.7504314063848145
177 0.7519413287316652
178 0.7487057808455565
179 0.7489214840379638
180 0.7469801553062986
181 0.7402933563416738
182 0.7400776531492667
183 0.7379206212251941
184 0.7437446074201898
185 0.7454702329594478
186 0.7441760138050043
187 0.7402933563416738
188 0.7383520276100086
189 0.7424503882657464
190 0.747411561691113
191 0.7489214840379638
192 0.7577653149266609
193 0.7588438308886971
194 0.7603537532355479
195 0.7618636755823986
196 0.7607851596203624
197 0.7538826574633305
198 0.7510785159620362
199 0.7569025021570319
200 0.7536669542709232
201 0.7581967213114754
202 0.7607851596203624
203 0.7573339085418465
204 0.7614322691975841
205 0.7661777394305436
206 0.7661777394305436
207 0.7698446937014668
208 0.7748058671268335
209 0.7761000862812769
210 0.7748058671268335
211 0.7722174288179465
212 0.7687661777394306
213 0.7685504745470233
214 0.768334771354616
215 0.7698446937014668
216 0.7700603968938741
217 0.7722174288179465
218 0.7711389128559103
219 0.7629421915444349
220 0.7631578947368421
221 0.7622950819672131
222 0.7704918032786885
223 0.7700603968938741
224 0.7767471958584987
225 0.7834339948231234
226 0.7814926660914582
227 0.7827868852459017
228 0.7862381363244176
229 0.7845125107851596
230 0.7894736842105263
231 0.7868852459016393
232 0.7879637618636756
233 0.7832182916307161
234 0.7819240724762726
235 0.7797670405522001
236 0.7875323554788611
237 0.7860224331320104
238 0.7836496980155306
239 0.7860224331320104
240 0.7911993097497843
241 0.7890422778257118
242 0.7847282139775669
243 0.7868852459016393
244 0.7847282139775669
245 0.7786885245901639
246 0.780414150129422
247 0.7834339948231234
248 0.7825711820534944
249 0.7791199309749784
250 0.7817083692838654
251 0.7840811044003452
252 0.7875323554788611
253 0.7840811044003452
254 0.7849439171699741
255 0.7858067299396031
256 0.7924935289042278
257 0.7860224331320104
258 0.7845125107851596
259 0.7892579810181191
260 0.7864538395168249
261 0.7797670405522001
262 0.780414150129422
263 0.7821397756686799
264 0.7842968075927523
265 0.7825711820534944
266 0.7877480586712683
267 0.7860224331320104
268 0.7881794650560828
269 0.7877480586712683
270 0.7860224331320104
271 0.7875323554788611
272 0.7845125107851596
273 0.7871009490940466
274 0.7888265746333045
275 0.7907679033649698
276 0.7950819672131147
277 0.793572044866264
278 0.7873166522864539
279 0.7799827437446074
280 0.7808455565142364
281 0.7810612597066436
282 0.7782571182053495
283 0.7877480586712683
284 0.7821397756686799
285 0.7827868852459017
286 0.7810612597066436
287 0.7883951682484901
288 0.7903364969801553
289 0.7871009490940466
290 0.7892579810181191
291 0.7905522001725626
292 0.7883951682484901
293 0.7834339948231234
294 0.7845125107851596
295 0.7888265746333045
296 0.795297670405522
297 0.795297670405522
298 0.7892579810181191
299 0.7845125107851596
300 0.7821397756686799
301 0.7808455565142364
302 0.7845125107851596
303 0.7845125107851596
304 0.7789042277825712
305 0.7849439171699741
306 0.7780414150129422
307 0.7832182916307161
308 0.7819240724762726
309 0.7741587575496117
310 0.7782571182053495
311 0.7793356341673857
312 0.7745901639344263
313 0.7827868852459017
314 0.7786885245901639
315 0.774374460742019
316 0.775237273511648
317 0.7741587575496117
318 0.77351164797239
319 0.7799827437446074
320 0.7771786022433133
321 0.7782571182053495
322 0.7754529767040552
323 0.777825711820535
324 0.7791199309749784
325 0.7795513373597929
326 0.7821397756686799
327 0.7808455565142364
328 0.7713546160483176
329 0.7791199309749784
330 0.7771786022433133
331 0.7765314926660914
332 0.771786022433132
333 0.7748058671268335
334 0.77351164797239
335 0.775237273511648
336 0.7797670405522001
337 0.7842968075927523
338 0.7862381363244176
339 0.7866695427092321
340 0.7849439171699741
341 0.7791199309749784
342 0.7730802415875755
343 0.7730802415875755
344 0.7737273511647972
345 0.7754529767040552
346 0.7791199309749784
347 0.7825711820534944
348 0.7873166522864539
349 0.7748058671268335
350 0.7795513373597929
351 0.7773943054357204
352 0.7797670405522001
353 0.7864538395168249
354 0.7883951682484901
355 0.7873166522864539
356 0.7931406384814496
357 0.7899050905953409
358 0.7933563416738568
359 0.7968075927523728
360 0.7965918895599655
361 0.7918464193270061
362 0.7920621225194133
363 0.7924935289042278
364 0.7959447799827437
365 0.7892579810181191
366 0.7931406384814496
367 0.7888265746333045
368 0.7920621225194133
369 0.7849439171699741
370 0.7834339948231234
371 0.7892579810181191
372 0.790120793787748
373 0.7888265746333045
374 0.7918464193270061
375 0.796160483175151
376 0.7937877480586712
377 0.7983175150992234
378 0.7981018119068162
379 0.7929249352890423
380 0.793572044866264
381 0.7946505608283002
382 0.7991803278688525
383 0.8009059534081104
384 0.7963761863675582
385 0.798748921484038
386 0.7970232959447799
387 0.7993960310612597
388 0.7911993097497843
389 0.7899050905953409
390 0.7851596203623814
391 0.7883951682484901
392 0.7886108714408974
393 0.7914150129421915
394 0.7940034512510785
395 0.7940034512510785
396 0.7881794650560828
397 0.7862381363244176
398 0.7903364969801553
399 0.7853753235547886
400 0.7886108714408974
401 0.7864538395168249
402 0.7797670405522001
403 0.7814926660914582
404 0.7812769628990509
405 0.7806298533218292
406 0.7905522001725626
407 0.7875323554788611
408 0.7849439171699741
409 0.7853753235547886
410 0.7838654012079379
411 0.7812769628990509
412 0.7765314926660914
413 0.7698446937014668
414 0.7756686798964625
415 0.7750215703192407
416 0.7737273511647972
417 0.7655306298533219
418 0.7620793787748059
419 0.7670405522001725
420 0.7702761000862812
421 0.7715703192407247
422 0.765746333045729
423 0.7689818809318378
424 0.774374460742019
425 0.7720017256255393
426 0.775237273511648
427 0.77351164797239
428 0.7702761000862812
429 0.7745901639344263
430 0.77351164797239
431 0.7741587575496117
432 0.7806298533218292
433 0.7801984469370147
434 0.7830025884383088
435 0.7791199309749784
436 0.7789042277825712
437 0.7836496980155306
438 0.7868852459016393
439 0.7896893874029336
440 0.7974547023295945
441 0.7996117342536669
442 0.7976704055220017
443 0.7955133735979293
444 0.7937877480586712
445 0.793572044866264
446 0.796160483175151
447 0.7976704055220017
448 0.8000431406384815
449 0.796160483175151
450 0.7894736842105263
451 0.7914150129421915
452 0.7838654012079379
453 0.7817083692838654
454 0.7821397756686799
455 0.7801984469370147
456 0.7840811044003452
457 0.7832182916307161
458 0.7748058671268335
459 0.7780414150129422
460 0.7761000862812769
461 0.774374460742019
462 0.7748058671268335
463 0.7776100086281277
464 0.7817083692838654
465 0.7832182916307161
466 0.7812769628990509
467 0.7814926660914582
468 0.7849439171699741
469 0.7873166522864539
470 0.7909836065573771
471 0.7942191544434858
472 0.7931406384814496
473 0.7918464193270061
474 0.794434857635893
475 0.7946505608283002
476 0.7985332182916307
477 0.7976704055220017
478 0.8019844693701467
479 0.7983175150992234
480 0.7957290767903364
481 0.8002588438308887
482 0.7996117342536669
483 0.7940034512510785
484 0.7955133735979293
485 0.7931406384814496
486 0.7924935289042278
487 0.7931406384814496
488 0.7957290767903364
489 0.7931406384814496
490 0.7864538395168249
491 0.7886108714408974
492 0.7836496980155306
493 0.7830025884383088
494 0.7892579810181191
495 0.7851596203623814
496 0.7862381363244176
497 0.7877480586712683
498 0.7894736842105263
499 0.7862381363244176
500 0.7894736842105263
501 0.7892579810181191
502 0.7886108714408974
503 0.7933563416738568
504 0.7929249352890423
505 0.794434857635893
506 0.7899050905953409
507 0.796160483175151
508 0.7965918895599655
509 0.7950819672131147
510 0.7890422778257118
511 0.7955133735979293
512 0.7965918895599655
513 0.7914150129421915
514 0.7914150129421915
515 0.7942191544434858
516 0.7933563416738568
517 0.7948662640207075
518 0.7903364969801553
519 0.7888265746333045
520 0.7937877480586712
521 0.7976704055220017
522 0.7985332182916307
523 0.798748921484038
524 0.8009059534081104
525 0.7940034512510785
526 0.7933563416738568
527 0.7918464193270061
528 0.7903364969801553
529 0.7894736842105263
530 0.7871009490940466
531 0.7883951682484901
532 0.7907679033649698
533 0.7918464193270061
534 0.792709232096635
535 0.7875323554788611
536 0.7868852459016393
537 0.7847282139775669
538 0.7812769628990509
539 0.7823554788610871
540 0.775237273511648
541 0.7806298533218292
542 0.7838654012079379
543 0.7877480586712683
544 0.7823554788610871
545 0.7860224331320104
546 0.7929249352890423
547 0.7937877480586712
548 0.7937877480586712
549 0.7942191544434858
550 0.7946505608283002
551 0.7840811044003452
552 0.7862381363244176
553 0.7864538395168249
554 0.7851596203623814
555 0.7825711820534944
556 0.7814926660914582
557 0.7860224331320104
558 0.7868852459016393
559 0.7875323554788611
560 0.7819240724762726
561 0.7849439171699741
562 0.7853753235547886
563 0.790120793787748
564 0.7896893874029336
565 0.7875323554788611
566 0.7881794650560828
567 0.7827868852459017
568 0.7810612597066436
569 0.7789042277825712
570 0.7847282139775669
571 0.7899050905953409
572 0.780414150129422
573 0.7791199309749784
574 0.7795513373597929
575 0.775237273511648
576 0.7765314926660914
577 0.7754529767040552
578 0.7750215703192407
579 0.7732959447799828
580 0.768334771354616
581 0.7685504745470233
582 0.7696289905090595
583 0.7670405522001725
584 0.77351164797239
585 0.7761000862812769
586 0.7739430543572045
587 0.7741587575496117
588 0.7789042277825712
589 0.7847282139775669
590 0.7745901639344263
591 0.7732959447799828
592 0.7739430543572045
593 0.777825711820535
594 0.7748058671268335
595 0.7720017256255393
596 0.7773943054357204
597 0.7789042277825712
598 0.7795513373597929
599 0.7845125107851596
600 0.7795513373597929
601 0.7724331320103538
602 0.7748058671268335
603 0.771786022433132
604 0.774374460742019
605 0.7754529767040552
606 0.7789042277825712
607 0.7808455565142364
608 0.7838654012079379
609 0.7877480586712683
610 0.7903364969801553
611 0.7931406384814496
612 0.7970232959447799
613 0.7853753235547886
614 0.7771786022433133
615 0.7737273511647972
616 0.7737273511647972
617 0.7745901639344263
618 0.7745901639344263
619 0.7808455565142364
620 0.7741587575496117
621 0.7780414150129422
622 0.7819240724762726
623 0.7877480586712683
624 0.7860224331320104
625 0.7853753235547886
626 0.7845125107851596
627 0.7877480586712683
628 0.7892579810181191
629 0.7827868852459017
630 0.7808455565142364
631 0.7842968075927523
632 0.7888265746333045
633 0.7890422778257118
634 0.7907679033649698
635 0.7929249352890423
636 0.792709232096635
637 0.7946505608283002
638 0.7922778257118205
639 0.7890422778257118
640 0.794434857635893
641 0.7879637618636756
642 0.7812769628990509
643 0.7801984469370147
644 0.7825711820534944
645 0.7851596203623814
646 0.7832182916307161
647 0.7845125107851596
648 0.7845125107851596
649 0.7888265746333045
650 0.7771786022433133
651 0.7704918032786885
652 0.7748058671268335
653 0.7767471958584987
654 0.776962899050906
655 0.7758843830888698
656 0.775237273511648
657 0.777825711820535
658 0.7797670405522001
659 0.7855910267471958
660 0.7773943054357204
661 0.7786885245901639
662 0.7761000862812769
663 0.7773943054357204
664 0.776962899050906
665 0.7812769628990509
666 0.777825711820535
667 0.7763157894736842
668 0.7776100086281277
669 0.780414150129422
670 0.7832182916307161
671 0.780414150129422
672 0.7836496980155306
673 0.7864538395168249
674 0.7836496980155306
675 0.7860224331320104
676 0.7832182916307161
677 0.7810612597066436
678 0.7838654012079379
679 0.7842968075927523
680 0.7890422778257118
681 0.7896893874029336
682 0.7866695427092321
683 0.7937877480586712
684 0.7946505608283002
685 0.7879637618636756
686 0.7860224331320104
687 0.7840811044003452
688 0.775237273511648
689 0.777825711820535
690 0.7799827437446074
691 0.7819240724762726
692 0.7836496980155306
693 0.7842968075927523
694 0.7868852459016393
695 0.7875323554788611
696 0.7847282139775669
697 0.7832182916307161
698 0.7814926660914582
699 0.7840811044003452
700 0.7836496980155306
