1 0.00021570319240724764
2 0.00021570319240724764
3 0.0004314063848144953
4 0.0006471095772217428
5 0.0012942191544434857
6 0.0019413287316652286
7 0.0032355478861087143
8 0.004314063848144953
9 0.005176876617773943
10 0.0056082830025884385
11 0.007549611734253667
12 0.008412424503882658
13 0.008843830888697153
14 0.010785159620362382
15 0.012295081967213115
16 0.013157894736842105
17 0.014236410698878344
18 0.01639344262295082
19 0.019197584124245038
20 0.02286453839516825
21 0.02610008628127696
22 0.027610008628127698
23 0.030629853321829163
24 0.034081104400345126
25 0.03904227782571182
26 0.042493528904227786
27 0.04659188955996549
28 0.050258843830888696
29 0.05500431406384815
30 0.06233822260569456
31 0.06363244176013805
32 0.06622088006902502
33 0.07312338222605695
34 0.07959447799827438
35 0.08498705780845557
36 0.09124245038826574
37 0.0946937014667817
38 0.10116479723899914
39 0.10893011216566005
40 0.11453839516824849
41 0.1186367558239862
42 0.12230371009490941
43 0.12920621225194132
44 0.13675582398619499
45 0.14257981018119067
46 0.14732528041415013
47 0.15142364106988784
48 0.16026747195858498
49 0.16458153580672993
50 0.17040552200172562
51 0.17860224331320104
52 0.1885245901639344
53 0.19909404659188956
54 0.20578084555651424
55 0.2133304572907679
56 0.2206643658326143
57 0.22929249352890424
58 0.2359792924935289
59 0.2400776531492666
60 0.24892148403796377
61 0.2571182053494392
62 0.27070750647109576
63 0.27782571182053495
64 0.2808455565142364
65 0.28602243313201037
66 0.29378774805867125
67 0.2981018119068162
68 0.30543572044866263
69 0.30953408110440034
70 0.3155737704918033
71 0.3233390854184642
72 0.33067299396031063
73 0.33347713546160485
74 0.340595340811044
75 0.3531061259706644
76 0.3587144089732528
77 0.36345987920621226
78 0.3684210526315789
79 0.3759706643658326
80 0.38740293356341676
81 0.3917169974115617
82 0.3984037963761864
83 0.40336496980155306
84 0.4016393442622951
85 0.40207075064710956
86 0.4117773943054357
87 0.4201898188093184
88 0.4266609145815358
89 0.432053494391717
90 0.4370146678170837
91 0.43960310612597064
92 0.4432700603968939
93 0.4484469370146678
94 0.45340811044003454
95 0.4613891285591027
96 0.4700172562553926
97 0.47627264883520276
98 0.4801553062985332
99 0.48511647972389993
100 0.49072476272648835
101 0.4913718723037101
102 0.5021570319240725
103 0.5053925798101812
104 0.5088438308886971
105 0.5202761000862812
106 0.5299827437446074
107 0.5347282139775669
108 0.5392579810181191
109 0.5455133735979293
110 0.5472389991371872
111 0.5496117342536669
112 0.5532786885245902
113 0.5625539257981018
114 0.5713977566867989
115 0.5752804141501294
116 0.5789473684210527
117 0.5772217428817946
118 0.582830025884383
119 0.5839085418464194
120 0.586281276962899
121 0.5886540120793787
122 0.5951251078515962
123 0.6022433132010354
124 0.6084987057808455
125 0.6136755823986195
126 0.6136755823986195
127 0.6138912855910268
128 0.6164797238999137
129 0.618421052631579
130 0.6169111302847282
131 0.6212251941328731
132 0.6225194132873166
133 0.6300690250215704
134 0.6337359792924935
135 0.640207075064711
136 0.6389128559102675
137 0.6512079378774805
138 0.6531492666091459
139 0.6572476272648835
140 0.6628559102674719
141 0.657679033649698
142 0.6613459879206213
143 0.6622088006902502
144 0.6654443485763589
145 0.6699741156169111
146 0.6734253666954271
147 0.6764452113891286
148 0.6790336496980155
149 0.6809749784296808
150 0.6850733390854185
151 0.6891716997411562
152 0.6980155306298533
153 0.7006039689387403
154 0.7006039689387403
155 0.6982312338222606
156 0.6952113891285591
157 0.6973684210526315
158 0.7034081104400345
159 0.6949956859361519
160 0.6954270923209663
161 0.6993097497842968
162 0.6937014667817084
163 0.6939171699741156
164 0.6954270923209663
165 0.7049180327868853
166 0.7103106125970664
167 0.7128990509059534
168 0.7226056945642796
169 0.7251941328731665
170 0.7219585849870578
171 0.7238999137187231
172 0.728213977566868
173 0.7295081967213115
174 0.7327437446074202
175 0.7318809318377912
176 0.7299396031061259
177 0.7312338222605694
178 0.7392148403796376
179 0.7407247627264884
180 0.7476272648835203
181 0.7459016393442623
182 0.7519413287316652
183 0.7553925798101812
184 0.7566867989646247
185 0.7571182053494392
186 0.7540983606557377
187 0.7571182053494392
188 0.7594909404659189
189 0.7579810181190682
190 0.756039689387403
191 0.7605694564279551
192 0.7590595340811044
193 0.7635893011216566
194 0.7597066436583262
195 0.7536669542709232
196 0.7536669542709232
197 0.7497842968075927
198 0.752588438308887
199 0.756039689387403
200 0.7540983606557377
201 0.7577653149266609
202 0.7553925798101812
203 0.7558239861949957
204 0.7545297670405522
205 0.7504314063848145
206 0.7446074201898188
207 0.7443917169974116
208 0.7521570319240725
209 0.7504314063848145
210 0.7519413287316652
211 0.7601380500431406
212 0.7588438308886971
213 0.7545297670405522
214 0.7528041415012943
215 0.7450388265746333
216 0.7456859361518551
217 0.748274374460742
218 0.7556082830025884
219 0.7579810181190682
220 0.7592752372735116
221 0.75862812769629
222 0.7575496117342536
223 0.7581967213114754
224 0.7603537532355479
225 0.7618636755823986
226 0.765746333045729
227 0.7687661777394306
228 0.7713546160483176
229 0.7668248490077653
230 0.7620793787748059
231 0.7672562553925798
232 0.7653149266609146
233 0.768334771354616
234 0.769197584124245
235 0.7756686798964625
236 0.7670405522001725
237 0.7666091458153581
238 0.7685504745470233
239 0.7666091458153581
240 0.7694132873166523
241 0.7694132873166523
242 0.771786022433132
243 0.7758843830888698
244 0.7823554788610871
245 0.7819240724762726
246 0.7713546160483176
247 0.7687661777394306
248 0.7741587575496117
249 0.774374460742019
250 0.7761000862812769
251 0.7694132873166523
252 0.7745901639344263
253 0.7758843830888698
254 0.7728645383951682
255 0.7737273511647972
256 0.7761000862812769
257 0.7728645383951682
258 0.768334771354616
259 0.7629421915444349
260 0.7607851596203624
261 0.7653149266609146
262 0.7698446937014668
263 0.7715703192407247
264 0.7698446937014668
265 0.7763157894736842
266 0.7780414150129422
267 0.770923209663503
268 0.7696289905090595
269 0.7679033649698016
270 0.7679033649698016
271 0.7663934426229508
272 0.7640207075064711
273 0.7599223468507333
274 0.7638050043140638
275 0.7687661777394306
276 0.7737273511647972
277 0.7694132873166523
278 0.7685504745470233
279 0.7767471958584987
280 0.7801984469370147
281 0.7851596203623814
282 0.7827868852459017
283 0.7763157894736842
284 0.7789042277825712
285 0.7795513373597929
286 0.777825711820535
287 0.7823554788610871
288 0.7782571182053495
289 0.7780414150129422
290 0.776962899050906
291 0.7730802415875755
292 0.775237273511648
293 0.7789042277825712
294 0.7806298533218292
295 0.7896893874029336
296 0.7911993097497843
297 0.7914150129421915
298 0.7886108714408974
299 0.790120793787748
300 0.7855910267471958
301 0.7832182916307161
302 0.7812769628990509
303 0.7771786022433133
304 0.7817083692838654
305 0.7814926660914582
306 0.7791199309749784
307 0.7842968075927523
308 0.7842968075927523
309 0.7750215703192407
310 0.7776100086281277
311 0.7842968075927523
312 0.7840811044003452
313 0.7881794650560828
314 0.7916307161345988
315 0.7933563416738568
316 0.7851596203623814
317 0.7890422778257118
318 0.7860224331320104
319 0.7860224331320104
320 0.7888265746333045
321 0.7894736842105263
322 0.7933563416738568
323 0.7965918895599655
324 0.7959447799827437
325 0.8026315789473685
326 0.7957290767903364
327 0.7942191544434858
328 0.7888265746333045
329 0.7924935289042278
330 0.7890422778257118
331 0.7896893874029336
332 0.7883951682484901
333 0.7907679033649698
334 0.7838654012079379
335 0.7877480586712683
336 0.7892579810181191
337 0.7838654012079379
338 0.7832182916307161
339 0.7840811044003452
340 0.7838654012079379
341 0.7801984469370147
342 0.7786885245901639
343 0.7801984469370147
344 0.7873166522864539
345 0.7849439171699741
346 0.7784728213977566
347 0.7761000862812769
348 0.7838654012079379
349 0.7871009490940466
350 0.7821397756686799
351 0.7875323554788611
352 0.7916307161345988
353 0.7903364969801553
354 0.7914150129421915
355 0.7942191544434858
356 0.7888265746333045
357 0.7875323554788611
358 0.7860224331320104
359 0.7918464193270061
360 0.7970232959447799
361 0.7890422778257118
362 0.7858067299396031
363 0.7825711820534944
364 0.7814926660914582
365 0.7858067299396031
366 0.7851596203623814
367 0.7784728213977566
368 0.7776100086281277
369 0.780414150129422
370 0.7776100086281277
371 0.7782571182053495
372 0.7827868852459017
373 0.7866695427092321
374 0.7875323554788611
375 0.793572044866264
376 0.7955133735979293
377 0.7957290767903364
378 0.797886108714409
379 0.796160483175151
380 0.7976704055220017
381 0.7957290767903364
382 0.790120793787748
383 0.7942191544434858
384 0.7892579810181191
385 0.7890422778257118
386 0.7896893874029336
387 0.7862381363244176
388 0.7845125107851596
389 0.7911993097497843
390 0.792709232096635
391 0.7970232959447799
392 0.7965918895599655
393 0.7922778257118205
394 0.7838654012079379
395 0.7866695427092321
396 0.7840811044003452
397 0.7855910267471958
398 0.7877480586712683
399 0.7842968075927523
400 0.7922778257118205
401 0.7847282139775669
402 0.7793356341673857
403 0.7745901639344263
404 0.7730802415875755
405 0.7748058671268335
406 0.7748058671268335
407 0.7858067299396031
408 0.7871009490940466
409 0.7845125107851596
410 0.7814926660914582
411 0.7827868852459017
412 0.7868852459016393
413 0.7851596203623814
414 0.7814926660914582
415 0.7864538395168249
416 0.7842968075927523
417 0.7858067299396031
418 0.7821397756686799
419 0.7873166522864539
420 0.7808455565142364
421 0.7789042277825712
422 0.7801984469370147
423 0.7821397756686799
424 0.7808455565142364
425 0.7842968075927523
426 0.7817083692838654
427 0.7812769628990509
428 0.7767471958584987
429 0.7782571182053495
430 0.7786885245901639
431 0.7758843830888698
432 0.7819240724762726
433 0.7866695427092321
434 0.7914150129421915
435 0.7937877480586712
436 0.7942191544434858
437 0.7937877480586712
438 0.7875323554788611
439 0.7965918895599655
440 0.7942191544434858
441 0.7918464193270061
442 0.7890422778257118
443 0.7881794650560828
444 0.7827868852459017
445 0.7819240724762726
446 0.7819240724762726
447 0.7808455565142364
448 0.7784728213977566
449 0.7773943054357204
450 0.7821397756686799
451 0.7765314926660914
452 0.7825711820534944
453 0.7838654012079379
454 0.7789042277825712
455 0.7849439171699741
456 0.7899050905953409
457 0.7892579810181191
458 0.7881794650560828
459 0.7916307161345988
460 0.7931406384814496
461 0.7931406384814496
462 0.7950819672131147
463 0.7812769628990509
464 0.7821397756686799
465 0.7823554788610871
466 0.7821397756686799
467 0.7855910267471958
468 0.7819240724762726
469 0.7784728213977566
470 0.7793356341673857
471 0.7793356341673857
472 0.7834339948231234
473 0.7791199309749784
474 0.7795513373597929
475 0.7799827437446074
476 0.7756686798964625
477 0.7780414150129422
478 0.780414150129422
479 0.7823554788610871
480 0.7812769628990509
481 0.7741587575496117
482 0.7761000862812769
483 0.7748058671268335
484 0.776962899050906
485 0.7750215703192407
486 0.7793356341673857
487 0.7810612597066436
488 0.7877480586712683
489 0.7834339948231234
490 0.7855910267471958
491 0.7873166522864539
492 0.7881794650560828
493 0.7866695427092321
494 0.7832182916307161
495 0.7793356341673857
496 0.7836496980155306
497 0.7847282139775669
498 0.7849439171699741
499 0.7879637618636756
500 0.7858067299396031
501 0.7834339948231234
502 0.7814926660914582
503 0.7780414150129422
504 0.7776100086281277
505 0.7806298533218292
506 0.7838654012079379
507 0.7894736842105263
508 0.7942191544434858
509 0.7922778257118205
510 0.7918464193270061
511 0.7959447799827437
512 0.7903364969801553
513 0.7888265746333045
514 0.7855910267471958
515 0.7834339948231234
516 0.7748058671268335
517 0.7739430543572045
518 0.777825711820535
519 0.7758843830888698
520 0.7784728213977566
521 0.7834339948231234
522 0.7855910267471958
523 0.7860224331320104
524 0.7940034512510785
525 0.7942191544434858
526 0.7892579810181191
527 0.7873166522864539
528 0.7899050905953409
529 0.7883951682484901
530 0.7899050905953409
531 0.7879637618636756
532 0.7888265746333045
533 0.7842968075927523
534 0.7862381363244176
535 0.7851596203623814
536 0.7836496980155306
537 0.7830025884383088
538 0.7776100086281277
539 0.7782571182053495
540 0.7784728213977566
541 0.7784728213977566
542 0.7860224331320104
543 0.7886108714408974
544 0.7864538395168249
545 0.7849439171699741
546 0.7916307161345988
547 0.7860224331320104
548 0.7881794650560828
549 0.7896893874029336
550 0.7922778257118205
551 0.7916307161345988
552 0.7905522001725626
553 0.7894736842105263
554 0.7894736842105263
555 0.7911993097497843
556 0.7832182916307161
557 0.7836496980155306
558 0.7868852459016393
559 0.7918464193270061
560 0.7896893874029336
561 0.790120793787748
562 0.7907679033649698
563 0.7911993097497843
564 0.7905522001725626
565 0.7924935289042278
566 0.7899050905953409
567 0.7875323554788611
568 0.7896893874029336
569 0.792709232096635
570 0.7899050905953409
571 0.7914150129421915
572 0.7806298533218292
573 0.7789042277825712
574 0.7806298533218292
575 0.7812769628990509
576 0.7840811044003452
577 0.7858067299396031
578 0.7860224331320104
579 0.7879637618636756
580 0.7830025884383088
581 0.7789042277825712
582 0.7858067299396031
583 0.7761000862812769
584 0.7767471958584987
585 0.7763157894736842
586 0.7713546160483176
587 0.7784728213977566
588 0.7812769628990509
589 0.7812769628990509
590 0.7836496980155306
591 0.7838654012079379
592 0.7840811044003452
593 0.7784728213977566
594 0.7765314926660914
595 0.7739430543572045
596 0.7780414150129422
597 0.7814926660914582
598 0.7847282139775669
599 0.7845125107851596
600 0.7817083692838654
601 0.7866695427092321
602 0.7907679033649698
603 0.7866695427092321
604 0.7894736842105263
605 0.7916307161345988
606 0.793572044866264
607 0.7911993097497843
608 0.7968075927523728
609 0.795297670405522
610 0.7924935289042278
611 0.7914150129421915
612 0.7892579810181191
613 0.7946505608283002
614 0.7965918895599655
615 0.7957290767903364
616 0.7916307161345988
617 0.7806298533218292
618 0.7838654012079379
619 0.7808455565142364
620 0.7801984469370147
621 0.7830025884383088
622 0.7801984469370147
623 0.7819240724762726
624 0.7855910267471958
625 0.7903364969801553
626 0.7860224331320104
627 0.7784728213977566
628 0.7801984469370147
629 0.780414150129422
630 0.7773943054357204
631 0.7814926660914582
632 0.7812769628990509
633 0.7814926660914582
634 0.7739430543572045
635 0.7730802415875755
636 0.7784728213977566
637 0.7849439171699741
638 0.7801984469370147
639 0.7821397756686799
640 0.7832182916307161
641 0.7840811044003452
642 0.7948662640207075
643 0.7948662640207075
644 0.7957290767903364
645 0.7877480586712683
646 0.7894736842105263
647 0.7903364969801553
648 0.7924935289042278
649 0.7950819672131147
650 0.7931406384814496
651 0.7909836065573771
652 0.7851596203623814
653 0.7821397756686799
654 0.7877480586712683
655 0.7903364969801553
656 0.7903364969801553
657 0.7920621225194133
658 0.7871009490940466
659 0.7911993097497843
660 0.7909836065573771
661 0.790120793787748
662 0.7931406384814496
663 0.7974547023295945
664 0.7991803278688525
665 0.7940034512510785
666 0.8034943917169974
667 0.7976704055220017
668 0.7991803278688525
669 0.7972389991371872
670 0.797886108714409
671 0.8000431406384815
672 0.8028472821397756
673 0.798748921484038
674 0.7989646246764452
675 0.796160483175151
676 0.7909836065573771
677 0.7955133735979293
678 0.7933563416738568
679 0.792709232096635
680 0.7899050905953409
681 0.7907679033649698
682 0.7914150129421915
683 0.7903364969801553
684 0.7929249352890423
685 0.7976704055220017
686 0.7970232959447799
687 0.7976704055220017
688 0.7942191544434858
689 0.7894736842105263
690 0.7836496980155306
691 0.7830025884383088
692 0.7821397756686799
693 0.7855910267471958
694 0.7840811044003452
695 0.7834339948231234
696 0.7801984469370147
697 0.7730802415875755
698 0.7786885245901639
699 0.7827868852459017
700 0.7840811044003452
