1 0.00021570319240724764
2 0.0004314063848144953
3 0.0008628127696289905
4 0.0008628127696289905
5 0.0010785159620362382
6 0.0019413287316652286
7 0.0025884383088869713
8 0.0030198446937014668
9 0.0036669542709232097
10 0.004098360655737705
11 0.004961173425366695
12 0.006902502157031924
13 0.0090595340811044
14 0.010138050043140638
15 0.01186367558239862
16 0.013805004314063849
17 0.014667817083692839
18 0.018334771354616048
19 0.02070750647109577
20 0.022433132010353754
21 0.023943054357204487
22 0.028041415012942193
23 0.03278688524590164
24 0.035806729939603106
25 0.04227782571182054
26 0.046807592752372736
27 0.050258843830888696
28 0.05759275237273512
29 0.05996548748921484
30 0.06190681622088007
31 0.06665228645383951
32 0.07053494391716997
33 0.07355478861087145
34 0.07679033649698015
35 0.08326143226919758
36 0.08951682484900776
37 0.09404659188955997
38 0.0992234685073339
39 0.10698878343399482
40 0.1136755823986195
41 0.11734253666954271
42 0.12661777394305435
43 0.13567730802415875
44 0.14106988783433994
45 0.14797238999137188
46 0.15271786022433131
47 0.16328731665228646
48 0.17320966350301983
49 0.1798964624676445
50 0.18334771354616047
51 0.19219154443485764
52 0.20168248490077653
53 0.21031061259706643
54 0.2206643658326143
55 0.22993960310612596
56 0.23166522864538394
57 0.2392148403796376
58 0.25064710957722175
59 0.2581967213114754
60 0.26380500431406384
61 0.27372735116479724
62 0.28321829163071616
63 0.28559102674719583
64 0.28472821397756687
65 0.2948662640207075
66 0.3039257981018119
67 0.3138481449525453
68 0.318809318377912
69 0.3244176013805004
70 0.33218291630716135
71 0.33951682484900775
72 0.3531061259706644
73 0.3584987057808456
74 0.362381363244176
75 0.3694995685936152
76 0.38071613459879206
77 0.38373597929249353
78 0.38912855910267474
79 0.3953839516824849
80 0.40789473684210525
81 0.41738567730802417
82 0.4171699741156169
83 0.4288179465056083
84 0.4365832614322692
85 0.44068162208800693
86 0.44823123382226054
87 0.4497411561691113
88 0.46225194132873165
89 0.4719585849870578
90 0.47497842968075926
91 0.4810181190681622
92 0.4928817946505608
93 0.498274374460742
94 0.506039689387403
95 0.5092752372735116
96 0.5066867989646247
97 0.521786022433132
98 0.525237273511648
99 0.5295513373597929
100 0.5353753235547886
101 0.5399050905953409
102 0.5446505608283002
103 0.547886108714409
104 0.5539257981018119
105 0.5517687661777394
106 0.5621225194132873
107 0.5668679896462467
108 0.5694564279551337
109 0.5776531492666092
110 0.5819672131147541
111 0.582830025884383
112 0.588006902502157
113 0.5908110440034513
114 0.5901639344262295
115 0.5944779982743744
116 0.5962036238136325
117 0.6026747195858498
118 0.6037532355478861
119 0.6076358930112166
120 0.6078515962036238
121 0.6156169111302847
122 0.6216566005176877
123 0.6253235547886109
124 0.6246764452113891
125 0.6294219154443486
126 0.6285591026747196
127 0.6337359792924935
128 0.6339516824849007
129 0.636755823986195
130 0.6408541846419327
131 0.6458153580672994
132 0.6481880931837791
133 0.6496980155306299
134 0.6481880931837791
135 0.6529335634167386
136 0.6527178602243313
137 0.6604831751509922
138 0.6540120793787748
139 0.6540120793787748
140 0.6615616911130284
141 0.6686798964624676
142 0.6695427092320967
143 0.6665228645383952
144 0.6673856773080241
145 0.6757981018119068
146 0.6760138050043141
147 0.6781708369283865
148 0.681190681622088
149 0.6809749784296808
150 0.6824849007765315
151 0.6893874029335634
152 0.6880931837791199
153 0.6932700603968939
154 0.6945642795513374
155 0.7006039689387403
156 0.6952113891285591
157 0.7008196721311475
158 0.7044866264020707
159 0.7113891285591026
160 0.7107420189818809
161 0.7090163934426229
162 0.7128990509059534
163 0.7150560828300259
164 0.7182916307161346
165 0.7157031924072477
166 0.7141932700603969
167 0.7167817083692839
168 0.7198015530629853
169 0.7193701466781708
170 0.7180759275237274
171 0.7267040552200172
172 0.7258412424503883
173 0.7210957722174288
174 0.7245470232959448
175 0.7217428817946505
176 0.727351164797239
177 0.7251941328731665
178 0.722174288179465
179 0.7292924935289042
180 0.7267040552200172
181 0.7312338222605694
182 0.734253666954271
183 0.7398619499568594
184 0.7392148403796376
185 0.7379206212251941
186 0.7392148403796376
187 0.7379206212251941
188 0.7361949956859362
189 0.7359792924935289
190 0.7346850733390854
191 0.7372735116479724
192 0.7426660914581535
193 0.7443917169974116
194 0.7487057808455565
195 0.744823123382226
196 0.7456859361518551
197 0.7435289042277826
198 0.7478429680759275
199 0.748274374460742
200 0.7545297670405522
201 0.7590595340811044
202 0.7590595340811044
203 0.7668248490077653
204 0.7681190681622088
205 0.7663934426229508
206 0.7592752372735116
207 0.7590595340811044
208 0.7547454702329595
209 0.7607851596203624
210 0.7614322691975841
211 0.7607851596203624
212 0.7616479723899914
213 0.7635893011216566
214 0.7597066436583262
215 0.7685504745470233
216 0.7674719585849871
217 0.7676876617773943
218 0.7653149266609146
219 0.7668248490077653
220 0.7707075064710958
221 0.7704918032786885
222 0.7694132873166523
223 0.7681190681622088
224 0.7694132873166523
225 0.769197584124245
226 0.7607851596203624
227 0.7633735979292493
228 0.7687661777394306
229 0.7689818809318378
230 0.7724331320103538
231 0.7661777394305436
232 0.7670405522001725
233 0.7715703192407247
234 0.7676876617773943
235 0.7633735979292493
236 0.7679033649698016
237 0.7663934426229508
238 0.7685504745470233
239 0.7676876617773943
240 0.7720017256255393
241 0.7707075064710958
242 0.7702761000862812
243 0.7750215703192407
244 0.7795513373597929
245 0.7808455565142364
246 0.7765314926660914
247 0.7758843830888698
248 0.780414150129422
249 0.7791199309749784
250 0.7784728213977566
251 0.7789042277825712
252 0.7754529767040552
253 0.7765314926660914
254 0.7814926660914582
255 0.7808455565142364
256 0.7765314926660914
257 0.7745901639344263
258 0.7776100086281277
259 0.7806298533218292
260 0.7808455565142364
261 0.7821397756686799
262 0.7838654012079379
263 0.7801984469370147
264 0.7784728213977566
265 0.7814926660914582
266 0.7786885245901639
267 0.776962899050906
268 0.7765314926660914
269 0.7741587575496117
270 0.771786022433132
271 0.7730802415875755
272 0.7674719585849871
273 0.7674719585849871
274 0.7698446937014668
275 0.7666091458153581
276 0.7627264883520276
277 0.7640207075064711
278 0.7635893011216566
279 0.7704918032786885
280 0.7696289905090595
281 0.7724331320103538
282 0.7724331320103538
283 0.7819240724762726
284 0.7793356341673857
285 0.777825711820535
286 0.7711389128559103
287 0.7786885245901639
288 0.780414150129422
289 0.77351164797239
290 0.7808455565142364
291 0.7888265746333045
292 0.7894736842105263
293 0.7864538395168249
294 0.7866695427092321
295 0.7864538395168249
296 0.7832182916307161
297 0.7864538395168249
298 0.7849439171699741
299 0.7845125107851596
300 0.7875323554788611
301 0.7909836065573771
302 0.7840811044003452
303 0.7864538395168249
304 0.7886108714408974
305 0.7890422778257118
306 0.7858067299396031
307 0.7868852459016393
308 0.7832182916307161
309 0.7849439171699741
310 0.7868852459016393
311 0.792709232096635
312 0.7918464193270061
313 0.7883951682484901
314 0.7834339948231234
315 0.7763157894736842
316 0.7784728213977566
317 0.7784728213977566
318 0.7825711820534944
319 0.7849439171699741
320 0.7830025884383088
321 0.7823554788610871
322 0.7851596203623814
323 0.7879637618636756
324 0.7853753235547886
325 0.7806298533218292
326 0.7801984469370147
327 0.7812769628990509
328 0.7773943054357204
329 0.7763157894736842
330 0.7797670405522001
331 0.7840811044003452
332 0.7842968075927523
333 0.7899050905953409
334 0.7881794650560828
335 0.7845125107851596
336 0.7845125107851596
337 0.780414150129422
338 0.7786885245901639
339 0.7782571182053495
340 0.7750215703192407
341 0.770923209663503
342 0.776962899050906
343 0.7819240724762726
344 0.7817083692838654
345 0.7838654012079379
346 0.7786885245901639
347 0.7801984469370147
348 0.7814926660914582
349 0.7853753235547886
350 0.7877480586712683
351 0.7864538395168249
352 0.7793356341673857
353 0.777825711820535
354 0.7771786022433133
355 0.7845125107851596
356 0.7855910267471958
357 0.7866695427092321
358 0.7806298533218292
359 0.777825711820535
360 0.7722174288179465
361 0.7715703192407247
362 0.769197584124245
363 0.7696289905090595
364 0.7700603968938741
365 0.7674719585849871
366 0.7681190681622088
367 0.7795513373597929
368 0.7853753235547886
369 0.7823554788610871
370 0.7864538395168249
371 0.7806298533218292
372 0.7819240724762726
373 0.7793356341673857
374 0.7793356341673857
375 0.7786885245901639
376 0.7745901639344263
377 0.7776100086281277
378 0.775237273511648
379 0.7791199309749784
380 0.7793356341673857
381 0.7832182916307161
382 0.7806298533218292
383 0.7827868852459017
384 0.7836496980155306
385 0.7866695427092321
386 0.7851596203623814
387 0.7819240724762726
388 0.7765314926660914
389 0.770923209663503
390 0.7773943054357204
391 0.7754529767040552
392 0.7830025884383088
393 0.7771786022433133
394 0.7795513373597929
395 0.7780414150129422
396 0.7836496980155306
397 0.7851596203623814
398 0.7853753235547886
399 0.7780414150129422
400 0.7946505608283002
401 0.7907679033649698
402 0.7868852459016393
403 0.7931406384814496
404 0.7909836065573771
405 0.7899050905953409
406 0.7827868852459017
407 0.7860224331320104
408 0.7853753235547886
409 0.7886108714408974
410 0.7847282139775669
411 0.7853753235547886
412 0.7838654012079379
413 0.7894736842105263
414 0.7905522001725626
415 0.7989646246764452
416 0.8004745470232959
417 0.8015530629853321
418 0.7931406384814496
419 0.7931406384814496
420 0.7955133735979293
421 0.7942191544434858
422 0.7903364969801553
423 0.7931406384814496
424 0.7957290767903364
425 0.7914150129421915
426 0.7881794650560828
427 0.7840811044003452
428 0.7864538395168249
429 0.7836496980155306
430 0.7806298533218292
431 0.7784728213977566
432 0.7767471958584987
433 0.7786885245901639
434 0.7814926660914582
435 0.776962899050906
436 0.7810612597066436
437 0.7858067299396031
438 0.7888265746333045
439 0.7842968075927523
440 0.7851596203623814
441 0.7812769628990509
442 0.7793356341673857
443 0.7812769628990509
444 0.7879637618636756
445 0.7830025884383088
446 0.7821397756686799
447 0.7830025884383088
448 0.7810612597066436
449 0.7819240724762726
450 0.7767471958584987
451 0.77351164797239
452 0.7784728213977566
453 0.7810612597066436
454 0.7795513373597929
455 0.7817083692838654
456 0.7814926660914582
457 0.7767471958584987
458 0.7806298533218292
459 0.7745901639344263
460 0.7763157894736842
461 0.7789042277825712
462 0.7765314926660914
463 0.7780414150129422
464 0.7756686798964625
465 0.7765314926660914
466 0.7761000862812769
467 0.7791199309749784
468 0.7838654012079379
469 0.7864538395168249
470 0.7864538395168249
471 0.7801984469370147
472 0.7821397756686799
473 0.7795513373597929
474 0.7756686798964625
475 0.7793356341673857
476 0.7797670405522001
477 0.7821397756686799
478 0.7881794650560828
479 0.7847282139775669
480 0.7821397756686799
481 0.7858067299396031
482 0.7847282139775669
483 0.7830025884383088
484 0.7782571182053495
485 0.7845125107851596
486 0.7879637618636756
487 0.7849439171699741
488 0.7860224331320104
489 0.7795513373597929
490 0.7771786022433133
491 0.7789042277825712
492 0.7851596203623814
493 0.7853753235547886
494 0.7830025884383088
495 0.7825711820534944
496 0.7838654012079379
497 0.7827868852459017
498 0.7817083692838654
499 0.7808455565142364
500 0.7737273511647972
501 0.775237273511648
502 0.7730802415875755
503 0.7748058671268335
504 0.7750215703192407
505 0.7801984469370147
506 0.7808455565142364
507 0.7806298533218292
508 0.7883951682484901
509 0.7823554788610871
510 0.7862381363244176
511 0.7894736842105263
512 0.7845125107851596
513 0.7851596203623814
514 0.7812769628990509
515 0.7823554788610871
516 0.7782571182053495
517 0.7745901639344263
518 0.7704918032786885
519 0.774374460742019
520 0.7808455565142364
521 0.7836496980155306
522 0.7819240724762726
523 0.7830025884383088
524 0.7806298533218292
525 0.7873166522864539
526 0.7840811044003452
527 0.7812769628990509
528 0.7840811044003452
529 0.7881794650560828
530 0.7877480586712683
531 0.7924935289042278
532 0.7832182916307161
533 0.7838654012079379
534 0.7871009490940466
535 0.7905522001725626
536 0.7948662640207075
537 0.7896893874029336
538 0.7899050905953409
539 0.7851596203623814
540 0.7823554788610871
541 0.7871009490940466
542 0.7888265746333045
543 0.7903364969801553
544 0.7942191544434858
545 0.7907679033649698
546 0.7855910267471958
547 0.7855910267471958
548 0.7894736842105263
549 0.7909836065573771
550 0.7911993097497843
551 0.7940034512510785
552 0.7888265746333045
553 0.7875323554788611
554 0.7922778257118205
555 0.7881794650560828
556 0.7894736842105263
557 0.7890422778257118
558 0.7847282139775669
559 0.7842968075927523
560 0.7916307161345988
561 0.7838654012079379
562 0.7842968075927523
563 0.7866695427092321
564 0.7918464193270061
565 0.7911993097497843
566 0.7909836065573771
567 0.7996117342536669
568 0.7959447799827437
569 0.7950819672131147
570 0.7996117342536669
571 0.8000431406384815
572 0.7914150129421915
573 0.7847282139775669
574 0.7853753235547886
575 0.7883951682484901
576 0.7918464193270061
577 0.7894736842105263
578 0.7888265746333045
579 0.7853753235547886
580 0.7918464193270061
581 0.7899050905953409
582 0.7864538395168249
583 0.792709232096635
584 0.7873166522864539
585 0.7784728213977566
586 0.7825711820534944
587 0.7834339948231234
588 0.780414150129422
589 0.7806298533218292
590 0.7819240724762726
591 0.7793356341673857
592 0.7784728213977566
593 0.775237273511648
594 0.7761000862812769
595 0.776962899050906
596 0.7711389128559103
597 0.7687661777394306
598 0.7724331320103538
599 0.771786022433132
600 0.772648835202761
601 0.7765314926660914
602 0.777825711820535
603 0.775237273511648
604 0.7763157894736842
605 0.7819240724762726
606 0.7791199309749784
607 0.7823554788610871
608 0.7771786022433133
609 0.7814926660914582
610 0.7851596203623814
611 0.7858067299396031
612 0.7888265746333045
613 0.7899050905953409
614 0.7836496980155306
615 0.7821397756686799
616 0.7745901639344263
617 0.7750215703192407
618 0.7748058671268335
619 0.7806298533218292
620 0.7821397756686799
621 0.7883951682484901
622 0.776962899050906
623 0.7814926660914582
624 0.7819240724762726
625 0.7836496980155306
626 0.7801984469370147
627 0.7786885245901639
628 0.7823554788610871
629 0.7825711820534944
630 0.7786885245901639
631 0.7763157894736842
632 0.7741587575496117
633 0.771786022433132
634 0.7696289905090595
635 0.7713546160483176
636 0.7732959447799828
637 0.7748058671268335
638 0.775237273511648
639 0.776962899050906
640 0.7776100086281277
641 0.770923209663503
642 0.7694132873166523
643 0.770923209663503
644 0.769197584124245
645 0.7765314926660914
646 0.7713546160483176
647 0.7763157894736842
648 0.7756686798964625
649 0.7763157894736842
650 0.7793356341673857
651 0.7799827437446074
652 0.7776100086281277
653 0.7765314926660914
654 0.77351164797239
655 0.7793356341673857
656 0.7871009490940466
657 0.7834339948231234
658 0.7894736842105263
659 0.7955133735979293
660 0.7918464193270061
661 0.7942191544434858
662 0.7890422778257118
663 0.7899050905953409
664 0.7914150129421915
665 0.7864538395168249
666 0.7890422778257118
667 0.792709232096635
668 0.7907679033649698
669 0.7864538395168249
670 0.7860224331320104
671 0.7849439171699741
672 0.7877480586712683
673 0.7907679033649698
674 0.796160483175151
675 0.7948662640207075
676 0.7866695427092321
677 0.7853753235547886
678 0.7858067299396031
679 0.7875323554788611
680 0.7871009490940466
681 0.7916307161345988
682 0.7873166522864539
683 0.7911993097497843
684 0.7931406384814496
685 0.7957290767903364
686 0.7972389991371872
687 0.7976704055220017
688 0.7963761863675582
689 0.7929249352890423
690 0.7924935289042278
691 0.7886108714408974
692 0.7875323554788611
693 0.7909836065573771
694 0.7881794650560828
695 0.7892579810181191
696 0.7868852459016393
697 0.7886108714408974
698 0.7877480586712683
699 0.7942191544434858
700 0.8019844693701467
