1 0.0004314063848144953
2 0.0010785159620362382
3 0.0010785159620362382
4 0.001725625539257981
5 0.0021570319240724763
6 0.0021570319240724763
7 0.002372735116479724
8 0.0030198446937014668
9 0.004098360655737705
10 0.005392579810181191
11 0.007549611734253667
12 0.00819672131147541
13 0.010569456427955135
14 0.012079378774805867
15 0.013805004314063849
16 0.014020707506471096
17 0.014883520276100086
18 0.016824849007765316
19 0.017903364969801553
20 0.018766177739430543
21 0.020276100086281276
22 0.02178602243313201
23 0.025021570319240724
24 0.02631578947368421
25 0.028041415012942193
26 0.03084555651423641
27 0.03127696289905091
28 0.034943917169974116
29 0.037748058671268334
30 0.03968938740293356
31 0.04141501294219154
32 0.04206212251941329
33 0.044219154443485766
34 0.047670405522001726
35 0.05133735979292493
36 0.054357204486626405
37 0.05672993960310613
38 0.05996548748921484
39 0.06406384814495254
40 0.0675150992234685
41 0.07161345987920621
42 0.07592752372735116
43 0.08067299396031061
44 0.08520276100086281
45 0.09124245038826574
46 0.09836065573770492
47 0.10483175150992234
48 0.10785159620362382
49 0.11302847282139776
50 0.12079378774805867
51 0.1264020707506471
52 0.13287316652286454
53 0.13869715271786023
54 0.1449525452976704
55 0.15509059534081104
56 0.16005176876617774
57 0.16889559965487488
58 0.17687661777394306
59 0.18464193270060397
60 0.1965056082830026
61 0.20664365832614323
62 0.2128990509059534
63 0.22174288179465057
64 0.22907679033649697
65 0.2342536669542709
66 0.2422346850733391
67 0.24827437446074202
68 0.2553925798101812
69 0.2668248490077653
70 0.2739430543572045
71 0.2830025884383089
72 0.2940034512510785
73 0.2998274374460742
74 0.30543572044866263
75 0.315358067299396
76 0.31643658326143226
77 0.3216134598792062
78 0.33132010353753233
79 0.3399482312338223
80 0.34771354616048317
81 0.35353753235547886
82 0.3595772217428818
83 0.3671268334771355
84 0.37661777394305435
85 0.384167385677308
86 0.38912855910267474
87 0.3958153580672994
88 0.4003451251078516
89 0.40465918895599656
90 0.411130284728214
91 0.4180327868852459
92 0.4266609145815358
93 0.43356341673856774
94 0.4428386540120794
95 0.44758412424503885
96 0.45405522001725623
97 0.45944779982743744
98 0.46440897325280417
99 0.4685073339085418
100 0.4769197584124245
101 0.4842536669542709
102 0.4898619499568594
103 0.4946074201898188
104 0.502588438308887
105 0.5006471095772217
106 0.5049611734253667
107 0.5103537532355479
108 0.5174719585849871
109 0.5213546160483176
110 0.5204918032786885
111 0.5286885245901639
112 0.5342968075927523
113 0.542709232096635
114 0.5489646246764452
115 0.5506902502157032
116 0.5526315789473685
117 0.561044003451251
118 0.5653580672993961
119 0.57053494391717
120 0.5770060396893874
121 0.5791630716134599
122 0.5800258843830889
123 0.5821829163071613
124 0.5845556514236411
125 0.5847713546160483
126 0.5927523727351165
127 0.5983606557377049
128 0.5985763589301122
129 0.6028904227782571
130 0.6052631578947368
131 0.6089301121656601
132 0.6136755823986195
133 0.6143226919758412
134 0.6177739430543572
135 0.6156169111302847
136 0.6229508196721312
137 0.6274805867126834
138 0.6283433994823123
139 0.6292062122519413
140 0.6322260569456428
141 0.6382657463330458
142 0.6369715271786023
143 0.6384814495254529
144 0.6451682484900777
145 0.6518550474547024
146 0.6505608283002589
147 0.655090595340811
148 0.6553062985332183
149 0.6566005176876618
150 0.655090595340811
151 0.6570319240724762
152 0.6600517687661778
153 0.6622088006902502
154 0.6665228645383952
155 0.6749352890422778
156 0.6762295081967213
157 0.6796807592752373
158 0.6809749784296808
159 0.6783865401207938
160 0.6807592752372735
161 0.6801121656600517
162 0.6766609145815358
163 0.6766609145815358
164 0.6839948231233822
165 0.6891716997411562
166 0.6876617773943055
167 0.6919758412424504
168 0.6928386540120793
169 0.6982312338222606
170 0.698662640207075
171 0.6973684210526315
172 0.6949956859361519
173 0.7031924072476272
174 0.7025452976704055
175 0.6982312338222606
176 0.6973684210526315
177 0.6956427955133736
178 0.7016824849007766
179 0.702113891285591
180 0.7044866264020707
181 0.7031924072476272
182 0.7068593615185504
183 0.7122519413287317
184 0.7124676445211389
185 0.7176445211389129
186 0.7215271786022434
187 0.7269197584124245
188 0.731665228645384
189 0.7310181190681622
190 0.7275668679896462
191 0.7277825711820535
192 0.7243313201035375
193 0.723037100949094
194 0.7234685073339086
195 0.7241156169111302
196 0.7292924935289042
197 0.7269197584124245
198 0.7325280414150129
199 0.7387834339948232
200 0.7353321829163072
201 0.7394305435720449
202 0.7383520276100086
203 0.7463330457290768
204 0.7484900776531492
205 0.7467644521138913
206 0.747411561691113
207 0.7489214840379638
208 0.7471958584987057
209 0.750862812769629
210 0.7510785159620362
211 0.7450388265746333
212 0.7487057808455565
213 0.746548748921484
214 0.750862812769629
215 0.7510785159620362
216 0.7614322691975841
217 0.7612165660051768
218 0.7543140638481449
219 0.7599223468507333
220 0.7620793787748059
221 0.7625107851596203
222 0.7681190681622088
223 0.769197584124245
224 0.7646678170836928
225 0.7659620362381363
226 0.7612165660051768
227 0.7646678170836928
228 0.7661777394305436
229 0.7650992234685073
230 0.768334771354616
231 0.7666091458153581
232 0.7638050043140638
233 0.769197584124245
234 0.765746333045729
235 0.7666091458153581
236 0.7728645383951682
237 0.7720017256255393
238 0.7728645383951682
239 0.7754529767040552
240 0.7720017256255393
241 0.7642364106988784
242 0.7622950819672131
243 0.769197584124245
244 0.7696289905090595
245 0.7737273511647972
246 0.770923209663503
247 0.7720017256255393
248 0.7681190681622088
249 0.7696289905090595
250 0.7679033649698016
251 0.7707075064710958
252 0.774374460742019
253 0.7722174288179465
254 0.7711389128559103
255 0.7722174288179465
256 0.7754529767040552
257 0.7789042277825712
258 0.7771786022433133
259 0.7780414150129422
260 0.7761000862812769
261 0.7758843830888698
262 0.7739430543572045
263 0.7728645383951682
264 0.774374460742019
265 0.7737273511647972
266 0.770923209663503
267 0.7737273511647972
268 0.7704918032786885
269 0.771786022433132
270 0.7724331320103538
271 0.7750215703192407
272 0.7780414150129422
273 0.7745901639344263
274 0.7722174288179465
275 0.769197584124245
276 0.7702761000862812
277 0.769197584124245
278 0.7702761000862812
279 0.7748058671268335
280 0.7722174288179465
281 0.7761000862812769
282 0.770923209663503
283 0.7732959447799828
284 0.7771786022433133
285 0.772648835202761
286 0.7745901639344263
287 0.7730802415875755
288 0.7732959447799828
289 0.7795513373597929
290 0.771786022433132
291 0.7670405522001725
292 0.7771786022433133
293 0.7806298533218292
294 0.7849439171699741
295 0.7821397756686799
296 0.7780414150129422
297 0.7830025884383088
298 0.7847282139775669
299 0.7888265746333045
300 0.7812769628990509
301 0.7834339948231234
302 0.7782571182053495
303 0.7847282139775669
304 0.7873166522864539
305 0.7830025884383088
306 0.7845125107851596
307 0.7823554788610871
308 0.7886108714408974
309 0.7888265746333045
310 0.7937877480586712
311 0.7907679033649698
312 0.7905522001725626
313 0.7907679033649698
314 0.7886108714408974
315 0.7855910267471958
316 0.7810612597066436
317 0.7737273511647972
318 0.7819240724762726
319 0.7801984469370147
320 0.7873166522864539
321 0.7924935289042278
322 0.7907679033649698
323 0.7883951682484901
324 0.7886108714408974
325 0.7937877480586712
326 0.7991803278688525
327 0.8002588438308887
328 0.801337359792925
329 0.8002588438308887
330 0.794434857635893
331 0.7905522001725626
332 0.7873166522864539
333 0.7862381363244176
334 0.7847282139775669
335 0.7825711820534944
336 0.776962899050906
337 0.7780414150129422
338 0.7771786022433133
339 0.7767471958584987
340 0.7750215703192407
341 0.7776100086281277
342 0.7737273511647972
343 0.7784728213977566
344 0.7795513373597929
345 0.780414150129422
346 0.7858067299396031
347 0.7767471958584987
348 0.775237273511648
349 0.7737273511647972
350 0.7763157894736842
351 0.7771786022433133
352 0.774374460742019
353 0.7823554788610871
354 0.7765314926660914
355 0.7765314926660914
356 0.774374460742019
357 0.7789042277825712
358 0.7808455565142364
359 0.7793356341673857
360 0.7838654012079379
361 0.7847282139775669
362 0.7911993097497843
363 0.7845125107851596
364 0.7767471958584987
365 0.7767471958584987
366 0.7758843830888698
367 0.7782571182053495
368 0.7789042277825712
369 0.7756686798964625
370 0.7799827437446074
371 0.7801984469370147
372 0.776962899050906
373 0.7842968075927523
374 0.7849439171699741
375 0.7797670405522001
376 0.7866695427092321
377 0.7817083692838654
378 0.7806298533218292
379 0.7849439171699741
380 0.776962899050906
381 0.7812769628990509
382 0.7879637618636756
383 0.793572044866264
384 0.7899050905953409
385 0.7918464193270061
386 0.7866695427092321
387 0.7881794650560828
388 0.7832182916307161
389 0.7842968075927523
390 0.7793356341673857
391 0.7797670405522001
392 0.7821397756686799
393 0.7864538395168249
394 0.7873166522864539
395 0.7877480586712683
396 0.7881794650560828
397 0.7873166522864539
398 0.7842968075927523
399 0.7812769628990509
400 0.7851596203623814
401 0.7871009490940466
402 0.7888265746333045
403 0.7868852459016393
404 0.7894736842105263
405 0.7853753235547886
406 0.7817083692838654
407 0.7756686798964625
408 0.780414150129422
409 0.7754529767040552
410 0.776962899050906
411 0.776962899050906
412 0.7855910267471958
413 0.7903364969801553
414 0.7883951682484901
415 0.7948662640207075
416 0.794434857635893
417 0.7918464193270061
418 0.7922778257118205
419 0.7922778257118205
420 0.793572044866264
421 0.7918464193270061
422 0.7890422778257118
423 0.7881794650560828
424 0.7892579810181191
425 0.7842968075927523
426 0.7834339948231234
427 0.7823554788610871
428 0.777825711820535
429 0.771786022433132
430 0.7771786022433133
431 0.7773943054357204
432 0.7784728213977566
433 0.7782571182053495
434 0.7737273511647972
435 0.7730802415875755
436 0.7724331320103538
437 0.7750215703192407
438 0.7797670405522001
439 0.7832182916307161
440 0.7911993097497843
441 0.7907679033649698
442 0.7933563416738568
443 0.7942191544434858
444 0.7907679033649698
445 0.7957290767903364
446 0.792709232096635
447 0.7903364969801553
448 0.7965918895599655
449 0.793572044866264
450 0.7946505608283002
451 0.7918464193270061
452 0.7903364969801553
453 0.7879637618636756
454 0.7931406384814496
455 0.7905522001725626
456 0.7929249352890423
457 0.7883951682484901
458 0.7873166522864539
459 0.7873166522864539
460 0.7866695427092321
461 0.7864538395168249
462 0.7795513373597929
463 0.7741587575496117
464 0.7745901639344263
465 0.7799827437446074
466 0.7875323554788611
467 0.7875323554788611
468 0.790120793787748
469 0.7903364969801553
470 0.7871009490940466
471 0.7877480586712683
472 0.790120793787748
473 0.7877480586712683
474 0.7866695427092321
475 0.7862381363244176
476 0.7825711820534944
477 0.7754529767040552
478 0.7763157894736842
479 0.7808455565142364
480 0.7776100086281277
481 0.7825711820534944
482 0.7793356341673857
483 0.7812769628990509
484 0.7823554788610871
485 0.7767471958584987
486 0.780414150129422
487 0.7821397756686799
488 0.7750215703192407
489 0.7750215703192407
490 0.77351164797239
491 0.7728645383951682
492 0.7745901639344263
493 0.7754529767040552
494 0.7761000862812769
495 0.7773943054357204
496 0.7761000862812769
497 0.7780414150129422
498 0.7814926660914582
499 0.7823554788610871
500 0.7797670405522001
501 0.7773943054357204
502 0.7761000862812769
503 0.7784728213977566
504 0.777825711820535
505 0.7838654012079379
506 0.777825711820535
507 0.7784728213977566
508 0.7791199309749784
509 0.7842968075927523
510 0.7825711820534944
511 0.7890422778257118
512 0.7886108714408974
513 0.7924935289042278
514 0.7985332182916307
515 0.7993960310612597
516 0.7957290767903364
517 0.7916307161345988
518 0.7911993097497843
519 0.7903364969801553
520 0.7970232959447799
521 0.7976704055220017
522 0.8011216566005177
523 0.797886108714409
524 0.7972389991371872
525 0.7981018119068162
526 0.7972389991371872
527 0.7922778257118205
528 0.795297670405522
529 0.7965918895599655
530 0.7976704055220017
531 0.7991803278688525
532 0.7914150129421915
533 0.7929249352890423
534 0.7940034512510785
535 0.7905522001725626
536 0.7916307161345988
537 0.794434857635893
538 0.7946505608283002
539 0.797886108714409
540 0.7942191544434858
541 0.794434857635893
542 0.8000431406384815
543 0.7976704055220017
544 0.7972389991371872
545 0.7974547023295945
546 0.8030629853321829
547 0.8006902502157032
548 0.8006902502157032
549 0.7993960310612597
550 0.7946505608283002
551 0.7942191544434858
552 0.7883951682484901
553 0.7871009490940466
554 0.7858067299396031
555 0.7823554788610871
556 0.7786885245901639
557 0.7707075064710958
558 0.7730802415875755
559 0.7765314926660914
560 0.7763157894736842
561 0.7741587575496117
562 0.7789042277825712
563 0.7810612597066436
564 0.7875323554788611
565 0.7888265746333045
566 0.7877480586712683
567 0.790120793787748
568 0.7916307161345988
569 0.7985332182916307
570 0.8002588438308887
571 0.7942191544434858
572 0.7881794650560828
573 0.7916307161345988
574 0.7931406384814496
575 0.7946505608283002
576 0.8024158757549612
577 0.7955133735979293
578 0.7937877480586712
579 0.7899050905953409
580 0.7879637618636756
581 0.7937877480586712
582 0.8041415012942191
583 0.8097497842968076
584 0.8099654874892148
585 0.8080241587575496
586 0.8062985332182916
587 0.8028472821397756
588 0.797886108714409
589 0.8024158757549612
590 0.7942191544434858
591 0.7907679033649698
592 0.7868852459016393
593 0.7899050905953409
594 0.7896893874029336
595 0.7883951682484901
596 0.7998274374460742
597 0.7998274374460742
598 0.7993960310612597
599 0.8006902502157032
600 0.7972389991371872
601 0.7911993097497843
602 0.7894736842105263
603 0.7875323554788611
604 0.7916307161345988
605 0.7918464193270061
606 0.7920621225194133
607 0.7920621225194133
608 0.7959447799827437
609 0.7871009490940466
610 0.792709232096635
611 0.7905522001725626
612 0.7896893874029336
613 0.7948662640207075
614 0.7955133735979293
615 0.7955133735979293
616 0.7903364969801553
617 0.7899050905953409
618 0.7937877480586712
619 0.7989646246764452
620 0.7924935289042278
621 0.7907679033649698
622 0.7881794650560828
623 0.7886108714408974
624 0.7845125107851596
625 0.7866695427092321
626 0.7907679033649698
627 0.7948662640207075
628 0.793572044866264
629 0.7909836065573771
630 0.7827868852459017
631 0.7786885245901639
632 0.7791199309749784
633 0.7868852459016393
634 0.790120793787748
635 0.7836496980155306
636 0.7853753235547886
637 0.7827868852459017
638 0.7784728213977566
639 0.7767471958584987
640 0.7830025884383088
641 0.7836496980155306
642 0.7892579810181191
643 0.7881794650560828
644 0.7907679033649698
645 0.7812769628990509
646 0.7845125107851596
647 0.7866695427092321
648 0.7858067299396031
649 0.7855910267471958
650 0.7797670405522001
651 0.7776100086281277
652 0.77351164797239
653 0.7722174288179465
654 0.7704918032786885
655 0.7687661777394306
656 0.769197584124245
657 0.7711389128559103
658 0.7765314926660914
659 0.7737273511647972
660 0.7702761000862812
661 0.7799827437446074
662 0.7780414150129422
663 0.7795513373597929
664 0.7814926660914582
665 0.7722174288179465
666 0.7724331320103538
667 0.7741587575496117
668 0.7754529767040552
669 0.7789042277825712
670 0.7868852459016393
671 0.7886108714408974
672 0.7877480586712683
673 0.7862381363244176
674 0.7942191544434858
675 0.7907679033649698
676 0.7950819672131147
677 0.7940034512510785
678 0.7948662640207075
679 0.7924935289042278
680 0.7890422778257118
681 0.7810612597066436
682 0.7784728213977566
683 0.7817083692838654
684 0.7860224331320104
685 0.7866695427092321
686 0.7855910267471958
687 0.7905522001725626
688 0.7918464193270061
689 0.7972389991371872
690 0.7942191544434858
691 0.7929249352890423
692 0.7940034512510785
693 0.7970232959447799
694 0.7957290767903364
695 0.796160483175151
696 0.793572044866264
697 0.7907679033649698
698 0.7929249352890423
699 0.7883951682484901
700 0.7886108714408974
