1 0.00021570319240724764
2 0.0004314063848144953
3 0.0004314063848144953
4 0.0006471095772217428
5 0.0008628127696289905
6 0.0015099223468507334
7 0.0025884383088869713
8 0.0028041415012942193
9 0.003451251078515962
10 0.004098360655737705
11 0.005176876617773943
12 0.005823986194995686
13 0.006902502157031924
14 0.008412424503882658
15 0.0090595340811044
16 0.009490940465918895
17 0.01186367558239862
18 0.01272648835202761
19 0.014667817083692839
20 0.01639344262295082
21 0.018550474547023296
22 0.01984469370146678
23 0.023295944779982744
24 0.02545297670405522
25 0.02998274374460742
26 0.034081104400345126
27 0.036022433132010354
28 0.040336496980155304
29 0.04637618636755824
30 0.04745470232959448
31 0.05457290767903365
32 0.06082830025884383
33 0.06686798964624677
34 0.07226056945642796
35 0.07873166522864539
36 0.08433994823123382
37 0.09167385677308024
38 0.0996548748921484
39 0.1041846419327006
40 0.11087144089732529
41 0.11971527178602244
42 0.12704918032786885
43 0.1335202761000863
44 0.13783433994823124
45 0.14344262295081966
46 0.14797238999137188
47 0.16005176876617774
48 0.1680327868852459
49 0.17601380500431407
50 0.18421052631578946
51 0.1919758412424504
52 0.2042709232096635
53 0.21397756686798963
54 0.2215271786022433
55 0.227351164797239
56 0.2359792924935289
57 0.24525452976704054
58 0.25625539257981017
59 0.26660914581535805
60 0.2722174288179465
61 0.27825711820534943
62 0.2840811044003451
63 0.29055220017256256
64 0.30090595340811044
65 0.3088869715271786
66 0.31643658326143226
67 0.32916307161345987
68 0.33498705780845556
69 0.3438308886971527
70 0.3485763589301122
71 0.3613028472821398
72 0.36928386540120794
73 0.37251941328731664
74 0.3796376186367558
75 0.38934426229508196
76 0.3966781708369284
77 0.409404659188956
78 0.4160914581535807
79 0.4262295081967213
80 0.43507333908541845
81 0.44176013805004316
82 0.4471527178602243
83 0.45642795513373596
84 0.46074201898188094
85 0.47044866264020707
86 0.4758412424503883
87 0.48037100949094047
88 0.48899913718723037
89 0.4926660914581536
90 0.49482312338222606
91 0.505176876617774
92 0.5161777394305436
93 0.5213546160483176
94 0.521786022433132
95 0.522648835202761
96 0.524374460742019
97 0.5293356341673857
98 0.5371009490940466
99 0.5496117342536669
100 0.5625539257981018
101 0.5694564279551337
102 0.5707506471095772
103 0.5746333045729077
104 0.5813201035375324
105 0.5849870578084556
106 0.5890854184641933
107 0.5912424503882657
108 0.5998705780845557
109 0.6063416738567731
110 0.6084987057808455
111 0.6093615185504746
112 0.6125970664365833
113 0.6115185504745471
114 0.6203623813632442
115 0.6199309749784296
116 0.6246764452113891
117 0.6268334771354616
118 0.6296376186367558
119 0.6305004314063848
120 0.635030198446937
121 0.6391285591026747
122 0.6384814495254529
123 0.6453839516824849
124 0.6496980155306299
125 0.6507765314926661
126 0.6529335634167386
127 0.6548748921484038
128 0.6578947368421053
129 0.6617773943054357
130 0.6678170836928387
131 0.6736410698878343
132 0.6762295081967213
133 0.6701898188093184
134 0.6678170836928387
135 0.6673856773080241
136 0.6697584124245038
137 0.6665228645383952
138 0.6714840379637619
139 0.6751509922346851
140 0.67946505608283
141 0.677739430543572
142 0.6755823986194995
143 0.67946505608283
144 0.67946505608283
145 0.6867989646246765
146 0.6885245901639344
147 0.6928386540120793
148 0.6984469370146679
149 0.6993097497842968
150 0.6965056082830026
151 0.6930543572044866
152 0.6906816220880069
153 0.698662640207075
154 0.7036238136324418
155 0.7059965487489215
156 0.705565142364107
157 0.7049180327868853
158 0.705565142364107
159 0.7081535806729939
160 0.7059965487489215
161 0.7023295944779983
162 0.7116048317515099
163 0.707290767903365
164 0.6995254529767041
165 0.7057808455565142
166 0.7085849870578085
167 0.7116048317515099
168 0.7116048317515099
169 0.7131147540983607
170 0.7154874892148404
171 0.7208800690250216
172 0.7236842105263158
173 0.7258412424503883
174 0.7238999137187231
175 0.7251941328731665
176 0.7267040552200172
177 0.7288610871440897
178 0.7327437446074202
179 0.7340379637618637
180 0.7381363244176014
181 0.7424503882657464
182 0.74137187230371
183 0.746548748921484
184 0.7418032786885246
185 0.7428817946505608
186 0.7396462467644521
187 0.7415875754961173
188 0.7450388265746333
189 0.746548748921484
190 0.7420189818809318
191 0.7418032786885246
192 0.7405090595340811
193 0.7407247627264884
194 0.7396462467644521
195 0.7446074201898188
196 0.7463330457290768
197 0.747411561691113
198 0.7454702329594478
199 0.7426660914581535
200 0.7484900776531492
201 0.7497842968075927
202 0.7463330457290768
203 0.7428817946505608
204 0.7493528904227783
205 0.7493528904227783
206 0.7456859361518551
207 0.7430974978429681
208 0.7443917169974116
209 0.7435289042277826
210 0.7394305435720449
211 0.7424503882657464
212 0.75
213 0.752588438308887
214 0.7540983606557377
215 0.7454702329594478
216 0.7461173425366695
217 0.7435289042277826
218 0.7502157031924073
219 0.7530198446937014
220 0.755176876617774
221 0.7510785159620362
222 0.7543140638481449
223 0.7603537532355479
224 0.7666091458153581
225 0.7646678170836928
226 0.7696289905090595
227 0.7659620362381363
228 0.7653149266609146
229 0.7732959447799828
230 0.7728645383951682
231 0.7700603968938741
232 0.7702761000862812
233 0.7687661777394306
234 0.7711389128559103
235 0.7823554788610871
236 0.7821397756686799
237 0.7780414150129422
238 0.7784728213977566
239 0.7771786022433133
240 0.7761000862812769
241 0.7722174288179465
242 0.7830025884383088
243 0.7819240724762726
244 0.7853753235547886
245 0.7909836065573771
246 0.7922778257118205
247 0.7940034512510785
248 0.7924935289042278
249 0.7907679033649698
250 0.7886108714408974
251 0.7791199309749784
252 0.772648835202761
253 0.774374460742019
254 0.7812769628990509
255 0.7806298533218292
256 0.7782571182053495
257 0.7864538395168249
258 0.794434857635893
259 0.7907679033649698
260 0.7929249352890423
261 0.7896893874029336
262 0.7905522001725626
263 0.7950819672131147
264 0.7993960310612597
265 0.7965918895599655
266 0.7968075927523728
267 0.7931406384814496
268 0.7914150129421915
269 0.7905522001725626
270 0.7853753235547886
271 0.7871009490940466
272 0.7836496980155306
273 0.7842968075927523
274 0.7797670405522001
275 0.7789042277825712
276 0.7823554788610871
277 0.7830025884383088
278 0.7814926660914582
279 0.7786885245901639
280 0.7834339948231234
281 0.7864538395168249
282 0.7834339948231234
283 0.7806298533218292
284 0.7786885245901639
285 0.7834339948231234
286 0.7793356341673857
287 0.780414150129422
288 0.7847282139775669
289 0.7890422778257118
290 0.7862381363244176
291 0.7875323554788611
292 0.7840811044003452
293 0.790120793787748
294 0.7929249352890423
295 0.7929249352890423
296 0.7976704055220017
297 0.7909836065573771
298 0.7888265746333045
299 0.7866695427092321
300 0.7933563416738568
301 0.7920621225194133
302 0.7924935289042278
303 0.7868852459016393
304 0.7877480586712683
305 0.7879637618636756
306 0.7858067299396031
307 0.7871009490940466
308 0.7858067299396031
309 0.7838654012079379
310 0.7836496980155306
311 0.7886108714408974
312 0.7821397756686799
313 0.7799827437446074
314 0.7748058671268335
315 0.7780414150129422
316 0.7707075064710958
317 0.7758843830888698
318 0.7864538395168249
319 0.7786885245901639
320 0.7737273511647972
321 0.7739430543572045
322 0.7748058671268335
323 0.7694132873166523
324 0.7754529767040552
325 0.7771786022433133
326 0.7808455565142364
327 0.7862381363244176
328 0.7866695427092321
329 0.7892579810181191
330 0.7965918895599655
331 0.8024158757549612
332 0.801337359792925
333 0.8032786885245902
334 0.8009059534081104
335 0.7933563416738568
336 0.7976704055220017
337 0.793572044866264
338 0.7903364969801553
339 0.7868852459016393
340 0.7866695427092321
341 0.7873166522864539
342 0.7862381363244176
343 0.7877480586712683
344 0.7823554788610871
345 0.7868852459016393
346 0.7853753235547886
347 0.7821397756686799
348 0.7842968075927523
349 0.7845125107851596
350 0.7851596203623814
351 0.7864538395168249
352 0.7974547023295945
353 0.7942191544434858
354 0.7875323554788611
355 0.7836496980155306
356 0.7881794650560828
357 0.7873166522864539
358 0.7873166522864539
359 0.7924935289042278
360 0.7879637618636756
361 0.7881794650560828
362 0.7851596203623814
363 0.7879637618636756
364 0.7866695427092321
365 0.7875323554788611
366 0.7866695427092321
367 0.7905522001725626
368 0.794434857635893
369 0.790120793787748
370 0.7879637618636756
371 0.7830025884383088
372 0.7847282139775669
373 0.7871009490940466
374 0.7892579810181191
375 0.7894736842105263
376 0.794434857635893
377 0.7899050905953409
378 0.7959447799827437
379 0.7879637618636756
380 0.7838654012079379
381 0.7858067299396031
382 0.7812769628990509
383 0.7782571182053495
384 0.7793356341673857
385 0.7817083692838654
386 0.7825711820534944
387 0.7858067299396031
388 0.7842968075927523
389 0.7808455565142364
390 0.7763157894736842
391 0.7763157894736842
392 0.7810612597066436
393 0.7875323554788611
394 0.7827868852459017
395 0.7832182916307161
396 0.7836496980155306
397 0.7808455565142364
398 0.7739430543572045
399 0.7780414150129422
400 0.7786885245901639
401 0.7773943054357204
402 0.7797670405522001
403 0.7767471958584987
404 0.7748058671268335
405 0.7806298533218292
406 0.7819240724762726
407 0.7821397756686799
408 0.7836496980155306
409 0.7892579810181191
410 0.793572044866264
411 0.796160483175151
412 0.7972389991371872
413 0.7957290767903364
414 0.7883951682484901
415 0.7903364969801553
416 0.7922778257118205
417 0.7955133735979293
418 0.7929249352890423
419 0.7963761863675582
420 0.7942191544434858
421 0.7909836065573771
422 0.793572044866264
423 0.7942191544434858
424 0.7918464193270061
425 0.7873166522864539
426 0.7855910267471958
427 0.7838654012079379
428 0.7877480586712683
429 0.7875323554788611
430 0.7845125107851596
431 0.7847282139775669
432 0.793572044866264
433 0.7924935289042278
434 0.7899050905953409
435 0.7886108714408974
436 0.7883951682484901
437 0.7853753235547886
438 0.7799827437446074
439 0.7864538395168249
440 0.7821397756686799
441 0.7791199309749784
442 0.7808455565142364
443 0.7840811044003452
444 0.7782571182053495
445 0.7782571182053495
446 0.7767471958584987
447 0.7758843830888698
448 0.777825711820535
449 0.7806298533218292
450 0.7858067299396031
451 0.7862381363244176
452 0.7801984469370147
453 0.7847282139775669
454 0.7868852459016393
455 0.7845125107851596
456 0.7847282139775669
457 0.7881794650560828
458 0.7875323554788611
459 0.7896893874029336
460 0.7810612597066436
461 0.7834339948231234
462 0.7877480586712683
463 0.7877480586712683
464 0.7864538395168249
465 0.7875323554788611
466 0.7858067299396031
467 0.7851596203623814
468 0.7877480586712683
469 0.7860224331320104
470 0.7907679033649698
471 0.7914150129421915
472 0.793572044866264
473 0.7933563416738568
474 0.7914150129421915
475 0.7866695427092321
476 0.7903364969801553
477 0.7851596203623814
478 0.7847282139775669
479 0.7808455565142364
480 0.7812769628990509
481 0.7801984469370147
482 0.775237273511648
483 0.775237273511648
484 0.7838654012079379
485 0.7855910267471958
486 0.7821397756686799
487 0.7814926660914582
488 0.7761000862812769
489 0.7730802415875755
490 0.7741587575496117
491 0.7765314926660914
492 0.7765314926660914
493 0.7767471958584987
494 0.7823554788610871
495 0.7881794650560828
496 0.7929249352890423
497 0.7819240724762726
498 0.7814926660914582
499 0.7853753235547886
500 0.7853753235547886
501 0.7899050905953409
502 0.7849439171699741
503 0.7853753235547886
504 0.7860224331320104
505 0.7911993097497843
506 0.7886108714408974
507 0.794434857635893
508 0.7963761863675582
509 0.7922778257118205
510 0.7963761863675582
511 0.7993960310612597
512 0.7974547023295945
513 0.798748921484038
514 0.7968075927523728
515 0.7871009490940466
516 0.7849439171699741
517 0.7871009490940466
518 0.7862381363244176
519 0.7890422778257118
520 0.7955133735979293
521 0.7875323554788611
522 0.7866695427092321
523 0.7883951682484901
524 0.7842968075927523
525 0.7855910267471958
526 0.7858067299396031
527 0.7814926660914582
528 0.7877480586712683
529 0.7873166522864539
530 0.7909836065573771
531 0.7918464193270061
532 0.7946505608283002
533 0.7922778257118205
534 0.7881794650560828
535 0.7899050905953409
536 0.7875323554788611
537 0.7860224331320104
538 0.7918464193270061
539 0.7911993097497843
540 0.7955133735979293
541 0.792709232096635
542 0.7899050905953409
543 0.795297670405522
544 0.8017687661777394
545 0.7981018119068162
546 0.7972389991371872
547 0.7924935289042278
548 0.793572044866264
549 0.798748921484038
550 0.7950819672131147
551 0.7959447799827437
552 0.795297670405522
553 0.7907679033649698
554 0.7840811044003452
555 0.7786885245901639
556 0.7823554788610871
557 0.7877480586712683
558 0.790120793787748
559 0.7875323554788611
560 0.7881794650560828
561 0.7918464193270061
562 0.7894736842105263
563 0.7959447799827437
564 0.790120793787748
565 0.7853753235547886
566 0.7899050905953409
567 0.7903364969801553
568 0.7909836065573771
569 0.7871009490940466
570 0.7814926660914582
571 0.7825711820534944
572 0.7877480586712683
573 0.7881794650560828
574 0.7881794650560828
575 0.7890422778257118
576 0.7883951682484901
577 0.7834339948231234
578 0.7834339948231234
579 0.792709232096635
580 0.7929249352890423
581 0.7924935289042278
582 0.7879637618636756
583 0.7821397756686799
584 0.7810612597066436
585 0.7832182916307161
586 0.7801984469370147
587 0.7776100086281277
588 0.7810612597066436
589 0.7832182916307161
590 0.7858067299396031
591 0.7808455565142364
592 0.7806298533218292
593 0.7896893874029336
594 0.7862381363244176
595 0.7888265746333045
596 0.7825711820534944
597 0.7842968075927523
598 0.790120793787748
599 0.7929249352890423
600 0.7983175150992234
601 0.798748921484038
602 0.7946505608283002
603 0.794434857635893
604 0.7911993097497843
605 0.7823554788610871
606 0.7810612597066436
607 0.7795513373597929
608 0.7795513373597929
609 0.7840811044003452
610 0.777825711820535
611 0.7851596203623814
612 0.7886108714408974
613 0.7808455565142364
614 0.7821397756686799
615 0.7853753235547886
616 0.7858067299396031
617 0.7892579810181191
618 0.7888265746333045
619 0.7877480586712683
620 0.7847282139775669
621 0.7918464193270061
622 0.7905522001725626
623 0.7918464193270061
624 0.7894736842105263
625 0.792709232096635
626 0.7911993097497843
627 0.7877480586712683
628 0.7916307161345988
629 0.7883951682484901
630 0.7916307161345988
631 0.7851596203623814
632 0.7911993097497843
633 0.7899050905953409
634 0.7916307161345988
635 0.7916307161345988
636 0.7896893874029336
637 0.7866695427092321
638 0.7888265746333045
639 0.7840811044003452
640 0.7896893874029336
641 0.7909836065573771
642 0.7924935289042278
643 0.7849439171699741
644 0.7883951682484901
645 0.7797670405522001
646 0.7814926660914582
647 0.7786885245901639
648 0.7791199309749784
649 0.7838654012079379
650 0.7834339948231234
651 0.7836496980155306
652 0.7855910267471958
653 0.7864538395168249
654 0.7916307161345988
655 0.7905522001725626
656 0.7918464193270061
657 0.7868852459016393
658 0.7886108714408974
659 0.7931406384814496
660 0.7950819672131147
661 0.794434857635893
662 0.7965918895599655
663 0.7905522001725626
664 0.7864538395168249
665 0.7851596203623814
666 0.7864538395168249
667 0.7834339948231234
668 0.7812769628990509
669 0.7879637618636756
670 0.7890422778257118
671 0.7881794650560828
672 0.7896893874029336
673 0.7929249352890423
674 0.7942191544434858
675 0.7937877480586712
676 0.7916307161345988
677 0.7983175150992234
678 0.7957290767903364
679 0.7914150129421915
680 0.7907679033649698
681 0.7879637618636756
682 0.7795513373597929
683 0.780414150129422
684 0.780414150129422
685 0.7799827437446074
686 0.7793356341673857
687 0.7842968075927523
688 0.7838654012079379
689 0.7823554788610871
690 0.7853753235547886
691 0.7879637618636756
692 0.7875323554788611
693 0.7931406384814496
694 0.7950819672131147
695 0.7959447799827437
696 0.7907679033649698
697 0.7931406384814496
698 0.792709232096635
699 0.7916307161345988
700 0.7909836065573771
