1 0.0004314063848144953
2 0.0004314063848144953
3 0.0006471095772217428
4 0.0010785159620362382
5 0.0015099223468507334
6 0.001725625539257981
7 0.001725625539257981
8 0.0028041415012942193
9 0.003451251078515962
10 0.005176876617773943
11 0.0056082830025884385
12 0.006686798964624676
13 0.008843830888697153
14 0.01100086281276963
15 0.012510785159620362
16 0.014452113891285591
17 0.016824849007765316
18 0.017903364969801553
19 0.018550474547023296
20 0.022217428817946507
21 0.02459016393442623
22 0.025884383088869714
23 0.02825711820534944
24 0.030629853321829163
25 0.03278688524590164
26 0.037748058671268334
27 0.04314063848144953
28 0.049396031061259706
29 0.055220017256255395
30 0.0593183779119931
31 0.0638481449525453
32 0.06945642795513374
33 0.07075064710957722
34 0.07571182053494392
35 0.08024158757549611
36 0.0860655737704918
37 0.090595340811044
38 0.09749784296807593
39 0.10353753235547886
40 0.10849870578084556
41 0.11432269197584125
42 0.12295081967213115
43 0.12920621225194132
44 0.13805004314063848
45 0.14646246764452114
46 0.15422778257118205
47 0.159404659188956
48 0.1671699741156169
49 0.17062122519413286
50 0.1770923209663503
51 0.1848576358930112
52 0.19327006039689387
53 0.1993097497842968
54 0.21031061259706643
55 0.21742881794650562
56 0.22389991371872303
57 0.2314495254529767
58 0.23943054357204488
59 0.24396031061259707
60 0.25
61 0.2571182053494392
62 0.26660914581535805
63 0.2728645383951682
64 0.27955133735979293
65 0.29055220017256256
66 0.2974547023295945
67 0.3030629853321829
68 0.3125539257981018
69 0.3300258843830889
70 0.3352027610008628
71 0.34081104400345125
72 0.3485763589301122
73 0.35677308024158755
74 0.35763589301121657
75 0.3703623813632442
76 0.3759706643658326
77 0.38610871440897326
78 0.3895599654874892
79 0.3953839516824849
80 0.4029335634167386
81 0.4169542709232097
82 0.4257981018119068
83 0.431190681622088
84 0.4402502157031924
85 0.44758412424503885
86 0.45038826574633306
87 0.45901639344262296
88 0.4657031924072476
89 0.47346850733390855
90 0.479939603106126
91 0.4896462467644521
92 0.49396031061259704
93 0.49611734253666956
94 0.502588438308887
95 0.5084124245038827
96 0.5187661777394306
97 0.5271786022433133
98 0.5280414150129422
99 0.5319240724762726
100 0.5373166522864539
101 0.544434857635893
102 0.5528472821397756
103 0.5567299396031061
104 0.5595340811044004
105 0.5640638481449526
106 0.5647109577221743
107 0.572260569456428
108 0.5729076790336497
109 0.5720448662640207
110 0.5843399482312338
111 0.5908110440034513
112 0.591458153580673
113 0.5992234685073339
114 0.6035375323554789
115 0.6031061259706644
116 0.6048317515099223
117 0.6119499568593615
118 0.6156169111302847
119 0.6169111302847282
120 0.6171268334771355
121 0.6218723037100949
122 0.6216566005176877
123 0.6283433994823123
124 0.6348144952545298
125 0.6266177739430544
126 0.6285591026747196
127 0.640207075064711
128 0.6404227782571182
129 0.6466781708369284
130 0.6477566867989646
131 0.6535806729939603
132 0.6509922346850734
133 0.6490509059534081
134 0.6544434857635893
135 0.6568162208800691
136 0.6566005176876618
137 0.6591889559965487
138 0.6626402070750647
139 0.6598360655737705
140 0.6652286453839517
141 0.6757981018119068
142 0.6775237273511648
143 0.6865832614322692
144 0.6891716997411562
145 0.6960742018981881
146 0.7008196721311475
147 0.6954270923209663
148 0.7010353753235548
149 0.6977998274374461
150 0.7014667817083693
151 0.707290767903365
152 0.7090163934426229
153 0.7103106125970664
154 0.7124676445211389
155 0.7124676445211389
156 0.7128990509059534
157 0.7116048317515099
158 0.7185073339085418
159 0.7198015530629853
160 0.7189387402933564
161 0.7172131147540983
162 0.7200172562553926
163 0.7223899913718723
164 0.7217428817946505
165 0.7226056945642796
166 0.7271354616048318
167 0.727351164797239
168 0.7288610871440897
169 0.731665228645384
170 0.7314495254529767
171 0.729076790336497
172 0.7353321829163072
173 0.7318809318377912
174 0.7357635893011216
175 0.7398619499568594
176 0.7323123382226057
177 0.7349007765314927
178 0.7433132010353753
179 0.7446074201898188
180 0.7461173425366695
181 0.7452545297670405
182 0.7497842968075927
183 0.7478429680759275
184 0.7489214840379638
185 0.7493528904227783
186 0.7502157031924073
187 0.7532355478861087
188 0.7521570319240725
189 0.7590595340811044
190 0.756039689387403
191 0.7569025021570319
192 0.7553925798101812
193 0.7528041415012943
194 0.7594909404659189
195 0.7562553925798102
196 0.75862812769629
197 0.7545297670405522
198 0.7558239861949957
199 0.753451251078516
200 0.7562553925798102
201 0.7620793787748059
202 0.7616479723899914
203 0.7648835202761001
204 0.7638050043140638
205 0.7590595340811044
206 0.7616479723899914
207 0.7681190681622088
208 0.7739430543572045
209 0.772648835202761
210 0.7765314926660914
211 0.7715703192407247
212 0.7640207075064711
213 0.7631578947368421
214 0.7627264883520276
215 0.7631578947368421
216 0.7711389128559103
217 0.7685504745470233
218 0.7700603968938741
219 0.7676876617773943
220 0.7620793787748059
221 0.7590595340811044
222 0.7631578947368421
223 0.7638050043140638
224 0.7679033649698016
225 0.7700603968938741
226 0.7655306298533219
227 0.7681190681622088
228 0.7633735979292493
229 0.7638050043140638
230 0.765746333045729
231 0.7642364106988784
232 0.7601380500431406
233 0.7549611734253667
234 0.7562553925798102
235 0.7594909404659189
236 0.7603537532355479
237 0.7603537532355479
238 0.7618636755823986
239 0.7702761000862812
240 0.772648835202761
241 0.7748058671268335
242 0.7763157894736842
243 0.7776100086281277
244 0.7758843830888698
245 0.7810612597066436
246 0.7793356341673857
247 0.7750215703192407
248 0.7765314926660914
249 0.7791199309749784
250 0.7812769628990509
251 0.7836496980155306
252 0.7814926660914582
253 0.7765314926660914
254 0.7722174288179465
255 0.77351164797239
256 0.7789042277825712
257 0.7786885245901639
258 0.7748058671268335
259 0.7791199309749784
260 0.7773943054357204
261 0.7748058671268335
262 0.7754529767040552
263 0.7720017256255393
264 0.7773943054357204
265 0.7780414150129422
266 0.7799827437446074
267 0.7750215703192407
268 0.7767471958584987
269 0.7817083692838654
270 0.7812769628990509
271 0.7793356341673857
272 0.780414150129422
273 0.7888265746333045
274 0.7847282139775669
275 0.7808455565142364
276 0.7784728213977566
277 0.7827868852459017
278 0.7858067299396031
279 0.7819240724762726
280 0.7832182916307161
281 0.7849439171699741
282 0.7853753235547886
283 0.7877480586712683
284 0.7814926660914582
285 0.7832182916307161
286 0.7767471958584987
287 0.7728645383951682
288 0.772648835202761
289 0.7694132873166523
290 0.770923209663503
291 0.769197584124245
292 0.7745901639344263
293 0.771786022433132
294 0.777825711820535
295 0.7763157894736842
296 0.7700603968938741
297 0.7663934426229508
298 0.7700603968938741
299 0.7741587575496117
300 0.7771786022433133
301 0.7763157894736842
302 0.7761000862812769
303 0.772648835202761
304 0.771786022433132
305 0.777825711820535
306 0.7732959447799828
307 0.7791199309749784
308 0.7823554788610871
309 0.7810612597066436
310 0.7817083692838654
311 0.7780414150129422
312 0.7797670405522001
313 0.7838654012079379
314 0.7830025884383088
315 0.7873166522864539
316 0.7840811044003452
317 0.7855910267471958
318 0.7814926660914582
319 0.7797670405522001
320 0.7819240724762726
321 0.7847282139775669
322 0.7827868852459017
323 0.7780414150129422
324 0.7756686798964625
325 0.7797670405522001
326 0.7858067299396031
327 0.7892579810181191
328 0.7918464193270061
329 0.790120793787748
330 0.7860224331320104
331 0.7786885245901639
332 0.7823554788610871
333 0.7832182916307161
334 0.7858067299396031
335 0.7860224331320104
336 0.7827868852459017
337 0.7871009490940466
338 0.7765314926660914
339 0.768334771354616
340 0.7640207075064711
341 0.7633735979292493
342 0.7685504745470233
343 0.7720017256255393
344 0.7780414150129422
345 0.7782571182053495
346 0.777825711820535
347 0.7851596203623814
348 0.7812769628990509
349 0.7834339948231234
350 0.7810612597066436
351 0.7713546160483176
352 0.7748058671268335
353 0.7799827437446074
354 0.7834339948231234
355 0.7860224331320104
356 0.7836496980155306
357 0.7871009490940466
358 0.7834339948231234
359 0.7862381363244176
360 0.7847282139775669
361 0.7849439171699741
362 0.7866695427092321
363 0.7838654012079379
364 0.7849439171699741
365 0.7855910267471958
366 0.7886108714408974
367 0.7886108714408974
368 0.7920621225194133
369 0.7942191544434858
370 0.797886108714409
371 0.7933563416738568
372 0.7959447799827437
373 0.7974547023295945
374 0.7959447799827437
375 0.7911993097497843
376 0.7914150129421915
377 0.7866695427092321
378 0.7847282139775669
379 0.7851596203623814
380 0.7847282139775669
381 0.7851596203623814
382 0.7801984469370147
383 0.7838654012079379
384 0.7821397756686799
385 0.7830025884383088
386 0.774374460742019
387 0.7748058671268335
388 0.7750215703192407
389 0.7761000862812769
390 0.7765314926660914
391 0.772648835202761
392 0.7724331320103538
393 0.7761000862812769
394 0.7700603968938741
395 0.7771786022433133
396 0.7821397756686799
397 0.7862381363244176
398 0.7845125107851596
399 0.7821397756686799
400 0.7810612597066436
401 0.7855910267471958
402 0.7866695427092321
403 0.7858067299396031
404 0.7903364969801553
405 0.7883951682484901
406 0.7840811044003452
407 0.7830025884383088
408 0.7855910267471958
409 0.7858067299396031
410 0.7862381363244176
411 0.7888265746333045
412 0.7873166522864539
413 0.7886108714408974
414 0.7862381363244176
415 0.7847282139775669
416 0.7840811044003452
417 0.7886108714408974
418 0.7879637618636756
419 0.7868852459016393
420 0.790120793787748
421 0.7877480586712683
422 0.7866695427092321
423 0.7862381363244176
424 0.7866695427092321
425 0.7840811044003452
426 0.7866695427092321
427 0.7860224331320104
428 0.7877480586712683
429 0.7860224331320104
430 0.7812769628990509
431 0.7834339948231234
432 0.7830025884383088
433 0.7819240724762726
434 0.7827868852459017
435 0.7823554788610871
436 0.7806298533218292
437 0.7801984469370147
438 0.7860224331320104
439 0.7832182916307161
440 0.7864538395168249
441 0.7888265746333045
442 0.7851596203623814
443 0.7881794650560828
444 0.7929249352890423
445 0.7914150129421915
446 0.7871009490940466
447 0.7860224331320104
448 0.7801984469370147
449 0.7767471958584987
450 0.7795513373597929
451 0.7782571182053495
452 0.7823554788610871
453 0.7862381363244176
454 0.7866695427092321
455 0.7877480586712683
456 0.7905522001725626
457 0.7858067299396031
458 0.7866695427092321
459 0.7842968075927523
460 0.7875323554788611
461 0.7883951682484901
462 0.7868852459016393
463 0.7942191544434858
464 0.7955133735979293
465 0.790120793787748
466 0.7903364969801553
467 0.7886108714408974
468 0.7875323554788611
469 0.7929249352890423
470 0.7890422778257118
471 0.7858067299396031
472 0.7819240724762726
473 0.7871009490940466
474 0.7903364969801553
475 0.7940034512510785
476 0.7920621225194133
477 0.7871009490940466
478 0.7847282139775669
479 0.7868852459016393
480 0.7795513373597929
481 0.7750215703192407
482 0.776962899050906
483 0.7786885245901639
484 0.7817083692838654
485 0.7823554788610871
486 0.7832182916307161
487 0.7881794650560828
488 0.7888265746333045
489 0.7866695427092321
490 0.7832182916307161
491 0.7875323554788611
492 0.7922778257118205
493 0.7933563416738568
494 0.7916307161345988
495 0.7920621225194133
496 0.7875323554788611
497 0.7832182916307161
498 0.7838654012079379
499 0.7832182916307161
500 0.7879637618636756
501 0.7914150129421915
502 0.7855910267471958
503 0.7909836065573771
504 0.7845125107851596
505 0.7847282139775669
506 0.7866695427092321
507 0.7868852459016393
508 0.7836496980155306
509 0.7786885245901639
510 0.7758843830888698
511 0.7732959447799828
512 0.772648835202761
513 0.772648835202761
514 0.7761000862812769
515 0.77351164797239
516 0.769197584124245
517 0.7715703192407247
518 0.7771786022433133
519 0.7795513373597929
520 0.7827868852459017
521 0.7821397756686799
522 0.7830025884383088
523 0.7771786022433133
524 0.7799827437446074
525 0.7773943054357204
526 0.7797670405522001
527 0.7799827437446074
528 0.7801984469370147
529 0.7780414150129422
530 0.7810612597066436
531 0.7834339948231234
532 0.7862381363244176
533 0.7847282139775669
534 0.7881794650560828
535 0.7830025884383088
536 0.7894736842105263
537 0.7920621225194133
538 0.797886108714409
539 0.7950819672131147
540 0.7996117342536669
541 0.7983175150992234
542 0.7998274374460742
543 0.8043572044866264
544 0.8054357204486626
545 0.8024158757549612
546 0.8015530629853321
547 0.7983175150992234
548 0.7924935289042278
549 0.7957290767903364
550 0.8024158757549612
551 0.7957290767903364
552 0.7888265746333045
553 0.7933563416738568
554 0.7942191544434858
555 0.7909836065573771
556 0.7924935289042278
557 0.7875323554788611
558 0.7819240724762726
559 0.7817083692838654
560 0.7847282139775669
561 0.7814926660914582
562 0.7823554788610871
563 0.7866695427092321
564 0.7871009490940466
565 0.7871009490940466
566 0.7864538395168249
567 0.7892579810181191
568 0.794434857635893
569 0.798748921484038
570 0.798748921484038
571 0.7991803278688525
572 0.798748921484038
573 0.7948662640207075
574 0.7890422778257118
575 0.7948662640207075
576 0.8011216566005177
577 0.801337359792925
578 0.8032786885245902
579 0.7985332182916307
580 0.7970232959447799
581 0.7950819672131147
582 0.798748921484038
583 0.7983175150992234
584 0.7909836065573771
585 0.797886108714409
586 0.7933563416738568
587 0.7892579810181191
588 0.7842968075927523
589 0.7916307161345988
590 0.7957290767903364
591 0.7894736842105263
592 0.7916307161345988
593 0.7907679033649698
594 0.7890422778257118
595 0.790120793787748
596 0.7858067299396031
597 0.7924935289042278
598 0.7976704055220017
599 0.7888265746333045
600 0.7894736842105263
601 0.7886108714408974
602 0.7875323554788611
603 0.7920621225194133
604 0.7924935289042278
605 0.7922778257118205
606 0.7866695427092321
607 0.7877480586712683
608 0.7834339948231234
609 0.7868852459016393
610 0.7892579810181191
611 0.7834339948231234
612 0.774374460742019
613 0.776962899050906
614 0.7776100086281277
615 0.7797670405522001
616 0.7782571182053495
617 0.776962899050906
618 0.7834339948231234
619 0.7862381363244176
620 0.777825711820535
621 0.7758843830888698
622 0.7748058671268335
623 0.7730802415875755
624 0.7739430543572045
625 0.7728645383951682
626 0.7702761000862812
627 0.7730802415875755
628 0.7711389128559103
629 0.7756686798964625
630 0.7799827437446074
631 0.7799827437446074
632 0.7899050905953409
633 0.7862381363244176
634 0.7840811044003452
635 0.7862381363244176
636 0.7817083692838654
637 0.7909836065573771
638 0.7946505608283002
639 0.7974547023295945
640 0.7968075927523728
641 0.7963761863675582
642 0.793572044866264
643 0.7892579810181191
644 0.7922778257118205
645 0.7899050905953409
646 0.7875323554788611
647 0.7899050905953409
648 0.7920621225194133
649 0.7918464193270061
650 0.7894736842105263
651 0.7877480586712683
652 0.7899050905953409
653 0.796160483175151
654 0.7965918895599655
655 0.7950819672131147
656 0.7883951682484901
657 0.7894736842105263
658 0.7942191544434858
659 0.7933563416738568
660 0.7914150129421915
661 0.7888265746333045
662 0.7847282139775669
663 0.7773943054357204
664 0.7791199309749784
665 0.7817083692838654
666 0.7855910267471958
667 0.7812769628990509
668 0.7808455565142364
669 0.7812769628990509
670 0.7797670405522001
671 0.7849439171699741
672 0.7864538395168249
673 0.7851596203623814
674 0.7892579810181191
675 0.7883951682484901
676 0.7871009490940466
677 0.7942191544434858
678 0.798748921484038
679 0.796160483175151
680 0.7965918895599655
681 0.7903364969801553
682 0.7883951682484901
683 0.7894736842105263
684 0.7894736842105263
685 0.7864538395168249
686 0.7836496980155306
687 0.7771786022433133
688 0.7866695427092321
689 0.7851596203623814
690 0.7806298533218292
691 0.7825711820534944
692 0.7903364969801553
693 0.7819240724762726
694 0.7763157894736842
695 0.777825711820535
696 0.7819240724762726
697 0.7849439171699741
698 0.7799827437446074
699 0.7784728213977566
700 0.7836496980155306
