1 0.00021570319240724764
2 0.00021570319240724764
3 0.00021570319240724764
4 0.00021570319240724764
5 0.00021570319240724764
6 0.00021570319240724764
7 0.00021570319240724764
8 0.0004314063848144953
9 0.0004314063848144953
10 0.0004314063848144953
11 0.0008628127696289905
12 0.0008628127696289905
13 0.0008628127696289905
14 0.0012942191544434857
15 0.0012942191544434857
16 0.001725625539257981
17 0.002372735116479724
18 0.0025884383088869713
19 0.002372735116479724
20 0.0028041415012942193
21 0.0025884383088869713
22 0.0025884383088869713
23 0.0028041415012942193
24 0.003451251078515962
25 0.003451251078515962
26 0.003882657463330457
27 0.004098360655737705
28 0.004098360655737705
29 0.004961173425366695
30 0.005823986194995686
31 0.006686798964624676
32 0.007549611734253667
33 0.008412424503882658
34 0.008412424503882658
35 0.008412424503882658
36 0.008628127696289905
37 0.00992234685073339
38 0.010785159620362382
39 0.013373597929249352
40 0.014667817083692839
41 0.015530629853321829
42 0.017040552200172563
43 0.018766177739430543
44 0.02070750647109577
45 0.022433132010353754
46 0.024805867126833477
47 0.027178602243313203
48 0.029551337359792925
49 0.030414150129421915
50 0.03364969801553063
51 0.03731665228645384
52 0.038610871440897324
53 0.041199309749784294
54 0.04227782571182054
55 0.044219154443485766
56 0.04486626402070751
57 0.04874892148403796
58 0.050258843830888696
59 0.05069025021570319
60 0.055220017256255395
61 0.05716134598792062
62 0.06082830025884383
63 0.06320103537532355
64 0.06622088006902502
65 0.06924072476272648
66 0.07398619499568594
67 0.07549611734253667
68 0.08239861949956859
69 0.08779119930974978
70 0.09361518550474547
71 0.09987057808455566
72 0.10353753235547886
73 0.10806729939603106
74 0.11432269197584125
75 0.1227351164797239
76 0.12899050905953408
77 0.1399913718723037
78 0.14452113891285592
79 0.1486194995685936
80 0.15638481449525454
81 0.16285591026747195
82 0.17018981880931838
83 0.1816220880069025
84 0.1893874029335634
85 0.19823123382226057
86 0.2092320966350302
87 0.2141932700603969
88 0.22109577221742882
89 0.22325280414150128
90 0.23166522864538394
91 0.2422346850733391
92 0.2553925798101812
93 0.2601380500431406
94 0.27049180327868855
95 0.27696289905090593
96 0.2858067299396031
97 0.2940034512510785
98 0.30371009490940465
99 0.30931837791199307
100 0.31816220880069024
101 0.32075064710957724
102 0.33045729076790337
103 0.339732528041415
104 0.34792924935289044
105 0.3584987057808456
106 0.3643226919758412
107 0.3718723037100949
108 0.3787748058671268
109 0.38201035375323555
110 0.39214840379637617
111 0.40185504745470235
112 0.4081104400345125
113 0.4143658326143227
114 0.42234685073339084
115 0.43075927523727353
116 0.4374460742018982
117 0.4443485763589301
118 0.4497411561691113
119 0.457290767903365
120 0.4605263157894737
121 0.47174288179465057
122 0.4713114754098361
123 0.48080241587575495
124 0.49158757549611737
125 0.49611734253666956
126 0.49892148403796377
127 0.505176876617774
128 0.5122950819672131
129 0.5204918032786885
130 0.5230802415875755
131 0.5317083692838654
132 0.5392579810181191
133 0.5440034512510785
134 0.5562985332182916
135 0.5603968938740294
136 0.5675150992234685
137 0.5735547886108714
138 0.5765746333045729
139 0.5759275237273511
140 0.5821829163071613
141 0.5841242450388265
142 0.5918895599654875
143 0.5981449525452976
144 0.6026747195858498
145 0.6110871440897325
146 0.615832614322692
147 0.6238136324417601
148 0.6257549611734253
149 0.6272648835202761
150 0.6363244176013805
151 0.6408541846419327
152 0.6432269197584124
153 0.637618636755824
154 0.6415012942191545
155 0.6436583261432269
156 0.6512079378774805
157 0.655090595340811
158 0.6615616911130284
159 0.66458153580673
160 0.6701898188093184
161 0.6764452113891286
162 0.6872303710094909
163 0.6814063848144952
164 0.6885245901639344
165 0.6917601380500431
166 0.6917601380500431
167 0.6852890422778257
168 0.6842105263157895
169 0.6872303710094909
170 0.6844262295081968
171 0.6893874029335634
172 0.6984469370146679
173 0.7001725625539258
174 0.7027610008628128
175 0.7036238136324418
176 0.703839516824849
177 0.6954270923209663
178 0.6995254529767041
179 0.7014667817083693
180 0.702113891285591
181 0.7053494391716998
182 0.7103106125970664
183 0.7148403796376186
184 0.7228213977566867
185 0.7238999137187231
186 0.7262726488352028
187 0.7288610871440897
188 0.7353321829163072
189 0.7374892148403797
190 0.7327437446074202
191 0.7333908541846419
192 0.7392148403796376
193 0.7370578084555651
194 0.7351164797238999
195 0.7389991371872304
196 0.7355478861087144
197 0.7377049180327869
198 0.7398619499568594
199 0.7411561691113029
200 0.7420189818809318
201 0.7476272648835203
202 0.7521570319240725
203 0.7528041415012943
204 0.7532355478861087
205 0.7532355478861087
206 0.7607851596203624
207 0.7646678170836928
208 0.7633735979292493
209 0.7594909404659189
210 0.7601380500431406
211 0.7530198446937014
212 0.7497842968075927
213 0.749137187230371
214 0.748274374460742
215 0.7487057808455565
216 0.7515099223468508
217 0.7519413287316652
218 0.751725625539258
219 0.7562553925798102
220 0.7497842968075927
221 0.7504314063848145
222 0.7590595340811044
223 0.7590595340811044
224 0.75862812769629
225 0.7599223468507333
226 0.7607851596203624
227 0.7640207075064711
228 0.7653149266609146
229 0.7650992234685073
230 0.7670405522001725
231 0.7679033649698016
232 0.7659620362381363
233 0.7676876617773943
234 0.7663934426229508
235 0.7620793787748059
236 0.7642364106988784
237 0.7668248490077653
238 0.7676876617773943
239 0.7685504745470233
240 0.768334771354616
241 0.7694132873166523
242 0.765746333045729
243 0.7659620362381363
244 0.7597066436583262
245 0.7603537532355479
246 0.7655306298533219
247 0.768334771354616
248 0.769197584124245
249 0.7655306298533219
250 0.7702761000862812
251 0.772648835202761
252 0.769197584124245
253 0.7730802415875755
254 0.774374460742019
255 0.7754529767040552
256 0.7871009490940466
257 0.7853753235547886
258 0.7834339948231234
259 0.7814926660914582
260 0.7806298533218292
261 0.7814926660914582
262 0.7845125107851596
263 0.7911993097497843
264 0.7881794650560828
265 0.7883951682484901
266 0.7871009490940466
267 0.7832182916307161
268 0.7789042277825712
269 0.7773943054357204
270 0.7791199309749784
271 0.7780414150129422
272 0.7758843830888698
273 0.7773943054357204
274 0.7737273511647972
275 0.7750215703192407
276 0.7789042277825712
277 0.7761000862812769
278 0.7806298533218292
279 0.7808455565142364
280 0.780414150129422
281 0.7827868852459017
282 0.7817083692838654
283 0.7806298533218292
284 0.7782571182053495
285 0.7786885245901639
286 0.7771786022433133
287 0.7812769628990509
288 0.7855910267471958
289 0.7795513373597929
290 0.7780414150129422
291 0.7860224331320104
292 0.7821397756686799
293 0.7877480586712683
294 0.7905522001725626
295 0.7916307161345988
296 0.7937877480586712
297 0.793572044866264
298 0.7819240724762726
299 0.7821397756686799
300 0.7877480586712683
301 0.7883951682484901
302 0.7862381363244176
303 0.7860224331320104
304 0.7888265746333045
305 0.7832182916307161
306 0.7812769628990509
307 0.777825711820535
308 0.7724331320103538
309 0.7702761000862812
310 0.7761000862812769
311 0.7761000862812769
312 0.7797670405522001
313 0.7801984469370147
314 0.7814926660914582
315 0.7799827437446074
316 0.774374460742019
317 0.774374460742019
318 0.7797670405522001
319 0.7821397756686799
320 0.7782571182053495
321 0.7696289905090595
322 0.7713546160483176
323 0.769197584124245
324 0.7713546160483176
325 0.7756686798964625
326 0.7797670405522001
327 0.7821397756686799
328 0.7830025884383088
329 0.7819240724762726
330 0.7842968075927523
331 0.7786885245901639
332 0.7791199309749784
333 0.7842968075927523
334 0.7909836065573771
335 0.7888265746333045
336 0.7886108714408974
337 0.7907679033649698
338 0.7851596203623814
339 0.7860224331320104
340 0.7907679033649698
341 0.7894736842105263
342 0.7911993097497843
343 0.7963761863675582
344 0.7989646246764452
345 0.7998274374460742
346 0.7929249352890423
347 0.7864538395168249
348 0.7821397756686799
349 0.7836496980155306
350 0.7838654012079379
351 0.7823554788610871
352 0.7851596203623814
353 0.7858067299396031
354 0.7907679033649698
355 0.7866695427092321
356 0.7862381363244176
357 0.7858067299396031
358 0.7808455565142364
359 0.776962899050906
360 0.7730802415875755
361 0.772648835202761
362 0.7771786022433133
363 0.7808455565142364
364 0.7817083692838654
365 0.7819240724762726
366 0.7810612597066436
367 0.7862381363244176
368 0.7864538395168249
369 0.7810612597066436
370 0.7845125107851596
371 0.7886108714408974
372 0.7922778257118205
373 0.7931406384814496
374 0.7968075927523728
375 0.8017687661777394
376 0.8034943917169974
377 0.7974547023295945
378 0.7948662640207075
379 0.7914150129421915
380 0.795297670405522
381 0.7920621225194133
382 0.7937877480586712
383 0.7914150129421915
384 0.7875323554788611
385 0.7931406384814496
386 0.7916307161345988
387 0.7924935289042278
388 0.7946505608283002
389 0.794434857635893
390 0.7957290767903364
391 0.7899050905953409
392 0.7918464193270061
393 0.7983175150992234
394 0.8004745470232959
395 0.7965918895599655
396 0.7996117342536669
397 0.7963761863675582
398 0.7920621225194133
399 0.7883951682484901
400 0.7937877480586712
401 0.7972389991371872
402 0.795297670405522
403 0.7955133735979293
404 0.792709232096635
405 0.7899050905953409
406 0.7890422778257118
407 0.7868852459016393
408 0.7892579810181191
409 0.7825711820534944
410 0.777825711820535
411 0.7819240724762726
412 0.7855910267471958
413 0.7940034512510785
414 0.7879637618636756
415 0.7838654012079379
416 0.7853753235547886
417 0.7838654012079379
418 0.7855910267471958
419 0.7817083692838654
420 0.7840811044003452
421 0.7836496980155306
422 0.7791199309749784
423 0.7827868852459017
424 0.794434857635893
425 0.7888265746333045
426 0.7877480586712683
427 0.7920621225194133
428 0.7916307161345988
429 0.7866695427092321
430 0.7909836065573771
431 0.7911993097497843
432 0.7849439171699741
433 0.7827868852459017
434 0.7842968075927523
435 0.7801984469370147
436 0.7832182916307161
437 0.7801984469370147
438 0.7836496980155306
439 0.7877480586712683
440 0.7823554788610871
441 0.7801984469370147
442 0.7793356341673857
443 0.7758843830888698
444 0.7795513373597929
445 0.7776100086281277
446 0.7814926660914582
447 0.7810612597066436
448 0.7847282139775669
449 0.7866695427092321
450 0.7957290767903364
451 0.7965918895599655
452 0.7933563416738568
453 0.7868852459016393
454 0.7937877480586712
455 0.7929249352890423
456 0.7911993097497843
457 0.7851596203623814
458 0.7905522001725626
459 0.7881794650560828
460 0.7871009490940466
461 0.7940034512510785
462 0.7881794650560828
463 0.7907679033649698
464 0.7881794650560828
465 0.7899050905953409
466 0.7914150129421915
467 0.7903364969801553
468 0.7931406384814496
469 0.8006902502157032
470 0.7974547023295945
471 0.7911993097497843
472 0.7933563416738568
473 0.792709232096635
474 0.7907679033649698
475 0.7916307161345988
476 0.7907679033649698
477 0.7911993097497843
478 0.7916307161345988
479 0.7903364969801553
480 0.7886108714408974
481 0.7812769628990509
482 0.7847282139775669
483 0.7847282139775669
484 0.7832182916307161
485 0.7851596203623814
486 0.7830025884383088
487 0.7814926660914582
488 0.7786885245901639
489 0.7834339948231234
490 0.7745901639344263
491 0.7732959447799828
492 0.7745901639344263
493 0.7713546160483176
494 0.7728645383951682
495 0.7773943054357204
496 0.7771786022433133
497 0.7810612597066436
498 0.7784728213977566
499 0.7786885245901639
500 0.7827868852459017
501 0.7866695427092321
502 0.7845125107851596
503 0.7795513373597929
504 0.7806298533218292
505 0.7868852459016393
506 0.7873166522864539
507 0.7894736842105263
508 0.7881794650560828
509 0.795297670405522
510 0.7950819672131147
511 0.7946505608283002
512 0.7996117342536669
513 0.7970232959447799
514 0.7974547023295945
515 0.7968075927523728
516 0.7976704055220017
517 0.7974547023295945
518 0.7968075927523728
519 0.796160483175151
520 0.790120793787748
521 0.7862381363244176
522 0.7890422778257118
523 0.792709232096635
524 0.7918464193270061
525 0.7942191544434858
526 0.793572044866264
527 0.7920621225194133
528 0.7883951682484901
529 0.792709232096635
530 0.7888265746333045
531 0.7899050905953409
532 0.7890422778257118
533 0.7881794650560828
534 0.7855910267471958
535 0.7845125107851596
536 0.7827868852459017
537 0.7922778257118205
538 0.7905522001725626
539 0.7946505608283002
540 0.7922778257118205
541 0.7959447799827437
542 0.7933563416738568
543 0.795297670405522
544 0.7946505608283002
545 0.7920621225194133
546 0.7888265746333045
547 0.790120793787748
548 0.7851596203623814
549 0.7767471958584987
550 0.7791199309749784
551 0.7732959447799828
552 0.772648835202761
553 0.7761000862812769
554 0.7806298533218292
555 0.7737273511647972
556 0.777825711820535
557 0.7728645383951682
558 0.7702761000862812
559 0.7713546160483176
560 0.774374460742019
561 0.7773943054357204
562 0.7797670405522001
563 0.7849439171699741
564 0.7819240724762726
565 0.780414150129422
566 0.7866695427092321
567 0.7929249352890423
568 0.7858067299396031
569 0.7892579810181191
570 0.7886108714408974
571 0.792709232096635
572 0.7883951682484901
573 0.7918464193270061
574 0.7868852459016393
575 0.7864538395168249
576 0.7942191544434858
577 0.792709232096635
578 0.7916307161345988
579 0.7896893874029336
580 0.7851596203623814
581 0.7899050905953409
582 0.7905522001725626
583 0.7937877480586712
584 0.7974547023295945
585 0.7991803278688525
586 0.7929249352890423
587 0.796160483175151
588 0.794434857635893
589 0.7866695427092321
590 0.7877480586712683
591 0.7806298533218292
592 0.7763157894736842
593 0.7806298533218292
594 0.7748058671268335
595 0.7767471958584987
596 0.776962899050906
597 0.7711389128559103
598 0.7728645383951682
599 0.7715703192407247
600 0.7700603968938741
601 0.7756686798964625
602 0.7814926660914582
603 0.7830025884383088
604 0.7711389128559103
605 0.7812769628990509
606 0.7834339948231234
607 0.7860224331320104
608 0.7827868852459017
609 0.7862381363244176
610 0.7823554788610871
611 0.7821397756686799
612 0.7877480586712683
613 0.7894736842105263
614 0.7903364969801553
615 0.7860224331320104
616 0.7860224331320104
617 0.7888265746333045
618 0.7825711820534944
619 0.7806298533218292
620 0.7836496980155306
621 0.7795513373597929
622 0.7812769628990509
623 0.7871009490940466
624 0.7814926660914582
625 0.7825711820534944
626 0.7823554788610871
627 0.7795513373597929
628 0.7761000862812769
629 0.7810612597066436
630 0.7834339948231234
631 0.7834339948231234
632 0.7780414150129422
633 0.7842968075927523
634 0.7873166522864539
635 0.7858067299396031
636 0.7827868852459017
637 0.7808455565142364
638 0.7789042277825712
639 0.7845125107851596
640 0.7834339948231234
641 0.7832182916307161
642 0.7780414150129422
643 0.7784728213977566
644 0.7825711820534944
645 0.7832182916307161
646 0.7819240724762726
647 0.7728645383951682
648 0.7789042277825712
649 0.7773943054357204
650 0.7756686798964625
651 0.776962899050906
652 0.7784728213977566
653 0.776962899050906
654 0.771786022433132
655 0.7681190681622088
656 0.7681190681622088
657 0.7732959447799828
658 0.7741587575496117
659 0.7745901639344263
660 0.7732959447799828
661 0.7761000862812769
662 0.7724331320103538
663 0.7795513373597929
664 0.7793356341673857
665 0.7812769628990509
666 0.7849439171699741
667 0.7836496980155306
668 0.780414150129422
669 0.7810612597066436
670 0.7786885245901639
671 0.7814926660914582
672 0.780414150129422
673 0.7782571182053495
674 0.7823554788610871
675 0.7821397756686799
676 0.7862381363244176
677 0.7823554788610871
678 0.7832182916307161
679 0.7849439171699741
680 0.7827868852459017
681 0.7797670405522001
682 0.774374460742019
683 0.772648835202761
684 0.7763157894736842
685 0.7750215703192407
686 0.7763157894736842
687 0.7773943054357204
688 0.7780414150129422
689 0.7808455565142364
690 0.7789042277825712
691 0.7789042277825712
692 0.7791199309749784
693 0.776962899050906
694 0.7786885245901639
695 0.7830025884383088
696 0.7789042277825712
697 0.7791199309749784
698 0.780414150129422
699 0.7784728213977566
700 0.7832182916307161
