1 0.0006471095772217428
2 0.0010785159620362382
3 0.0015099223468507334
4 0.0021570319240724763
5 0.0030198446937014668
6 0.003451251078515962
7 0.0032355478861087143
8 0.003882657463330457
9 0.004098360655737705
10 0.003882657463330457
11 0.003882657463330457
12 0.004745470232959448
13 0.0060396893874029335
14 0.0064710957722174285
15 0.006902502157031924
16 0.007981018119068163
17 0.0090595340811044
18 0.010785159620362382
19 0.011432269197584125
20 0.012510785159620362
21 0.013589301121656601
22 0.015099223468507334
23 0.01725625539257981
24 0.018334771354616048
25 0.02113891285591027
26 0.02200172562553926
27 0.02459016393442623
28 0.025021570319240724
29 0.025884383088869714
30 0.027610008628127698
31 0.030414150129421915
32 0.03300258843830889
33 0.03451251078515962
34 0.03645383951682485
35 0.040336496980155304
36 0.042493528904227786
37 0.04443485763589301
38 0.046807592752372736
39 0.05176876617773943
40 0.05349439171699741
41 0.056082830025884385
42 0.05996548748921484
43 0.06449525452976704
44 0.06945642795513374
45 0.07420189818809318
46 0.07894736842105263
47 0.0860655737704918
48 0.08908541846419327
49 0.09318377911993098
50 0.0992234685073339
51 0.10332182916307162
52 0.11044003451251079
53 0.11561691113028473
54 0.12251941328731665
55 0.12489214840379638
56 0.13481449525452976
57 0.13567730802415875
58 0.14322691975841242
59 0.15034512510785158
60 0.15314926660914582
61 0.16199309749784296
62 0.16652286453839515
63 0.1770923209663503
64 0.18356341673856774
65 0.19327006039689387
66 0.20168248490077653
67 0.20664365832614323
68 0.2150560828300259
69 0.21958584987057808
70 0.227351164797239
71 0.23446937014667818
72 0.2385677308024159
73 0.24245038826574633
74 0.2504314063848145
75 0.2545297670405522
76 0.2614322691975841
77 0.2685504745470233
78 0.2739430543572045
79 0.28213977566867987
80 0.2853753235547886
81 0.2940034512510785
82 0.2989646246764452
83 0.3052200172562554
84 0.31320103537532357
85 0.3211820534943917
86 0.3265746333045729
87 0.3332614322691976
88 0.3360655737704918
89 0.34361518550474546
90 0.35030198446937016
91 0.35504745470232957
92 0.35936151855047455
93 0.3677739430543572
94 0.37079378774805866
95 0.3714408973252804
96 0.3796376186367558
97 0.38912855910267474
98 0.3999137187230371
99 0.40595340811044006
100 0.4154443485763589
101 0.4262295081967213
102 0.431190681622088
103 0.4383088869715272
104 0.4402502157031924
105 0.4484469370146678
106 0.45038826574633306
107 0.45448662640207077
108 0.45664365832614323
109 0.46635030198446936
110 0.4760569456427955
111 0.4840379637618637
112 0.48921484037963764
113 0.4943917169974116
114 0.5010785159620362
115 0.5023727351164797
116 0.5075496117342536
117 0.5138050043140638
118 0.521786022433132
119 0.5263157894736842
120 0.5314926660914582
121 0.5360224331320104
122 0.5336496980155306
123 0.5375323554788611
124 0.5396893874029336
125 0.5437877480586712
126 0.5459447799827437
127 0.5511216566005177
128 0.5509059534081104
129 0.5591026747195859
130 0.5588869715271786
131 0.5709663503019845
132 0.5709663503019845
133 0.5737704918032787
134 0.5841242450388265
135 0.5931837791199309
136 0.5931837791199309
137 0.6020276100086281
138 0.600086281276963
139 0.6069887834339949
140 0.6151855047454702
141 0.6160483175150993
142 0.6233822260569456
143 0.6283433994823123
144 0.6317946505608283
145 0.6287748058671269
146 0.6339516824849007
147 0.6335202761000863
148 0.6352459016393442
149 0.6397756686798964
150 0.6384814495254529
151 0.6447368421052632
152 0.6481880931837791
153 0.6484037963761864
154 0.65595340811044
155 0.658541846419327
156 0.6591889559965487
157 0.658541846419327
158 0.6663071613459879
159 0.6684641932700603
160 0.6773080241587576
161 0.6798964624676446
162 0.6807592752372735
163 0.683779119930975
164 0.6833477135461605
165 0.6885245901639344
166 0.6857204486626403
167 0.6874460742018982
168 0.6839948231233822
169 0.686367558239862
170 0.6904659188955996
171 0.6956427955133736
172 0.6939171699741156
173 0.6930543572044866
174 0.6967213114754098
175 0.705565142364107
176 0.7031924072476272
177 0.709879206212252
178 0.7167817083692839
179 0.7176445211389129
180 0.719585849870578
181 0.7269197584124245
182 0.730802415875755
183 0.7279982743744607
184 0.7325280414150129
185 0.7312338222605694
186 0.7333908541846419
187 0.731665228645384
188 0.7245470232959448
189 0.7288610871440897
190 0.7333908541846419
191 0.7387834339948232
192 0.7400776531492667
193 0.7379206212251941
194 0.7426660914581535
195 0.7446074201898188
196 0.7418032786885246
197 0.7437446074201898
198 0.7400776531492667
199 0.7418032786885246
200 0.7407247627264884
201 0.7409404659188956
202 0.7495685936151855
203 0.7476272648835203
204 0.7538826574633305
205 0.755176876617774
206 0.7556082830025884
207 0.7528041415012943
208 0.7575496117342536
209 0.7614322691975841
210 0.7549611734253667
211 0.7573339085418465
212 0.7625107851596203
213 0.7629421915444349
214 0.7672562553925798
215 0.7698446937014668
216 0.7674719585849871
217 0.7603537532355479
218 0.7681190681622088
219 0.7625107851596203
220 0.7676876617773943
221 0.7687661777394306
222 0.7640207075064711
223 0.7622950819672131
224 0.7689818809318378
225 0.7670405522001725
226 0.7633735979292493
227 0.7659620362381363
228 0.7648835202761001
229 0.7670405522001725
230 0.765746333045729
231 0.7646678170836928
232 0.7612165660051768
233 0.7627264883520276
234 0.7663934426229508
235 0.772648835202761
236 0.7761000862812769
237 0.7776100086281277
238 0.7748058671268335
239 0.7707075064710958
240 0.7702761000862812
241 0.7689818809318378
242 0.7715703192407247
243 0.780414150129422
244 0.7845125107851596
245 0.7784728213977566
246 0.7698446937014668
247 0.7728645383951682
248 0.7704918032786885
249 0.7704918032786885
250 0.7707075064710958
251 0.7696289905090595
252 0.7674719585849871
253 0.7681190681622088
254 0.7661777394305436
255 0.772648835202761
256 0.7730802415875755
257 0.7789042277825712
258 0.7730802415875755
259 0.7795513373597929
260 0.7797670405522001
261 0.7797670405522001
262 0.7724331320103538
263 0.775237273511648
264 0.7761000862812769
265 0.774374460742019
266 0.7750215703192407
267 0.7776100086281277
268 0.7814926660914582
269 0.7776100086281277
270 0.7812769628990509
271 0.7795513373597929
272 0.7836496980155306
273 0.7836496980155306
274 0.780414150129422
275 0.7830025884383088
276 0.7847282139775669
277 0.7849439171699741
278 0.7860224331320104
279 0.7819240724762726
280 0.7791199309749784
281 0.7814926660914582
282 0.7817083692838654
283 0.7786885245901639
284 0.7814926660914582
285 0.7853753235547886
286 0.7830025884383088
287 0.7862381363244176
288 0.7890422778257118
289 0.7894736842105263
290 0.7868852459016393
291 0.7883951682484901
292 0.7838654012079379
293 0.780414150129422
294 0.7786885245901639
295 0.7836496980155306
296 0.7840811044003452
297 0.7808455565142364
298 0.7834339948231234
299 0.7920621225194133
300 0.7864538395168249
301 0.7886108714408974
302 0.7864538395168249
303 0.7916307161345988
304 0.7886108714408974
305 0.7894736842105263
306 0.7931406384814496
307 0.796160483175151
308 0.797886108714409
309 0.797886108714409
310 0.7989646246764452
311 0.7899050905953409
312 0.7914150129421915
313 0.7860224331320104
314 0.7896893874029336
315 0.7896893874029336
316 0.7924935289042278
317 0.7965918895599655
318 0.7907679033649698
319 0.7858067299396031
320 0.7864538395168249
321 0.7905522001725626
322 0.7836496980155306
323 0.7832182916307161
324 0.7868852459016393
325 0.7892579810181191
326 0.7916307161345988
327 0.7894736842105263
328 0.7888265746333045
329 0.7924935289042278
330 0.7903364969801553
331 0.797886108714409
332 0.8002588438308887
333 0.8011216566005177
334 0.794434857635893
335 0.7847282139775669
336 0.7797670405522001
337 0.7797670405522001
338 0.7819240724762726
339 0.7767471958584987
340 0.7704918032786885
341 0.7799827437446074
342 0.780414150129422
343 0.7801984469370147
344 0.7877480586712683
345 0.7806298533218292
346 0.7771786022433133
347 0.7750215703192407
348 0.7728645383951682
349 0.768334771354616
350 0.7704918032786885
351 0.7674719585849871
352 0.7728645383951682
353 0.7791199309749784
354 0.7741587575496117
355 0.7773943054357204
356 0.7724331320103538
357 0.7814926660914582
358 0.7825711820534944
359 0.7855910267471958
360 0.7875323554788611
361 0.7871009490940466
362 0.7821397756686799
363 0.7795513373597929
364 0.7860224331320104
365 0.7892579810181191
366 0.7873166522864539
367 0.7827868852459017
368 0.7834339948231234
369 0.7855910267471958
370 0.7845125107851596
371 0.7892579810181191
372 0.7911993097497843
373 0.7907679033649698
374 0.7959447799827437
375 0.7959447799827437
376 0.7974547023295945
377 0.792709232096635
378 0.7922778257118205
379 0.794434857635893
380 0.7940034512510785
381 0.795297670405522
382 0.7892579810181191
383 0.7890422778257118
384 0.7933563416738568
385 0.795297670405522
386 0.7899050905953409
387 0.7879637618636756
388 0.7892579810181191
389 0.7855910267471958
390 0.7886108714408974
391 0.7929249352890423
392 0.7922778257118205
393 0.7883951682484901
394 0.7892579810181191
395 0.7840811044003452
396 0.7862381363244176
397 0.7899050905953409
398 0.7948662640207075
399 0.7989646246764452
400 0.795297670405522
401 0.7972389991371872
402 0.794434857635893
403 0.7922778257118205
404 0.7914150129421915
405 0.7955133735979293
406 0.7899050905953409
407 0.792709232096635
408 0.7875323554788611
409 0.7899050905953409
410 0.7922778257118205
411 0.7860224331320104
412 0.7840811044003452
413 0.7797670405522001
414 0.776962899050906
415 0.7702761000862812
416 0.7756686798964625
417 0.7758843830888698
418 0.7849439171699741
419 0.7827868852459017
420 0.7823554788610871
421 0.7864538395168249
422 0.7855910267471958
423 0.7825711820534944
424 0.7890422778257118
425 0.7866695427092321
426 0.7855910267471958
427 0.7840811044003452
428 0.7851596203623814
429 0.7877480586712683
430 0.7823554788610871
431 0.7888265746333045
432 0.7892579810181191
433 0.7862381363244176
434 0.7827868852459017
435 0.7851596203623814
436 0.7830025884383088
437 0.7959447799827437
438 0.7924935289042278
439 0.7864538395168249
440 0.7851596203623814
441 0.7873166522864539
442 0.7890422778257118
443 0.7847282139775669
444 0.7806298533218292
445 0.7786885245901639
446 0.7765314926660914
447 0.7745901639344263
448 0.7767471958584987
449 0.7795513373597929
450 0.7795513373597929
451 0.7748058671268335
452 0.770923209663503
453 0.768334771354616
454 0.769197584124245
455 0.7679033649698016
456 0.7730802415875755
457 0.777825711820535
458 0.7814926660914582
459 0.7881794650560828
460 0.7840811044003452
461 0.7851596203623814
462 0.7791199309749784
463 0.777825711820535
464 0.7823554788610871
465 0.7799827437446074
466 0.776962899050906
467 0.7754529767040552
468 0.7797670405522001
469 0.7851596203623814
470 0.7855910267471958
471 0.7894736842105263
472 0.7864538395168249
473 0.7907679033649698
474 0.7851596203623814
475 0.7879637618636756
476 0.7881794650560828
477 0.7871009490940466
478 0.7924935289042278
479 0.7918464193270061
480 0.792709232096635
481 0.7853753235547886
482 0.792709232096635
483 0.7955133735979293
484 0.7981018119068162
485 0.795297670405522
486 0.7991803278688525
487 0.796160483175151
488 0.7940034512510785
489 0.8015530629853321
490 0.8078084555651424
491 0.801337359792925
492 0.7989646246764452
493 0.8047886108714409
494 0.8002588438308887
495 0.7974547023295945
496 0.7974547023295945
497 0.7950819672131147
498 0.7950819672131147
499 0.7903364969801553
500 0.7929249352890423
501 0.7950819672131147
502 0.7942191544434858
503 0.7948662640207075
504 0.794434857635893
505 0.7972389991371872
506 0.7946505608283002
507 0.797886108714409
508 0.7963761863675582
509 0.7931406384814496
510 0.7940034512510785
511 0.7950819672131147
512 0.793572044866264
513 0.7950819672131147
514 0.7905522001725626
515 0.7940034512510785
516 0.7896893874029336
517 0.7948662640207075
518 0.7890422778257118
519 0.7894736842105263
520 0.7853753235547886
521 0.793572044866264
522 0.7946505608283002
523 0.7905522001725626
524 0.7920621225194133
525 0.7905522001725626
526 0.7914150129421915
527 0.7896893874029336
528 0.7940034512510785
529 0.7957290767903364
530 0.794434857635893
531 0.7918464193270061
532 0.7883951682484901
533 0.7838654012079379
534 0.7821397756686799
535 0.7754529767040552
536 0.7795513373597929
537 0.7851596203623814
538 0.7836496980155306
539 0.7795513373597929
540 0.7771786022433133
541 0.7810612597066436
542 0.7821397756686799
543 0.7858067299396031
544 0.777825711820535
545 0.7799827437446074
546 0.7821397756686799
547 0.7797670405522001
548 0.7782571182053495
549 0.7776100086281277
550 0.7825711820534944
551 0.7877480586712683
552 0.7892579810181191
553 0.7959447799827437
554 0.7940034512510785
555 0.792709232096635
556 0.7922778257118205
557 0.7903364969801553
558 0.7868852459016393
559 0.7877480586712683
560 0.7812769628990509
561 0.7823554788610871
562 0.7810612597066436
563 0.7823554788610871
564 0.7907679033649698
565 0.7864538395168249
566 0.7819240724762726
567 0.7821397756686799
568 0.7840811044003452
569 0.7842968075927523
570 0.7782571182053495
571 0.7896893874029336
572 0.7838654012079379
573 0.7873166522864539
574 0.7890422778257118
575 0.7799827437446074
576 0.7763157894736842
577 0.7793356341673857
578 0.7793356341673857
579 0.7782571182053495
580 0.7793356341673857
581 0.7808455565142364
582 0.7806298533218292
583 0.7842968075927523
584 0.7830025884383088
585 0.7810612597066436
586 0.777825711820535
587 0.7797670405522001
588 0.7737273511647972
589 0.775237273511648
590 0.774374460742019
591 0.7819240724762726
592 0.7780414150129422
593 0.774374460742019
594 0.7720017256255393
595 0.772648835202761
596 0.7732959447799828
597 0.7713546160483176
598 0.7696289905090595
599 0.7687661777394306
600 0.7694132873166523
601 0.7715703192407247
602 0.774374460742019
603 0.7730802415875755
604 0.7776100086281277
605 0.7842968075927523
606 0.7903364969801553
607 0.7968075927523728
608 0.7968075927523728
609 0.7929249352890423
610 0.7911993097497843
611 0.7860224331320104
612 0.7894736842105263
613 0.7896893874029336
614 0.7810612597066436
615 0.7808455565142364
616 0.775237273511648
617 0.7808455565142364
618 0.7758843830888698
619 0.7810612597066436
620 0.7812769628990509
621 0.7758843830888698
622 0.7773943054357204
623 0.7896893874029336
624 0.7914150129421915
625 0.7907679033649698
626 0.7909836065573771
627 0.7868852459016393
628 0.7903364969801553
629 0.7894736842105263
630 0.7799827437446074
631 0.7823554788610871
632 0.7875323554788611
633 0.7840811044003452
634 0.7832182916307161
635 0.7883951682484901
636 0.7929249352890423
637 0.7875323554788611
638 0.792709232096635
639 0.790120793787748
640 0.7914150129421915
641 0.7909836065573771
642 0.7933563416738568
643 0.795297670405522
644 0.7963761863675582
645 0.7883951682484901
646 0.7853753235547886
647 0.7873166522864539
648 0.7886108714408974
649 0.7832182916307161
650 0.7886108714408974
651 0.7855910267471958
652 0.7862381363244176
653 0.7914150129421915
654 0.7940034512510785
655 0.792709232096635
656 0.7907679033649698
657 0.7955133735979293
658 0.7933563416738568
659 0.7922778257118205
660 0.7909836065573771
661 0.7849439171699741
662 0.7894736842105263
663 0.7903364969801553
664 0.7888265746333045
665 0.7896893874029336
666 0.7868852459016393
667 0.7838654012079379
668 0.7868852459016393
669 0.7881794650560828
670 0.7827868852459017
671 0.7855910267471958
672 0.7894736842105263
673 0.7849439171699741
674 0.7827868852459017
675 0.7922778257118205
676 0.7909836065573771
677 0.7916307161345988
678 0.7899050905953409
679 0.7907679033649698
680 0.7955133735979293
681 0.7918464193270061
682 0.7924935289042278
683 0.7907679033649698
684 0.7968075927523728
685 0.7996117342536669
686 0.7970232959447799
687 0.7968075927523728
688 0.7976704055220017
689 0.7957290767903364
690 0.7968075927523728
691 0.7937877480586712
692 0.7918464193270061
693 0.7914150129421915
694 0.7873166522864539
695 0.7836496980155306
696 0.7810612597066436
697 0.7801984469370147
698 0.7789042277825712
699 0.7819240724762726
700 0.7911993097497843
