1 0.0006471095772217428
2 0.0008628127696289905
3 0.0015099223468507334
4 0.001725625539257981
5 0.003451251078515962
6 0.004314063848144953
7 0.005176876617773943
8 0.0064710957722174285
9 0.007981018119068163
10 0.009706643658326143
11 0.011216566005176877
12 0.013373597929249352
13 0.017040552200172563
14 0.018550474547023296
15 0.020276100086281276
16 0.022433132010353754
17 0.023943054357204487
18 0.027178602243313203
19 0.029767040552200173
20 0.03278688524590164
21 0.036885245901639344
22 0.04486626402070751
23 0.04961173425366695
24 0.0547886108714409
25 0.06018119068162209
26 0.06514236410698879
27 0.07355478861087145
28 0.08175150992234685
29 0.08779119930974978
30 0.09339948231233822
31 0.10181190681622088
32 0.11087144089732529
33 0.11583261432269197
34 0.12144089732528042
35 0.12446074201898188
36 0.13028472821397757
37 0.13805004314063848
38 0.14344262295081966
39 0.1490509059534081
40 0.15271786022433131
41 0.15962036238136323
42 0.1622088006902502
43 0.16673856773080242
44 0.17277825711820535
45 0.1798964624676445
46 0.1861518550474547
47 0.19887834339948232
48 0.20664365832614323
49 0.2128990509059534
50 0.22217428817946505
51 0.2269197584124245
52 0.2372735116479724
53 0.2400776531492666
54 0.2515099223468507
55 0.25754961173425367
56 0.2689818809318378
57 0.27782571182053495
58 0.28343399482312337
59 0.2924935289042278
60 0.3013373597929249
61 0.30931837791199307
62 0.31406384814495253
63 0.32312338222605697
64 0.3272217428817947
65 0.3319672131147541
66 0.34124245038826573
67 0.3483606557377049
68 0.35785159620362383
69 0.3673425366695427
70 0.3744607420189819
71 0.38654012079378774
72 0.3930112165660052
73 0.390207075064711
74 0.39775668679896464
75 0.41371872303710094
76 0.41824849007765313
77 0.4229939603106126
78 0.432053494391717
79 0.4339948231233822
80 0.4413287316652286
81 0.4518981880931838
82 0.4575064710957722
83 0.46440897325280417
84 0.47368421052631576
85 0.4870578084555651
86 0.48511647972389993
87 0.4943917169974116
88 0.5015099223468508
89 0.5131578947368421
90 0.5114322691975841
91 0.5146678170836928
92 0.5168248490077653
93 0.522648835202761
94 0.5248058671268335
95 0.5347282139775669
96 0.5405522001725626
97 0.544434857635893
98 0.5463761863675582
99 0.5547886108714409
100 0.5567299396031061
101 0.558455565142364
102 0.5580241587575496
103 0.5629853321829164
104 0.5683779119930975
105 0.5754961173425367
106 0.5729076790336497
107 0.5813201035375324
108 0.5795944779982743
109 0.5813201035375324
110 0.5908110440034513
111 0.5944779982743744
112 0.5908110440034513
113 0.5972821397756687
114 0.6056945642795514
115 0.6052631578947368
116 0.6115185504745471
117 0.6117342536669542
118 0.6143226919758412
119 0.6147540983606558
120 0.6190681622088007
121 0.6182053494391717
122 0.6214408973252804
123 0.6272648835202761
124 0.6322260569456428
125 0.6415012942191545
126 0.6421484037963762
127 0.6412855910267472
128 0.6458153580672994
129 0.6477566867989646
130 0.6548748921484038
131 0.6568162208800691
132 0.6557377049180327
133 0.6583261432269197
134 0.663718723037101
135 0.6600517687661778
136 0.6643658326143227
137 0.6650129421915444
138 0.6701898188093184
139 0.674288179465056
140 0.6790336496980155
141 0.6807592752372735
142 0.6798964624676446
143 0.6792493528904228
144 0.6740724762726489
145 0.6796807592752373
146 0.6848576358930112
147 0.6844262295081968
148 0.6908973252804141
149 0.6926229508196722
150 0.6941328731665228
151 0.6932700603968939
152 0.6934857635893011
153 0.6967213114754098
154 0.698662640207075
155 0.6913287316652287
156 0.6958584987057809
157 0.7016824849007766
158 0.7008196721311475
159 0.702113891285591
160 0.7075064710957722
161 0.7068593615185504
162 0.707290767903365
163 0.7109577221742882
164 0.7096635030198447
165 0.7116048317515099
166 0.7113891285591026
167 0.7154874892148404
168 0.725625539257981
169 0.7260569456427955
170 0.7292924935289042
171 0.7286453839516824
172 0.7333908541846419
173 0.7346850733390854
174 0.7364106988783434
175 0.734253666954271
176 0.7340379637618637
177 0.7426660914581535
178 0.74137187230371
179 0.744823123382226
180 0.7394305435720449
181 0.7377049180327869
182 0.7411561691113029
183 0.751725625539258
184 0.7478429680759275
185 0.747411561691113
186 0.7484900776531492
187 0.747411561691113
188 0.7538826574633305
189 0.7510785159620362
190 0.7549611734253667
191 0.7540983606557377
192 0.7512942191544435
193 0.746548748921484
194 0.7415875754961173
195 0.7484900776531492
196 0.7456859361518551
197 0.7377049180327869
198 0.7394305435720449
199 0.7409404659188956
200 0.7394305435720449
201 0.7385677308024159
202 0.7370578084555651
203 0.7407247627264884
204 0.744823123382226
205 0.7459016393442623
206 0.7459016393442623
207 0.746548748921484
208 0.7478429680759275
209 0.7480586712683348
210 0.748274374460742
211 0.7452545297670405
212 0.7512942191544435
213 0.755176876617774
214 0.7545297670405522
215 0.7590595340811044
216 0.7592752372735116
217 0.7590595340811044
218 0.7633735979292493
219 0.7650992234685073
220 0.7655306298533219
221 0.7644521138912856
222 0.7694132873166523
223 0.7627264883520276
224 0.7659620362381363
225 0.7612165660051768
226 0.7644521138912856
227 0.7681190681622088
228 0.7724331320103538
229 0.7745901639344263
230 0.7793356341673857
231 0.7827868852459017
232 0.7810612597066436
233 0.7786885245901639
234 0.775237273511648
235 0.7782571182053495
236 0.7741587575496117
237 0.772648835202761
238 0.7763157894736842
239 0.7793356341673857
240 0.7827868852459017
241 0.777825711820535
242 0.7761000862812769
243 0.7722174288179465
244 0.7674719585849871
245 0.7676876617773943
246 0.768334771354616
247 0.7707075064710958
248 0.7687661777394306
249 0.7676876617773943
250 0.770923209663503
251 0.7739430543572045
252 0.7795513373597929
253 0.7817083692838654
254 0.7806298533218292
255 0.7797670405522001
256 0.7780414150129422
257 0.7786885245901639
258 0.7823554788610871
259 0.7808455565142364
260 0.7810612597066436
261 0.7789042277825712
262 0.7799827437446074
263 0.7832182916307161
264 0.7832182916307161
265 0.7810612597066436
266 0.7782571182053495
267 0.7812769628990509
268 0.7782571182053495
269 0.7761000862812769
270 0.7862381363244176
271 0.7812769628990509
272 0.7806298533218292
273 0.7761000862812769
274 0.7786885245901639
275 0.7825711820534944
276 0.7797670405522001
277 0.7797670405522001
278 0.7773943054357204
279 0.780414150129422
280 0.7817083692838654
281 0.7819240724762726
282 0.7782571182053495
283 0.7814926660914582
284 0.7799827437446074
285 0.7801984469370147
286 0.7840811044003452
287 0.7877480586712683
288 0.7862381363244176
289 0.7823554788610871
290 0.7877480586712683
291 0.7858067299396031
292 0.7866695427092321
293 0.7894736842105263
294 0.7909836065573771
295 0.7959447799827437
296 0.7929249352890423
297 0.7955133735979293
298 0.7946505608283002
299 0.7899050905953409
300 0.7871009490940466
301 0.7851596203623814
302 0.7847282139775669
303 0.7886108714408974
304 0.7871009490940466
305 0.7810612597066436
306 0.7817083692838654
307 0.7823554788610871
308 0.7851596203623814
309 0.7849439171699741
310 0.7847282139775669
311 0.7871009490940466
312 0.7866695427092321
313 0.7905522001725626
314 0.7916307161345988
315 0.7899050905953409
316 0.7907679033649698
317 0.793572044866264
318 0.7879637618636756
319 0.7892579810181191
320 0.792709232096635
321 0.7916307161345988
322 0.7924935289042278
323 0.7959447799827437
324 0.7929249352890423
325 0.793572044866264
326 0.7946505608283002
327 0.7922778257118205
328 0.7914150129421915
329 0.7911993097497843
330 0.7864538395168249
331 0.7849439171699741
332 0.7866695427092321
333 0.7894736842105263
334 0.7873166522864539
335 0.7875323554788611
336 0.7896893874029336
337 0.7916307161345988
338 0.7976704055220017
339 0.8034943917169974
340 0.7946505608283002
341 0.7931406384814496
342 0.7888265746333045
343 0.7903364969801553
344 0.7933563416738568
345 0.7965918895599655
346 0.7929249352890423
347 0.7933563416738568
348 0.795297670405522
349 0.7940034512510785
350 0.7965918895599655
351 0.7948662640207075
352 0.7993960310612597
353 0.794434857635893
354 0.7950819672131147
355 0.7937877480586712
356 0.7948662640207075
357 0.794434857635893
358 0.795297670405522
359 0.7905522001725626
360 0.7914150129421915
361 0.7877480586712683
362 0.7871009490940466
363 0.7886108714408974
364 0.790120793787748
365 0.7905522001725626
366 0.7916307161345988
367 0.7976704055220017
368 0.7892579810181191
369 0.7920621225194133
370 0.7888265746333045
371 0.7827868852459017
372 0.7823554788610871
373 0.7847282139775669
374 0.7825711820534944
375 0.7808455565142364
376 0.7832182916307161
377 0.7868852459016393
378 0.7879637618636756
379 0.7868852459016393
380 0.7911993097497843
381 0.7875323554788611
382 0.7905522001725626
383 0.7899050905953409
384 0.7862381363244176
385 0.7875323554788611
386 0.7881794650560828
387 0.7819240724762726
388 0.7840811044003452
389 0.7832182916307161
390 0.7789042277825712
391 0.7849439171699741
392 0.7886108714408974
393 0.7845125107851596
394 0.790120793787748
395 0.793572044866264
396 0.7866695427092321
397 0.7933563416738568
398 0.7963761863675582
399 0.7968075927523728
400 0.7957290767903364
401 0.7957290767903364
402 0.7972389991371872
403 0.7974547023295945
404 0.7981018119068162
405 0.8006902502157032
406 0.7916307161345988
407 0.7899050905953409
408 0.7894736842105263
409 0.7847282139775669
410 0.7881794650560828
411 0.7862381363244176
412 0.7849439171699741
413 0.7797670405522001
414 0.777825711820535
415 0.77351164797239
416 0.77351164797239
417 0.774374460742019
418 0.7748058671268335
419 0.7756686798964625
420 0.7722174288179465
421 0.7681190681622088
422 0.7694132873166523
423 0.7732959447799828
424 0.7763157894736842
425 0.7825711820534944
426 0.7808455565142364
427 0.7761000862812769
428 0.780414150129422
429 0.7776100086281277
430 0.7773943054357204
431 0.7780414150129422
432 0.7817083692838654
433 0.7830025884383088
434 0.7773943054357204
435 0.7797670405522001
436 0.7832182916307161
437 0.7838654012079379
438 0.7827868852459017
439 0.7793356341673857
440 0.7830025884383088
441 0.7873166522864539
442 0.7860224331320104
443 0.7840811044003452
444 0.776962899050906
445 0.7756686798964625
446 0.7773943054357204
447 0.7791199309749784
448 0.7767471958584987
449 0.7797670405522001
450 0.7765314926660914
451 0.7780414150129422
452 0.7797670405522001
453 0.7814926660914582
454 0.7784728213977566
455 0.776962899050906
456 0.7730802415875755
457 0.7758843830888698
458 0.7771786022433133
459 0.7791199309749784
460 0.7853753235547886
461 0.7814926660914582
462 0.7821397756686799
463 0.7810612597066436
464 0.7851596203623814
465 0.7825711820534944
466 0.7814926660914582
467 0.7825711820534944
468 0.7871009490940466
469 0.7890422778257118
470 0.7888265746333045
471 0.7868852459016393
472 0.7801984469370147
473 0.7847282139775669
474 0.7827868852459017
475 0.7851596203623814
476 0.7862381363244176
477 0.7920621225194133
478 0.7922778257118205
479 0.7937877480586712
480 0.7976704055220017
481 0.7940034512510785
482 0.7909836065573771
483 0.7868852459016393
484 0.7801984469370147
485 0.7830025884383088
486 0.7789042277825712
487 0.7827868852459017
488 0.7817083692838654
489 0.7817083692838654
490 0.7853753235547886
491 0.7838654012079379
492 0.7858067299396031
493 0.7836496980155306
494 0.7877480586712683
495 0.7896893874029336
496 0.7868852459016393
497 0.7890422778257118
498 0.7931406384814496
499 0.7881794650560828
500 0.7834339948231234
501 0.7868852459016393
502 0.7922778257118205
503 0.797886108714409
504 0.7948662640207075
505 0.7950819672131147
506 0.7946505608283002
507 0.7933563416738568
508 0.7929249352890423
509 0.7886108714408974
510 0.7896893874029336
511 0.7890422778257118
512 0.7849439171699741
513 0.7871009490940466
514 0.7858067299396031
515 0.7849439171699741
516 0.7825711820534944
517 0.7862381363244176
518 0.7830025884383088
519 0.776962899050906
520 0.7810612597066436
521 0.7808455565142364
522 0.7821397756686799
523 0.7871009490940466
524 0.7877480586712683
525 0.7894736842105263
526 0.7946505608283002
527 0.7909836065573771
528 0.7933563416738568
529 0.7903364969801553
530 0.7896893874029336
531 0.7868852459016393
532 0.7810612597066436
533 0.7899050905953409
534 0.7920621225194133
535 0.7933563416738568
536 0.7993960310612597
537 0.7957290767903364
538 0.7864538395168249
539 0.7819240724762726
540 0.7881794650560828
541 0.7911993097497843
542 0.7937877480586712
543 0.8011216566005177
544 0.7998274374460742
545 0.7929249352890423
546 0.7929249352890423
547 0.796160483175151
548 0.7916307161345988
549 0.7922778257118205
550 0.7940034512510785
551 0.792709232096635
552 0.7929249352890423
553 0.7888265746333045
554 0.7871009490940466
555 0.7881794650560828
556 0.7886108714408974
557 0.7946505608283002
558 0.7933563416738568
559 0.7883951682484901
560 0.7896893874029336
561 0.7886108714408974
562 0.7922778257118205
563 0.7940034512510785
564 0.7955133735979293
565 0.7942191544434858
566 0.7942191544434858
567 0.793572044866264
568 0.7948662640207075
569 0.7905522001725626
570 0.7946505608283002
571 0.7894736842105263
572 0.7972389991371872
573 0.7909836065573771
574 0.792709232096635
575 0.7903364969801553
576 0.790120793787748
577 0.7888265746333045
578 0.7909836065573771
579 0.7886108714408974
580 0.7924935289042278
581 0.7886108714408974
582 0.7855910267471958
583 0.7864538395168249
584 0.7814926660914582
585 0.7801984469370147
586 0.7810612597066436
587 0.7845125107851596
588 0.7821397756686799
589 0.7814926660914582
590 0.7793356341673857
591 0.7840811044003452
592 0.7810612597066436
593 0.790120793787748
594 0.790120793787748
595 0.792709232096635
596 0.7965918895599655
597 0.7983175150992234
598 0.7974547023295945
599 0.7991803278688525
600 0.7950819672131147
601 0.7842968075927523
602 0.7877480586712683
603 0.794434857635893
604 0.792709232096635
605 0.7942191544434858
606 0.7914150129421915
607 0.7866695427092321
608 0.794434857635893
609 0.794434857635893
610 0.8004745470232959
611 0.7998274374460742
612 0.7970232959447799
613 0.7965918895599655
614 0.8078084555651424
615 0.8080241587575496
616 0.8032786885245902
617 0.8047886108714409
618 0.8011216566005177
619 0.8024158757549612
620 0.7965918895599655
621 0.792709232096635
622 0.7929249352890423
623 0.7922778257118205
624 0.792709232096635
625 0.798748921484038
626 0.790120793787748
627 0.7881794650560828
628 0.7916307161345988
629 0.796160483175151
630 0.7842968075927523
631 0.7825711820534944
632 0.7830025884383088
633 0.7868852459016393
634 0.7819240724762726
635 0.7789042277825712
636 0.7791199309749784
637 0.7812769628990509
638 0.7883951682484901
639 0.7886108714408974
640 0.7920621225194133
641 0.796160483175151
642 0.7955133735979293
643 0.7886108714408974
644 0.7911993097497843
645 0.7937877480586712
646 0.792709232096635
647 0.7866695427092321
648 0.7853753235547886
649 0.7814926660914582
650 0.7879637618636756
651 0.7879637618636756
652 0.7894736842105263
653 0.7914150129421915
654 0.7899050905953409
655 0.7890422778257118
656 0.7881794650560828
657 0.7832182916307161
658 0.7838654012079379
659 0.780414150129422
660 0.7765314926660914
661 0.7799827437446074
662 0.7817083692838654
663 0.7840811044003452
664 0.7862381363244176
665 0.7817083692838654
666 0.7879637618636756
667 0.790120793787748
668 0.7924935289042278
669 0.7888265746333045
670 0.7931406384814496
671 0.8006902502157032
672 0.7974547023295945
673 0.7922778257118205
674 0.7920621225194133
675 0.7868852459016393
676 0.7916307161345988
677 0.7957290767903364
678 0.7875323554788611
679 0.7862381363244176
680 0.7873166522864539
681 0.7881794650560828
682 0.796160483175151
683 0.7974547023295945
684 0.796160483175151
685 0.7983175150992234
686 0.8024158757549612
687 0.8069456427955134
688 0.8065142364106989
689 0.8095340811044004
690 0.8067299396031061
691 0.8069456427955134
692 0.8045729076790337
693 0.8028472821397756
694 0.8041415012942191
695 0.7996117342536669
696 0.7970232959447799
697 0.7942191544434858
698 0.7894736842105263
699 0.7907679033649698
700 0.7929249352890423
