1 0.00021570319240724764
2 0.00021570319240724764
3 0.0004314063848144953
4 0.0010785159620362382
5 0.001725625539257981
6 0.0021570319240724763
7 0.003451251078515962
8 0.0032355478861087143
9 0.0036669542709232097
10 0.004098360655737705
11 0.004314063848144953
12 0.004098360655737705
13 0.004961173425366695
14 0.006255392579810181
15 0.007118205349439172
16 0.007118205349439172
17 0.007549611734253667
18 0.0090595340811044
19 0.01100086281276963
20 0.012510785159620362
21 0.013805004314063849
22 0.015962036238136326
23 0.016177739430543573
24 0.017040552200172563
25 0.018334771354616048
26 0.01984469370146678
27 0.02092320966350302
28 0.02070750647109577
29 0.022648835202761
30 0.023295944779982744
31 0.022433132010353754
32 0.02372735116479724
33 0.02545297670405522
34 0.027825711820534945
35 0.02998274374460742
36 0.031061259706643658
37 0.03386540120793788
38 0.03472821397756687
39 0.035159620362381364
40 0.036885245901639344
41 0.03817946505608283
42 0.04141501294219154
43 0.04357204486626402
44 0.04723899913718723
45 0.04961173425366695
46 0.05176876617773943
47 0.05500431406384815
48 0.05910267471958585
49 0.061259706643658325
50 0.06557377049180328
51 0.06729939603106126
52 0.07075064710957722
53 0.07549611734253667
54 0.08132010353753236
55 0.08477135461604832
56 0.08886971527178603
57 0.0942622950819672
58 0.10353753235547886
59 0.10849870578084556
60 0.11022433132010354
61 0.11669542709232096
62 0.12251941328731665
63 0.12812769628990509
64 0.135893011216566
65 0.13955996548748922
66 0.14840379637618636
67 0.1548748921484038
68 0.1598360655737705
69 0.16479723899913717
70 0.17191544434857636
71 0.17752372735116478
72 0.18140638481449525
73 0.1902502157031924
74 0.19413287316652286
75 0.19909404659188956
76 0.2042709232096635
77 0.20987920621225195
78 0.2169974115616911
79 0.21893874029335633
80 0.2228213977566868
81 0.23468507333908542
82 0.24072476272648835
83 0.2512942191544435
84 0.2571182053494392
85 0.2612165660051769
86 0.26876617773943057
87 0.27523727351164795
88 0.2853753235547886
89 0.28968938740293354
90 0.295297670405522
91 0.2974547023295945
92 0.3052200172562554
93 0.31039689387402936
94 0.3172993960310613
95 0.32312338222605697
96 0.32916307161345987
97 0.3360655737704918
98 0.340595340811044
99 0.34943917169974115
100 0.35353753235547886
101 0.3617342536669543
102 0.3716566005176877
103 0.3759706643658326
104 0.3802847282139776
105 0.3798533218291631
106 0.387618636755824
107 0.3953839516824849
108 0.39344262295081966
109 0.39926660914581535
110 0.40228645383951683
111 0.4072476272648835
112 0.41932700603968937
113 0.42493528904227784
114 0.432053494391717
115 0.4400345125107852
116 0.4447799827437446
117 0.4516824849007765
118 0.4542709232096635
119 0.4600949094046592
120 0.46484037963761865
121 0.47217428817946505
122 0.4814495254529767
123 0.49115616911130283
124 0.5012942191544435
125 0.5092752372735116
126 0.5207075064710958
127 0.5215703192407247
128 0.5280414150129422
129 0.5366695427092321
130 0.5371009490940466
131 0.5358067299396031
132 0.5405522001725626
133 0.545297670405522
134 0.5506902502157032
135 0.5580241587575496
136 0.5625539257981018
137 0.564495254529767
138 0.57053494391717
139 0.5739861949956859
140 0.5733390854184642
141 0.5778688524590164
142 0.5800258843830889
143 0.5804572907679033
144 0.5882226056945643
145 0.59404659188956
146 0.6056945642795514
147 0.6082830025884383
148 0.6080672993960311
149 0.6074201898188093
150 0.6119499568593615
151 0.615832614322692
152 0.6216566005176877
153 0.6223037100949094
154 0.6216566005176877
155 0.6233822260569456
156 0.6276962899050906
157 0.6287748058671269
158 0.6335202761000863
159 0.6348144952545298
160 0.6356773080241588
161 0.6415012942191545
162 0.6466781708369284
163 0.6438740293356342
164 0.6425798101811907
165 0.6486194995685937
166 0.6544434857635893
167 0.6609145815358067
168 0.6706212251941329
169 0.6723468507333908
170 0.6732096635030198
171 0.674288179465056
172 0.6798964624676446
173 0.67946505608283
174 0.676876617773943
175 0.6822691975841243
176 0.681190681622088
177 0.685504745470233
178 0.6934857635893011
179 0.6924072476272649
180 0.698662640207075
181 0.7023295944779983
182 0.7083692838654012
183 0.709879206212252
184 0.709879206212252
185 0.7172131147540983
186 0.7159188955996548
187 0.7193701466781708
188 0.7180759275237274
189 0.709879206212252
190 0.7157031924072477
191 0.7152717860224331
192 0.7135461604831751
193 0.7150560828300259
194 0.7215271786022434
195 0.7219585849870578
196 0.7262726488352028
197 0.7292924935289042
198 0.734253666954271
199 0.7329594477998275
200 0.7258412424503883
201 0.7269197584124245
202 0.7288610871440897
203 0.7269197584124245
204 0.731665228645384
205 0.7312338222605694
206 0.7374892148403797
207 0.7459016393442623
208 0.7502157031924073
209 0.7459016393442623
210 0.7443917169974116
211 0.7456859361518551
212 0.7452545297670405
213 0.7430974978429681
214 0.7422346850733391
215 0.7504314063848145
216 0.7556082830025884
217 0.7540983606557377
218 0.7532355478861087
219 0.7502157031924073
220 0.7497842968075927
221 0.751725625539258
222 0.7569025021570319
223 0.7553925798101812
224 0.7543140638481449
225 0.7543140638481449
226 0.7510785159620362
227 0.7571182053494392
228 0.7553925798101812
229 0.755176876617774
230 0.7532355478861087
231 0.7547454702329595
232 0.7545297670405522
233 0.7487057808455565
234 0.7540983606557377
235 0.7536669542709232
236 0.75
237 0.753451251078516
238 0.755176876617774
239 0.7502157031924073
240 0.7571182053494392
241 0.7590595340811044
242 0.7590595340811044
243 0.7569025021570319
244 0.7584124245038827
245 0.7530198446937014
246 0.7577653149266609
247 0.756039689387403
248 0.7603537532355479
249 0.7605694564279551
250 0.7601380500431406
251 0.7618636755823986
252 0.7663934426229508
253 0.7661777394305436
254 0.7676876617773943
255 0.7670405522001725
256 0.7707075064710958
257 0.7704918032786885
258 0.7670405522001725
259 0.7722174288179465
260 0.7687661777394306
261 0.7666091458153581
262 0.7670405522001725
263 0.7676876617773943
264 0.7758843830888698
265 0.7754529767040552
266 0.771786022433132
267 0.7730802415875755
268 0.7715703192407247
269 0.772648835202761
270 0.7696289905090595
271 0.7687661777394306
272 0.7689818809318378
273 0.7696289905090595
274 0.7732959447799828
275 0.7745901639344263
276 0.7676876617773943
277 0.7674719585849871
278 0.7655306298533219
279 0.7644521138912856
280 0.7663934426229508
281 0.7676876617773943
282 0.7670405522001725
283 0.7638050043140638
284 0.7666091458153581
285 0.7668248490077653
286 0.77351164797239
287 0.7687661777394306
288 0.7668248490077653
289 0.7607851596203624
290 0.7594909404659189
291 0.7644521138912856
292 0.7676876617773943
293 0.7722174288179465
294 0.7786885245901639
295 0.7821397756686799
296 0.7821397756686799
297 0.7806298533218292
298 0.7801984469370147
299 0.7758843830888698
300 0.7745901639344263
301 0.7812769628990509
302 0.7814926660914582
303 0.7793356341673857
304 0.7808455565142364
305 0.7748058671268335
306 0.7765314926660914
307 0.7739430543572045
308 0.7745901639344263
309 0.7758843830888698
310 0.7812769628990509
311 0.7737273511647972
312 0.7722174288179465
313 0.7754529767040552
314 0.7776100086281277
315 0.7786885245901639
316 0.7728645383951682
317 0.7650992234685073
318 0.7663934426229508
319 0.7661777394305436
320 0.7685504745470233
321 0.7629421915444349
322 0.7655306298533219
323 0.7676876617773943
324 0.7681190681622088
325 0.7663934426229508
326 0.7732959447799828
327 0.7724331320103538
328 0.7702761000862812
329 0.7741587575496117
330 0.7771786022433133
331 0.7782571182053495
332 0.7761000862812769
333 0.7732959447799828
334 0.7750215703192407
335 0.7754529767040552
336 0.776962899050906
337 0.7786885245901639
338 0.7817083692838654
339 0.7754529767040552
340 0.7838654012079379
341 0.7853753235547886
342 0.7888265746333045
343 0.7866695427092321
344 0.7896893874029336
345 0.7853753235547886
346 0.7868852459016393
347 0.7894736842105263
348 0.7920621225194133
349 0.7881794650560828
350 0.7914150129421915
351 0.7871009490940466
352 0.7832182916307161
353 0.7849439171699741
354 0.7853753235547886
355 0.7840811044003452
356 0.7862381363244176
357 0.7793356341673857
358 0.7881794650560828
359 0.7849439171699741
360 0.7838654012079379
361 0.7838654012079379
362 0.7823554788610871
363 0.7776100086281277
364 0.7748058671268335
365 0.7782571182053495
366 0.7819240724762726
367 0.77351164797239
368 0.7659620362381363
369 0.7696289905090595
370 0.7694132873166523
371 0.7767471958584987
372 0.780414150129422
373 0.7801984469370147
374 0.7851596203623814
375 0.7864538395168249
376 0.7886108714408974
377 0.790120793787748
378 0.7838654012079379
379 0.7838654012079379
380 0.7853753235547886
381 0.7834339948231234
382 0.7860224331320104
383 0.7821397756686799
384 0.7840811044003452
385 0.7883951682484901
386 0.7873166522864539
387 0.7842968075927523
388 0.7888265746333045
389 0.7862381363244176
390 0.7875323554788611
391 0.7886108714408974
392 0.7896893874029336
393 0.7907679033649698
394 0.7905522001725626
395 0.7886108714408974
396 0.7892579810181191
397 0.7918464193270061
398 0.7916307161345988
399 0.7905522001725626
400 0.7942191544434858
401 0.7942191544434858
402 0.796160483175151
403 0.7875323554788611
404 0.7907679033649698
405 0.794434857635893
406 0.7970232959447799
407 0.7933563416738568
408 0.7899050905953409
409 0.7888265746333045
410 0.7892579810181191
411 0.7940034512510785
412 0.7937877480586712
413 0.7881794650560828
414 0.7883951682484901
415 0.7812769628990509
416 0.7834339948231234
417 0.7871009490940466
418 0.7860224331320104
419 0.7866695427092321
420 0.7758843830888698
421 0.7741587575496117
422 0.7780414150129422
423 0.7758843830888698
424 0.7767471958584987
425 0.7737273511647972
426 0.7763157894736842
427 0.7763157894736842
428 0.7750215703192407
429 0.7745901639344263
430 0.7724331320103538
431 0.7685504745470233
432 0.7720017256255393
433 0.7694132873166523
434 0.7704918032786885
435 0.7765314926660914
436 0.7780414150129422
437 0.7830025884383088
438 0.7789042277825712
439 0.7827868852459017
440 0.7823554788610871
441 0.7832182916307161
442 0.7858067299396031
443 0.7883951682484901
444 0.7896893874029336
445 0.7881794650560828
446 0.7827868852459017
447 0.7849439171699741
448 0.7905522001725626
449 0.7890422778257118
450 0.795297670405522
451 0.7998274374460742
452 0.7959447799827437
453 0.7871009490940466
454 0.7720017256255393
455 0.7707075064710958
456 0.7812769628990509
457 0.7786885245901639
458 0.780414150129422
459 0.7855910267471958
460 0.7830025884383088
461 0.7758843830888698
462 0.7784728213977566
463 0.7806298533218292
464 0.7784728213977566
465 0.7741587575496117
466 0.7756686798964625
467 0.7756686798964625
468 0.7763157894736842
469 0.7784728213977566
470 0.7806298533218292
471 0.7748058671268335
472 0.7780414150129422
473 0.7776100086281277
474 0.7793356341673857
475 0.7808455565142364
476 0.7868852459016393
477 0.7845125107851596
478 0.7810612597066436
479 0.7823554788610871
480 0.7819240724762726
481 0.7840811044003452
482 0.7849439171699741
483 0.7838654012079379
484 0.7830025884383088
485 0.7836496980155306
486 0.7849439171699741
487 0.7832182916307161
488 0.7793356341673857
489 0.7773943054357204
490 0.7806298533218292
491 0.776962899050906
492 0.7737273511647972
493 0.7789042277825712
494 0.7834339948231234
495 0.7905522001725626
496 0.7814926660914582
497 0.7825711820534944
498 0.7795513373597929
499 0.7819240724762726
500 0.7771786022433133
501 0.7838654012079379
502 0.7799827437446074
503 0.7814926660914582
504 0.790120793787748
505 0.7855910267471958
506 0.7868852459016393
507 0.7847282139775669
508 0.7825711820534944
509 0.7853753235547886
510 0.7851596203623814
511 0.7823554788610871
512 0.7866695427092321
513 0.7860224331320104
514 0.7871009490940466
515 0.7905522001725626
516 0.7974547023295945
517 0.7924935289042278
518 0.792709232096635
519 0.7905522001725626
520 0.7896893874029336
521 0.7896893874029336
522 0.7933563416738568
523 0.7976704055220017
524 0.7924935289042278
525 0.7920621225194133
526 0.7892579810181191
527 0.7881794650560828
528 0.7862381363244176
529 0.7903364969801553
530 0.7890422778257118
531 0.7834339948231234
532 0.7756686798964625
533 0.7748058671268335
534 0.7806298533218292
535 0.7834339948231234
536 0.7883951682484901
537 0.7974547023295945
538 0.7968075927523728
539 0.7940034512510785
540 0.7981018119068162
541 0.7970232959447799
542 0.7970232959447799
543 0.7942191544434858
544 0.7862381363244176
545 0.7838654012079379
546 0.7819240724762726
547 0.7797670405522001
548 0.7875323554788611
549 0.7845125107851596
550 0.7819240724762726
551 0.7795513373597929
552 0.7761000862812769
553 0.7732959447799828
554 0.7696289905090595
555 0.7737273511647972
556 0.7786885245901639
557 0.7694132873166523
558 0.7754529767040552
559 0.7838654012079379
560 0.7849439171699741
561 0.7836496980155306
562 0.7847282139775669
563 0.7873166522864539
564 0.7946505608283002
565 0.7946505608283002
566 0.795297670405522
567 0.794434857635893
568 0.7929249352890423
569 0.7899050905953409
570 0.7836496980155306
571 0.7933563416738568
572 0.7883951682484901
573 0.7916307161345988
574 0.7909836065573771
575 0.7890422778257118
576 0.7845125107851596
577 0.7782571182053495
578 0.7754529767040552
579 0.7821397756686799
580 0.7791199309749784
581 0.7808455565142364
582 0.7814926660914582
583 0.777825711820535
584 0.7847282139775669
585 0.7942191544434858
586 0.7871009490940466
587 0.7825711820534944
588 0.7812769628990509
589 0.7849439171699741
590 0.7890422778257118
591 0.7890422778257118
592 0.7862381363244176
593 0.7879637618636756
594 0.7834339948231234
595 0.7920621225194133
596 0.7972389991371872
597 0.7929249352890423
598 0.7920621225194133
599 0.792709232096635
600 0.7868852459016393
601 0.7873166522864539
602 0.7851596203623814
603 0.7918464193270061
604 0.7998274374460742
605 0.7972389991371872
606 0.7942191544434858
607 0.7881794650560828
608 0.7983175150992234
609 0.8002588438308887
610 0.8015530629853321
611 0.8056514236410699
612 0.8030629853321829
613 0.8045729076790337
614 0.8000431406384815
615 0.794434857635893
616 0.7940034512510785
617 0.797886108714409
618 0.795297670405522
619 0.7948662640207075
620 0.792709232096635
621 0.7950819672131147
622 0.7905522001725626
623 0.7957290767903364
624 0.7918464193270061
625 0.793572044866264
626 0.796160483175151
627 0.7937877480586712
628 0.7946505608283002
629 0.7946505608283002
630 0.7920621225194133
631 0.7858067299396031
632 0.7810612597066436
633 0.7862381363244176
634 0.7881794650560828
635 0.7868852459016393
636 0.7801984469370147
637 0.7801984469370147
638 0.7806298533218292
639 0.7858067299396031
640 0.7873166522864539
641 0.7814926660914582
642 0.7827868852459017
643 0.7814926660914582
644 0.7847282139775669
645 0.7894736842105263
646 0.793572044866264
647 0.7909836065573771
648 0.7937877480586712
649 0.7974547023295945
650 0.7924935289042278
651 0.792709232096635
652 0.7899050905953409
653 0.7894736842105263
654 0.7877480586712683
655 0.7840811044003452
656 0.7806298533218292
657 0.7871009490940466
658 0.7873166522864539
659 0.7862381363244176
660 0.7890422778257118
661 0.7849439171699741
662 0.7855910267471958
663 0.7860224331320104
664 0.7821397756686799
665 0.7821397756686799
666 0.7801984469370147
667 0.7825711820534944
668 0.7879637618636756
669 0.7890422778257118
670 0.7858067299396031
671 0.7801984469370147
672 0.776962899050906
673 0.771786022433132
674 0.7698446937014668
675 0.7679033649698016
676 0.7681190681622088
677 0.7713546160483176
678 0.7745901639344263
679 0.7797670405522001
680 0.7827868852459017
681 0.7827868852459017
682 0.7806298533218292
683 0.7786885245901639
684 0.7767471958584987
685 0.7791199309749784
686 0.7745901639344263
687 0.7791199309749784
688 0.7819240724762726
689 0.7866695427092321
690 0.7862381363244176
691 0.7950819672131147
692 0.7888265746333045
693 0.7888265746333045
694 0.790120793787748
695 0.7924935289042278
696 0.7916307161345988
697 0.7866695427092321
698 0.7842968075927523
699 0.7810612597066436
700 0.7784728213977566
