1 0.00021570319240724764
2 0.00021570319240724764
3 0.00021570319240724764
4 0.00021570319240724764
5 0.00021570319240724764
6 0.00021570319240724764
7 0.00021570319240724764
8 0.00021570319240724764
9 0.00021570319240724764
10 0.00021570319240724764
11 0.0004314063848144953
12 0.0004314063848144953
13 0.0004314063848144953
14 0.0006471095772217428
15 0.0008628127696289905
16 0.0008628127696289905
17 0.0008628127696289905
18 0.0008628127696289905
19 0.0010785159620362382
20 0.0010785159620362382
21 0.0010785159620362382
22 0.001725625539257981
23 0.001725625539257981
24 0.0019413287316652286
25 0.0019413287316652286
26 0.0019413287316652286
27 0.0019413287316652286
28 0.0021570319240724763
29 0.0028041415012942193
30 0.0032355478861087143
31 0.003451251078515962
32 0.0036669542709232097
33 0.004314063848144953
34 0.005176876617773943
35 0.005176876617773943
36 0.004961173425366695
37 0.0056082830025884385
38 0.0056082830025884385
39 0.005823986194995686
40 0.0064710957722174285
41 0.007118205349439172
42 0.007118205349439172
43 0.008412424503882658
44 0.009275237273511648
45 0.010353753235547885
46 0.01100086281276963
47 0.013373597929249352
48 0.014236410698878344
49 0.015099223468507334
50 0.016177739430543573
51 0.018550474547023296
52 0.01984469370146678
53 0.020060396893874028
54 0.02286453839516825
55 0.023080241587575497
56 0.026531492666091457
57 0.025021570319240724
58 0.028472821397756688
59 0.030629853321829163
60 0.033433994823123384
61 0.036022433132010354
62 0.03731665228645384
63 0.03882657463330457
64 0.042493528904227786
65 0.04551337359792925
66 0.048533218291630716
67 0.051121656600517686
68 0.056945642795513375
69 0.06082830025884383
70 0.06276962899050906
71 0.06686798964624677
72 0.07075064710957722
73 0.0770060396893874
74 0.0815358067299396
75 0.08671268334771355
76 0.08930112165660052
77 0.091458153580673
78 0.09361518550474547
79 0.0996548748921484
80 0.1091458153580673
81 0.11626402070750647
82 0.12165660051768766
83 0.12877480586712683
84 0.13546160483175151
85 0.14257981018119067
86 0.1499137187230371
87 0.15875754961173424
88 0.16393442622950818
89 0.16911130284728215
90 0.17277825711820535
91 0.17903364969801552
92 0.18550474547023296
93 0.19262295081967212
94 0.1965056082830026
95 0.20901639344262296
96 0.21850733390854185
97 0.22476272648835202
98 0.2327437446074202
99 0.24266609145815357
100 0.2495685936151855
101 0.25927523727351165
102 0.26380500431406384
103 0.26941328731665226
104 0.2758843830888697
105 0.28515962036238135
106 0.2942191544434858
107 0.29961173425366694
108 0.3114754098360656
109 0.32096635030198445
110 0.3270060396893874
111 0.337144089732528
112 0.34404659188955994
113 0.3518119068162209
114 0.35893011216566006
115 0.36389128559102674
116 0.3759706643658326
117 0.3809318377911993
118 0.38610871440897326
119 0.3925798101811907
120 0.4014236410698878
121 0.4081104400345125
122 0.41652286453839515
123 0.4260138050043141
124 0.43183779119930976
125 0.4387402933563417
126 0.44456427955133737
127 0.451251078515962
128 0.4585849870578085
129 0.46397756686798963
130 0.4710957722174288
131 0.47670405522001724
132 0.48080241587575495
133 0.4864106988783434
134 0.48792062122519414
135 0.49201898188093185
136 0.498274374460742
137 0.503451251078516
138 0.5073339085418465
139 0.5135893011216566
140 0.5185504745470233
141 0.521786022433132
142 0.526962899050906
143 0.5301984469370147
144 0.5377480586712683
145 0.5420621225194133
146 0.5496117342536669
147 0.5528472821397756
148 0.5552200172562554
149 0.563632441760138
150 0.5718291630716135
151 0.573123382226057
152 0.575711820534944
153 0.5759275237273511
154 0.5746333045729077
155 0.5707506471095772
156 0.5720448662640207
157 0.5832614322691976
158 0.5849870578084556
159 0.5931837791199309
160 0.594909404659189
161 0.5927523727351165
162 0.5985763589301122
163 0.6089301121656601
164 0.6128127696289906
165 0.619283865401208
166 0.6231665228645384
167 0.6227351164797239
168 0.6218723037100949
169 0.6296376186367558
170 0.6330888697152718
171 0.6371872303710094
172 0.6354616048317515
173 0.630716134598792
174 0.6248921484037964
175 0.6272648835202761
176 0.633304572907679
177 0.6305004314063848
178 0.6337359792924935
179 0.6419327006039689
180 0.6432269197584124
181 0.6481880931837791
182 0.6531492666091459
183 0.65595340811044
184 0.6566005176876618
185 0.661993097497843
186 0.663718723037101
187 0.6643658326143227
188 0.6656600517687662
189 0.6656600517687662
190 0.6676013805004314
191 0.6719154443485763
192 0.6688955996548749
193 0.6691113028472822
194 0.676876617773943
195 0.6792493528904228
196 0.683779119930975
197 0.6861518550474547
198 0.6844262295081968
199 0.6865832614322692
200 0.6874460742018982
201 0.6952113891285591
202 0.6956427955133736
203 0.6937014667817084
204 0.6934857635893011
205 0.7008196721311475
206 0.6980155306298533
207 0.6947799827437446
208 0.6947799827437446
209 0.6928386540120793
210 0.7010353753235548
211 0.7077221742881795
212 0.7066436583261432
213 0.7051337359792925
214 0.7042709232096636
215 0.705565142364107
216 0.7077221742881795
217 0.7092320966350302
218 0.7109577221742882
219 0.7120362381363244
220 0.7116048317515099
221 0.7154874892148404
222 0.7182916307161346
223 0.722174288179465
224 0.723037100949094
225 0.724762726488352
226 0.7241156169111302
227 0.7275668679896462
228 0.7295081967213115
229 0.7292924935289042
230 0.7325280414150129
231 0.7312338222605694
232 0.7299396031061259
233 0.7288610871440897
234 0.7245470232959448
235 0.7312338222605694
236 0.7336065573770492
237 0.7374892148403797
238 0.7377049180327869
239 0.7394305435720449
240 0.7428817946505608
241 0.7428817946505608
242 0.7450388265746333
243 0.7480586712683348
244 0.7459016393442623
245 0.7502157031924073
246 0.7545297670405522
247 0.7454702329594478
248 0.7463330457290768
249 0.751725625539258
250 0.7536669542709232
251 0.7564710957722174
252 0.7540983606557377
253 0.7590595340811044
254 0.7635893011216566
255 0.7702761000862812
256 0.7771786022433133
257 0.777825711820535
258 0.7763157894736842
259 0.77351164797239
260 0.7720017256255393
261 0.7741587575496117
262 0.7758843830888698
263 0.7799827437446074
264 0.7814926660914582
265 0.7864538395168249
266 0.7817083692838654
267 0.7786885245901639
268 0.77351164797239
269 0.777825711820535
270 0.7754529767040552
271 0.7730802415875755
272 0.77351164797239
273 0.780414150129422
274 0.7754529767040552
275 0.7702761000862812
276 0.7720017256255393
277 0.7700603968938741
278 0.7629421915444349
279 0.7618636755823986
280 0.7650992234685073
281 0.7696289905090595
282 0.770923209663503
283 0.7707075064710958
284 0.7707075064710958
285 0.7702761000862812
286 0.7659620362381363
287 0.770923209663503
288 0.7702761000862812
289 0.7715703192407247
290 0.7773943054357204
291 0.775237273511648
292 0.7789042277825712
293 0.7806298533218292
294 0.7713546160483176
295 0.7711389128559103
296 0.7707075064710958
297 0.7704918032786885
298 0.7754529767040552
299 0.7711389128559103
300 0.7679033649698016
301 0.7674719585849871
302 0.765746333045729
303 0.7646678170836928
304 0.7730802415875755
305 0.7741587575496117
306 0.77351164797239
307 0.7711389128559103
308 0.7702761000862812
309 0.7687661777394306
310 0.7670405522001725
311 0.7715703192407247
312 0.7754529767040552
313 0.7748058671268335
314 0.7789042277825712
315 0.7817083692838654
316 0.7812769628990509
317 0.7823554788610871
318 0.7834339948231234
319 0.7838654012079379
320 0.780414150129422
321 0.7808455565142364
322 0.7834339948231234
323 0.7773943054357204
324 0.7780414150129422
325 0.7793356341673857
326 0.7763157894736842
327 0.7793356341673857
328 0.7823554788610871
329 0.7873166522864539
330 0.7879637618636756
331 0.7871009490940466
332 0.7842968075927523
333 0.7830025884383088
334 0.770923209663503
335 0.7763157894736842
336 0.7782571182053495
337 0.7845125107851596
338 0.7858067299396031
339 0.7918464193270061
340 0.7881794650560828
341 0.7907679033649698
342 0.7914150129421915
343 0.7892579810181191
344 0.7860224331320104
345 0.7830025884383088
346 0.7875323554788611
347 0.7849439171699741
348 0.7924935289042278
349 0.7877480586712683
350 0.7849439171699741
351 0.7871009490940466
352 0.7916307161345988
353 0.7905522001725626
354 0.7890422778257118
355 0.7875323554788611
356 0.7873166522864539
357 0.7914150129421915
358 0.7929249352890423
359 0.7918464193270061
360 0.7907679033649698
361 0.7888265746333045
362 0.7838654012079379
363 0.7847282139775669
364 0.7855910267471958
365 0.7842968075927523
366 0.7883951682484901
367 0.7858067299396031
368 0.7888265746333045
369 0.7903364969801553
370 0.7851596203623814
371 0.7840811044003452
372 0.7871009490940466
373 0.7909836065573771
374 0.7881794650560828
375 0.7864538395168249
376 0.7877480586712683
377 0.7894736842105263
378 0.7858067299396031
379 0.7836496980155306
380 0.7849439171699741
381 0.7840811044003452
382 0.7853753235547886
383 0.7864538395168249
384 0.7845125107851596
385 0.7875323554788611
386 0.7894736842105263
387 0.7871009490940466
388 0.7920621225194133
389 0.7888265746333045
390 0.7883951682484901
391 0.7819240724762726
392 0.7819240724762726
393 0.780414150129422
394 0.7814926660914582
395 0.777825711820535
396 0.7730802415875755
397 0.7728645383951682
398 0.7754529767040552
399 0.7756686798964625
400 0.7761000862812769
401 0.7732959447799828
402 0.7694132873166523
403 0.7648835202761001
404 0.7668248490077653
405 0.771786022433132
406 0.7791199309749784
407 0.7780414150129422
408 0.7767471958584987
409 0.7767471958584987
410 0.77351164797239
411 0.7732959447799828
412 0.7750215703192407
413 0.7776100086281277
414 0.7741587575496117
415 0.7756686798964625
416 0.7765314926660914
417 0.7782571182053495
418 0.7806298533218292
419 0.7799827437446074
420 0.7819240724762726
421 0.7832182916307161
422 0.7810612597066436
423 0.7745901639344263
424 0.7711389128559103
425 0.7741587575496117
426 0.772648835202761
427 0.770923209663503
428 0.7685504745470233
429 0.7631578947368421
430 0.7629421915444349
431 0.7612165660051768
432 0.7642364106988784
433 0.7659620362381363
434 0.765746333045729
435 0.7724331320103538
436 0.7707075064710958
437 0.7674719585849871
438 0.7631578947368421
439 0.7650992234685073
440 0.7702761000862812
441 0.7700603968938741
442 0.7711389128559103
443 0.7767471958584987
444 0.780414150129422
445 0.7842968075927523
446 0.7786885245901639
447 0.7791199309749784
448 0.7821397756686799
449 0.7858067299396031
450 0.7881794650560828
451 0.7858067299396031
452 0.7890422778257118
453 0.7853753235547886
454 0.7827868852459017
455 0.7834339948231234
456 0.7851596203623814
457 0.7909836065573771
458 0.7899050905953409
459 0.7896893874029336
460 0.7937877480586712
461 0.7946505608283002
462 0.793572044866264
463 0.7931406384814496
464 0.7918464193270061
465 0.790120793787748
466 0.790120793787748
467 0.7877480586712683
468 0.7946505608283002
469 0.7909836065573771
470 0.7955133735979293
471 0.7955133735979293
472 0.7955133735979293
473 0.7948662640207075
474 0.7911993097497843
475 0.7929249352890423
476 0.7888265746333045
477 0.7866695427092321
478 0.7862381363244176
479 0.7918464193270061
480 0.7899050905953409
481 0.7812769628990509
482 0.7830025884383088
483 0.777825711820535
484 0.7838654012079379
485 0.7883951682484901
486 0.7862381363244176
487 0.7812769628990509
488 0.7847282139775669
489 0.7791199309749784
490 0.7830025884383088
491 0.7855910267471958
492 0.7858067299396031
493 0.7840811044003452
494 0.7776100086281277
495 0.7739430543572045
496 0.7767471958584987
497 0.772648835202761
498 0.7754529767040552
499 0.7713546160483176
500 0.7780414150129422
501 0.7814926660914582
502 0.7864538395168249
503 0.7879637618636756
504 0.7847282139775669
505 0.7851596203623814
506 0.7879637618636756
507 0.7905522001725626
508 0.793572044866264
509 0.7948662640207075
510 0.7937877480586712
511 0.7950819672131147
512 0.7963761863675582
513 0.7883951682484901
514 0.7886108714408974
515 0.7903364969801553
516 0.794434857635893
517 0.793572044866264
518 0.7909836065573771
519 0.7873166522864539
520 0.7789042277825712
521 0.7791199309749784
522 0.7791199309749784
523 0.7845125107851596
524 0.7812769628990509
525 0.7776100086281277
526 0.77351164797239
527 0.7756686798964625
528 0.7825711820534944
529 0.7832182916307161
530 0.7793356341673857
531 0.7763157894736842
532 0.776962899050906
533 0.7750215703192407
534 0.7789042277825712
535 0.7786885245901639
536 0.7789042277825712
537 0.7877480586712683
538 0.7780414150129422
539 0.780414150129422
540 0.7821397756686799
541 0.7791199309749784
542 0.7814926660914582
543 0.7754529767040552
544 0.7771786022433133
545 0.7748058671268335
546 0.7814926660914582
547 0.7780414150129422
548 0.7810612597066436
549 0.7827868852459017
550 0.7825711820534944
551 0.7814926660914582
552 0.7739430543572045
553 0.7687661777394306
554 0.7650992234685073
555 0.7635893011216566
556 0.7661777394305436
557 0.7728645383951682
558 0.7750215703192407
559 0.7756686798964625
560 0.7825711820534944
561 0.7849439171699741
562 0.7853753235547886
563 0.7918464193270061
564 0.7914150129421915
565 0.7965918895599655
566 0.7907679033649698
567 0.7907679033649698
568 0.7879637618636756
569 0.795297670405522
570 0.794434857635893
571 0.7922778257118205
572 0.795297670405522
573 0.7929249352890423
574 0.7963761863675582
575 0.7974547023295945
576 0.8011216566005177
577 0.8022001725625539
578 0.7946505608283002
579 0.7922778257118205
580 0.7933563416738568
581 0.7946505608283002
582 0.797886108714409
583 0.8041415012942191
584 0.7965918895599655
585 0.793572044866264
586 0.7873166522864539
587 0.7918464193270061
588 0.7888265746333045
589 0.796160483175151
590 0.7976704055220017
591 0.7970232959447799
592 0.8028472821397756
593 0.8034943917169974
594 0.8019844693701467
595 0.7985332182916307
596 0.795297670405522
597 0.7957290767903364
598 0.798748921484038
599 0.7948662640207075
600 0.7942191544434858
601 0.7946505608283002
602 0.7886108714408974
603 0.7858067299396031
604 0.7871009490940466
605 0.7871009490940466
606 0.7879637618636756
607 0.7970232959447799
608 0.8004745470232959
609 0.7993960310612597
610 0.7931406384814496
611 0.7959447799827437
612 0.7991803278688525
613 0.7970232959447799
614 0.797886108714409
615 0.7970232959447799
616 0.794434857635893
617 0.7974547023295945
618 0.7929249352890423
619 0.8022001725625539
620 0.8047886108714409
621 0.7991803278688525
622 0.8019844693701467
623 0.8004745470232959
624 0.7970232959447799
625 0.7942191544434858
626 0.7965918895599655
627 0.801337359792925
628 0.8069456427955134
629 0.8067299396031061
630 0.7965918895599655
631 0.7955133735979293
632 0.7989646246764452
633 0.7946505608283002
634 0.7981018119068162
635 0.7933563416738568
636 0.7950819672131147
637 0.7955133735979293
638 0.7957290767903364
639 0.7981018119068162
640 0.7970232959447799
641 0.7948662640207075
642 0.7929249352890423
643 0.7918464193270061
644 0.7883951682484901
645 0.7959447799827437
646 0.7909836065573771
647 0.793572044866264
648 0.7946505608283002
649 0.795297670405522
650 0.7946505608283002
651 0.795297670405522
652 0.7959447799827437
653 0.7965918895599655
654 0.7959447799827437
655 0.7950819672131147
656 0.7890422778257118
657 0.7858067299396031
658 0.7858067299396031
659 0.790120793787748
660 0.7864538395168249
661 0.7836496980155306
662 0.7784728213977566
663 0.7750215703192407
664 0.774374460742019
665 0.7806298533218292
666 0.7819240724762726
667 0.7847282139775669
668 0.7830025884383088
669 0.7888265746333045
670 0.7899050905953409
671 0.793572044866264
672 0.7881794650560828
673 0.7832182916307161
674 0.7840811044003452
675 0.7825711820534944
676 0.7799827437446074
677 0.7801984469370147
678 0.7858067299396031
679 0.7821397756686799
680 0.7825711820534944
681 0.7806298533218292
682 0.7810612597066436
683 0.7855910267471958
684 0.7894736842105263
685 0.7858067299396031
686 0.7868852459016393
687 0.7948662640207075
688 0.7916307161345988
689 0.7959447799827437
690 0.8017687661777394
691 0.801337359792925
692 0.7993960310612597
693 0.7922778257118205
694 0.7955133735979293
695 0.7871009490940466
696 0.7883951682484901
697 0.7896893874029336
698 0.7892579810181191
699 0.7890422778257118
700 0.7909836065573771
