1 0.0004314063848144953
2 0.0012942191544434857
3 0.0019413287316652286
4 0.002372735116479724
5 0.002372735116479724
6 0.002372735116479724
7 0.0032355478861087143
8 0.003882657463330457
9 0.0045297670405522
10 0.005392579810181191
11 0.0064710957722174285
12 0.007981018119068163
13 0.009706643658326143
14 0.01272648835202761
15 0.015314926660914581
16 0.018334771354616048
17 0.02113891285591027
18 0.023943054357204487
19 0.02545297670405522
20 0.029335634167385678
21 0.03472821397756687
22 0.03710094909404659
23 0.0407679033649698
24 0.04486626402070751
25 0.04788610871440897
26 0.05133735979292493
27 0.05349439171699741
28 0.0593183779119931
29 0.06341673856773081
30 0.06622088006902502
31 0.07075064710957722
32 0.07333908541846419
33 0.07830025884383089
34 0.08865401207937877
35 0.0951251078515962
36 0.09879206212251941
37 0.10440034512510785
38 0.10849870578084556
39 0.113244176013805
40 0.11691113028472822
41 0.12295081967213115
42 0.1272648835202761
43 0.1313632441760138
44 0.13459879206212252
45 0.14430543572044865
46 0.14732528041415013
47 0.15681622088006902
48 0.16673856773080242
49 0.17385677308024158
50 0.17730802415875754
51 0.18270060396893875
52 0.19327006039689387
53 0.2001725625539258
54 0.20578084555651424
55 0.2079378774805867
56 0.21613459879206212
57 0.22389991371872303
58 0.2305867126833477
59 0.2372735116479724
60 0.2459016393442623
61 0.2532355478861087
62 0.26337359792924936
63 0.26660914581535805
64 0.27049180327868855
65 0.2754529767040552
66 0.2801984469370147
67 0.2894736842105263
68 0.2942191544434858
69 0.3026315789473684
70 0.31039689387402936
71 0.31924072476272647
72 0.3272217428817947
73 0.3373597929249353
74 0.3468507333908542
75 0.3531061259706644
76 0.35655737704918034
77 0.361518550474547
78 0.37381363244176014
79 0.3781276962899051
80 0.38373597929249353
81 0.39193270060396895
82 0.3958153580672994
83 0.40358067299396033
84 0.41199309749784296
85 0.42364106988783434
86 0.42903364969801555
87 0.4402502157031924
88 0.4426229508196721
89 0.4527610008628128
90 0.4588006902502157
91 0.4654874892148404
92 0.4715271786022433
93 0.477351164797239
94 0.48511647972389993
95 0.4883520276100086
96 0.49072476272648835
97 0.4967644521138913
98 0.5043140638481449
99 0.5090595340811044
100 0.5194132873166523
101 0.5230802415875755
102 0.5349439171699741
103 0.5407679033649698
104 0.5448662640207075
105 0.5489646246764452
106 0.5625539257981018
107 0.566220880069025
108 0.5718291630716135
109 0.5795944779982743
110 0.5808886971527178
111 0.5867126833477135
112 0.58541846419327
113 0.5882226056945643
114 0.5933994823123382
115 0.6003019844693701
116 0.6035375323554789
117 0.614969801553063
118 0.6151855047454702
119 0.6190681622088007
120 0.6253235547886109
121 0.6257549611734253
122 0.6264020707506471
123 0.6337359792924935
124 0.631578947368421
125 0.6356773080241588
126 0.6404227782571182
127 0.6436583261432269
128 0.6458153580672994
129 0.652502157031924
130 0.6570319240724762
131 0.6566005176876618
132 0.6609145815358067
133 0.6667385677308024
134 0.6635030198446937
135 0.6688955996548749
136 0.6676013805004314
137 0.6680327868852459
138 0.6704055220017257
139 0.6695427092320967
140 0.6792493528904228
141 0.6786022433132011
142 0.6822691975841243
143 0.6850733390854185
144 0.6848576358930112
145 0.683779119930975
146 0.6824849007765315
147 0.6906816220880069
148 0.6993097497842968
149 0.6958584987057809
150 0.6995254529767041
151 0.6967213114754098
152 0.7003882657463331
153 0.7081535806729939
154 0.7066436583261432
155 0.701251078515962
156 0.7075064710957722
157 0.7092320966350302
158 0.709879206212252
159 0.7118205349439172
160 0.7088006902502157
161 0.7092320966350302
162 0.7079378774805867
163 0.7077221742881795
164 0.7172131147540983
165 0.7154874892148404
166 0.7182916307161346
167 0.7200172562553926
168 0.7228213977566867
169 0.728213977566868
170 0.7331751509922347
171 0.7327437446074202
172 0.7303710094909405
173 0.7238999137187231
174 0.7208800690250216
175 0.7198015530629853
176 0.724762726488352
177 0.7260569456427955
178 0.7267040552200172
179 0.7208800690250216
180 0.7198015530629853
181 0.731665228645384
182 0.7327437446074202
183 0.7361949956859362
184 0.7292924935289042
185 0.734253666954271
186 0.7372735116479724
187 0.7329594477998275
188 0.7271354616048318
189 0.7340379637618637
190 0.7344693701466781
191 0.7389991371872304
192 0.743960310612597
193 0.75
194 0.7476272648835203
195 0.7502157031924073
196 0.752588438308887
197 0.7504314063848145
198 0.752588438308887
199 0.7497842968075927
200 0.7495685936151855
201 0.753451251078516
202 0.7553925798101812
203 0.7489214840379638
204 0.7459016393442623
205 0.7487057808455565
206 0.7512942191544435
207 0.7549611734253667
208 0.755176876617774
209 0.7577653149266609
210 0.7625107851596203
211 0.7625107851596203
212 0.7571182053494392
213 0.7607851596203624
214 0.7556082830025884
215 0.7543140638481449
216 0.7597066436583262
217 0.7642364106988784
218 0.7629421915444349
219 0.7569025021570319
220 0.7545297670405522
221 0.7564710957722174
222 0.7616479723899914
223 0.7584124245038827
224 0.7599223468507333
225 0.7590595340811044
226 0.7610008628127696
227 0.7644521138912856
228 0.7622950819672131
229 0.7687661777394306
230 0.765746333045729
231 0.7646678170836928
232 0.7670405522001725
233 0.7650992234685073
234 0.7650992234685073
235 0.7687661777394306
236 0.771786022433132
237 0.7756686798964625
238 0.7817083692838654
239 0.7871009490940466
240 0.7806298533218292
241 0.7849439171699741
242 0.7845125107851596
243 0.7776100086281277
244 0.7763157894736842
245 0.7799827437446074
246 0.7786885245901639
247 0.7806298533218292
248 0.7849439171699741
249 0.7866695427092321
250 0.7873166522864539
251 0.7875323554788611
252 0.7834339948231234
253 0.7849439171699741
254 0.7745901639344263
255 0.7812769628990509
256 0.7789042277825712
257 0.7791199309749784
258 0.7784728213977566
259 0.7741587575496117
260 0.7737273511647972
261 0.7754529767040552
262 0.7793356341673857
263 0.7838654012079379
264 0.7817083692838654
265 0.7808455565142364
266 0.7812769628990509
267 0.7868852459016393
268 0.7845125107851596
269 0.7866695427092321
270 0.7875323554788611
271 0.7899050905953409
272 0.7883951682484901
273 0.7877480586712683
274 0.7914150129421915
275 0.7909836065573771
276 0.7907679033649698
277 0.7911993097497843
278 0.7909836065573771
279 0.7950819672131147
280 0.7866695427092321
281 0.7855910267471958
282 0.7883951682484901
283 0.7877480586712683
284 0.7847282139775669
285 0.777825711820535
286 0.7793356341673857
287 0.7748058671268335
288 0.7771786022433133
289 0.7748058671268335
290 0.7750215703192407
291 0.7776100086281277
292 0.7767471958584987
293 0.775237273511648
294 0.7767471958584987
295 0.777825711820535
296 0.7808455565142364
297 0.7817083692838654
298 0.7806298533218292
299 0.7892579810181191
300 0.7780414150129422
301 0.7741587575496117
302 0.7797670405522001
303 0.7855910267471958
304 0.7868852459016393
305 0.7840811044003452
306 0.7838654012079379
307 0.7823554788610871
308 0.7840811044003452
309 0.7812769628990509
310 0.7892579810181191
311 0.7849439171699741
312 0.7823554788610871
313 0.7817083692838654
314 0.7862381363244176
315 0.7797670405522001
316 0.7722174288179465
317 0.7728645383951682
318 0.774374460742019
319 0.7722174288179465
320 0.774374460742019
321 0.7754529767040552
322 0.7756686798964625
323 0.7793356341673857
324 0.7763157894736842
325 0.774374460742019
326 0.7795513373597929
327 0.7795513373597929
328 0.7761000862812769
329 0.774374460742019
330 0.7758843830888698
331 0.7773943054357204
332 0.7765314926660914
333 0.7713546160483176
334 0.7707075064710958
335 0.7689818809318378
336 0.7681190681622088
337 0.7685504745470233
338 0.7696289905090595
339 0.770923209663503
340 0.7724331320103538
341 0.7763157894736842
342 0.7748058671268335
343 0.7784728213977566
344 0.7799827437446074
345 0.7763157894736842
346 0.7756686798964625
347 0.7773943054357204
348 0.780414150129422
349 0.776962899050906
350 0.7771786022433133
351 0.7791199309749784
352 0.7758843830888698
353 0.774374460742019
354 0.7756686798964625
355 0.7737273511647972
356 0.777825711820535
357 0.7791199309749784
358 0.7722174288179465
359 0.7773943054357204
360 0.7782571182053495
361 0.7704918032786885
362 0.7696289905090595
363 0.7722174288179465
364 0.7732959447799828
365 0.7704918032786885
366 0.7674719585849871
367 0.7687661777394306
368 0.770923209663503
369 0.7711389128559103
370 0.7801984469370147
371 0.777825711820535
372 0.776962899050906
373 0.7773943054357204
374 0.7754529767040552
375 0.7724331320103538
376 0.771786022433132
377 0.7711389128559103
378 0.7681190681622088
379 0.7711389128559103
380 0.774374460742019
381 0.7806298533218292
382 0.77351164797239
383 0.7825711820534944
384 0.7862381363244176
385 0.7911993097497843
386 0.7959447799827437
387 0.7950819672131147
388 0.7905522001725626
389 0.7886108714408974
390 0.7858067299396031
391 0.7875323554788611
392 0.7862381363244176
393 0.7903364969801553
394 0.7823554788610871
395 0.7830025884383088
396 0.7814926660914582
397 0.7905522001725626
398 0.7922778257118205
399 0.7948662640207075
400 0.7963761863675582
401 0.7920621225194133
402 0.7877480586712683
403 0.7879637618636756
404 0.792709232096635
405 0.7933563416738568
406 0.7991803278688525
407 0.797886108714409
408 0.7892579810181191
409 0.7914150129421915
410 0.793572044866264
411 0.7907679033649698
412 0.7899050905953409
413 0.796160483175151
414 0.7957290767903364
415 0.797886108714409
416 0.8004745470232959
417 0.7937877480586712
418 0.7937877480586712
419 0.794434857635893
420 0.7948662640207075
421 0.792709232096635
422 0.7918464193270061
423 0.7981018119068162
424 0.7946505608283002
425 0.792709232096635
426 0.7948662640207075
427 0.8017687661777394
428 0.8015530629853321
429 0.7983175150992234
430 0.7879637618636756
431 0.7894736842105263
432 0.7873166522864539
433 0.7875323554788611
434 0.7866695427092321
435 0.7881794650560828
436 0.7890422778257118
437 0.7914150129421915
438 0.8004745470232959
439 0.7991803278688525
440 0.7968075927523728
441 0.7955133735979293
442 0.7963761863675582
443 0.7959447799827437
444 0.7914150129421915
445 0.7881794650560828
446 0.7853753235547886
447 0.7836496980155306
448 0.7827868852459017
449 0.7855910267471958
450 0.7864538395168249
451 0.7877480586712683
452 0.7864538395168249
453 0.7847282139775669
454 0.7840811044003452
455 0.7907679033649698
456 0.7881794650560828
457 0.7916307161345988
458 0.7888265746333045
459 0.7890422778257118
460 0.7888265746333045
461 0.7942191544434858
462 0.7842968075927523
463 0.7886108714408974
464 0.7914150129421915
465 0.792709232096635
466 0.7985332182916307
467 0.7957290767903364
468 0.795297670405522
469 0.7918464193270061
470 0.7871009490940466
471 0.7860224331320104
472 0.7886108714408974
473 0.7855910267471958
474 0.7871009490940466
475 0.7909836065573771
476 0.792709232096635
477 0.7948662640207075
478 0.7950819672131147
479 0.7965918895599655
480 0.8024158757549612
481 0.8004745470232959
482 0.7970232959447799
483 0.7868852459016393
484 0.7892579810181191
485 0.7922778257118205
486 0.7911993097497843
487 0.7851596203623814
488 0.7819240724762726
489 0.7789042277825712
490 0.7836496980155306
491 0.7875323554788611
492 0.7836496980155306
493 0.7873166522864539
494 0.7823554788610871
495 0.7763157894736842
496 0.7730802415875755
497 0.7720017256255393
498 0.7728645383951682
499 0.774374460742019
500 0.776962899050906
501 0.7767471958584987
502 0.776962899050906
503 0.7786885245901639
504 0.7758843830888698
505 0.7810612597066436
506 0.7782571182053495
507 0.7808455565142364
508 0.7821397756686799
509 0.7890422778257118
510 0.7845125107851596
511 0.7899050905953409
512 0.7849439171699741
513 0.7823554788610871
514 0.7830025884383088
515 0.7836496980155306
516 0.7864538395168249
517 0.7823554788610871
518 0.7767471958584987
519 0.7791199309749784
520 0.7881794650560828
521 0.7879637618636756
522 0.7830025884383088
523 0.7793356341673857
524 0.776962899050906
525 0.7722174288179465
526 0.7754529767040552
527 0.7763157894736842
528 0.7786885245901639
529 0.7786885245901639
530 0.7812769628990509
531 0.7834339948231234
532 0.7836496980155306
533 0.7832182916307161
534 0.7821397756686799
535 0.7797670405522001
536 0.7819240724762726
537 0.7765314926660914
538 0.7748058671268335
539 0.7763157894736842
540 0.7748058671268335
541 0.770923209663503
542 0.768334771354616
543 0.7648835202761001
544 0.7659620362381363
545 0.7687661777394306
546 0.771786022433132
547 0.771786022433132
548 0.7750215703192407
549 0.7789042277825712
550 0.7720017256255393
551 0.7676876617773943
552 0.7689818809318378
553 0.7676876617773943
554 0.7694132873166523
555 0.7732959447799828
556 0.7745901639344263
557 0.7825711820534944
558 0.7840811044003452
559 0.7838654012079379
560 0.7871009490940466
561 0.7879637618636756
562 0.7825711820534944
563 0.776962899050906
564 0.7823554788610871
565 0.7756686798964625
566 0.7823554788610871
567 0.7830025884383088
568 0.7868852459016393
569 0.7834339948231234
570 0.7851596203623814
571 0.7877480586712683
572 0.7858067299396031
573 0.7849439171699741
574 0.7825711820534944
575 0.7782571182053495
576 0.7793356341673857
577 0.7810612597066436
578 0.7832182916307161
579 0.7903364969801553
580 0.7873166522864539
581 0.7853753235547886
582 0.7894736842105263
583 0.7922778257118205
584 0.7905522001725626
585 0.7948662640207075
586 0.7946505608283002
587 0.7862381363244176
588 0.7832182916307161
589 0.7855910267471958
590 0.7819240724762726
591 0.7849439171699741
592 0.7851596203623814
593 0.7853753235547886
594 0.7819240724762726
595 0.7845125107851596
596 0.7823554788610871
597 0.7890422778257118
598 0.7873166522864539
599 0.7827868852459017
600 0.7881794650560828
601 0.7849439171699741
602 0.7920621225194133
603 0.797886108714409
604 0.798748921484038
605 0.7998274374460742
606 0.8004745470232959
607 0.7985332182916307
608 0.7955133735979293
609 0.7976704055220017
610 0.7976704055220017
611 0.8011216566005177
612 0.8103968938740294
613 0.8045729076790337
614 0.8065142364106989
615 0.8119068162208801
616 0.8045729076790337
617 0.8011216566005177
618 0.7983175150992234
619 0.7905522001725626
620 0.7892579810181191
621 0.7892579810181191
622 0.7922778257118205
623 0.7909836065573771
624 0.7909836065573771
625 0.7896893874029336
626 0.7907679033649698
627 0.7847282139775669
628 0.7823554788610871
629 0.7866695427092321
630 0.7842968075927523
631 0.7858067299396031
632 0.7892579810181191
633 0.7799827437446074
634 0.776962899050906
635 0.7761000862812769
636 0.7797670405522001
637 0.7801984469370147
638 0.7832182916307161
639 0.7886108714408974
640 0.7842968075927523
641 0.7838654012079379
642 0.7784728213977566
643 0.7789042277825712
644 0.7765314926660914
645 0.7724331320103538
646 0.7756686798964625
647 0.7720017256255393
648 0.7711389128559103
649 0.7707075064710958
650 0.7681190681622088
651 0.7653149266609146
652 0.7622950819672131
653 0.7670405522001725
654 0.7707075064710958
655 0.7694132873166523
656 0.7713546160483176
657 0.7722174288179465
658 0.775237273511648
659 0.7750215703192407
660 0.7685504745470233
661 0.7607851596203624
662 0.7625107851596203
663 0.7601380500431406
664 0.7661777394305436
665 0.7681190681622088
666 0.7685504745470233
667 0.7689818809318378
668 0.7763157894736842
669 0.7789042277825712
670 0.7795513373597929
671 0.7801984469370147
672 0.7886108714408974
673 0.7851596203623814
674 0.7793356341673857
675 0.7858067299396031
676 0.7907679033649698
677 0.7853753235547886
678 0.7940034512510785
679 0.7920621225194133
680 0.7899050905953409
681 0.7948662640207075
682 0.794434857635893
683 0.7899050905953409
684 0.7890422778257118
685 0.7853753235547886
686 0.7834339948231234
687 0.7860224331320104
688 0.7827868852459017
689 0.7836496980155306
690 0.7832182916307161
691 0.7806298533218292
692 0.7920621225194133
693 0.7957290767903364
694 0.8032786885245902
695 0.795297670405522
696 0.7881794650560828
697 0.7855910267471958
698 0.7838654012079379
699 0.7797670405522001
700 0.7782571182053495
