1 0.0004314063848144953
2 0.0004314063848144953
3 0.0004314063848144953
4 0.0004314063848144953
5 0.0004314063848144953
6 0.0004314063848144953
7 0.0006471095772217428
8 0.0008628127696289905
9 0.0008628127696289905
10 0.0008628127696289905
11 0.0008628127696289905
12 0.0008628127696289905
13 0.0010785159620362382
14 0.0010785159620362382
15 0.0012942191544434857
16 0.0015099223468507334
17 0.0019413287316652286
18 0.0019413287316652286
19 0.001725625539257981
20 0.001725625539257981
21 0.001725625539257981
22 0.001725625539257981
23 0.0015099223468507334
24 0.0019413287316652286
25 0.0019413287316652286
26 0.0015099223468507334
27 0.0021570319240724763
28 0.0019413287316652286
29 0.0019413287316652286
30 0.0021570319240724763
31 0.002372735116479724
32 0.0019413287316652286
33 0.0019413287316652286
34 0.002372735116479724
35 0.002372735116479724
36 0.0025884383088869713
37 0.0028041415012942193
38 0.0030198446937014668
39 0.0036669542709232097
40 0.0036669542709232097
41 0.003451251078515962
42 0.003451251078515962
43 0.003882657463330457
44 0.003882657463330457
45 0.004314063848144953
46 0.004314063848144953
47 0.004745470232959448
48 0.0045297670405522
49 0.0045297670405522
50 0.004961173425366695
51 0.0056082830025884385
52 0.005823986194995686
53 0.0056082830025884385
54 0.005823986194995686
55 0.0060396893874029335
56 0.0064710957722174285
57 0.0060396893874029335
58 0.0056082830025884385
59 0.0056082830025884385
60 0.005823986194995686
61 0.0064710957722174285
62 0.006902502157031924
63 0.007118205349439172
64 0.007118205349439172
65 0.008843830888697153
66 0.007981018119068163
67 0.007765314926660914
68 0.007549611734253667
69 0.007981018119068163
70 0.00819672131147541
71 0.008412424503882658
72 0.009275237273511648
73 0.009275237273511648
74 0.00992234685073339
75 0.01100086281276963
76 0.01100086281276963
77 0.011432269197584125
78 0.01100086281276963
79 0.011216566005176877
80 0.011216566005176877
81 0.01100086281276963
82 0.011432269197584125
83 0.011647972389991372
84 0.01186367558239862
85 0.012079378774805867
86 0.012295081967213115
87 0.012295081967213115
88 0.012942191544434857
89 0.01272648835202761
90 0.01272648835202761
91 0.014667817083692839
92 0.014236410698878344
93 0.014452113891285591
94 0.014667817083692839
95 0.014883520276100086
96 0.015530629853321829
97 0.016177739430543573
98 0.016824849007765316
99 0.01725625539257981
100 0.019197584124245038
101 0.020060396893874028
102 0.019628990509059533
103 0.02092320966350302
104 0.02178602243313201
105 0.023295944779982744
106 0.02459016393442623
107 0.02545297670405522
108 0.02610008628127696
109 0.026747195858498704
110 0.02998274374460742
111 0.031708369283865404
112 0.03127696289905091
113 0.031061259706643658
114 0.033218291630716136
115 0.03451251078515962
116 0.036022433132010354
117 0.038395168248490076
118 0.040983606557377046
119 0.04357204486626402
120 0.04486626402070751
121 0.046807592752372736
122 0.04810181190681622
123 0.048533218291630716
124 0.0498274374460742
125 0.05263157894736842
126 0.056082830025884385
127 0.05823986194995686
128 0.05996548748921484
129 0.06233822260569456
130 0.06665228645383951
131 0.06643658326143227
132 0.06945642795513374
133 0.07139775668679896
134 0.07484900776531493
135 0.0774374460742019
136 0.07851596203623813
137 0.0811044003451251
138 0.08714408973252805
139 0.09124245038826574
140 0.09577221742881795
141 0.09879206212251941
142 0.10526315789473684
143 0.10871440897325281
144 0.11432269197584125
145 0.11518550474547024
146 0.11885245901639344
147 0.12402933563416739
148 0.12877480586712683
149 0.13395168248490077
150 0.13761863675582398
151 0.1408541846419327
152 0.14646246764452114
153 0.15163934426229508
154 0.15681622088006902
155 0.16479723899913717
156 0.1721311475409836
157 0.17752372735116478
158 0.1848576358930112
159 0.1919758412424504
160 0.19672131147540983
161 0.2042709232096635
162 0.21052631578947367
163 0.21937014667817084
164 0.2223899913718723
165 0.2277825711820535
166 0.23403796376186367
167 0.23986194995685936
168 0.24611734253666953
169 0.2530198446937015
170 0.26078515962036236
171 0.2689818809318378
172 0.27459016393442626
173 0.28062985332182916
174 0.29206212251941327
175 0.2981018119068162
176 0.3043572044866264
177 0.31039689387402936
178 0.317083692838654
179 0.3239861949956859
180 0.3302415875754961
181 0.3287316652286454
182 0.3356341673856773
183 0.3429680759275237
184 0.34987057808455563
185 0.362381363244176
186 0.365832614322692
187 0.3755392579810181
188 0.3798533218291631
189 0.3863244176013805
190 0.3975409836065574
191 0.4074633304572908
192 0.409404659188956
193 0.410267471958585
194 0.4197584124245039
195 0.4296807592752373
196 0.43766177739430545
197 0.43377911993097495
198 0.4411130284728214
199 0.44650560828300256
200 0.45362381363244175
201 0.4559965487489215
202 0.46484037963761865
203 0.4723899913718723
204 0.47346850733390855
205 0.47670405522001724
206 0.4777825711820535
207 0.48037100949094047
208 0.4868421052631579
209 0.4946074201898188
210 0.49633304572907677
211 0.502588438308887
212 0.5053925798101812
213 0.5131578947368421
214 0.5189818809318378
215 0.5202761000862812
216 0.5261000862812769
217 0.5323554788610871
218 0.5414150129421915
219 0.5465918895599655
220 0.5511216566005177
221 0.561044003451251
222 0.563632441760138
223 0.567946505608283
224 0.5698878343399483
225 0.5787316652286454
226 0.5793787748058671
227 0.5841242450388265
228 0.590595340811044
229 0.5927523727351165
230 0.594909404659189
231 0.5968507333908541
232 0.6015962036238136
233 0.6026747195858498
234 0.6089301121656601
235 0.6104400345125108
236 0.6089301121656601
237 0.6145383951682485
238 0.6171268334771355
239 0.6244607420189818
240 0.6283433994823123
241 0.6313632441760139
242 0.6352459016393442
243 0.6339516824849007
244 0.6361087144089732
245 0.6348144952545298
246 0.6374029335634167
247 0.6395599654874892
248 0.6455996548748921
249 0.6486194995685937
250 0.6566005176876618
251 0.653364969801553
252 0.6578947368421053
253 0.6604831751509922
254 0.6654443485763589
255 0.6708369283865401
256 0.6714840379637619
257 0.6783865401207938
258 0.6805435720448663
259 0.6807592752372735
260 0.6751509922346851
261 0.6796807592752373
262 0.6839948231233822
263 0.67946505608283
264 0.6792493528904228
265 0.6798964624676446
266 0.685504745470233
267 0.6924072476272649
268 0.6904659188955996
269 0.6880931837791199
270 0.6900345125107852
271 0.6930543572044866
272 0.6924072476272649
273 0.6980155306298533
274 0.7077221742881795
275 0.7079378774805867
276 0.7122519413287317
277 0.704702329594478
278 0.7092320966350302
279 0.7088006902502157
280 0.7148403796376186
281 0.7176445211389129
282 0.7262726488352028
283 0.7271354616048318
284 0.7288610871440897
285 0.7310181190681622
286 0.7295081967213115
287 0.7361949956859362
288 0.7405090595340811
289 0.7415875754961173
290 0.7459016393442623
291 0.7443917169974116
292 0.7379206212251941
293 0.7344693701466781
294 0.7364106988783434
295 0.7430974978429681
296 0.7398619499568594
297 0.7415875754961173
298 0.7398619499568594
299 0.7441760138050043
300 0.7495685936151855
301 0.7437446074201898
302 0.7433132010353753
303 0.7461173425366695
304 0.7411561691113029
305 0.7443917169974116
306 0.7452545297670405
307 0.7493528904227783
308 0.7553925798101812
309 0.7581967213114754
310 0.7601380500431406
311 0.7618636755823986
312 0.7635893011216566
313 0.7601380500431406
314 0.7672562553925798
315 0.7640207075064711
316 0.7566867989646247
317 0.752588438308887
318 0.7566867989646247
319 0.7588438308886971
320 0.756039689387403
321 0.75862812769629
322 0.7616479723899914
323 0.7599223468507333
324 0.7588438308886971
325 0.7556082830025884
326 0.7642364106988784
327 0.7640207075064711
328 0.7646678170836928
329 0.7668248490077653
330 0.7728645383951682
331 0.7676876617773943
332 0.7610008628127696
333 0.7663934426229508
334 0.7648835202761001
335 0.7687661777394306
336 0.768334771354616
337 0.7737273511647972
338 0.7741587575496117
339 0.7711389128559103
340 0.7674719585849871
341 0.7696289905090595
342 0.7694132873166523
343 0.7666091458153581
344 0.7663934426229508
345 0.7661777394305436
346 0.7635893011216566
347 0.7642364106988784
348 0.7666091458153581
349 0.7672562553925798
350 0.765746333045729
351 0.7642364106988784
352 0.7689818809318378
353 0.7711389128559103
354 0.7704918032786885
355 0.7629421915444349
356 0.7603537532355479
357 0.7679033649698016
358 0.7761000862812769
359 0.7728645383951682
360 0.7728645383951682
361 0.7819240724762726
362 0.7801984469370147
363 0.777825711820535
364 0.7793356341673857
365 0.7761000862812769
366 0.7799827437446074
367 0.7875323554788611
368 0.7799827437446074
369 0.7797670405522001
370 0.7801984469370147
371 0.7817083692838654
372 0.7791199309749784
373 0.7827868852459017
374 0.7821397756686799
375 0.776962899050906
376 0.7763157894736842
377 0.769197584124245
378 0.7696289905090595
379 0.7720017256255393
380 0.7732959447799828
381 0.7830025884383088
382 0.7909836065573771
383 0.793572044866264
384 0.7847282139775669
385 0.7840811044003452
386 0.7810612597066436
387 0.7855910267471958
388 0.7825711820534944
389 0.7825711820534944
390 0.7808455565142364
391 0.7814926660914582
392 0.7750215703192407
393 0.7786885245901639
394 0.776962899050906
395 0.77351164797239
396 0.7767471958584987
397 0.7836496980155306
398 0.7806298533218292
399 0.7767471958584987
400 0.7823554788610871
401 0.7840811044003452
402 0.7836496980155306
403 0.7877480586712683
404 0.7806298533218292
405 0.7748058671268335
406 0.7700603968938741
407 0.770923209663503
408 0.7758843830888698
409 0.7754529767040552
410 0.7739430543572045
411 0.7758843830888698
412 0.77351164797239
413 0.768334771354616
414 0.7687661777394306
415 0.7644521138912856
416 0.7696289905090595
417 0.7713546160483176
418 0.7722174288179465
419 0.7761000862812769
420 0.7771786022433133
421 0.7793356341673857
422 0.7864538395168249
423 0.7858067299396031
424 0.7886108714408974
425 0.7911993097497843
426 0.792709232096635
427 0.7886108714408974
428 0.7968075927523728
429 0.7985332182916307
430 0.7963761863675582
431 0.7920621225194133
432 0.7890422778257118
433 0.7914150129421915
434 0.7894736842105263
435 0.7903364969801553
436 0.7922778257118205
437 0.7881794650560828
438 0.7842968075927523
439 0.7834339948231234
440 0.7847282139775669
441 0.7864538395168249
442 0.7832182916307161
443 0.7836496980155306
444 0.7847282139775669
445 0.7931406384814496
446 0.7903364969801553
447 0.7892579810181191
448 0.7879637618636756
449 0.7940034512510785
450 0.7860224331320104
451 0.7812769628990509
452 0.7830025884383088
453 0.7814926660914582
454 0.7830025884383088
455 0.7845125107851596
456 0.7855910267471958
457 0.7862381363244176
458 0.7840811044003452
459 0.7836496980155306
460 0.7830025884383088
461 0.7812769628990509
462 0.7845125107851596
463 0.7838654012079379
464 0.7858067299396031
465 0.7817083692838654
466 0.7776100086281277
467 0.7793356341673857
468 0.7756686798964625
469 0.7707075064710958
470 0.7754529767040552
471 0.7845125107851596
472 0.7845125107851596
473 0.7853753235547886
474 0.7801984469370147
475 0.7782571182053495
476 0.7754529767040552
477 0.769197584124245
478 0.7823554788610871
479 0.7836496980155306
480 0.7823554788610871
481 0.7806298533218292
482 0.7748058671268335
483 0.7773943054357204
484 0.7722174288179465
485 0.7722174288179465
486 0.7771786022433133
487 0.7797670405522001
488 0.7741587575496117
489 0.7728645383951682
490 0.7728645383951682
491 0.7758843830888698
492 0.7720017256255393
493 0.7784728213977566
494 0.772648835202761
495 0.7801984469370147
496 0.7791199309749784
497 0.777825711820535
498 0.7761000862812769
499 0.7821397756686799
500 0.7782571182053495
501 0.7814926660914582
502 0.7793356341673857
503 0.7814926660914582
504 0.7732959447799828
505 0.7711389128559103
506 0.7741587575496117
507 0.7715703192407247
508 0.7674719585849871
509 0.7720017256255393
510 0.7715703192407247
511 0.774374460742019
512 0.7795513373597929
513 0.7836496980155306
514 0.7879637618636756
515 0.7819240724762726
516 0.7812769628990509
517 0.7776100086281277
518 0.7845125107851596
519 0.7894736842105263
520 0.7832182916307161
521 0.7789042277825712
522 0.7827868852459017
523 0.7821397756686799
524 0.7877480586712683
525 0.7903364969801553
526 0.790120793787748
527 0.7942191544434858
528 0.7922778257118205
529 0.7883951682484901
530 0.7827868852459017
531 0.7823554788610871
532 0.776962899050906
533 0.7771786022433133
534 0.7711389128559103
535 0.7754529767040552
536 0.7737273511647972
537 0.769197584124245
538 0.7720017256255393
539 0.7763157894736842
540 0.7756686798964625
541 0.7795513373597929
542 0.7817083692838654
543 0.7858067299396031
544 0.7875323554788611
545 0.7877480586712683
546 0.7801984469370147
547 0.7780414150129422
548 0.7789042277825712
549 0.7825711820534944
550 0.7842968075927523
551 0.7873166522864539
552 0.7896893874029336
553 0.7838654012079379
554 0.7877480586712683
555 0.7886108714408974
556 0.7922778257118205
557 0.7940034512510785
558 0.7849439171699741
559 0.7827868852459017
560 0.7838654012079379
561 0.7780414150129422
562 0.7789042277825712
563 0.780414150129422
564 0.7853753235547886
565 0.7853753235547886
566 0.7834339948231234
567 0.7806298533218292
568 0.7812769628990509
569 0.7866695427092321
570 0.7840811044003452
571 0.7823554788610871
572 0.7810612597066436
573 0.7819240724762726
574 0.7834339948231234
575 0.7830025884383088
576 0.7838654012079379
577 0.7849439171699741
578 0.7845125107851596
579 0.790120793787748
580 0.7819240724762726
581 0.7741587575496117
582 0.7771786022433133
583 0.7750215703192407
584 0.7741587575496117
585 0.775237273511648
586 0.7784728213977566
587 0.7761000862812769
588 0.7758843830888698
589 0.7786885245901639
590 0.7812769628990509
591 0.7819240724762726
592 0.7853753235547886
593 0.7858067299396031
594 0.7899050905953409
595 0.790120793787748
596 0.7888265746333045
597 0.8015530629853321
598 0.795297670405522
599 0.7886108714408974
600 0.7911993097497843
601 0.7974547023295945
602 0.7985332182916307
603 0.7991803278688525
604 0.8019844693701467
605 0.801337359792925
606 0.794434857635893
607 0.7905522001725626
608 0.7877480586712683
609 0.790120793787748
610 0.7890422778257118
611 0.795297670405522
612 0.7974547023295945
613 0.8022001725625539
614 0.8002588438308887
615 0.8032786885245902
616 0.7983175150992234
617 0.7991803278688525
618 0.7981018119068162
619 0.7959447799827437
620 0.7970232959447799
621 0.792709232096635
622 0.7881794650560828
623 0.7881794650560828
624 0.7896893874029336
625 0.7905522001725626
626 0.793572044866264
627 0.792709232096635
628 0.7894736842105263
629 0.7937877480586712
630 0.7916307161345988
631 0.7924935289042278
632 0.7970232959447799
633 0.7931406384814496
634 0.7909836065573771
635 0.7905522001725626
636 0.7946505608283002
637 0.7931406384814496
638 0.7899050905953409
639 0.7899050905953409
640 0.7905522001725626
641 0.7827868852459017
642 0.7868852459016393
643 0.7877480586712683
644 0.7894736842105263
645 0.792709232096635
646 0.7933563416738568
647 0.7940034512510785
648 0.796160483175151
649 0.8006902502157032
650 0.8043572044866264
651 0.8088869715271786
652 0.8080241587575496
653 0.8009059534081104
654 0.8043572044866264
655 0.801337359792925
656 0.7989646246764452
657 0.797886108714409
658 0.7946505608283002
659 0.7877480586712683
660 0.7974547023295945
661 0.7985332182916307
662 0.8009059534081104
663 0.7996117342536669
664 0.796160483175151
665 0.794434857635893
666 0.8015530629853321
667 0.798748921484038
668 0.792709232096635
669 0.7916307161345988
670 0.7929249352890423
671 0.7860224331320104
672 0.7855910267471958
673 0.7814926660914582
674 0.7877480586712683
675 0.7877480586712683
676 0.7871009490940466
677 0.7821397756686799
678 0.7894736842105263
679 0.7907679033649698
680 0.7886108714408974
681 0.793572044866264
682 0.7879637618636756
683 0.7950819672131147
684 0.792709232096635
685 0.7905522001725626
686 0.7836496980155306
687 0.7890422778257118
688 0.7916307161345988
689 0.7855910267471958
690 0.7851596203623814
691 0.7868852459016393
692 0.7849439171699741
693 0.7909836065573771
694 0.7873166522864539
695 0.7855910267471958
696 0.7806298533218292
697 0.7810612597066436
698 0.7845125107851596
699 0.7838654012079379
700 0.7842968075927523
