1 0.0008628127696289905
2 0.001725625539257981
3 0.0025884383088869713
4 0.0030198446937014668
5 0.003451251078515962
6 0.004314063848144953
7 0.004961173425366695
8 0.005823986194995686
9 0.007118205349439172
10 0.007981018119068163
11 0.009706643658326143
12 0.010785159620362382
13 0.012942191544434857
14 0.016609145815358068
15 0.017687661777394306
16 0.01984469370146678
17 0.023080241587575497
18 0.02437446074201898
19 0.026531492666091457
20 0.028904227782571183
21 0.031708369283865404
22 0.03451251078515962
23 0.03882657463330457
24 0.04378774805867127
25 0.048533218291630716
26 0.05392579810181191
27 0.05672993960310613
28 0.06169111302847282
29 0.06708369283865401
30 0.07226056945642796
31 0.07635893011216566
32 0.08067299396031061
33 0.0860655737704918
34 0.09404659188955997
35 0.09987057808455566
36 0.10547886108714409
37 0.10893011216566005
38 0.11647972389991372
39 0.12683347713546161
40 0.13395168248490077
41 0.13805004314063848
42 0.14732528041415013
43 0.15163934426229508
44 0.15962036238136323
45 0.16587575496117343
46 0.1721311475409836
47 0.17838654012079377
48 0.1848576358930112
49 0.1902502157031924
50 0.1952113891285591
51 0.2070750647109577
52 0.21678170836928387
53 0.22303710094909404
54 0.23015530629853323
55 0.23705780845556515
56 0.2487057808455565
57 0.2586281276962899
58 0.26509922346850734
59 0.2756686798964625
60 0.27933563416738566
61 0.2830025884383089
62 0.29206212251941327
63 0.30414150129421913
64 0.31233822260569455
65 0.3233390854184642
66 0.33218291630716135
67 0.33541846419327004
68 0.3468507333908542
69 0.3483606557377049
70 0.3569887834339948
71 0.3656169111302847
72 0.3716566005176877
73 0.38373597929249353
74 0.3927955133735979
75 0.3984037963761864
76 0.40962036238136323
77 0.4184641932700604
78 0.4199741156169111
79 0.4253666954270923
80 0.42817083692838653
81 0.4402502157031924
82 0.4510353753235548
83 0.457290767903365
84 0.46225194132873165
85 0.47217428817946505
86 0.48662640207075064
87 0.49352890422778256
88 0.5040983606557377
89 0.5075496117342536
90 0.5084124245038827
91 0.5146678170836928
92 0.5170405522001725
93 0.5215703192407247
94 0.5293356341673857
95 0.5386108714408974
96 0.5392579810181191
97 0.5459447799827437
98 0.5491803278688525
99 0.5562985332182916
100 0.5621225194132873
101 0.5677308024158757
102 0.57053494391717
103 0.5739861949956859
104 0.5776531492666092
105 0.5791630716134599
106 0.5864969801553063
107 0.5959879206212252
108 0.5962036238136325
109 0.6024590163934426
110 0.6082830025884383
111 0.6266177739430544
112 0.6287748058671269
113 0.6330888697152718
114 0.635893011216566
115 0.6361087144089732
116 0.6378343399482312
117 0.6438740293356342
118 0.6473252804141502
119 0.6509922346850734
120 0.6568162208800691
121 0.6587575496117343
122 0.6589732528041415
123 0.6654443485763589
124 0.6647972389991372
125 0.6673856773080241
126 0.6699741156169111
127 0.6706212251941329
128 0.6710526315789473
129 0.6673856773080241
130 0.6788179465056083
131 0.681190681622088
132 0.6818377911993098
133 0.6831320103537533
134 0.6887402933563417
135 0.6913287316652287
136 0.6921915444348576
137 0.6930543572044866
138 0.6967213114754098
139 0.7010353753235548
140 0.701251078515962
141 0.7044866264020707
142 0.7034081104400345
143 0.7031924072476272
144 0.7051337359792925
145 0.7018981880931838
146 0.7049180327868853
147 0.709879206212252
148 0.7174288179465056
149 0.7228213977566867
150 0.7210957722174288
151 0.7210957722174288
152 0.7238999137187231
153 0.7223899913718723
154 0.7206643658326143
155 0.7284296807592753
156 0.7232528041415013
157 0.7249784296807593
158 0.722174288179465
159 0.7116048317515099
160 0.7165660051768766
161 0.7228213977566867
162 0.7279982743744607
163 0.7340379637618637
164 0.7320966350301984
165 0.7349007765314927
166 0.74137187230371
167 0.7387834339948232
168 0.7346850733390854
169 0.7329594477998275
170 0.7327437446074202
171 0.7357635893011216
172 0.7387834339948232
173 0.7459016393442623
174 0.751725625539258
175 0.7519413287316652
176 0.7584124245038827
177 0.7612165660051768
178 0.7620793787748059
179 0.7655306298533219
180 0.7655306298533219
181 0.7696289905090595
182 0.7704918032786885
183 0.7707075064710958
184 0.7659620362381363
185 0.7748058671268335
186 0.7789042277825712
187 0.7801984469370147
188 0.7782571182053495
189 0.7741587575496117
190 0.769197584124245
191 0.7698446937014668
192 0.7681190681622088
193 0.7696289905090595
194 0.7646678170836928
195 0.7715703192407247
196 0.7685504745470233
197 0.7720017256255393
198 0.765746333045729
199 0.7631578947368421
200 0.7597066436583262
201 0.7700603968938741
202 0.7670405522001725
203 0.7674719585849871
204 0.7689818809318378
205 0.7741587575496117
206 0.7730802415875755
207 0.7773943054357204
208 0.780414150129422
209 0.7827868852459017
210 0.7810612597066436
211 0.7823554788610871
212 0.7832182916307161
213 0.780414150129422
214 0.7799827437446074
215 0.7767471958584987
216 0.7791199309749784
217 0.7789042277825712
218 0.7817083692838654
219 0.7851596203623814
220 0.7782571182053495
221 0.7789042277825712
222 0.77351164797239
223 0.7786885245901639
224 0.774374460742019
225 0.7756686798964625
226 0.771786022433132
227 0.7720017256255393
228 0.776962899050906
229 0.7696289905090595
230 0.7793356341673857
231 0.7797670405522001
232 0.7851596203623814
233 0.7812769628990509
234 0.7808455565142364
235 0.7791199309749784
236 0.7795513373597929
237 0.7823554788610871
238 0.7799827437446074
239 0.7838654012079379
240 0.7825711820534944
241 0.7806298533218292
242 0.7847282139775669
243 0.7838654012079379
244 0.7832182916307161
245 0.7845125107851596
246 0.7858067299396031
247 0.7836496980155306
248 0.7851596203623814
249 0.7814926660914582
250 0.7780414150129422
251 0.7830025884383088
252 0.7773943054357204
253 0.7780414150129422
254 0.7786885245901639
255 0.7836496980155306
256 0.7864538395168249
257 0.7791199309749784
258 0.7754529767040552
259 0.7761000862812769
260 0.7763157894736842
261 0.7806298533218292
262 0.7801984469370147
263 0.7836496980155306
264 0.7845125107851596
265 0.7896893874029336
266 0.7883951682484901
267 0.7873166522864539
268 0.7825711820534944
269 0.7819240724762726
270 0.7786885245901639
271 0.7847282139775669
272 0.7840811044003452
273 0.7888265746333045
274 0.792709232096635
275 0.7931406384814496
276 0.7914150129421915
277 0.7868852459016393
278 0.7877480586712683
279 0.7879637618636756
280 0.7879637618636756
281 0.7862381363244176
282 0.7821397756686799
283 0.7855910267471958
284 0.7881794650560828
285 0.7866695427092321
286 0.780414150129422
287 0.7832182916307161
288 0.7862381363244176
289 0.7907679033649698
290 0.795297670405522
291 0.7842968075927523
292 0.7814926660914582
293 0.7819240724762726
294 0.7791199309749784
295 0.7786885245901639
296 0.7786885245901639
297 0.7782571182053495
298 0.7767471958584987
299 0.7758843830888698
300 0.775237273511648
301 0.7758843830888698
302 0.7793356341673857
303 0.7750215703192407
304 0.7713546160483176
305 0.774374460742019
306 0.7700603968938741
307 0.7679033649698016
308 0.7720017256255393
309 0.7799827437446074
310 0.7836496980155306
311 0.7883951682484901
312 0.7866695427092321
313 0.7860224331320104
314 0.7830025884383088
315 0.7840811044003452
316 0.7899050905953409
317 0.7940034512510785
318 0.7948662640207075
319 0.7873166522864539
320 0.7888265746333045
321 0.7886108714408974
322 0.7946505608283002
323 0.7929249352890423
324 0.7899050905953409
325 0.7896893874029336
326 0.7877480586712683
327 0.7886108714408974
328 0.7845125107851596
329 0.7821397756686799
330 0.7793356341673857
331 0.7758843830888698
332 0.7767471958584987
333 0.7789042277825712
334 0.7780414150129422
335 0.7786885245901639
336 0.7773943054357204
337 0.7834339948231234
338 0.7817083692838654
339 0.7814926660914582
340 0.7840811044003452
341 0.7808455565142364
342 0.7795513373597929
343 0.7819240724762726
344 0.7830025884383088
345 0.7832182916307161
346 0.7836496980155306
347 0.7834339948231234
348 0.7845125107851596
349 0.7825711820534944
350 0.7830025884383088
351 0.7834339948231234
352 0.7866695427092321
353 0.7801984469370147
354 0.7810612597066436
355 0.7819240724762726
356 0.780414150129422
357 0.7823554788610871
358 0.7791199309749784
359 0.7801984469370147
360 0.7810612597066436
361 0.7786885245901639
362 0.7767471958584987
363 0.7765314926660914
364 0.7793356341673857
365 0.7819240724762726
366 0.7838654012079379
367 0.7851596203623814
368 0.7875323554788611
369 0.7905522001725626
370 0.7970232959447799
371 0.7970232959447799
372 0.798748921484038
373 0.7937877480586712
374 0.7905522001725626
375 0.7937877480586712
376 0.7905522001725626
377 0.7896893874029336
378 0.7899050905953409
379 0.7840811044003452
380 0.7862381363244176
381 0.7827868852459017
382 0.7821397756686799
383 0.7836496980155306
384 0.7873166522864539
385 0.7786885245901639
386 0.7773943054357204
387 0.7784728213977566
388 0.7758843830888698
389 0.774374460742019
390 0.7685504745470233
391 0.774374460742019
392 0.772648835202761
393 0.7780414150129422
394 0.7758843830888698
395 0.7750215703192407
396 0.7730802415875755
397 0.7739430543572045
398 0.770923209663503
399 0.7696289905090595
400 0.7732959447799828
401 0.7776100086281277
402 0.7868852459016393
403 0.7784728213977566
404 0.7799827437446074
405 0.7773943054357204
406 0.7789042277825712
407 0.7765314926660914
408 0.7789042277825712
409 0.777825711820535
410 0.7810612597066436
411 0.7780414150129422
412 0.7825711820534944
413 0.7860224331320104
414 0.7808455565142364
415 0.7789042277825712
416 0.7791199309749784
417 0.7756686798964625
418 0.7821397756686799
419 0.7821397756686799
420 0.7754529767040552
421 0.772648835202761
422 0.7776100086281277
423 0.7823554788610871
424 0.7832182916307161
425 0.7871009490940466
426 0.7842968075927523
427 0.7845125107851596
428 0.7823554788610871
429 0.7877480586712683
430 0.7937877480586712
431 0.7911993097497843
432 0.796160483175151
433 0.7959447799827437
434 0.7983175150992234
435 0.7968075927523728
436 0.794434857635893
437 0.7937877480586712
438 0.7924935289042278
439 0.7890422778257118
440 0.7864538395168249
441 0.7830025884383088
442 0.7806298533218292
443 0.7793356341673857
444 0.7801984469370147
445 0.7834339948231234
446 0.7868852459016393
447 0.7881794650560828
448 0.7886108714408974
449 0.7879637618636756
450 0.7827868852459017
451 0.7782571182053495
452 0.7834339948231234
453 0.7761000862812769
454 0.7758843830888698
455 0.774374460742019
456 0.7732959447799828
457 0.7786885245901639
458 0.7810612597066436
459 0.7795513373597929
460 0.7886108714408974
461 0.7849439171699741
462 0.7894736842105263
463 0.7830025884383088
464 0.7838654012079379
465 0.7875323554788611
466 0.7862381363244176
467 0.7810612597066436
468 0.7808455565142364
469 0.7834339948231234
470 0.7851596203623814
471 0.7821397756686799
472 0.7851596203623814
473 0.7875323554788611
474 0.7905522001725626
475 0.7780414150129422
476 0.7737273511647972
477 0.7739430543572045
478 0.7773943054357204
479 0.7771786022433133
480 0.7737273511647972
481 0.7765314926660914
482 0.7812769628990509
483 0.7823554788610871
484 0.7868852459016393
485 0.7868852459016393
486 0.7866695427092321
487 0.7845125107851596
488 0.7780414150129422
489 0.772648835202761
490 0.7791199309749784
491 0.7827868852459017
492 0.7773943054357204
493 0.7756686798964625
494 0.7789042277825712
495 0.7801984469370147
496 0.7799827437446074
497 0.7845125107851596
498 0.7810612597066436
499 0.7782571182053495
500 0.7830025884383088
501 0.7808455565142364
502 0.7789042277825712
503 0.7830025884383088
504 0.7842968075927523
505 0.7786885245901639
506 0.777825711820535
507 0.7847282139775669
508 0.7817083692838654
509 0.7840811044003452
510 0.7825711820534944
511 0.7888265746333045
512 0.7890422778257118
513 0.7957290767903364
514 0.7929249352890423
515 0.7877480586712683
516 0.7868852459016393
517 0.7866695427092321
518 0.7879637618636756
519 0.7825711820534944
520 0.7793356341673857
521 0.7862381363244176
522 0.7855910267471958
523 0.7896893874029336
524 0.7924935289042278
525 0.7924935289042278
526 0.7879637618636756
527 0.7814926660914582
528 0.7845125107851596
529 0.7810612597066436
530 0.7909836065573771
531 0.7860224331320104
532 0.7899050905953409
533 0.7866695427092321
534 0.7834339948231234
535 0.7851596203623814
536 0.7845125107851596
537 0.7821397756686799
538 0.7754529767040552
539 0.771786022433132
540 0.7756686798964625
541 0.7849439171699741
542 0.7888265746333045
543 0.7911993097497843
544 0.7888265746333045
545 0.7858067299396031
546 0.7920621225194133
547 0.7896893874029336
548 0.7858067299396031
549 0.7920621225194133
550 0.793572044866264
551 0.7909836065573771
552 0.7864538395168249
553 0.7851596203623814
554 0.7795513373597929
555 0.7801984469370147
556 0.7821397756686799
557 0.7838654012079379
558 0.7819240724762726
559 0.7825711820534944
560 0.7789042277825712
561 0.7821397756686799
562 0.7853753235547886
563 0.7875323554788611
564 0.7860224331320104
565 0.7773943054357204
566 0.7795513373597929
567 0.7773943054357204
568 0.775237273511648
569 0.7810612597066436
570 0.7776100086281277
571 0.7799827437446074
572 0.7791199309749784
573 0.7786885245901639
574 0.7806298533218292
575 0.7780414150129422
576 0.7825711820534944
577 0.780414150129422
578 0.7810612597066436
579 0.780414150129422
580 0.7858067299396031
581 0.7879637618636756
582 0.7823554788610871
583 0.7864538395168249
584 0.7858067299396031
585 0.7842968075927523
586 0.7819240724762726
587 0.7849439171699741
588 0.7786885245901639
589 0.7797670405522001
590 0.7780414150129422
591 0.7799827437446074
592 0.7754529767040552
593 0.7819240724762726
594 0.7860224331320104
595 0.7871009490940466
596 0.7894736842105263
597 0.7840811044003452
598 0.7914150129421915
599 0.7905522001725626
600 0.7853753235547886
601 0.7860224331320104
602 0.7864538395168249
603 0.7899050905953409
604 0.7886108714408974
605 0.7931406384814496
606 0.7931406384814496
607 0.7894736842105263
608 0.7948662640207075
609 0.7855910267471958
610 0.7830025884383088
611 0.7825711820534944
612 0.7806298533218292
613 0.7877480586712683
614 0.7875323554788611
615 0.7920621225194133
616 0.7890422778257118
617 0.7825711820534944
618 0.7914150129421915
619 0.7894736842105263
620 0.7868852459016393
621 0.7881794650560828
622 0.7929249352890423
623 0.7937877480586712
624 0.793572044866264
625 0.7916307161345988
626 0.7907679033649698
627 0.7819240724762726
628 0.7827868852459017
629 0.7812769628990509
630 0.772648835202761
631 0.7720017256255393
632 0.7707075064710958
633 0.7720017256255393
634 0.7702761000862812
635 0.7789042277825712
636 0.780414150129422
637 0.7771786022433133
638 0.7789042277825712
639 0.7776100086281277
640 0.7784728213977566
641 0.7763157894736842
642 0.7789042277825712
643 0.7810612597066436
644 0.7832182916307161
645 0.7810612597066436
646 0.7834339948231234
647 0.7832182916307161
648 0.7868852459016393
649 0.7845125107851596
650 0.7797670405522001
651 0.7832182916307161
652 0.7853753235547886
653 0.7879637618636756
654 0.7890422778257118
655 0.7957290767903364
656 0.7918464193270061
657 0.7942191544434858
658 0.793572044866264
659 0.790120793787748
660 0.7866695427092321
661 0.7855910267471958
662 0.7888265746333045
663 0.7890422778257118
664 0.7946505608283002
665 0.7909836065573771
666 0.7905522001725626
667 0.7877480586712683
668 0.7881794650560828
669 0.7797670405522001
670 0.7812769628990509
671 0.7756686798964625
672 0.7801984469370147
673 0.7810612597066436
674 0.7832182916307161
675 0.7793356341673857
676 0.7795513373597929
677 0.7795513373597929
678 0.7748058671268335
679 0.7750215703192407
680 0.7765314926660914
681 0.7791199309749784
682 0.7853753235547886
683 0.7821397756686799
684 0.7808455565142364
685 0.7750215703192407
686 0.7756686798964625
687 0.7724331320103538
688 0.7761000862812769
689 0.7776100086281277
690 0.777825711820535
691 0.7840811044003452
692 0.7819240724762726
693 0.7860224331320104
694 0.7845125107851596
695 0.7868852459016393
696 0.7840811044003452
697 0.7823554788610871
698 0.7814926660914582
699 0.7838654012079379
700 0.7838654012079379
