1 0.0004314063848144953
2 0.0004314063848144953
3 0.0008628127696289905
4 0.0008628127696289905
5 0.001725625539257981
6 0.0025884383088869713
7 0.003882657463330457
8 0.004745470232959448
9 0.006255392579810181
10 0.00819672131147541
11 0.010353753235547885
12 0.014452113891285591
13 0.01725625539257981
14 0.018766177739430543
15 0.020491803278688523
16 0.02372735116479724
17 0.025884383088869714
18 0.02911993097497843
19 0.032571182053494394
20 0.03817946505608283
21 0.0407679033649698
22 0.04292493528904228
23 0.047670405522001726
24 0.04918032786885246
25 0.05241587575496117
26 0.05672993960310613
27 0.06363244176013805
28 0.06988783433994823
29 0.0774374460742019
30 0.08239861949956859
31 0.08930112165660052
32 0.0942622950819672
33 0.09879206212251941
34 0.1050474547023296
35 0.11561691113028473
36 0.12144089732528042
37 0.1264020707506471
38 0.13459879206212252
39 0.14279551337359792
40 0.1458153580672994
41 0.15142364106988784
42 0.15918895599654875
43 0.16522864538395168
44 0.17450388265746333
45 0.18313201035375323
46 0.18874029335634168
47 0.19499568593615185
48 0.20189818809318377
49 0.21095772217428818
50 0.21678170836928387
51 0.2228213977566868
52 0.23101811906816222
53 0.2392148403796376
54 0.24525452976704054
55 0.254314063848145
56 0.2631578947368421
57 0.2644521138912856
58 0.2681190681622088
59 0.2784728213977567
60 0.2845125107851596
61 0.29551337359792923
62 0.30176876617773946
63 0.30629853321829165
64 0.32226056945642795
65 0.33088869715271785
66 0.33541846419327004
67 0.3451251078515962
68 0.3528904227782571
69 0.3513805004314064
70 0.3595772217428818
71 0.3697152717860224
72 0.3815789473684211
73 0.386755823986195
74 0.3962467644521139
75 0.4053062985332183
76 0.4154443485763589
77 0.42364106988783434
78 0.4316220880069025
79 0.4385245901639344
80 0.4432700603968939
81 0.4497411561691113
82 0.45772217428817946
83 0.4659188955996549
84 0.47627264883520276
85 0.4818809318377912
86 0.4887834339948231
87 0.49223468507333906
88 0.4930974978429681
89 0.4930974978429681
90 0.5006471095772217
91 0.5010785159620362
92 0.5092752372735116
93 0.5170405522001725
94 0.5204918032786885
95 0.5228645383951682
96 0.5254529767040552
97 0.5310612597066436
98 0.5362381363244176
99 0.5442191544434858
100 0.5446505608283002
101 0.5489646246764452
102 0.5560828300258844
103 0.5642795513373597
104 0.5638481449525453
105 0.567083692838654
106 0.573123382226057
107 0.5798101811906816
108 0.5869283865401208
109 0.5873597929249353
110 0.5970664365832614
111 0.5959879206212252
112 0.5983606557377049
113 0.5955565142364107
114 0.5992234685073339
115 0.6044003451251079
116 0.6089301121656601
117 0.6054788610871441
118 0.616695427092321
119 0.6177739430543572
120 0.6212251941328731
121 0.6257549611734253
122 0.6229508196721312
123 0.6264020707506471
124 0.6231665228645384
125 0.6227351164797239
126 0.6244607420189818
127 0.631578947368421
128 0.6384814495254529
129 0.6438740293356342
130 0.6484037963761864
131 0.6451682484900777
132 0.6466781708369284
133 0.6468938740293356
134 0.6529335634167386
135 0.65595340811044
136 0.6488352027610008
137 0.6531492666091459
138 0.6578947368421053
139 0.6647972389991372
140 0.6708369283865401
141 0.6757981018119068
142 0.6798964624676446
143 0.6846419327006039
144 0.683779119930975
145 0.6887402933563417
146 0.6921915444348576
147 0.6921915444348576
148 0.6902502157031924
149 0.6921915444348576
150 0.6988783433994823
151 0.7014667817083693
152 0.698662640207075
153 0.6958584987057809
154 0.7027610008628128
155 0.706427955133736
156 0.7016824849007766
157 0.7036238136324418
158 0.7068593615185504
159 0.7077221742881795
160 0.7040552200172563
161 0.702113891285591
162 0.7077221742881795
163 0.7176445211389129
164 0.7226056945642796
165 0.723037100949094
166 0.7269197584124245
167 0.7258412424503883
168 0.7232528041415013
169 0.7236842105263158
170 0.7238999137187231
171 0.72648835202761
172 0.7292924935289042
173 0.7301553062985332
174 0.7275668679896462
175 0.725625539257981
176 0.7284296807592753
177 0.7320966350301984
178 0.7407247627264884
179 0.7329594477998275
180 0.7329594477998275
181 0.7323123382226057
182 0.7344693701466781
183 0.7323123382226057
184 0.7409404659188956
185 0.7370578084555651
186 0.7374892148403797
187 0.7344693701466781
188 0.7303710094909405
189 0.7361949956859362
190 0.7430974978429681
191 0.7418032786885246
192 0.7454702329594478
193 0.7512942191544435
194 0.7590595340811044
195 0.7629421915444349
196 0.7711389128559103
197 0.765746333045729
198 0.7711389128559103
199 0.769197584124245
200 0.7620793787748059
201 0.7638050043140638
202 0.7633735979292493
203 0.7700603968938741
204 0.7635893011216566
205 0.7642364106988784
206 0.7610008628127696
207 0.765746333045729
208 0.7704918032786885
209 0.7737273511647972
210 0.7722174288179465
211 0.7793356341673857
212 0.7842968075927523
213 0.7825711820534944
214 0.7791199309749784
215 0.780414150129422
216 0.7771786022433133
217 0.7748058671268335
218 0.7756686798964625
219 0.7765314926660914
220 0.7773943054357204
221 0.7814926660914582
222 0.7756686798964625
223 0.7763157894736842
224 0.7763157894736842
225 0.7767471958584987
226 0.776962899050906
227 0.7801984469370147
228 0.7795513373597929
229 0.7765314926660914
230 0.7771786022433133
231 0.769197584124245
232 0.771786022433132
233 0.7685504745470233
234 0.7732959447799828
235 0.7668248490077653
236 0.7741587575496117
237 0.7748058671268335
238 0.7713546160483176
239 0.7737273511647972
240 0.770923209663503
241 0.7666091458153581
242 0.7700603968938741
243 0.770923209663503
244 0.7694132873166523
245 0.7696289905090595
246 0.7672562553925798
247 0.7653149266609146
248 0.7627264883520276
249 0.7627264883520276
250 0.7614322691975841
251 0.7618636755823986
252 0.7631578947368421
253 0.7612165660051768
254 0.75862812769629
255 0.7603537532355479
256 0.7640207075064711
257 0.7646678170836928
258 0.765746333045729
259 0.7698446937014668
260 0.7702761000862812
261 0.77351164797239
262 0.7761000862812769
263 0.772648835202761
264 0.7707075064710958
265 0.7689818809318378
266 0.7801984469370147
267 0.7776100086281277
268 0.7817083692838654
269 0.7825711820534944
270 0.7786885245901639
271 0.7808455565142364
272 0.7868852459016393
273 0.7875323554788611
274 0.7888265746333045
275 0.7879637618636756
276 0.7847282139775669
277 0.7890422778257118
278 0.7853753235547886
279 0.7853753235547886
280 0.7840811044003452
281 0.7806298533218292
282 0.7791199309749784
283 0.7795513373597929
284 0.7795513373597929
285 0.7812769628990509
286 0.7799827437446074
287 0.7801984469370147
288 0.7814926660914582
289 0.7793356341673857
290 0.7741587575496117
291 0.7750215703192407
292 0.7763157894736842
293 0.7791199309749784
294 0.776962899050906
295 0.7707075064710958
296 0.7728645383951682
297 0.7754529767040552
298 0.7814926660914582
299 0.7776100086281277
300 0.7789042277825712
301 0.7883951682484901
302 0.7929249352890423
303 0.7899050905953409
304 0.7847282139775669
305 0.7799827437446074
306 0.7860224331320104
307 0.7860224331320104
308 0.7840811044003452
309 0.7883951682484901
310 0.7883951682484901
311 0.7886108714408974
312 0.7899050905953409
313 0.7866695427092321
314 0.7905522001725626
315 0.7840811044003452
316 0.7814926660914582
317 0.7860224331320104
318 0.7918464193270061
319 0.7896893874029336
320 0.792709232096635
321 0.7907679033649698
322 0.7914150129421915
323 0.7903364969801553
324 0.7858067299396031
325 0.7879637618636756
326 0.7858067299396031
327 0.7834339948231234
328 0.7847282139775669
329 0.7840811044003452
330 0.7918464193270061
331 0.7911993097497843
332 0.7851596203623814
333 0.7868852459016393
334 0.792709232096635
335 0.7879637618636756
336 0.7920621225194133
337 0.7890422778257118
338 0.7864538395168249
339 0.7931406384814496
340 0.7894736842105263
341 0.7920621225194133
342 0.7974547023295945
343 0.7942191544434858
344 0.7929249352890423
345 0.7957290767903364
346 0.7909836065573771
347 0.7877480586712683
348 0.7883951682484901
349 0.796160483175151
350 0.7879637618636756
351 0.7883951682484901
352 0.7890422778257118
353 0.7903364969801553
354 0.7940034512510785
355 0.7929249352890423
356 0.7894736842105263
357 0.7821397756686799
358 0.7840811044003452
359 0.7853753235547886
360 0.7845125107851596
361 0.7830025884383088
362 0.7814926660914582
363 0.7847282139775669
364 0.7886108714408974
365 0.7858067299396031
366 0.7845125107851596
367 0.7845125107851596
368 0.7827868852459017
369 0.7812769628990509
370 0.7845125107851596
371 0.7881794650560828
372 0.7903364969801553
373 0.7860224331320104
374 0.7937877480586712
375 0.7968075927523728
376 0.7946505608283002
377 0.7892579810181191
378 0.7810612597066436
379 0.7810612597066436
380 0.7819240724762726
381 0.7830025884383088
382 0.7832182916307161
383 0.7767471958584987
384 0.7713546160483176
385 0.772648835202761
386 0.7799827437446074
387 0.7793356341673857
388 0.7845125107851596
389 0.7836496980155306
390 0.7821397756686799
391 0.7840811044003452
392 0.7817083692838654
393 0.7724331320103538
394 0.7722174288179465
395 0.7722174288179465
396 0.7771786022433133
397 0.7871009490940466
398 0.7864538395168249
399 0.7806298533218292
400 0.7810612597066436
401 0.7836496980155306
402 0.7892579810181191
403 0.7873166522864539
404 0.7896893874029336
405 0.7842968075927523
406 0.7914150129421915
407 0.7916307161345988
408 0.7877480586712683
409 0.7896893874029336
410 0.7858067299396031
411 0.7845125107851596
412 0.7879637618636756
413 0.7883951682484901
414 0.7849439171699741
415 0.771786022433132
416 0.7782571182053495
417 0.7793356341673857
418 0.7821397756686799
419 0.7840811044003452
420 0.7784728213977566
421 0.7810612597066436
422 0.7806298533218292
423 0.7879637618636756
424 0.7948662640207075
425 0.7916307161345988
426 0.7899050905953409
427 0.7883951682484901
428 0.7890422778257118
429 0.7892579810181191
430 0.7942191544434858
431 0.7883951682484901
432 0.7836496980155306
433 0.7845125107851596
434 0.7849439171699741
435 0.7862381363244176
436 0.7890422778257118
437 0.7883951682484901
438 0.7858067299396031
439 0.7830025884383088
440 0.7847282139775669
441 0.7879637618636756
442 0.7851596203623814
443 0.7810612597066436
444 0.7817083692838654
445 0.7817083692838654
446 0.777825711820535
447 0.7810612597066436
448 0.7871009490940466
449 0.7871009490940466
450 0.7873166522864539
451 0.7905522001725626
452 0.7911993097497843
453 0.7929249352890423
454 0.7968075927523728
455 0.7911993097497843
456 0.7909836065573771
457 0.7886108714408974
458 0.7942191544434858
459 0.794434857635893
460 0.7976704055220017
461 0.793572044866264
462 0.7871009490940466
463 0.7849439171699741
464 0.7881794650560828
465 0.790120793787748
466 0.7849439171699741
467 0.7795513373597929
468 0.7814926660914582
469 0.7795513373597929
470 0.7817083692838654
471 0.7791199309749784
472 0.7853753235547886
473 0.7875323554788611
474 0.7834339948231234
475 0.7855910267471958
476 0.7886108714408974
477 0.7879637618636756
478 0.7948662640207075
479 0.7907679033649698
480 0.7965918895599655
481 0.7968075927523728
482 0.793572044866264
483 0.7868852459016393
484 0.7881794650560828
485 0.7920621225194133
486 0.7899050905953409
487 0.7875323554788611
488 0.7888265746333045
489 0.7864538395168249
490 0.7817083692838654
491 0.7860224331320104
492 0.7838654012079379
493 0.7763157894736842
494 0.774374460742019
495 0.7767471958584987
496 0.7808455565142364
497 0.7825711820534944
498 0.780414150129422
499 0.7817083692838654
500 0.7851596203623814
501 0.7754529767040552
502 0.7739430543572045
503 0.7739430543572045
504 0.7763157894736842
505 0.7827868852459017
506 0.7877480586712683
507 0.7888265746333045
508 0.7909836065573771
509 0.7920621225194133
510 0.7970232959447799
511 0.7907679033649698
512 0.7918464193270061
513 0.7922778257118205
514 0.790120793787748
515 0.7948662640207075
516 0.7937877480586712
517 0.7916307161345988
518 0.7929249352890423
519 0.796160483175151
520 0.7868852459016393
521 0.7929249352890423
522 0.7899050905953409
523 0.7886108714408974
524 0.7868852459016393
525 0.7806298533218292
526 0.7838654012079379
527 0.7853753235547886
528 0.7821397756686799
529 0.7873166522864539
530 0.7860224331320104
531 0.7862381363244176
532 0.7853753235547886
533 0.790120793787748
534 0.7920621225194133
535 0.7983175150992234
536 0.8002588438308887
537 0.8034943917169974
538 0.8002588438308887
539 0.8019844693701467
540 0.8034943917169974
541 0.801337359792925
542 0.7974547023295945
543 0.7983175150992234
544 0.796160483175151
545 0.7950819672131147
546 0.7911993097497843
547 0.7942191544434858
548 0.795297670405522
549 0.7929249352890423
550 0.7972389991371872
551 0.7959447799827437
552 0.7924935289042278
553 0.7888265746333045
554 0.7937877480586712
555 0.7903364969801553
556 0.7959447799827437
557 0.7894736842105263
558 0.7931406384814496
559 0.7959447799827437
560 0.7888265746333045
561 0.7911993097497843
562 0.7888265746333045
563 0.7894736842105263
564 0.7896893874029336
565 0.7873166522864539
566 0.7875323554788611
567 0.7888265746333045
568 0.7883951682484901
569 0.7907679033649698
570 0.7955133735979293
571 0.7931406384814496
572 0.7929249352890423
573 0.7957290767903364
574 0.7892579810181191
575 0.7920621225194133
576 0.796160483175151
577 0.7950819672131147
578 0.7963761863675582
579 0.8006902502157032
580 0.801337359792925
581 0.8015530629853321
582 0.7940034512510785
583 0.7965918895599655
584 0.7903364969801553
585 0.7875323554788611
586 0.7972389991371872
587 0.7955133735979293
588 0.7970232959447799
589 0.8006902502157032
590 0.797886108714409
591 0.7940034512510785
592 0.7963761863675582
593 0.7909836065573771
594 0.7946505608283002
595 0.7905522001725626
596 0.7860224331320104
597 0.7836496980155306
598 0.7849439171699741
599 0.7756686798964625
600 0.776962899050906
601 0.7784728213977566
602 0.7806298533218292
603 0.7791199309749784
604 0.7842968075927523
605 0.7907679033649698
606 0.7834339948231234
607 0.777825711820535
608 0.7799827437446074
609 0.7873166522864539
610 0.7886108714408974
611 0.7909836065573771
612 0.7959447799827437
613 0.7871009490940466
614 0.7875323554788611
615 0.7862381363244176
616 0.7840811044003452
617 0.7855910267471958
618 0.7812769628990509
619 0.7763157894736842
620 0.777825711820535
621 0.7847282139775669
622 0.7879637618636756
623 0.7894736842105263
624 0.7877480586712683
625 0.7892579810181191
626 0.7868852459016393
627 0.7821397756686799
628 0.7851596203623814
629 0.7823554788610871
630 0.7808455565142364
631 0.7821397756686799
632 0.7875323554788611
633 0.7892579810181191
634 0.7879637618636756
635 0.7853753235547886
636 0.7845125107851596
637 0.7905522001725626
638 0.7892579810181191
639 0.7905522001725626
640 0.7937877480586712
641 0.7940034512510785
642 0.790120793787748
643 0.7890422778257118
644 0.7886108714408974
645 0.7911993097497843
646 0.7879637618636756
647 0.7888265746333045
648 0.7890422778257118
649 0.7853753235547886
650 0.7892579810181191
651 0.7855910267471958
652 0.7812769628990509
653 0.7851596203623814
654 0.7825711820534944
655 0.7812769628990509
656 0.7888265746333045
657 0.7890422778257118
658 0.7868852459016393
659 0.7886108714408974
660 0.7886108714408974
661 0.7888265746333045
662 0.7864538395168249
663 0.7873166522864539
664 0.7855910267471958
665 0.7950819672131147
666 0.7942191544434858
667 0.7933563416738568
668 0.7909836065573771
669 0.793572044866264
670 0.7976704055220017
671 0.7957290767903364
672 0.7931406384814496
673 0.7911993097497843
674 0.7909836065573771
675 0.7871009490940466
676 0.7871009490940466
677 0.7849439171699741
678 0.7838654012079379
679 0.7821397756686799
680 0.7782571182053495
681 0.7819240724762726
682 0.7873166522864539
683 0.7849439171699741
684 0.7847282139775669
685 0.7812769628990509
686 0.7832182916307161
687 0.7873166522864539
688 0.7819240724762726
689 0.7868852459016393
690 0.7937877480586712
691 0.7929249352890423
692 0.7911993097497843
693 0.7905522001725626
694 0.7871009490940466
695 0.7862381363244176
696 0.7886108714408974
697 0.7918464193270061
698 0.7888265746333045
699 0.7840811044003452
700 0.7840811044003452
