1 0.00021570319240724764
2 0.00021570319240724764
3 0.0004314063848144953
4 0.0004314063848144953
5 0.0015099223468507334
6 0.0021570319240724763
7 0.0045297670405522
8 0.0064710957722174285
9 0.00819672131147541
10 0.008843830888697153
11 0.012079378774805867
12 0.013373597929249352
13 0.014883520276100086
14 0.01725625539257981
15 0.019413287316652286
16 0.02113891285591027
17 0.02523727351164797
18 0.03192407247627265
19 0.034081104400345126
20 0.038610871440897324
21 0.045081967213114756
22 0.04896462467644521
23 0.05263157894736842
24 0.056082830025884385
25 0.06104400345125108
26 0.06729939603106126
27 0.07226056945642796
28 0.07679033649698015
29 0.08261432269197584
30 0.08843830888697153
31 0.09339948231233822
32 0.0996548748921484
33 0.10871440897325281
34 0.11540120793787748
35 0.11842105263157894
36 0.12251941328731665
37 0.12704918032786885
38 0.12985332182916307
39 0.13610871440897326
40 0.1449525452976704
41 0.1557377049180328
42 0.16587575496117343
43 0.17148403796376185
44 0.1779551337359793
45 0.18744607420189818
46 0.19693701466781707
47 0.20081967213114754
48 0.20987920621225195
49 0.2200172562553926
50 0.22540983606557377
51 0.2323123382226057
52 0.24309749784296808
53 0.24698015530629852
54 0.252588438308887
55 0.2603537532355479
56 0.2640207075064711
57 0.270060396893874
58 0.2801984469370147
59 0.2825711820534944
60 0.28904227782571185
61 0.295297670405522
62 0.30414150129421913
63 0.3067299396031061
64 0.31449525452976707
65 0.32312338222605697
66 0.3285159620362381
67 0.33347713546160485
68 0.3386540120793788
69 0.34771354616048317
70 0.35202761000862814
71 0.362381363244176
72 0.3694995685936152
73 0.3768334771354616
74 0.38481449525452976
75 0.3895599654874892
76 0.3994823123382226
77 0.40250215703192405
78 0.40789473684210525
79 0.4100517687661777
80 0.41371872303710094
81 0.42062122519413286
82 0.42730802415875757
83 0.43097497842968074
84 0.4374460742018982
85 0.4486626402070751
86 0.45772217428817946
87 0.4641932700603969
88 0.4723899913718723
89 0.4810181190681622
90 0.4855478861087144
91 0.501725625539258
92 0.5056082830025884
93 0.5116479723899914
94 0.5159620362381363
95 0.5301984469370147
96 0.5345125107851596
97 0.5332182916307161
98 0.5383951682484901
99 0.5448662640207075
100 0.5442191544434858
101 0.5547886108714409
102 0.5595340811044004
103 0.5683779119930975
104 0.5666522864538395
105 0.5724762726488352
106 0.5763589301121657
107 0.5798101811906816
108 0.5860655737704918
109 0.5895168248490078
110 0.5869283865401208
111 0.592320966350302
112 0.5912424503882657
113 0.5996548748921484
114 0.6039689387402933
115 0.6041846419327006
116 0.6104400345125108
117 0.6160483175150993
118 0.6160483175150993
119 0.6186367558239861
120 0.6257549611734253
121 0.6324417601380501
122 0.6324417601380501
123 0.6363244176013805
124 0.6386971527178602
125 0.6365401207937877
126 0.6408541846419327
127 0.6458153580672994
128 0.6447368421052632
129 0.6436583261432269
130 0.6518550474547024
131 0.6544434857635893
132 0.6548748921484038
133 0.65595340811044
134 0.6682484900776532
135 0.6775237273511648
136 0.6844262295081968
137 0.683779119930975
138 0.6842105263157895
139 0.6902502157031924
140 0.6930543572044866
141 0.6937014667817084
142 0.6913287316652287
143 0.6870146678170836
144 0.6896031061259706
145 0.6969370146678171
146 0.6941328731665228
147 0.6984469370146679
148 0.703839516824849
149 0.7031924072476272
150 0.7062122519413288
151 0.7057808455565142
152 0.7088006902502157
153 0.7113891285591026
154 0.7139775668679896
155 0.723037100949094
156 0.7243313201035375
157 0.725625539257981
158 0.7312338222605694
159 0.7364106988783434
160 0.7402933563416738
161 0.7394305435720449
162 0.7469801553062986
163 0.748274374460742
164 0.7443917169974116
165 0.7441760138050043
166 0.7424503882657464
167 0.7454702329594478
168 0.7452545297670405
169 0.7476272648835203
170 0.7487057808455565
171 0.7519413287316652
172 0.7493528904227783
173 0.7506471095772217
174 0.7463330457290768
175 0.7515099223468508
176 0.7562553925798102
177 0.7584124245038827
178 0.7566867989646247
179 0.7597066436583262
180 0.7622950819672131
181 0.7607851596203624
182 0.7599223468507333
183 0.7601380500431406
184 0.7612165660051768
185 0.7605694564279551
186 0.7594909404659189
187 0.7635893011216566
188 0.7653149266609146
189 0.7590595340811044
190 0.7612165660051768
191 0.7590595340811044
192 0.7597066436583262
193 0.7638050043140638
194 0.7564710957722174
195 0.7581967213114754
196 0.7612165660051768
197 0.7575496117342536
198 0.7573339085418465
199 0.7618636755823986
200 0.7588438308886971
201 0.7601380500431406
202 0.7590595340811044
203 0.7605694564279551
204 0.7618636755823986
205 0.7631578947368421
206 0.7612165660051768
207 0.7668248490077653
208 0.7635893011216566
209 0.7607851596203624
210 0.7556082830025884
211 0.7607851596203624
212 0.7599223468507333
213 0.7679033649698016
214 0.7670405522001725
215 0.7635893011216566
216 0.7633735979292493
217 0.7577653149266609
218 0.7530198446937014
219 0.7588438308886971
220 0.7575496117342536
221 0.7620793787748059
222 0.7707075064710958
223 0.7655306298533219
224 0.7700603968938741
225 0.772648835202761
226 0.7745901639344263
227 0.7750215703192407
228 0.7780414150129422
229 0.7773943054357204
230 0.7773943054357204
231 0.7732959447799828
232 0.7784728213977566
233 0.7694132873166523
234 0.7711389128559103
235 0.7754529767040552
236 0.7765314926660914
237 0.7724331320103538
238 0.7771786022433133
239 0.7741587575496117
240 0.7782571182053495
241 0.7713546160483176
242 0.7765314926660914
243 0.7720017256255393
244 0.7687661777394306
245 0.769197584124245
246 0.7728645383951682
247 0.7698446937014668
248 0.7663934426229508
249 0.7622950819672131
250 0.7610008628127696
251 0.7635893011216566
252 0.7635893011216566
253 0.7635893011216566
254 0.7696289905090595
255 0.7773943054357204
256 0.7776100086281277
257 0.7763157894736842
258 0.7763157894736842
259 0.7756686798964625
260 0.772648835202761
261 0.772648835202761
262 0.7698446937014668
263 0.7679033649698016
264 0.7674719585849871
265 0.7737273511647972
266 0.7696289905090595
267 0.7724331320103538
268 0.768334771354616
269 0.7685504745470233
270 0.7655306298533219
271 0.7676876617773943
272 0.765746333045729
273 0.7670405522001725
274 0.7715703192407247
275 0.7739430543572045
276 0.7720017256255393
277 0.771786022433132
278 0.770923209663503
279 0.7713546160483176
280 0.7776100086281277
281 0.7786885245901639
282 0.7758843830888698
283 0.7793356341673857
284 0.7797670405522001
285 0.772648835202761
286 0.7715703192407247
287 0.7711389128559103
288 0.7687661777394306
289 0.7732959447799828
290 0.7741587575496117
291 0.775237273511648
292 0.7776100086281277
293 0.777825711820535
294 0.7819240724762726
295 0.7801984469370147
296 0.7799827437446074
297 0.7851596203623814
298 0.7866695427092321
299 0.7886108714408974
300 0.7916307161345988
301 0.793572044866264
302 0.794434857635893
303 0.7918464193270061
304 0.7890422778257118
305 0.7810612597066436
306 0.7789042277825712
307 0.7745901639344263
308 0.771786022433132
309 0.772648835202761
310 0.7745901639344263
311 0.7817083692838654
312 0.7817083692838654
313 0.7864538395168249
314 0.7858067299396031
315 0.7858067299396031
316 0.7871009490940466
317 0.7866695427092321
318 0.7942191544434858
319 0.801337359792925
320 0.7981018119068162
321 0.792709232096635
322 0.7883951682484901
323 0.7873166522864539
324 0.7888265746333045
325 0.7858067299396031
326 0.7801984469370147
327 0.774374460742019
328 0.774374460742019
329 0.7754529767040552
330 0.7702761000862812
331 0.7724331320103538
332 0.7767471958584987
333 0.7745901639344263
334 0.7713546160483176
335 0.7704918032786885
336 0.7618636755823986
337 0.7672562553925798
338 0.7711389128559103
339 0.7702761000862812
340 0.7715703192407247
341 0.7776100086281277
342 0.7761000862812769
343 0.7754529767040552
344 0.7767471958584987
345 0.7713546160483176
346 0.7722174288179465
347 0.7702761000862812
348 0.7720017256255393
349 0.7758843830888698
350 0.7808455565142364
351 0.7761000862812769
352 0.7756686798964625
353 0.7750215703192407
354 0.7773943054357204
355 0.7724331320103538
356 0.7702761000862812
357 0.7707075064710958
358 0.7685504745470233
359 0.7776100086281277
360 0.77351164797239
361 0.7761000862812769
362 0.7786885245901639
363 0.7795513373597929
364 0.7864538395168249
365 0.7886108714408974
366 0.7840811044003452
367 0.7853753235547886
368 0.7875323554788611
369 0.7853753235547886
370 0.7810612597066436
371 0.7812769628990509
372 0.7873166522864539
373 0.7836496980155306
374 0.7825711820534944
375 0.7808455565142364
376 0.7860224331320104
377 0.7948662640207075
378 0.7965918895599655
379 0.8000431406384815
380 0.7976704055220017
381 0.795297670405522
382 0.801337359792925
383 0.7983175150992234
384 0.7974547023295945
385 0.7985332182916307
386 0.7998274374460742
387 0.7965918895599655
388 0.7920621225194133
389 0.7868852459016393
390 0.7875323554788611
391 0.7909836065573771
392 0.7918464193270061
393 0.7950819672131147
394 0.7996117342536669
395 0.8026315789473685
396 0.8004745470232959
397 0.7965918895599655
398 0.790120793787748
399 0.790120793787748
400 0.7933563416738568
401 0.7948662640207075
402 0.7950819672131147
403 0.7922778257118205
404 0.7860224331320104
405 0.7929249352890423
406 0.7940034512510785
407 0.792709232096635
408 0.7853753235547886
409 0.7834339948231234
410 0.7868852459016393
411 0.7892579810181191
412 0.7875323554788611
413 0.7909836065573771
414 0.7903364969801553
415 0.7929249352890423
416 0.7886108714408974
417 0.7864538395168249
418 0.7832182916307161
419 0.7879637618636756
420 0.7905522001725626
421 0.7877480586712683
422 0.790120793787748
423 0.7845125107851596
424 0.7896893874029336
425 0.792709232096635
426 0.7911993097497843
427 0.7911993097497843
428 0.8022001725625539
429 0.7903364969801553
430 0.795297670405522
431 0.7922778257118205
432 0.7883951682484901
433 0.7881794650560828
434 0.7847282139775669
435 0.7888265746333045
436 0.7877480586712683
437 0.7933563416738568
438 0.7950819672131147
439 0.7981018119068162
440 0.8032786885245902
441 0.7993960310612597
442 0.8009059534081104
443 0.7946505608283002
444 0.7933563416738568
445 0.7886108714408974
446 0.7855910267471958
447 0.7832182916307161
448 0.777825711820535
449 0.7780414150129422
450 0.7808455565142364
451 0.7821397756686799
452 0.7776100086281277
453 0.771786022433132
454 0.7748058671268335
455 0.7730802415875755
456 0.7797670405522001
457 0.7825711820534944
458 0.7821397756686799
459 0.7830025884383088
460 0.7821397756686799
461 0.7849439171699741
462 0.7968075927523728
463 0.7933563416738568
464 0.7948662640207075
465 0.7931406384814496
466 0.790120793787748
467 0.7940034512510785
468 0.7899050905953409
469 0.7974547023295945
470 0.7972389991371872
471 0.7883951682484901
472 0.795297670405522
473 0.7976704055220017
474 0.7993960310612597
475 0.7968075927523728
476 0.8017687661777394
477 0.7946505608283002
478 0.7877480586712683
479 0.7914150129421915
480 0.790120793787748
481 0.7875323554788611
482 0.7905522001725626
483 0.7879637618636756
484 0.7814926660914582
485 0.7756686798964625
486 0.7776100086281277
487 0.7741587575496117
488 0.776962899050906
489 0.7741587575496117
490 0.7754529767040552
491 0.7763157894736842
492 0.7756686798964625
493 0.7806298533218292
494 0.7819240724762726
495 0.7795513373597929
496 0.7838654012079379
497 0.7840811044003452
498 0.7840811044003452
499 0.7838654012079379
500 0.7791199309749784
501 0.7767471958584987
502 0.7754529767040552
503 0.7704918032786885
504 0.7715703192407247
505 0.7687661777394306
506 0.7724331320103538
507 0.7707075064710958
508 0.7728645383951682
509 0.7728645383951682
510 0.7713546160483176
511 0.7765314926660914
512 0.7730802415875755
513 0.7758843830888698
514 0.7761000862812769
515 0.7750215703192407
516 0.7821397756686799
517 0.7847282139775669
518 0.7840811044003452
519 0.7830025884383088
520 0.7823554788610871
521 0.7853753235547886
522 0.7886108714408974
523 0.7890422778257118
524 0.7886108714408974
525 0.7968075927523728
526 0.7968075927523728
527 0.7976704055220017
528 0.7903364969801553
529 0.7873166522864539
530 0.7817083692838654
531 0.7817083692838654
532 0.7827868852459017
533 0.7817083692838654
534 0.7797670405522001
535 0.7799827437446074
536 0.7739430543572045
537 0.7745901639344263
538 0.7750215703192407
539 0.7780414150129422
540 0.7741587575496117
541 0.770923209663503
542 0.7730802415875755
543 0.7689818809318378
544 0.7758843830888698
545 0.7810612597066436
546 0.7812769628990509
547 0.7812769628990509
548 0.7879637618636756
549 0.7911993097497843
550 0.793572044866264
551 0.7955133735979293
552 0.7914150129421915
553 0.7899050905953409
554 0.7940034512510785
555 0.7914150129421915
556 0.7851596203623814
557 0.7877480586712683
558 0.7825711820534944
559 0.7899050905953409
560 0.7905522001725626
561 0.7894736842105263
562 0.7911993097497843
563 0.7916307161345988
564 0.793572044866264
565 0.7871009490940466
566 0.7840811044003452
567 0.7799827437446074
568 0.7842968075927523
569 0.7866695427092321
570 0.7871009490940466
571 0.7842968075927523
572 0.7881794650560828
573 0.7899050905953409
574 0.7899050905953409
575 0.7924935289042278
576 0.7959447799827437
577 0.7942191544434858
578 0.7924935289042278
579 0.7830025884383088
580 0.7827868852459017
581 0.7918464193270061
582 0.7933563416738568
583 0.792709232096635
584 0.795297670405522
585 0.7957290767903364
586 0.7929249352890423
587 0.7871009490940466
588 0.7838654012079379
589 0.7862381363244176
590 0.7914150129421915
591 0.7832182916307161
592 0.7776100086281277
593 0.7773943054357204
594 0.7724331320103538
595 0.7784728213977566
596 0.7795513373597929
597 0.7847282139775669
598 0.7896893874029336
599 0.7847282139775669
600 0.7845125107851596
601 0.7821397756686799
602 0.7842968075927523
603 0.7789042277825712
604 0.7836496980155306
605 0.7795513373597929
606 0.7836496980155306
607 0.7754529767040552
608 0.7845125107851596
609 0.7840811044003452
610 0.7832182916307161
611 0.7838654012079379
612 0.7827868852459017
613 0.7780414150129422
614 0.7758843830888698
615 0.7789042277825712
616 0.7776100086281277
617 0.7761000862812769
618 0.7694132873166523
619 0.7702761000862812
620 0.7700603968938741
621 0.7754529767040552
622 0.7765314926660914
623 0.7806298533218292
624 0.7842968075927523
625 0.7883951682484901
626 0.7868852459016393
627 0.7845125107851596
628 0.7922778257118205
629 0.792709232096635
630 0.7905522001725626
631 0.7896893874029336
632 0.7948662640207075
633 0.7916307161345988
634 0.7905522001725626
635 0.7950819672131147
636 0.793572044866264
637 0.792709232096635
638 0.7883951682484901
639 0.7883951682484901
640 0.7911993097497843
641 0.7968075927523728
642 0.7989646246764452
643 0.8011216566005177
644 0.7985332182916307
645 0.7877480586712683
646 0.7886108714408974
647 0.7883951682484901
648 0.7881794650560828
649 0.7948662640207075
650 0.7914150129421915
651 0.7866695427092321
652 0.7817083692838654
653 0.777825711820535
654 0.7789042277825712
655 0.7825711820534944
656 0.7830025884383088
657 0.7797670405522001
658 0.7881794650560828
659 0.7871009490940466
660 0.7873166522864539
661 0.790120793787748
662 0.7905522001725626
663 0.7851596203623814
664 0.7801984469370147
665 0.7819240724762726
666 0.7838654012079379
667 0.7817083692838654
668 0.7842968075927523
669 0.7845125107851596
670 0.7866695427092321
671 0.7855910267471958
672 0.7918464193270061
673 0.7937877480586712
674 0.792709232096635
675 0.793572044866264
676 0.7883951682484901
677 0.7849439171699741
678 0.7819240724762726
679 0.7834339948231234
680 0.7851596203623814
681 0.7873166522864539
682 0.7858067299396031
683 0.7892579810181191
684 0.7860224331320104
685 0.7851596203623814
686 0.7791199309749784
687 0.7814926660914582
688 0.7825711820534944
689 0.777825711820535
690 0.7748058671268335
691 0.772648835202761
692 0.7700603968938741
693 0.7732959447799828
694 0.7739430543572045
695 0.7704918032786885
696 0.7761000862812769
697 0.7784728213977566
698 0.7821397756686799
699 0.7871009490940466
700 0.7905522001725626
