1 0.0004314063848144953
2 0.0004314063848144953
3 0.0006471095772217428
4 0.001725625539257981
5 0.0032355478861087143
6 0.004098360655737705
7 0.004745470232959448
8 0.004961173425366695
9 0.0064710957722174285
10 0.008412424503882658
11 0.010569456427955135
12 0.012295081967213115
13 0.013805004314063849
14 0.016824849007765316
15 0.020491803278688523
16 0.022648835202761
17 0.025021570319240724
18 0.029551337359792925
19 0.032355478861087146
20 0.035159620362381364
21 0.039473684210526314
22 0.042493528904227786
23 0.04874892148403796
24 0.05155306298533218
25 0.0547886108714409
26 0.05974978429680759
27 0.06535806729939603
28 0.07053494391716997
29 0.07635893011216566
30 0.08239861949956859
31 0.09081104400345125
32 0.09749784296807593
33 0.10526315789473684
34 0.11173425366695428
35 0.11755823986194995
36 0.1272648835202761
37 0.13848144952545297
38 0.14754098360655737
39 0.15724762726488353
40 0.1635030198446937
41 0.17320966350301983
42 0.1798964624676445
43 0.18766177739430542
44 0.19219154443485764
45 0.1984469370146678
46 0.20599654874892148
47 0.21246764452113892
48 0.2169974115616911
49 0.22217428817946505
50 0.2286453839516825
51 0.2372735116479724
52 0.2409404659188956
53 0.24741156169111303
54 0.2581967213114754
55 0.2631578947368421
56 0.27243313201035374
57 0.28192407247627266
58 0.29508196721311475
59 0.3067299396031061
60 0.3142795513373598
61 0.3175150992234685
62 0.3259275237273512
63 0.3345556514236411
64 0.33908541846419327
65 0.35224331320103536
66 0.3591458153580673
67 0.3686367558239862
68 0.37640207075064713
69 0.38330457290767905
70 0.3973252804141501
71 0.40228645383951683
72 0.4070319240724763
73 0.41522864538395166
74 0.4225625539257981
75 0.4296807592752373
76 0.43636755823986195
77 0.4441328731665229
78 0.4501725625539258
79 0.4551337359792925
80 0.4575064710957722
81 0.47217428817946505
82 0.47907679033649697
83 0.48339085418464195
84 0.48382226056945643
85 0.49352890422778256
86 0.49525452976704054
87 0.5036669542709232
88 0.5101380500431406
89 0.5189818809318378
90 0.5228645383951682
91 0.5282571182053495
92 0.5347282139775669
93 0.5420621225194133
94 0.5448662640207075
95 0.5489646246764452
96 0.5517687661777394
97 0.5634167385677308
98 0.5655737704918032
99 0.5720448662640207
100 0.5763589301121657
101 0.5776531492666092
102 0.5752804141501294
103 0.5821829163071613
104 0.586281276962899
105 0.5873597929249353
106 0.5946937014667817
107 0.6044003451251079
108 0.6091458153580673
109 0.6115185504745471
110 0.6210094909404659
111 0.6300690250215704
112 0.634167385677308
113 0.6369715271786023
114 0.639344262295082
115 0.6399913718723037
116 0.6423641069887834
117 0.6479723899913719
118 0.6490509059534081
119 0.6496980155306299
120 0.652502157031924
121 0.6479723899913719
122 0.6507765314926661
123 0.6537963761863675
124 0.652502157031924
125 0.649913718723037
126 0.6516393442622951
127 0.6535806729939603
128 0.6622088006902502
129 0.6667385677308024
130 0.6725625539257981
131 0.681190681622088
132 0.6818377911993098
133 0.6831320103537533
134 0.6885245901639344
135 0.6932700603968939
136 0.6949956859361519
137 0.6967213114754098
138 0.6982312338222606
139 0.7010353753235548
140 0.7049180327868853
141 0.7044866264020707
142 0.704702329594478
143 0.7105263157894737
144 0.7116048317515099
145 0.7131147540983607
146 0.7135461604831751
147 0.7202329594477999
148 0.722174288179465
149 0.7210957722174288
150 0.7215271786022434
151 0.7213114754098361
152 0.7206643658326143
153 0.7251941328731665
154 0.7245470232959448
155 0.7213114754098361
156 0.7241156169111302
157 0.730802415875755
158 0.7314495254529767
159 0.7323123382226057
160 0.7364106988783434
161 0.7377049180327869
162 0.7359792924935289
163 0.7370578084555651
164 0.74137187230371
165 0.7424503882657464
166 0.7497842968075927
167 0.750862812769629
168 0.7497842968075927
169 0.7484900776531492
170 0.7428817946505608
171 0.7450388265746333
172 0.743960310612597
173 0.7420189818809318
174 0.7504314063848145
175 0.7487057808455565
176 0.7556082830025884
177 0.7484900776531492
178 0.7495685936151855
179 0.7484900776531492
180 0.7530198446937014
181 0.75
182 0.7547454702329595
183 0.7579810181190682
184 0.7601380500431406
185 0.7599223468507333
186 0.7650992234685073
187 0.7642364106988784
188 0.7646678170836928
189 0.7715703192407247
190 0.7767471958584987
191 0.7745901639344263
192 0.774374460742019
193 0.7707075064710958
194 0.7694132873166523
195 0.7713546160483176
196 0.7698446937014668
197 0.774374460742019
198 0.7739430543572045
199 0.777825711820535
200 0.7810612597066436
201 0.7832182916307161
202 0.7903364969801553
203 0.7823554788610871
204 0.7776100086281277
205 0.7791199309749784
206 0.7806298533218292
207 0.7827868852459017
208 0.7773943054357204
209 0.7730802415875755
210 0.7687661777394306
211 0.7687661777394306
212 0.7715703192407247
213 0.7730802415875755
214 0.7674719585849871
215 0.7698446937014668
216 0.7687661777394306
217 0.7685504745470233
218 0.7707075064710958
219 0.7672562553925798
220 0.7650992234685073
221 0.7694132873166523
222 0.7739430543572045
223 0.7756686798964625
224 0.7707075064710958
225 0.7668248490077653
226 0.7676876617773943
227 0.7707075064710958
228 0.7672562553925798
229 0.7625107851596203
230 0.7650992234685073
231 0.7672562553925798
232 0.7750215703192407
233 0.7756686798964625
234 0.7702761000862812
235 0.7640207075064711
236 0.7653149266609146
237 0.7681190681622088
238 0.7620793787748059
239 0.7750215703192407
240 0.7758843830888698
241 0.7789042277825712
242 0.7763157894736842
243 0.7832182916307161
244 0.7791199309749784
245 0.7776100086281277
246 0.7784728213977566
247 0.7704918032786885
248 0.7685504745470233
249 0.77351164797239
250 0.7715703192407247
251 0.7722174288179465
252 0.7754529767040552
253 0.7700603968938741
254 0.75862812769629
255 0.7635893011216566
256 0.7685504745470233
257 0.7694132873166523
258 0.7724331320103538
259 0.7838654012079379
260 0.7853753235547886
261 0.7797670405522001
262 0.7817083692838654
263 0.7877480586712683
264 0.7817083692838654
265 0.7838654012079379
266 0.7821397756686799
267 0.7862381363244176
268 0.7851596203623814
269 0.7821397756686799
270 0.7817083692838654
271 0.7782571182053495
272 0.7827868852459017
273 0.7825711820534944
274 0.7771786022433133
275 0.7814926660914582
276 0.7823554788610871
277 0.7840811044003452
278 0.7845125107851596
279 0.7845125107851596
280 0.790120793787748
281 0.7866695427092321
282 0.7801984469370147
283 0.7849439171699741
284 0.7847282139775669
285 0.7890422778257118
286 0.7888265746333045
287 0.7933563416738568
288 0.7914150129421915
289 0.7877480586712683
290 0.7899050905953409
291 0.7877480586712683
292 0.7879637618636756
293 0.7814926660914582
294 0.7896893874029336
295 0.792709232096635
296 0.796160483175151
297 0.7976704055220017
298 0.7950819672131147
299 0.7963761863675582
300 0.8002588438308887
301 0.7955133735979293
302 0.7911993097497843
303 0.7907679033649698
304 0.7888265746333045
305 0.7871009490940466
306 0.7881794650560828
307 0.7812769628990509
308 0.7836496980155306
309 0.7896893874029336
310 0.7892579810181191
311 0.7899050905953409
312 0.7879637618636756
313 0.7864538395168249
314 0.7892579810181191
315 0.7911993097497843
316 0.7862381363244176
317 0.7860224331320104
318 0.7894736842105263
319 0.7825711820534944
320 0.7862381363244176
321 0.7924935289042278
322 0.7942191544434858
323 0.7907679033649698
324 0.7972389991371872
325 0.795297670405522
326 0.7920621225194133
327 0.7905522001725626
328 0.7907679033649698
329 0.7905522001725626
330 0.7948662640207075
331 0.7868852459016393
332 0.7963761863675582
333 0.7968075927523728
334 0.7998274374460742
335 0.7948662640207075
336 0.7903364969801553
337 0.7907679033649698
338 0.7924935289042278
339 0.794434857635893
340 0.7911993097497843
341 0.7918464193270061
342 0.7873166522864539
343 0.7834339948231234
344 0.7810612597066436
345 0.774374460742019
346 0.7763157894736842
347 0.7773943054357204
348 0.7750215703192407
349 0.7754529767040552
350 0.7758843830888698
351 0.7754529767040552
352 0.7745901639344263
353 0.77351164797239
354 0.7720017256255393
355 0.7715703192407247
356 0.7711389128559103
357 0.7776100086281277
358 0.7741587575496117
359 0.7782571182053495
360 0.7750215703192407
361 0.7698446937014668
362 0.7767471958584987
363 0.7791199309749784
364 0.7737273511647972
365 0.7748058671268335
366 0.7827868852459017
367 0.7840811044003452
368 0.7812769628990509
369 0.776962899050906
370 0.7758843830888698
371 0.7789042277825712
372 0.7786885245901639
373 0.7773943054357204
374 0.7732959447799828
375 0.772648835202761
376 0.7720017256255393
377 0.77351164797239
378 0.7821397756686799
379 0.7855910267471958
380 0.7776100086281277
381 0.7812769628990509
382 0.7814926660914582
383 0.7823554788610871
384 0.7888265746333045
385 0.7877480586712683
386 0.7894736842105263
387 0.7896893874029336
388 0.7836496980155306
389 0.7871009490940466
390 0.7834339948231234
391 0.7851596203623814
392 0.7862381363244176
393 0.7905522001725626
394 0.7821397756686799
395 0.7827868852459017
396 0.7786885245901639
397 0.7801984469370147
398 0.7806298533218292
399 0.7821397756686799
400 0.7817083692838654
401 0.7830025884383088
402 0.7909836065573771
403 0.7886108714408974
404 0.7862381363244176
405 0.7903364969801553
406 0.790120793787748
407 0.7948662640207075
408 0.7955133735979293
409 0.7942191544434858
410 0.7933563416738568
411 0.7916307161345988
412 0.7894736842105263
413 0.7832182916307161
414 0.7799827437446074
415 0.7873166522864539
416 0.7827868852459017
417 0.7808455565142364
418 0.7858067299396031
419 0.7789042277825712
420 0.7832182916307161
421 0.7784728213977566
422 0.7808455565142364
423 0.7840811044003452
424 0.7851596203623814
425 0.7914150129421915
426 0.792709232096635
427 0.7911993097497843
428 0.7842968075927523
429 0.7847282139775669
430 0.7873166522864539
431 0.7864538395168249
432 0.7937877480586712
433 0.795297670405522
434 0.7907679033649698
435 0.7899050905953409
436 0.7924935289042278
437 0.7922778257118205
438 0.795297670405522
439 0.7972389991371872
440 0.7957290767903364
441 0.7903364969801553
442 0.7894736842105263
443 0.792709232096635
444 0.7892579810181191
445 0.7948662640207075
446 0.7957290767903364
447 0.7931406384814496
448 0.7963761863675582
449 0.7981018119068162
450 0.7937877480586712
451 0.7888265746333045
452 0.7903364969801553
453 0.7931406384814496
454 0.7909836065573771
455 0.796160483175151
456 0.793572044866264
457 0.7948662640207075
458 0.790120793787748
459 0.7881794650560828
460 0.7868852459016393
461 0.7886108714408974
462 0.7871009490940466
463 0.7858067299396031
464 0.7832182916307161
465 0.7795513373597929
466 0.7834339948231234
467 0.7793356341673857
468 0.7720017256255393
469 0.7748058671268335
470 0.7780414150129422
471 0.7903364969801553
472 0.7881794650560828
473 0.7892579810181191
474 0.7890422778257118
475 0.7864538395168249
476 0.7862381363244176
477 0.7881794650560828
478 0.7864538395168249
479 0.7866695427092321
480 0.7862381363244176
481 0.7871009490940466
482 0.7858067299396031
483 0.7817083692838654
484 0.7909836065573771
485 0.7965918895599655
486 0.8009059534081104
487 0.7929249352890423
488 0.7948662640207075
489 0.7972389991371872
490 0.7974547023295945
491 0.7946505608283002
492 0.7838654012079379
493 0.7868852459016393
494 0.7931406384814496
495 0.790120793787748
496 0.7806298533218292
497 0.7840811044003452
498 0.7851596203623814
499 0.7883951682484901
500 0.7862381363244176
501 0.7821397756686799
502 0.7793356341673857
503 0.7877480586712683
504 0.7873166522864539
505 0.7847282139775669
506 0.7864538395168249
507 0.7845125107851596
508 0.7864538395168249
509 0.7871009490940466
510 0.7894736842105263
511 0.7877480586712683
512 0.7825711820534944
513 0.7827868852459017
514 0.7855910267471958
515 0.7786885245901639
516 0.7789042277825712
517 0.7808455565142364
518 0.7832182916307161
519 0.7873166522864539
520 0.7886108714408974
521 0.7855910267471958
522 0.7864538395168249
523 0.7825711820534944
524 0.7791199309749784
525 0.7849439171699741
526 0.7855910267471958
527 0.7877480586712683
528 0.7911993097497843
529 0.793572044866264
530 0.7989646246764452
531 0.7948662640207075
532 0.7847282139775669
533 0.7821397756686799
534 0.7853753235547886
535 0.7821397756686799
536 0.7851596203623814
537 0.7834339948231234
538 0.7832182916307161
539 0.7801984469370147
540 0.7732959447799828
541 0.7763157894736842
542 0.780414150129422
543 0.7797670405522001
544 0.7860224331320104
545 0.7860224331320104
546 0.7806298533218292
547 0.7782571182053495
548 0.7773943054357204
549 0.7761000862812769
550 0.7756686798964625
551 0.7739430543572045
552 0.7737273511647972
553 0.7711389128559103
554 0.7741587575496117
555 0.7739430543572045
556 0.7750215703192407
557 0.7722174288179465
558 0.7722174288179465
559 0.7748058671268335
560 0.7713546160483176
561 0.7765314926660914
562 0.7782571182053495
563 0.7838654012079379
564 0.7810612597066436
565 0.7845125107851596
566 0.7845125107851596
567 0.7886108714408974
568 0.7845125107851596
569 0.7903364969801553
570 0.792709232096635
571 0.7907679033649698
572 0.7946505608283002
573 0.7948662640207075
574 0.7998274374460742
575 0.7989646246764452
576 0.801337359792925
577 0.8060828300258844
578 0.8058671268334772
579 0.8006902502157032
580 0.7907679033649698
581 0.7868852459016393
582 0.7864538395168249
583 0.7838654012079379
584 0.7871009490940466
585 0.7860224331320104
586 0.7862381363244176
587 0.7851596203623814
588 0.7866695427092321
589 0.790120793787748
590 0.7842968075927523
591 0.7821397756686799
592 0.7797670405522001
593 0.7782571182053495
594 0.7797670405522001
595 0.7838654012079379
596 0.7866695427092321
597 0.7789042277825712
598 0.7823554788610871
599 0.7782571182053495
600 0.7842968075927523
601 0.7819240724762726
602 0.7877480586712683
603 0.7916307161345988
604 0.7851596203623814
605 0.7851596203623814
606 0.7830025884383088
607 0.7836496980155306
608 0.7845125107851596
609 0.7922778257118205
610 0.7942191544434858
611 0.8026315789473685
612 0.7946505608283002
613 0.7970232959447799
614 0.7911993097497843
615 0.7940034512510785
616 0.7933563416738568
617 0.7909836065573771
618 0.7950819672131147
619 0.7950819672131147
620 0.7916307161345988
621 0.7911993097497843
622 0.790120793787748
623 0.793572044866264
624 0.7933563416738568
625 0.7907679033649698
626 0.790120793787748
627 0.7877480586712683
628 0.7929249352890423
629 0.7920621225194133
630 0.7976704055220017
631 0.7968075927523728
632 0.7911993097497843
633 0.7845125107851596
634 0.7886108714408974
635 0.7847282139775669
636 0.7791199309749784
637 0.7782571182053495
638 0.7814926660914582
639 0.7840811044003452
640 0.7795513373597929
641 0.7819240724762726
642 0.7832182916307161
643 0.7903364969801553
644 0.793572044866264
645 0.7937877480586712
646 0.7950819672131147
647 0.797886108714409
648 0.7929249352890423
649 0.796160483175151
650 0.7918464193270061
651 0.7905522001725626
652 0.7909836065573771
653 0.7899050905953409
654 0.7933563416738568
655 0.7929249352890423
656 0.7922778257118205
657 0.7918464193270061
658 0.7950819672131147
659 0.7972389991371872
660 0.8002588438308887
661 0.7957290767903364
662 0.7946505608283002
663 0.7955133735979293
664 0.7920621225194133
665 0.7937877480586712
666 0.792709232096635
667 0.7968075927523728
668 0.7929249352890423
669 0.7911993097497843
670 0.7937877480586712
671 0.7968075927523728
672 0.7922778257118205
673 0.7914150129421915
674 0.798748921484038
675 0.7957290767903364
676 0.7959447799827437
677 0.7918464193270061
678 0.790120793787748
679 0.7888265746333045
680 0.7832182916307161
681 0.7877480586712683
682 0.7883951682484901
683 0.7931406384814496
684 0.8034943917169974
685 0.8073770491803278
686 0.8071613459879207
687 0.8065142364106989
688 0.8015530629853321
689 0.8004745470232959
690 0.8019844693701467
691 0.8026315789473685
692 0.8000431406384815
693 0.7991803278688525
694 0.7959447799827437
695 0.7946505608283002
696 0.7972389991371872
697 0.7948662640207075
698 0.7972389991371872
699 0.7974547023295945
700 0.7989646246764452
