1 0.0012942191544434857
2 0.0030198446937014668
3 0.004314063848144953
4 0.005176876617773943
5 0.007118205349439172
6 0.008412424503882658
7 0.00992234685073339
8 0.011647972389991372
9 0.013805004314063849
10 0.015962036238136326
11 0.017040552200172563
12 0.019197584124245038
13 0.02178602243313201
14 0.024805867126833477
15 0.02610008628127696
16 0.028688524590163935
17 0.031492666091458156
18 0.034943917169974116
19 0.039473684210526314
20 0.04400345125107852
21 0.04659188955996549
22 0.050258843830888696
23 0.05457290767903365
24 0.061259706643658325
25 0.06557377049180328
26 0.06945642795513374
27 0.07679033649698015
28 0.08541846419327007
29 0.09016393442622951
30 0.09749784296807593
31 0.10267471958584987
32 0.10720448662640207
33 0.11410698878343399
34 0.11928386540120794
35 0.12597066436583262
36 0.13330457290767903
37 0.13675582398619499
38 0.14365832614322693
39 0.15034512510785158
40 0.15811044003451252
41 0.1684641932700604
42 0.17838654012079377
43 0.18377911993097498
44 0.19585849870578084
45 0.206427955133736
46 0.21570319240724764
47 0.22433132010353754
48 0.2355478861087144
49 0.24288179465056084
50 0.24935289042277825
51 0.2571182053494392
52 0.2653149266609146
53 0.27243313201035374
54 0.2845125107851596
55 0.28774805867126835
56 0.30220017256255394
57 0.3155737704918033
58 0.3198878343399482
59 0.32894736842105265
60 0.33628127696289906
61 0.33800690250215704
62 0.3500862812769629
63 0.35893011216566006
64 0.3684210526315789
65 0.37640207075064713
66 0.38114754098360654
67 0.3915012942191544
68 0.3973252804141501
69 0.4070319240724763
70 0.4141501294219154
71 0.42105263157894735
72 0.43507333908541845
73 0.4372303710094909
74 0.4452113891285591
75 0.453839516824849
76 0.46311475409836067
77 0.47303710094909407
78 0.4823123382226057
79 0.48511647972389993
80 0.49115616911130283
81 0.5012942191544435
82 0.5047454702329595
83 0.5066867989646247
84 0.5077653149266609
85 0.5153149266609146
86 0.5258843830888698
87 0.5312769628990509
88 0.5379637618636756
89 0.5474547023295945
90 0.5496117342536669
91 0.5534943917169974
92 0.5547886108714409
93 0.5606125970664366
94 0.564495254529767
95 0.5703192407247627
96 0.5776531492666092
97 0.5770060396893874
98 0.5804572907679033
99 0.5852027610008628
100 0.5839085418464194
101 0.5877911993097498
102 0.5942622950819673
103 0.5953408110440035
104 0.5990077653149266
105 0.6007333908541846
106 0.6041846419327006
107 0.6078515962036238
108 0.6110871440897325
109 0.614106988783434
110 0.6179896462467644
111 0.6225194132873166
112 0.6190681622088007
113 0.6188524590163934
114 0.6233822260569456
115 0.6281276962899051
116 0.6305004314063848
117 0.633304572907679
118 0.6412855910267472
119 0.6505608283002589
120 0.6509922346850734
121 0.6553062985332183
122 0.6626402070750647
123 0.6641501294219154
124 0.6676013805004314
125 0.6708369283865401
126 0.6708369283865401
127 0.6676013805004314
128 0.6673856773080241
129 0.6725625539257981
130 0.6723468507333908
131 0.674288179465056
132 0.6809749784296808
133 0.6898188093183779
134 0.6902502157031924
135 0.6874460742018982
136 0.6908973252804141
137 0.6861518550474547
138 0.6941328731665228
139 0.6965056082830026
140 0.6999568593615185
141 0.7029767040552201
142 0.7090163934426229
143 0.7135461604831751
144 0.7137618636755824
145 0.7122519413287317
146 0.719585849870578
147 0.7198015530629853
148 0.7213114754098361
149 0.719585849870578
150 0.7202329594477999
151 0.7210957722174288
152 0.7260569456427955
153 0.7292924935289042
154 0.7338222605694564
155 0.7338222605694564
156 0.7355478861087144
157 0.7366264020707507
158 0.74137187230371
159 0.7469801553062986
160 0.7506471095772217
161 0.7495685936151855
162 0.7489214840379638
163 0.746548748921484
164 0.7396462467644521
165 0.7441760138050043
166 0.7396462467644521
167 0.7441760138050043
168 0.7353321829163072
169 0.7331751509922347
170 0.7357635893011216
171 0.7405090595340811
172 0.7409404659188956
173 0.7433132010353753
174 0.7418032786885246
175 0.7392148403796376
176 0.74137187230371
177 0.7452545297670405
178 0.7461173425366695
179 0.7454702329594478
180 0.743960310612597
181 0.7467644521138913
182 0.7543140638481449
183 0.7556082830025884
184 0.7521570319240725
185 0.7497842968075927
186 0.7577653149266609
187 0.7590595340811044
188 0.752588438308887
189 0.7528041415012943
190 0.7556082830025884
191 0.7519413287316652
192 0.7543140638481449
193 0.752588438308887
194 0.7594909404659189
195 0.7575496117342536
196 0.7588438308886971
197 0.7650992234685073
198 0.7668248490077653
199 0.7640207075064711
200 0.7655306298533219
201 0.7618636755823986
202 0.7584124245038827
203 0.7646678170836928
204 0.7715703192407247
205 0.7689818809318378
206 0.7659620362381363
207 0.7720017256255393
208 0.7739430543572045
209 0.7737273511647972
210 0.7728645383951682
211 0.7687661777394306
212 0.7672562553925798
213 0.7674719585849871
214 0.7707075064710958
215 0.7704918032786885
216 0.7674719585849871
217 0.7681190681622088
218 0.7638050043140638
219 0.7625107851596203
220 0.7713546160483176
221 0.765746333045729
222 0.772648835202761
223 0.7700603968938741
224 0.7713546160483176
225 0.776962899050906
226 0.7782571182053495
227 0.7756686798964625
228 0.775237273511648
229 0.7767471958584987
230 0.7806298533218292
231 0.775237273511648
232 0.774374460742019
233 0.776962899050906
234 0.7825711820534944
235 0.7761000862812769
236 0.7756686798964625
237 0.7767471958584987
238 0.7806298533218292
239 0.7810612597066436
240 0.7737273511647972
241 0.7773943054357204
242 0.7741587575496117
243 0.7694132873166523
244 0.7720017256255393
245 0.7689818809318378
246 0.7689818809318378
247 0.7670405522001725
248 0.7702761000862812
249 0.7745901639344263
250 0.7720017256255393
251 0.7745901639344263
252 0.7773943054357204
253 0.7748058671268335
254 0.7771786022433133
255 0.7776100086281277
256 0.77351164797239
257 0.7707075064710958
258 0.770923209663503
259 0.7737273511647972
260 0.7745901639344263
261 0.7745901639344263
262 0.7763157894736842
263 0.7702761000862812
264 0.7748058671268335
265 0.7782571182053495
266 0.7791199309749784
267 0.7784728213977566
268 0.7849439171699741
269 0.780414150129422
270 0.777825711820535
271 0.7754529767040552
272 0.7797670405522001
273 0.7853753235547886
274 0.7903364969801553
275 0.7836496980155306
276 0.7845125107851596
277 0.7855910267471958
278 0.7933563416738568
279 0.7924935289042278
280 0.793572044866264
281 0.7933563416738568
282 0.7918464193270061
283 0.7931406384814496
284 0.7911993097497843
285 0.7847282139775669
286 0.780414150129422
287 0.7761000862812769
288 0.7758843830888698
289 0.7767471958584987
290 0.7793356341673857
291 0.7754529767040552
292 0.772648835202761
293 0.7679033649698016
294 0.7689818809318378
295 0.7696289905090595
296 0.7722174288179465
297 0.7763157894736842
298 0.776962899050906
299 0.7827868852459017
300 0.7838654012079379
301 0.7836496980155306
302 0.7883951682484901
303 0.7883951682484901
304 0.7894736842105263
305 0.7821397756686799
306 0.7840811044003452
307 0.7825711820534944
308 0.7866695427092321
309 0.7860224331320104
310 0.7907679033649698
311 0.7922778257118205
312 0.7892579810181191
313 0.7849439171699741
314 0.7873166522864539
315 0.7875323554788611
316 0.7842968075927523
317 0.7845125107851596
318 0.7881794650560828
319 0.7914150129421915
320 0.7892579810181191
321 0.7909836065573771
322 0.7933563416738568
323 0.8002588438308887
324 0.7933563416738568
325 0.7879637618636756
326 0.7864538395168249
327 0.7849439171699741
328 0.7933563416738568
329 0.798748921484038
330 0.7929249352890423
331 0.7933563416738568
332 0.7968075927523728
333 0.7940034512510785
334 0.7996117342536669
335 0.7965918895599655
336 0.7948662640207075
337 0.7972389991371872
338 0.7920621225194133
339 0.7924935289042278
340 0.7959447799827437
341 0.8011216566005177
342 0.8011216566005177
343 0.8000431406384815
344 0.7911993097497843
345 0.7907679033649698
346 0.7899050905953409
347 0.7825711820534944
348 0.7797670405522001
349 0.7853753235547886
350 0.7849439171699741
351 0.7946505608283002
352 0.7877480586712683
353 0.7907679033649698
354 0.7847282139775669
355 0.7920621225194133
356 0.7883951682484901
357 0.7894736842105263
358 0.7883951682484901
359 0.7888265746333045
360 0.7896893874029336
361 0.7858067299396031
362 0.7860224331320104
363 0.7896893874029336
364 0.7871009490940466
365 0.7832182916307161
366 0.7871009490940466
367 0.7894736842105263
368 0.7914150129421915
369 0.7894736842105263
370 0.7918464193270061
371 0.7924935289042278
372 0.7924935289042278
373 0.792709232096635
374 0.7909836065573771
375 0.7957290767903364
376 0.7976704055220017
377 0.7903364969801553
378 0.7929249352890423
379 0.7948662640207075
380 0.7965918895599655
381 0.7968075927523728
382 0.7942191544434858
383 0.790120793787748
384 0.7877480586712683
385 0.7879637618636756
386 0.7853753235547886
387 0.7881794650560828
388 0.7892579810181191
389 0.7877480586712683
390 0.7886108714408974
391 0.7877480586712683
392 0.7793356341673857
393 0.7883951682484901
394 0.7855910267471958
395 0.7862381363244176
396 0.7855910267471958
397 0.7922778257118205
398 0.7896893874029336
399 0.7890422778257118
400 0.7855910267471958
401 0.7836496980155306
402 0.7795513373597929
403 0.7799827437446074
404 0.776962899050906
405 0.7750215703192407
406 0.776962899050906
407 0.7754529767040552
408 0.7724331320103538
409 0.7780414150129422
410 0.7806298533218292
411 0.7834339948231234
412 0.7767471958584987
413 0.7767471958584987
414 0.7776100086281277
415 0.7838654012079379
416 0.7840811044003452
417 0.7862381363244176
418 0.7858067299396031
419 0.7879637618636756
420 0.7914150129421915
421 0.7916307161345988
422 0.7948662640207075
423 0.7877480586712683
424 0.7868852459016393
425 0.7860224331320104
426 0.7922778257118205
427 0.7911993097497843
428 0.7918464193270061
429 0.795297670405522
430 0.796160483175151
431 0.7948662640207075
432 0.797886108714409
433 0.7972389991371872
434 0.7914150129421915
435 0.7881794650560828
436 0.790120793787748
437 0.7881794650560828
438 0.7866695427092321
439 0.7948662640207075
440 0.7946505608283002
441 0.7907679033649698
442 0.7914150129421915
443 0.7903364969801553
444 0.7894736842105263
445 0.7858067299396031
446 0.7909836065573771
447 0.7825711820534944
448 0.7858067299396031
449 0.7918464193270061
450 0.7933563416738568
451 0.8006902502157032
452 0.7981018119068162
453 0.797886108714409
454 0.7955133735979293
455 0.7957290767903364
456 0.7974547023295945
457 0.7972389991371872
458 0.7955133735979293
459 0.7933563416738568
460 0.7905522001725626
461 0.7907679033649698
462 0.7905522001725626
463 0.793572044866264
464 0.7892579810181191
465 0.7840811044003452
466 0.7896893874029336
467 0.7920621225194133
468 0.7888265746333045
469 0.7963761863675582
470 0.7959447799827437
471 0.7922778257118205
472 0.7933563416738568
473 0.797886108714409
474 0.7996117342536669
475 0.7946505608283002
476 0.794434857635893
477 0.7911993097497843
478 0.7866695427092321
479 0.7817083692838654
480 0.7780414150129422
481 0.7713546160483176
482 0.7741587575496117
483 0.7791199309749784
484 0.7821397756686799
485 0.780414150129422
486 0.7838654012079379
487 0.7868852459016393
488 0.7855910267471958
489 0.7786885245901639
490 0.7827868852459017
491 0.7814926660914582
492 0.7773943054357204
493 0.771786022433132
494 0.7685504745470233
495 0.7713546160483176
496 0.7732959447799828
497 0.7696289905090595
498 0.7724331320103538
499 0.7659620362381363
500 0.7722174288179465
501 0.7700603968938741
502 0.7679033649698016
503 0.7698446937014668
504 0.7748058671268335
505 0.7827868852459017
506 0.7793356341673857
507 0.7819240724762726
508 0.7793356341673857
509 0.776962899050906
510 0.7784728213977566
511 0.7797670405522001
512 0.7758843830888698
513 0.7771786022433133
514 0.7711389128559103
515 0.7756686798964625
516 0.7812769628990509
517 0.7810612597066436
518 0.7864538395168249
519 0.7903364969801553
520 0.790120793787748
521 0.7883951682484901
522 0.7849439171699741
523 0.7916307161345988
524 0.7836496980155306
525 0.7819240724762726
526 0.7849439171699741
527 0.7879637618636756
528 0.7853753235547886
529 0.7840811044003452
530 0.7875323554788611
531 0.7892579810181191
532 0.7832182916307161
533 0.7868852459016393
534 0.7851596203623814
535 0.7864538395168249
536 0.7864538395168249
537 0.7911993097497843
538 0.7899050905953409
539 0.7911993097497843
540 0.7942191544434858
541 0.7937877480586712
542 0.7933563416738568
543 0.7879637618636756
544 0.7903364969801553
545 0.7873166522864539
546 0.7883951682484901
547 0.7866695427092321
548 0.7797670405522001
549 0.7801984469370147
550 0.7801984469370147
551 0.7823554788610871
552 0.7814926660914582
553 0.7808455565142364
554 0.7812769628990509
555 0.7862381363244176
556 0.7894736842105263
557 0.7905522001725626
558 0.7940034512510785
559 0.7931406384814496
560 0.7918464193270061
561 0.7920621225194133
562 0.7937877480586712
563 0.7918464193270061
564 0.7892579810181191
565 0.792709232096635
566 0.7950819672131147
567 0.7905522001725626
568 0.7836496980155306
569 0.7858067299396031
570 0.7853753235547886
571 0.7791199309749784
572 0.7791199309749784
573 0.7819240724762726
574 0.7808455565142364
575 0.7799827437446074
576 0.7793356341673857
577 0.7851596203623814
578 0.7860224331320104
579 0.7819240724762726
580 0.7823554788610871
581 0.7786885245901639
582 0.7773943054357204
583 0.7761000862812769
584 0.7786885245901639
585 0.7761000862812769
586 0.7776100086281277
587 0.7866695427092321
588 0.7866695427092321
589 0.7793356341673857
590 0.7786885245901639
591 0.7799827437446074
592 0.7819240724762726
593 0.7847282139775669
594 0.7886108714408974
595 0.7858067299396031
596 0.7871009490940466
597 0.7838654012079379
598 0.7860224331320104
599 0.7883951682484901
600 0.7858067299396031
601 0.7819240724762726
602 0.7862381363244176
603 0.7860224331320104
604 0.7972389991371872
605 0.7959447799827437
606 0.7974547023295945
607 0.7946505608283002
608 0.7993960310612597
609 0.7929249352890423
610 0.7896893874029336
611 0.7896893874029336
612 0.7881794650560828
613 0.7883951682484901
614 0.7860224331320104
615 0.7849439171699741
616 0.7801984469370147
617 0.780414150129422
618 0.7814926660914582
619 0.7819240724762726
620 0.7784728213977566
621 0.7823554788610871
622 0.7797670405522001
623 0.7767471958584987
624 0.7784728213977566
625 0.7806298533218292
626 0.7797670405522001
627 0.7812769628990509
628 0.7875323554788611
629 0.7877480586712683
630 0.7862381363244176
631 0.7825711820534944
632 0.7767471958584987
633 0.772648835202761
634 0.7812769628990509
635 0.776962899050906
636 0.7797670405522001
637 0.7858067299396031
638 0.7834339948231234
639 0.7888265746333045
640 0.7918464193270061
641 0.7868852459016393
642 0.7842968075927523
643 0.7767471958584987
644 0.7720017256255393
645 0.775237273511648
646 0.775237273511648
647 0.7797670405522001
648 0.7784728213977566
649 0.776962899050906
650 0.7758843830888698
651 0.7799827437446074
652 0.7821397756686799
653 0.7776100086281277
654 0.7780414150129422
655 0.7776100086281277
656 0.777825711820535
657 0.7819240724762726
658 0.7823554788610871
659 0.7776100086281277
660 0.7756686798964625
661 0.7750215703192407
662 0.7745901639344263
663 0.7773943054357204
664 0.7784728213977566
665 0.7789042277825712
666 0.7810612597066436
667 0.7823554788610871
668 0.7842968075927523
669 0.7858067299396031
670 0.792709232096635
671 0.797886108714409
672 0.7998274374460742
673 0.7985332182916307
674 0.7937877480586712
675 0.7892579810181191
676 0.7875323554788611
677 0.7892579810181191
678 0.7890422778257118
679 0.7890422778257118
680 0.7851596203623814
681 0.7881794650560828
682 0.790120793787748
683 0.7903364969801553
684 0.7914150129421915
685 0.7918464193270061
686 0.7920621225194133
687 0.7879637618636756
688 0.7858067299396031
689 0.7842968075927523
690 0.7903364969801553
691 0.790120793787748
692 0.7886108714408974
693 0.7948662640207075
694 0.7974547023295945
695 0.8037100949094047
696 0.8045729076790337
697 0.8062985332182916
698 0.8032786885245902
699 0.797886108714409
700 0.7907679033649698
