1 0.0004314063848144953
2 0.0004314063848144953
3 0.0012942191544434857
4 0.002372735116479724
5 0.0025884383088869713
6 0.003451251078515962
7 0.003882657463330457
8 0.0036669542709232097
9 0.004961173425366695
10 0.006902502157031924
11 0.007549611734253667
12 0.009706643658326143
13 0.010353753235547885
14 0.011432269197584125
15 0.013589301121656601
16 0.015962036238136326
17 0.017687661777394306
18 0.020491803278688523
19 0.02351164797238999
20 0.026531492666091457
21 0.02998274374460742
22 0.03300258843830889
23 0.03796376186367558
24 0.04314063848144953
25 0.04810181190681622
26 0.05263157894736842
27 0.05737704918032787
28 0.062122519413287315
29 0.06945642795513374
30 0.07484900776531493
31 0.08132010353753236
32 0.08498705780845557
33 0.09081104400345125
34 0.09620362381363244
35 0.10159620362381364
36 0.10785159620362382
37 0.11389128559102675
38 0.12208800690250216
39 0.1309318377911993
40 0.13848144952545297
41 0.14452113891285592
42 0.15142364106988784
43 0.1606988783433995
44 0.1676013805004314
45 0.17385677308024158
46 0.18442622950819673
47 0.19046591889559966
48 0.19952545297670404
49 0.2042709232096635
50 0.21160483175150993
51 0.21937014667817084
52 0.22260569456427956
53 0.22713546160483175
54 0.23403796376186367
55 0.24201898188093185
56 0.250862812769629
57 0.2553925798101812
58 0.2629421915444349
59 0.2756686798964625
60 0.28559102674719583
61 0.2929249352890423
62 0.298748921484038
63 0.3112597066436583
64 0.315358067299396
65 0.3252804141501294
66 0.3302415875754961
67 0.3330457290767903
68 0.3364969801553063
69 0.339732528041415
70 0.34641932700603967
71 0.3533218291630716
72 0.3604400345125108
73 0.3686367558239862
74 0.3759706643658326
75 0.37920621225194134
76 0.38912855910267474
77 0.39495254529767043
78 0.4048748921484038
79 0.4130716134598792
80 0.4160914581535807
81 0.42515099223468505
82 0.42795513373597927
83 0.43766177739430545
84 0.44456427955133737
85 0.4447799827437446
86 0.45081967213114754
87 0.4516824849007765
88 0.45642795513373596
89 0.4598792062122519
90 0.4659188955996549
91 0.47346850733390855
92 0.47929249352890424
93 0.48662640207075064
94 0.4928817946505608
95 0.4995685936151855
96 0.5090595340811044
97 0.5155306298533219
98 0.5194132873166523
99 0.5276100086281277
100 0.5261000862812769
101 0.5319240724762726
102 0.5379637618636756
103 0.5347282139775669
104 0.5411993097497843
105 0.544434857635893
106 0.5485332182916307
107 0.5493960310612597
108 0.5543572044866264
109 0.5616911130284729
110 0.5692407247627265
111 0.5698878343399483
112 0.5737704918032787
113 0.5763589301121657
114 0.5761432269197584
115 0.5783002588438308
116 0.5834771354616048
117 0.5890854184641933
118 0.5938308886971527
119 0.5998705780845557
120 0.6031061259706644
121 0.6089301121656601
122 0.6065573770491803
123 0.6128127696289906
124 0.6199309749784296
125 0.6218723037100949
126 0.6216566005176877
127 0.6227351164797239
128 0.6272648835202761
129 0.6389128559102675
130 0.6432269197584124
131 0.6458153580672994
132 0.6440897325280415
133 0.6445211389128559
134 0.642795513373598
135 0.6440897325280415
136 0.6423641069887834
137 0.6496980155306299
138 0.6589732528041415
139 0.6626402070750647
140 0.6699741156169111
141 0.6701898188093184
142 0.6678170836928387
143 0.6699741156169111
144 0.6725625539257981
145 0.6721311475409836
146 0.6762295081967213
147 0.676876617773943
148 0.6818377911993098
149 0.6827006039689387
150 0.6898188093183779
151 0.6954270923209663
152 0.6937014667817084
153 0.6977998274374461
154 0.6993097497842968
155 0.707290767903365
156 0.707290767903365
157 0.7100949094046591
158 0.7107420189818809
159 0.7105263157894737
160 0.7165660051768766
161 0.7232528041415013
162 0.7267040552200172
163 0.7254098360655737
164 0.7267040552200172
165 0.7314495254529767
166 0.7299396031061259
167 0.7344693701466781
168 0.7303710094909405
169 0.7333908541846419
170 0.7320966350301984
171 0.7260569456427955
172 0.7267040552200172
173 0.7295081967213115
174 0.7314495254529767
175 0.731665228645384
176 0.7299396031061259
177 0.7286453839516824
178 0.7254098360655737
179 0.7333908541846419
180 0.7346850733390854
181 0.7357635893011216
182 0.7377049180327869
183 0.734253666954271
184 0.7333908541846419
185 0.7370578084555651
186 0.7374892148403797
187 0.7377049180327869
188 0.7394305435720449
189 0.7428817946505608
190 0.7415875754961173
191 0.7443917169974116
192 0.7422346850733391
193 0.7437446074201898
194 0.7420189818809318
195 0.7420189818809318
196 0.7428817946505608
197 0.7426660914581535
198 0.7459016393442623
199 0.7454702329594478
200 0.7549611734253667
201 0.7644521138912856
202 0.7610008628127696
203 0.7528041415012943
204 0.7538826574633305
205 0.755176876617774
206 0.7605694564279551
207 0.7597066436583262
208 0.7607851596203624
209 0.7642364106988784
210 0.7681190681622088
211 0.7730802415875755
212 0.7648835202761001
213 0.7638050043140638
214 0.7648835202761001
215 0.7627264883520276
216 0.7631578947368421
217 0.7663934426229508
218 0.7672562553925798
219 0.7601380500431406
220 0.7622950819672131
221 0.7635893011216566
222 0.7681190681622088
223 0.7730802415875755
224 0.7730802415875755
225 0.7763157894736842
226 0.7821397756686799
227 0.7773943054357204
228 0.7737273511647972
229 0.7724331320103538
230 0.7724331320103538
231 0.765746333045729
232 0.7653149266609146
233 0.7672562553925798
234 0.7685504745470233
235 0.769197584124245
236 0.7763157894736842
237 0.7784728213977566
238 0.7784728213977566
239 0.7784728213977566
240 0.7739430543572045
241 0.7730802415875755
242 0.7635893011216566
243 0.774374460742019
244 0.774374460742019
245 0.7763157894736842
246 0.7791199309749784
247 0.7745901639344263
248 0.7758843830888698
249 0.7750215703192407
250 0.7791199309749784
251 0.7801984469370147
252 0.7758843830888698
253 0.7750215703192407
254 0.7696289905090595
255 0.7629421915444349
256 0.765746333045729
257 0.7614322691975841
258 0.7638050043140638
259 0.7713546160483176
260 0.7776100086281277
261 0.7754529767040552
262 0.7720017256255393
263 0.7771786022433133
264 0.7732959447799828
265 0.7765314926660914
266 0.7756686798964625
267 0.7739430543572045
268 0.7732959447799828
269 0.7756686798964625
270 0.775237273511648
271 0.777825711820535
272 0.7812769628990509
273 0.7784728213977566
274 0.772648835202761
275 0.7722174288179465
276 0.7741587575496117
277 0.7801984469370147
278 0.7830025884383088
279 0.7827868852459017
280 0.7801984469370147
281 0.775237273511648
282 0.7776100086281277
283 0.7720017256255393
284 0.7713546160483176
285 0.774374460742019
286 0.7810612597066436
287 0.7765314926660914
288 0.776962899050906
289 0.7758843830888698
290 0.7745901639344263
291 0.7745901639344263
292 0.7780414150129422
293 0.7765314926660914
294 0.7819240724762726
295 0.7821397756686799
296 0.7799827437446074
297 0.7730802415875755
298 0.7728645383951682
299 0.7771786022433133
300 0.7776100086281277
301 0.7786885245901639
302 0.7745901639344263
303 0.7715703192407247
304 0.7700603968938741
305 0.7745901639344263
306 0.7782571182053495
307 0.7782571182053495
308 0.775237273511648
309 0.777825711820535
310 0.7763157894736842
311 0.7771786022433133
312 0.7763157894736842
313 0.7801984469370147
314 0.7758843830888698
315 0.7784728213977566
316 0.7761000862812769
317 0.7806298533218292
318 0.7806298533218292
319 0.7871009490940466
320 0.7886108714408974
321 0.7862381363244176
322 0.790120793787748
323 0.7950819672131147
324 0.7942191544434858
325 0.7877480586712683
326 0.7858067299396031
327 0.7860224331320104
328 0.7786885245901639
329 0.7842968075927523
330 0.7842968075927523
331 0.7825711820534944
332 0.7773943054357204
333 0.7761000862812769
334 0.777825711820535
335 0.77351164797239
336 0.774374460742019
337 0.7806298533218292
338 0.7864538395168249
339 0.7817083692838654
340 0.7845125107851596
341 0.7890422778257118
342 0.7849439171699741
343 0.7855910267471958
344 0.7847282139775669
345 0.7812769628990509
346 0.7834339948231234
347 0.7808455565142364
348 0.7832182916307161
349 0.7860224331320104
350 0.7810612597066436
351 0.7871009490940466
352 0.7888265746333045
353 0.7801984469370147
354 0.7840811044003452
355 0.7879637618636756
356 0.7862381363244176
357 0.7851596203623814
358 0.7845125107851596
359 0.7825711820534944
360 0.7817083692838654
361 0.7786885245901639
362 0.7832182916307161
363 0.7793356341673857
364 0.7724331320103538
365 0.7732959447799828
366 0.776962899050906
367 0.7836496980155306
368 0.7855910267471958
369 0.7873166522864539
370 0.7851596203623814
371 0.7871009490940466
372 0.7849439171699741
373 0.7888265746333045
374 0.7873166522864539
375 0.7911993097497843
376 0.7929249352890423
377 0.792709232096635
378 0.7963761863675582
379 0.795297670405522
380 0.8000431406384815
381 0.7974547023295945
382 0.796160483175151
383 0.790120793787748
384 0.7886108714408974
385 0.7931406384814496
386 0.7905522001725626
387 0.7853753235547886
388 0.7756686798964625
389 0.7732959447799828
390 0.7817083692838654
391 0.7827868852459017
392 0.7789042277825712
393 0.7825711820534944
394 0.7799827437446074
395 0.7795513373597929
396 0.7741587575496117
397 0.771786022433132
398 0.7681190681622088
399 0.7700603968938741
400 0.7765314926660914
401 0.771786022433132
402 0.7702761000862812
403 0.7765314926660914
404 0.77351164797239
405 0.7754529767040552
406 0.7739430543572045
407 0.7722174288179465
408 0.77351164797239
409 0.7679033649698016
410 0.7700603968938741
411 0.769197584124245
412 0.7711389128559103
413 0.7696289905090595
414 0.7745901639344263
415 0.7758843830888698
416 0.77351164797239
417 0.775237273511648
418 0.7765314926660914
419 0.7821397756686799
420 0.7758843830888698
421 0.7817083692838654
422 0.7864538395168249
423 0.7886108714408974
424 0.7866695427092321
425 0.7886108714408974
426 0.7894736842105263
427 0.7866695427092321
428 0.7860224331320104
429 0.7886108714408974
430 0.7877480586712683
431 0.7883951682484901
432 0.7886108714408974
433 0.7864538395168249
434 0.7892579810181191
435 0.7890422778257118
436 0.7888265746333045
437 0.7761000862812769
438 0.7871009490940466
439 0.7840811044003452
440 0.7883951682484901
441 0.7810612597066436
442 0.7808455565142364
443 0.7801984469370147
444 0.7821397756686799
445 0.7784728213977566
446 0.7819240724762726
447 0.7810612597066436
448 0.777825711820535
449 0.7836496980155306
450 0.7745901639344263
451 0.7817083692838654
452 0.7806298533218292
453 0.7799827437446074
454 0.7776100086281277
455 0.7817083692838654
456 0.7821397756686799
457 0.7823554788610871
458 0.7883951682484901
459 0.7877480586712683
460 0.7894736842105263
461 0.796160483175151
462 0.7933563416738568
463 0.790120793787748
464 0.7903364969801553
465 0.7858067299396031
466 0.7860224331320104
467 0.7853753235547886
468 0.7899050905953409
469 0.7924935289042278
470 0.7905522001725626
471 0.7983175150992234
472 0.7976704055220017
473 0.792709232096635
474 0.8002588438308887
475 0.7955133735979293
476 0.7974547023295945
477 0.7959447799827437
478 0.7959447799827437
479 0.7905522001725626
480 0.7909836065573771
481 0.7883951682484901
482 0.7871009490940466
483 0.7845125107851596
484 0.7860224331320104
485 0.7864538395168249
486 0.7853753235547886
487 0.7892579810181191
488 0.7888265746333045
489 0.7914150129421915
490 0.7948662640207075
491 0.7920621225194133
492 0.7892579810181191
493 0.7896893874029336
494 0.7855910267471958
495 0.7868852459016393
496 0.7871009490940466
497 0.7868852459016393
498 0.7851596203623814
499 0.7817083692838654
500 0.7838654012079379
501 0.7832182916307161
502 0.7847282139775669
503 0.7860224331320104
504 0.7810612597066436
505 0.7819240724762726
506 0.7821397756686799
507 0.7773943054357204
508 0.7795513373597929
509 0.7795513373597929
510 0.7784728213977566
511 0.7776100086281277
512 0.7776100086281277
513 0.7773943054357204
514 0.7773943054357204
515 0.7819240724762726
516 0.7789042277825712
517 0.7819240724762726
518 0.7832182916307161
519 0.7845125107851596
520 0.7866695427092321
521 0.7881794650560828
522 0.780414150129422
523 0.7737273511647972
524 0.7715703192407247
525 0.7741587575496117
526 0.7819240724762726
527 0.7823554788610871
528 0.7812769628990509
529 0.7868852459016393
530 0.7883951682484901
531 0.7847282139775669
532 0.7853753235547886
533 0.7842968075927523
534 0.7888265746333045
535 0.7905522001725626
536 0.7957290767903364
537 0.7968075927523728
538 0.7998274374460742
539 0.7955133735979293
540 0.7970232959447799
541 0.797886108714409
542 0.7963761863675582
543 0.7957290767903364
544 0.7974547023295945
545 0.7963761863675582
546 0.7991803278688525
547 0.8041415012942191
548 0.8015530629853321
549 0.7991803278688525
550 0.7972389991371872
551 0.7931406384814496
552 0.7797670405522001
553 0.7791199309749784
554 0.7830025884383088
555 0.7864538395168249
556 0.7840811044003452
557 0.7799827437446074
558 0.7806298533218292
559 0.7782571182053495
560 0.7879637618636756
561 0.7873166522864539
562 0.7868852459016393
563 0.7847282139775669
564 0.7862381363244176
565 0.7862381363244176
566 0.7860224331320104
567 0.7871009490940466
568 0.7851596203623814
569 0.7864538395168249
570 0.7832182916307161
571 0.780414150129422
572 0.7817083692838654
573 0.7827868852459017
574 0.7860224331320104
575 0.7838654012079379
576 0.7842968075927523
577 0.7825711820534944
578 0.7795513373597929
579 0.7825711820534944
580 0.7830025884383088
581 0.7832182916307161
582 0.7845125107851596
583 0.7873166522864539
584 0.7866695427092321
585 0.7801984469370147
586 0.777825711820535
587 0.7765314926660914
588 0.7679033649698016
589 0.7670405522001725
590 0.7679033649698016
591 0.7700603968938741
592 0.769197584124245
593 0.7681190681622088
594 0.7679033649698016
595 0.7696289905090595
596 0.7707075064710958
597 0.769197584124245
598 0.7666091458153581
599 0.7646678170836928
600 0.7681190681622088
601 0.7685504745470233
602 0.7702761000862812
603 0.7694132873166523
604 0.7758843830888698
605 0.7732959447799828
606 0.7711389128559103
607 0.7834339948231234
608 0.7855910267471958
609 0.7862381363244176
610 0.7868852459016393
611 0.7819240724762726
612 0.7860224331320104
613 0.7830025884383088
614 0.7799827437446074
615 0.7801984469370147
616 0.7886108714408974
617 0.7817083692838654
618 0.7786885245901639
619 0.7819240724762726
620 0.7875323554788611
621 0.7883951682484901
622 0.7911993097497843
623 0.7916307161345988
624 0.7853753235547886
625 0.7836496980155306
626 0.7830025884383088
627 0.7825711820534944
628 0.7812769628990509
629 0.7801984469370147
630 0.774374460742019
631 0.7741587575496117
632 0.7679033649698016
633 0.7663934426229508
634 0.7631578947368421
635 0.7631578947368421
636 0.7663934426229508
637 0.7659620362381363
638 0.7707075064710958
639 0.7681190681622088
640 0.7724331320103538
641 0.7685504745470233
642 0.7707075064710958
643 0.7676876617773943
644 0.7694132873166523
645 0.7702761000862812
646 0.7745901639344263
647 0.776962899050906
648 0.7791199309749784
649 0.7748058671268335
650 0.7780414150129422
651 0.7793356341673857
652 0.7795513373597929
653 0.7765314926660914
654 0.7763157894736842
655 0.7724331320103538
656 0.7674719585849871
657 0.7730802415875755
658 0.7780414150129422
659 0.7722174288179465
660 0.7754529767040552
661 0.771786022433132
662 0.7672562553925798
663 0.7698446937014668
664 0.7679033649698016
665 0.769197584124245
666 0.768334771354616
667 0.7607851596203624
668 0.7610008628127696
669 0.7635893011216566
670 0.7672562553925798
671 0.7668248490077653
672 0.7655306298533219
673 0.7648835202761001
674 0.7668248490077653
675 0.7681190681622088
676 0.7655306298533219
677 0.7668248490077653
678 0.7773943054357204
679 0.7845125107851596
680 0.7784728213977566
681 0.7763157894736842
682 0.772648835202761
683 0.7732959447799828
684 0.7754529767040552
685 0.775237273511648
686 0.7728645383951682
687 0.7799827437446074
688 0.7840811044003452
689 0.7765314926660914
690 0.7838654012079379
691 0.7851596203623814
692 0.7862381363244176
693 0.7896893874029336
694 0.7888265746333045
695 0.7875323554788611
696 0.7881794650560828
697 0.7914150129421915
698 0.7896893874029336
699 0.7933563416738568
700 0.7924935289042278
