1 0.00021570319240724764
2 0.00021570319240724764
3 0.00021570319240724764
4 0.00021570319240724764
5 0.0004314063848144953
6 0.0004314063848144953
7 0.0004314063848144953
8 0.00021570319240724764
9 0.0006471095772217428
10 0.0006471095772217428
11 0.0006471095772217428
12 0.0004314063848144953
13 0.0004314063848144953
14 0.0004314063848144953
15 0.0006471095772217428
16 0.0008628127696289905
17 0.0008628127696289905
18 0.0010785159620362382
19 0.0010785159620362382
20 0.0015099223468507334
21 0.001725625539257981
22 0.0015099223468507334
23 0.001725625539257981
24 0.0021570319240724763
25 0.0030198446937014668
26 0.003451251078515962
27 0.003882657463330457
28 0.004314063848144953
29 0.004314063848144953
30 0.004745470232959448
31 0.005176876617773943
32 0.005823986194995686
33 0.007118205349439172
34 0.006902502157031924
35 0.006902502157031924
36 0.007549611734253667
37 0.0090595340811044
38 0.00992234685073339
39 0.010569456427955135
40 0.010785159620362382
41 0.012942191544434857
42 0.013805004314063849
43 0.014667817083692839
44 0.015962036238136326
45 0.015530629853321829
46 0.016177739430543573
47 0.01639344262295082
48 0.019413287316652286
49 0.019413287316652286
50 0.02178602243313201
51 0.023943054357204487
52 0.02372735116479724
53 0.02545297670405522
54 0.028041415012942193
55 0.028472821397756688
56 0.03300258843830889
57 0.034943917169974116
58 0.036885245901639344
59 0.04055220017256255
60 0.04184641932700604
61 0.04486626402070751
62 0.04810181190681622
63 0.05069025021570319
64 0.055220017256255395
65 0.05910267471958585
66 0.062122519413287315
67 0.06708369283865401
68 0.07139775668679896
69 0.07657463330457291
70 0.07981018119068162
71 0.08541846419327007
72 0.08930112165660052
73 0.09318377911993098
74 0.09620362381363244
75 0.10289042277825712
76 0.10612597066436583
77 0.1128127696289905
78 0.11669542709232096
79 0.12100949094046592
80 0.12812769628990509
81 0.13481449525452976
82 0.14171699741156168
83 0.15034512510785158
84 0.1544434857635893
85 0.159404659188956
86 0.1622088006902502
87 0.1635030198446937
88 0.17018981880931838
89 0.1770923209663503
90 0.18442622950819673
91 0.19046591889559966
92 0.1984469370146678
93 0.20081967213114754
94 0.20858498705780845
95 0.21138912855910266
96 0.21656600517687663
97 0.22476272648835202
98 0.23209663503019845
99 0.23533218291630717
100 0.2454702329594478
101 0.25194132873166525
102 0.2659620362381363
103 0.2741587575496117
104 0.28321829163071616
105 0.29206212251941327
106 0.2974547023295945
107 0.3013373597929249
108 0.3039257981018119
109 0.3069456427955134
110 0.3155737704918033
111 0.3237704918032787
112 0.3285159620362381
113 0.33261432269197583
114 0.341458153580673
115 0.3485763589301122
116 0.3524590163934426
117 0.35936151855047455
118 0.365832614322692
119 0.37467644521138915
120 0.3815789473684211
121 0.3882657463330457
122 0.3940897325280414
123 0.40207075064710956
124 0.40767903364969804
125 0.41867989646246767
126 0.42493528904227784
127 0.43593615185504747
128 0.4415444348576359
129 0.4525452976704055
130 0.4646246764452114
131 0.4700172562553926
132 0.47174288179465057
133 0.479939603106126
134 0.4870578084555651
135 0.4900776531492666
136 0.49223468507333906
137 0.49978429680759273
138 0.5032355478861087
139 0.5107851596203624
140 0.5153149266609146
141 0.5256686798964625
142 0.5289042277825712
143 0.5364538395168249
144 0.5394736842105263
145 0.5474547023295945
146 0.5526315789473685
147 0.5578084555651424
148 0.5599654874892148
149 0.5694564279551337
150 0.5739861949956859
151 0.5806729939603106
152 0.5877911993097498
153 0.5845556514236411
154 0.5951251078515962
155 0.597497842968076
156 0.5979292493528904
157 0.6089301121656601
158 0.6059102674719585
159 0.6117342536669542
160 0.6151855047454702
161 0.619283865401208
162 0.6246764452113891
163 0.6302847282139775
164 0.636755823986195
165 0.6432269197584124
166 0.6458153580672994
167 0.6479723899913719
168 0.6492666091458154
169 0.6555220017256256
170 0.6514236410698878
171 0.6529335634167386
172 0.6578947368421053
173 0.6615616911130284
174 0.6680327868852459
175 0.6751509922346851
176 0.6708369283865401
177 0.674288179465056
178 0.6848576358930112
179 0.6876617773943055
180 0.6947799827437446
181 0.6969370146678171
182 0.6960742018981881
183 0.6949956859361519
184 0.6932700603968939
185 0.6999568593615185
186 0.7062122519413288
187 0.7116048317515099
188 0.7191544434857636
189 0.7206643658326143
190 0.7219585849870578
191 0.7267040552200172
192 0.7251941328731665
193 0.7303710094909405
194 0.7297238999137188
195 0.729076790336497
196 0.7262726488352028
197 0.7260569456427955
198 0.7284296807592753
199 0.7355478861087144
200 0.7325280414150129
201 0.7305867126833477
202 0.7333908541846419
203 0.7340379637618637
204 0.7359792924935289
205 0.7428817946505608
206 0.7515099223468508
207 0.7476272648835203
208 0.7459016393442623
209 0.7480586712683348
210 0.7487057808455565
211 0.7493528904227783
212 0.75
213 0.75862812769629
214 0.7538826574633305
215 0.7519413287316652
216 0.7476272648835203
217 0.748274374460742
218 0.749137187230371
219 0.7489214840379638
220 0.7502157031924073
221 0.75
222 0.7510785159620362
223 0.7530198446937014
224 0.7553925798101812
225 0.7510785159620362
226 0.753451251078516
227 0.7538826574633305
228 0.7478429680759275
229 0.7493528904227783
230 0.743960310612597
231 0.7484900776531492
232 0.7504314063848145
233 0.7519413287316652
234 0.7497842968075927
235 0.7478429680759275
236 0.750862812769629
237 0.753451251078516
238 0.7497842968075927
239 0.7515099223468508
240 0.75862812769629
241 0.7640207075064711
242 0.7573339085418465
243 0.7584124245038827
244 0.7607851596203624
245 0.7601380500431406
246 0.7599223468507333
247 0.7588438308886971
248 0.7592752372735116
249 0.7564710957722174
250 0.75862812769629
251 0.7594909404659189
252 0.7603537532355479
253 0.7653149266609146
254 0.7605694564279551
255 0.7610008628127696
256 0.7616479723899914
257 0.7668248490077653
258 0.7653149266609146
259 0.7638050043140638
260 0.7679033649698016
261 0.7696289905090595
262 0.774374460742019
263 0.7722174288179465
264 0.7730802415875755
265 0.771786022433132
266 0.7748058671268335
267 0.7653149266609146
268 0.7676876617773943
269 0.765746333045729
270 0.7663934426229508
271 0.7700603968938741
272 0.7711389128559103
273 0.7644521138912856
274 0.7672562553925798
275 0.7700603968938741
276 0.7711389128559103
277 0.7722174288179465
278 0.7679033649698016
279 0.7732959447799828
280 0.7728645383951682
281 0.775237273511648
282 0.7730802415875755
283 0.771786022433132
284 0.7707075064710958
285 0.768334771354616
286 0.770923209663503
287 0.7696289905090595
288 0.7676876617773943
289 0.7670405522001725
290 0.7653149266609146
291 0.7648835202761001
292 0.7633735979292493
293 0.769197584124245
294 0.765746333045729
295 0.7644521138912856
296 0.7687661777394306
297 0.769197584124245
298 0.7679033649698016
299 0.7713546160483176
300 0.7707075064710958
301 0.7696289905090595
302 0.7715703192407247
303 0.7698446937014668
304 0.7655306298533219
305 0.770923209663503
306 0.7713546160483176
307 0.7702761000862812
308 0.7650992234685073
309 0.765746333045729
310 0.7633735979292493
311 0.7732959447799828
312 0.7745901639344263
313 0.7758843830888698
314 0.7730802415875755
315 0.7707075064710958
316 0.7773943054357204
317 0.780414150129422
318 0.7795513373597929
319 0.7830025884383088
320 0.7819240724762726
321 0.7838654012079379
322 0.7909836065573771
323 0.7860224331320104
324 0.7858067299396031
325 0.7894736842105263
326 0.7860224331320104
327 0.7858067299396031
328 0.7877480586712683
329 0.7832182916307161
330 0.7784728213977566
331 0.7853753235547886
332 0.792709232096635
333 0.794434857635893
334 0.7963761863675582
335 0.7879637618636756
336 0.7862381363244176
337 0.7933563416738568
338 0.7911993097497843
339 0.7881794650560828
340 0.7879637618636756
341 0.7840811044003452
342 0.7881794650560828
343 0.7883951682484901
344 0.7868852459016393
345 0.7823554788610871
346 0.7827868852459017
347 0.780414150129422
348 0.7782571182053495
349 0.7771786022433133
350 0.7763157894736842
351 0.7720017256255393
352 0.7741587575496117
353 0.7704918032786885
354 0.77351164797239
355 0.7715703192407247
356 0.7758843830888698
357 0.7763157894736842
358 0.7765314926660914
359 0.7791199309749784
360 0.7784728213977566
361 0.7853753235547886
362 0.7763157894736842
363 0.7758843830888698
364 0.7789042277825712
365 0.7782571182053495
366 0.7780414150129422
367 0.774374460742019
368 0.7713546160483176
369 0.7748058671268335
370 0.7810612597066436
371 0.7842968075927523
372 0.7784728213977566
373 0.7791199309749784
374 0.7842968075927523
375 0.7814926660914582
376 0.7823554788610871
377 0.7771786022433133
378 0.7791199309749784
379 0.7825711820534944
380 0.7801984469370147
381 0.777825711820535
382 0.7855910267471958
383 0.7810612597066436
384 0.7795513373597929
385 0.7860224331320104
386 0.7914150129421915
387 0.792709232096635
388 0.7937877480586712
389 0.7920621225194133
390 0.7970232959447799
391 0.7998274374460742
392 0.8039257981018119
393 0.7996117342536669
394 0.7972389991371872
395 0.790120793787748
396 0.7858067299396031
397 0.7823554788610871
398 0.7845125107851596
399 0.7871009490940466
400 0.7825711820534944
401 0.7890422778257118
402 0.7911993097497843
403 0.7879637618636756
404 0.7877480586712683
405 0.7892579810181191
406 0.7849439171699741
407 0.7911993097497843
408 0.7875323554788611
409 0.7914150129421915
410 0.7871009490940466
411 0.7883951682484901
412 0.7834339948231234
413 0.7797670405522001
414 0.7784728213977566
415 0.7767471958584987
416 0.776962899050906
417 0.7797670405522001
418 0.7795513373597929
419 0.7782571182053495
420 0.7786885245901639
421 0.7823554788610871
422 0.7825711820534944
423 0.7810612597066436
424 0.7806298533218292
425 0.7808455565142364
426 0.7823554788610871
427 0.7797670405522001
428 0.7851596203623814
429 0.7858067299396031
430 0.7817083692838654
431 0.7853753235547886
432 0.7851596203623814
433 0.7851596203623814
434 0.7871009490940466
435 0.7801984469370147
436 0.7855910267471958
437 0.7894736842105263
438 0.7970232959447799
439 0.794434857635893
440 0.7903364969801553
441 0.7894736842105263
442 0.7847282139775669
443 0.7851596203623814
444 0.7881794650560828
445 0.7896893874029336
446 0.7883951682484901
447 0.7931406384814496
448 0.8002588438308887
449 0.7989646246764452
450 0.7903364969801553
451 0.7838654012079379
452 0.7851596203623814
453 0.7847282139775669
454 0.7903364969801553
455 0.7948662640207075
456 0.7920621225194133
457 0.7948662640207075
458 0.7905522001725626
459 0.7892579810181191
460 0.7959447799827437
461 0.8041415012942191
462 0.8062985332182916
463 0.8086712683347713
464 0.8050043140638481
465 0.7996117342536669
466 0.7931406384814496
467 0.7924935289042278
468 0.7970232959447799
469 0.7955133735979293
470 0.8009059534081104
471 0.8004745470232959
472 0.8041415012942191
473 0.8065142364106989
474 0.8030629853321829
475 0.7996117342536669
476 0.8030629853321829
477 0.8069456427955134
478 0.8119068162208801
479 0.8106125970664366
480 0.808455565142364
481 0.8093183779119931
482 0.8067299396031061
483 0.8065142364106989
484 0.8075927523727351
485 0.8101811906816221
486 0.8034943917169974
487 0.8058671268334772
488 0.8065142364106989
489 0.8028472821397756
490 0.795297670405522
491 0.7866695427092321
492 0.7858067299396031
493 0.7937877480586712
494 0.7946505608283002
495 0.7974547023295945
496 0.7914150129421915
497 0.7918464193270061
498 0.7888265746333045
499 0.7817083692838654
500 0.7875323554788611
501 0.7868852459016393
502 0.7842968075927523
503 0.7864538395168249
504 0.7886108714408974
505 0.7972389991371872
506 0.7950819672131147
507 0.7942191544434858
508 0.7911993097497843
509 0.7845125107851596
510 0.7879637618636756
511 0.7862381363244176
512 0.7838654012079379
513 0.7888265746333045
514 0.7866695427092321
515 0.7823554788610871
516 0.7838654012079379
517 0.7855910267471958
518 0.7894736842105263
519 0.7840811044003452
520 0.7855910267471958
521 0.7883951682484901
522 0.7842968075927523
523 0.7860224331320104
524 0.7871009490940466
525 0.7883951682484901
526 0.7873166522864539
527 0.7883951682484901
528 0.7862381363244176
529 0.7842968075927523
530 0.7801984469370147
531 0.7834339948231234
532 0.7866695427092321
533 0.7879637618636756
534 0.7840811044003452
535 0.7776100086281277
536 0.7814926660914582
537 0.7776100086281277
538 0.7784728213977566
539 0.7853753235547886
540 0.7899050905953409
541 0.792709232096635
542 0.7890422778257118
543 0.7862381363244176
544 0.7864538395168249
545 0.7838654012079379
546 0.7819240724762726
547 0.7851596203623814
548 0.7795513373597929
549 0.7791199309749784
550 0.7789042277825712
551 0.7782571182053495
552 0.7823554788610871
553 0.7860224331320104
554 0.7834339948231234
555 0.7832182916307161
556 0.7786885245901639
557 0.7858067299396031
558 0.7832182916307161
559 0.7881794650560828
560 0.7924935289042278
561 0.7860224331320104
562 0.7860224331320104
563 0.7858067299396031
564 0.7849439171699741
565 0.7871009490940466
566 0.7814926660914582
567 0.7834339948231234
568 0.7821397756686799
569 0.7767471958584987
570 0.7739430543572045
571 0.7761000862812769
572 0.776962899050906
573 0.7801984469370147
574 0.776962899050906
575 0.7793356341673857
576 0.7771786022433133
577 0.7711389128559103
578 0.7771786022433133
579 0.7776100086281277
580 0.7860224331320104
581 0.7810612597066436
582 0.7821397756686799
583 0.7812769628990509
584 0.7801984469370147
585 0.7776100086281277
586 0.7750215703192407
587 0.7730802415875755
588 0.7730802415875755
589 0.7713546160483176
590 0.771786022433132
591 0.7730802415875755
592 0.7763157894736842
593 0.7745901639344263
594 0.7704918032786885
595 0.7668248490077653
596 0.7694132873166523
597 0.7700603968938741
598 0.771786022433132
599 0.780414150129422
600 0.7799827437446074
601 0.7773943054357204
602 0.7799827437446074
603 0.7799827437446074
604 0.7771786022433133
605 0.7838654012079379
606 0.780414150129422
607 0.7836496980155306
608 0.7847282139775669
609 0.7789042277825712
610 0.7782571182053495
611 0.7801984469370147
612 0.7812769628990509
613 0.7789042277825712
614 0.7866695427092321
615 0.7860224331320104
616 0.7873166522864539
617 0.7862381363244176
618 0.7821397756686799
619 0.7795513373597929
620 0.7840811044003452
621 0.77351164797239
622 0.77351164797239
623 0.7756686798964625
624 0.7689818809318378
625 0.765746333045729
626 0.774374460742019
627 0.7765314926660914
628 0.7765314926660914
629 0.7767471958584987
630 0.7730802415875755
631 0.7832182916307161
632 0.7806298533218292
633 0.7808455565142364
634 0.7812769628990509
635 0.7773943054357204
636 0.7817083692838654
637 0.7819240724762726
638 0.7789042277825712
639 0.7817083692838654
640 0.7823554788610871
641 0.7858067299396031
642 0.7845125107851596
643 0.7855910267471958
644 0.7883951682484901
645 0.790120793787748
646 0.793572044866264
647 0.7894736842105263
648 0.7873166522864539
649 0.7890422778257118
650 0.7881794650560828
651 0.7909836065573771
652 0.7907679033649698
653 0.7892579810181191
654 0.7873166522864539
655 0.7888265746333045
656 0.7860224331320104
657 0.7862381363244176
658 0.7881794650560828
659 0.7866695427092321
660 0.7892579810181191
661 0.7911993097497843
662 0.7993960310612597
663 0.7981018119068162
664 0.7957290767903364
665 0.7937877480586712
666 0.7955133735979293
667 0.797886108714409
668 0.7883951682484901
669 0.7909836065573771
670 0.7834339948231234
671 0.777825711820535
672 0.7812769628990509
673 0.7881794650560828
674 0.7868852459016393
675 0.7858067299396031
676 0.7875323554788611
677 0.7883951682484901
678 0.7868852459016393
679 0.7858067299396031
680 0.7875323554788611
681 0.7851596203623814
682 0.7883951682484901
683 0.7864538395168249
684 0.7855910267471958
685 0.7905522001725626
686 0.7868852459016393
687 0.7853753235547886
688 0.7866695427092321
689 0.7929249352890423
690 0.7871009490940466
691 0.7911993097497843
692 0.7965918895599655
693 0.7924935289042278
694 0.7890422778257118
695 0.7924935289042278
696 0.7914150129421915
697 0.7911993097497843
698 0.7918464193270061
699 0.790120793787748
700 0.7905522001725626
