1 0.00021570319240724764
2 0.0008628127696289905
3 0.0012942191544434857
4 0.0015099223468507334
5 0.0021570319240724763
6 0.0028041415012942193
7 0.0032355478861087143
8 0.0045297670405522
9 0.0056082830025884385
10 0.006902502157031924
11 0.006902502157031924
12 0.008628127696289905
13 0.0090595340811044
14 0.010138050043140638
15 0.011647972389991372
16 0.012079378774805867
17 0.013373597929249352
18 0.014236410698878344
19 0.014452113891285591
20 0.014236410698878344
21 0.01639344262295082
22 0.017687661777394306
23 0.020491803278688523
24 0.023295944779982744
25 0.026531492666091457
26 0.030414150129421915
27 0.030629853321829163
28 0.03364969801553063
29 0.036022433132010354
30 0.03817946505608283
31 0.038610871440897324
32 0.03882657463330457
33 0.0407679033649698
34 0.04486626402070751
35 0.04874892148403796
36 0.050258843830888696
37 0.05565142364106989
38 0.05802415875754961
39 0.06104400345125108
40 0.06471095772217429
41 0.067946505608283
42 0.07312338222605695
43 0.07765314926660914
44 0.07873166522864539
45 0.08261432269197584
46 0.08498705780845557
47 0.091458153580673
48 0.09706643658326143
49 0.09943917169974116
50 0.10591026747195859
51 0.11712683347713546
52 0.12295081967213115
53 0.12510785159620363
54 0.12812769628990509
55 0.13524590163934427
56 0.14365832614322693
57 0.14754098360655737
58 0.1540120793787748
59 0.1622088006902502
60 0.16975841242450387
61 0.17968075927523727
62 0.18679896462467643
63 0.19240724762726488
64 0.20038826574633303
65 0.20685936151855047
66 0.2182916307161346
67 0.22519413287316653
68 0.22842968075927525
69 0.23705780845556515
70 0.2471958584987058
71 0.25841242450388263
72 0.26790336496980155
73 0.2771786022433132
74 0.2825711820534944
75 0.2888265746333046
76 0.292709232096635
77 0.29637618636755825
78 0.29918032786885246
79 0.31061259706643657
80 0.31449525452976707
81 0.32355478861087145
82 0.33369283865401206
83 0.3425366695427092
84 0.34792924935289044
85 0.3554788610871441
86 0.35763589301121657
87 0.3677739430543572
88 0.37640207075064713
89 0.37791199309749784
90 0.3889128559102675
91 0.390207075064711
92 0.3984037963761864
93 0.3971095772217429
94 0.4048748921484038
95 0.41048317515099225
96 0.4229939603106126
97 0.43356341673856774
98 0.43960310612597064
99 0.4469370146678171
100 0.45038826574633306
101 0.4605263157894737
102 0.4682916307161346
103 0.47368421052631576
104 0.47950819672131145
105 0.4823123382226057
106 0.4887834339948231
107 0.49201898188093185
108 0.5006471095772217
109 0.5077653149266609
110 0.5062553925798102
111 0.5105694564279551
112 0.5163934426229508
113 0.5239430543572045
114 0.5273943054357204
115 0.5340811044003452
116 0.5394736842105263
117 0.5394736842105263
118 0.5465918895599655
119 0.5485332182916307
120 0.5550043140638481
121 0.5539257981018119
122 0.558455565142364
123 0.5616911130284729
124 0.5647109577221743
125 0.575711820534944
126 0.5765746333045729
127 0.5787316652286454
128 0.5871440897325281
129 0.5901639344262295
130 0.591458153580673
131 0.596635030198447
132 0.5912424503882657
133 0.5964193270060397
134 0.5992234685073339
135 0.6026747195858498
136 0.613244176013805
137 0.6138912855910268
138 0.6151855047454702
139 0.6145383951682485
140 0.614969801553063
141 0.6169111302847282
142 0.6242450388265747
143 0.6223037100949094
144 0.6287748058671269
145 0.6268334771354616
146 0.6313632441760139
147 0.6352459016393442
148 0.639344262295082
149 0.6410698878343399
150 0.6451682484900777
151 0.6449525452976704
152 0.6432269197584124
153 0.6520707506471096
154 0.649913718723037
155 0.6507765314926661
156 0.6546591889559965
157 0.6546591889559965
158 0.652502157031924
159 0.6537963761863675
160 0.6622088006902502
161 0.6604831751509922
162 0.6663071613459879
163 0.6766609145815358
164 0.6842105263157895
165 0.6822691975841243
166 0.6839948231233822
167 0.6818377911993098
168 0.6846419327006039
169 0.683779119930975
170 0.6852890422778257
171 0.6867989646246765
172 0.6906816220880069
173 0.6984469370146679
174 0.7025452976704055
175 0.7027610008628128
176 0.7053494391716998
177 0.7059965487489215
178 0.7144089732528042
179 0.7135461604831751
180 0.7066436583261432
181 0.7103106125970664
182 0.7116048317515099
183 0.7161345987920621
184 0.7150560828300259
185 0.7139775668679896
186 0.7111734253666955
187 0.7105263157894737
188 0.7144089732528042
189 0.7204486626402071
190 0.7200172562553926
191 0.7180759275237274
192 0.7161345987920621
193 0.7213114754098361
194 0.7226056945642796
195 0.7260569456427955
196 0.7267040552200172
197 0.7340379637618637
198 0.7374892148403797
199 0.7333908541846419
200 0.7394305435720449
201 0.7392148403796376
202 0.7422346850733391
203 0.7422346850733391
204 0.743960310612597
205 0.7437446074201898
206 0.7469801553062986
207 0.744823123382226
208 0.7396462467644521
209 0.7396462467644521
210 0.7374892148403797
211 0.7385677308024159
212 0.743960310612597
213 0.7420189818809318
214 0.7454702329594478
215 0.7487057808455565
216 0.7521570319240725
217 0.7512942191544435
218 0.7515099223468508
219 0.7512942191544435
220 0.7532355478861087
221 0.7614322691975841
222 0.7627264883520276
223 0.7592752372735116
224 0.7566867989646247
225 0.7599223468507333
226 0.7618636755823986
227 0.7661777394305436
228 0.7650992234685073
229 0.7571182053494392
230 0.755176876617774
231 0.7553925798101812
232 0.751725625539258
233 0.7497842968075927
234 0.7497842968075927
235 0.7536669542709232
236 0.7553925798101812
237 0.7566867989646247
238 0.7566867989646247
239 0.7594909404659189
240 0.7610008628127696
241 0.7599223468507333
242 0.7610008628127696
243 0.7644521138912856
244 0.7663934426229508
245 0.7650992234685073
246 0.7655306298533219
247 0.7627264883520276
248 0.7674719585849871
249 0.769197584124245
250 0.7668248490077653
251 0.7631578947368421
252 0.7614322691975841
253 0.7573339085418465
254 0.7642364106988784
255 0.7668248490077653
256 0.7702761000862812
257 0.7685504745470233
258 0.771786022433132
259 0.7715703192407247
260 0.77351164797239
261 0.7724331320103538
262 0.7741587575496117
263 0.7754529767040552
264 0.7786885245901639
265 0.7840811044003452
266 0.7847282139775669
267 0.7838654012079379
268 0.7793356341673857
269 0.7789042277825712
270 0.7784728213977566
271 0.7819240724762726
272 0.7786885245901639
273 0.7814926660914582
274 0.7771786022433133
275 0.777825711820535
276 0.7763157894736842
277 0.772648835202761
278 0.7702761000862812
279 0.7696289905090595
280 0.7653149266609146
281 0.7605694564279551
282 0.7616479723899914
283 0.75862812769629
284 0.7592752372735116
285 0.7629421915444349
286 0.7646678170836928
287 0.7685504745470233
288 0.7670405522001725
289 0.7741587575496117
290 0.7732959447799828
291 0.7694132873166523
292 0.7737273511647972
293 0.77351164797239
294 0.7722174288179465
295 0.7745901639344263
296 0.7771786022433133
297 0.7761000862812769
298 0.774374460742019
299 0.7786885245901639
300 0.7799827437446074
301 0.7830025884383088
302 0.7741587575496117
303 0.7676876617773943
304 0.7648835202761001
305 0.7616479723899914
306 0.7661777394305436
307 0.768334771354616
308 0.772648835202761
309 0.7771786022433133
310 0.7767471958584987
311 0.7745901639344263
312 0.7627264883520276
313 0.771786022433132
314 0.7663934426229508
315 0.7661777394305436
316 0.771786022433132
317 0.7784728213977566
318 0.7799827437446074
319 0.7827868852459017
320 0.7888265746333045
321 0.7929249352890423
322 0.7920621225194133
323 0.7899050905953409
324 0.7886108714408974
325 0.7931406384814496
326 0.7909836065573771
327 0.7946505608283002
328 0.7946505608283002
329 0.7907679033649698
330 0.793572044866264
331 0.7899050905953409
332 0.7918464193270061
333 0.793572044866264
334 0.7933563416738568
335 0.795297670405522
336 0.7920621225194133
337 0.7955133735979293
338 0.7894736842105263
339 0.7933563416738568
340 0.7963761863675582
341 0.7974547023295945
342 0.794434857635893
343 0.7922778257118205
344 0.7929249352890423
345 0.7929249352890423
346 0.790120793787748
347 0.7905522001725626
348 0.7864538395168249
349 0.7899050905953409
350 0.7892579810181191
351 0.7918464193270061
352 0.793572044866264
353 0.7929249352890423
354 0.7903364969801553
355 0.7855910267471958
356 0.7877480586712683
357 0.7883951682484901
358 0.7842968075927523
359 0.7806298533218292
360 0.7819240724762726
361 0.7806298533218292
362 0.7771786022433133
363 0.7810612597066436
364 0.7832182916307161
365 0.7840811044003452
366 0.7845125107851596
367 0.7827868852459017
368 0.7748058671268335
369 0.7741587575496117
370 0.7724331320103538
371 0.7821397756686799
372 0.7797670405522001
373 0.7776100086281277
374 0.7801984469370147
375 0.7786885245901639
376 0.7817083692838654
377 0.7784728213977566
378 0.7793356341673857
379 0.7801984469370147
380 0.7739430543572045
381 0.7707075064710958
382 0.7674719585849871
383 0.771786022433132
384 0.7842968075927523
385 0.7823554788610871
386 0.7795513373597929
387 0.7795513373597929
388 0.7827868852459017
389 0.7907679033649698
390 0.790120793787748
391 0.7909836065573771
392 0.7965918895599655
393 0.7911993097497843
394 0.7920621225194133
395 0.7937877480586712
396 0.7914150129421915
397 0.7819240724762726
398 0.7793356341673857
399 0.7758843830888698
400 0.7866695427092321
401 0.7730802415875755
402 0.7739430543572045
403 0.7713546160483176
404 0.7797670405522001
405 0.7767471958584987
406 0.7795513373597929
407 0.7827868852459017
408 0.7873166522864539
409 0.7881794650560828
410 0.7890422778257118
411 0.7864538395168249
412 0.7894736842105263
413 0.7875323554788611
414 0.7840811044003452
415 0.7853753235547886
416 0.7858067299396031
417 0.7827868852459017
418 0.7799827437446074
419 0.7838654012079379
420 0.7873166522864539
421 0.7883951682484901
422 0.7862381363244176
423 0.7911993097497843
424 0.7873166522864539
425 0.7845125107851596
426 0.7888265746333045
427 0.7881794650560828
428 0.7909836065573771
429 0.7918464193270061
430 0.7847282139775669
431 0.7858067299396031
432 0.7858067299396031
433 0.7873166522864539
434 0.7890422778257118
435 0.7862381363244176
436 0.7853753235547886
437 0.7810612597066436
438 0.7827868852459017
439 0.7786885245901639
440 0.7793356341673857
441 0.7739430543572045
442 0.7797670405522001
443 0.7713546160483176
444 0.776962899050906
445 0.7795513373597929
446 0.777825711820535
447 0.7730802415875755
448 0.7765314926660914
449 0.7793356341673857
450 0.7814926660914582
451 0.7849439171699741
452 0.7827868852459017
453 0.7847282139775669
454 0.7866695427092321
455 0.790120793787748
456 0.7905522001725626
457 0.7879637618636756
458 0.7836496980155306
459 0.7845125107851596
460 0.7832182916307161
461 0.7851596203623814
462 0.7853753235547886
463 0.7881794650560828
464 0.7909836065573771
465 0.793572044866264
466 0.7888265746333045
467 0.7873166522864539
468 0.7933563416738568
469 0.7933563416738568
470 0.7957290767903364
471 0.7940034512510785
472 0.7991803278688525
473 0.7929249352890423
474 0.7924935289042278
475 0.7892579810181191
476 0.7780414150129422
477 0.7834339948231234
478 0.7786885245901639
479 0.7806298533218292
480 0.7830025884383088
481 0.7810612597066436
482 0.7875323554788611
483 0.7864538395168249
484 0.7814926660914582
485 0.7873166522864539
486 0.7838654012079379
487 0.7877480586712683
488 0.7877480586712683
489 0.7924935289042278
490 0.7808455565142364
491 0.7806298533218292
492 0.7797670405522001
493 0.7786885245901639
494 0.7793356341673857
495 0.7851596203623814
496 0.7905522001725626
497 0.796160483175151
498 0.7922778257118205
499 0.794434857635893
500 0.7916307161345988
501 0.7920621225194133
502 0.7972389991371872
503 0.7896893874029336
504 0.7847282139775669
505 0.7840811044003452
506 0.7810612597066436
507 0.7825711820534944
508 0.7903364969801553
509 0.7905522001725626
510 0.7914150129421915
511 0.7836496980155306
512 0.7849439171699741
513 0.7860224331320104
514 0.7847282139775669
515 0.7890422778257118
516 0.796160483175151
517 0.7965918895599655
518 0.7948662640207075
519 0.7948662640207075
520 0.7929249352890423
521 0.7851596203623814
522 0.7853753235547886
523 0.7832182916307161
524 0.7842968075927523
525 0.7896893874029336
526 0.7911993097497843
527 0.7914150129421915
528 0.795297670405522
529 0.7896893874029336
530 0.7896893874029336
531 0.7868852459016393
532 0.790120793787748
533 0.7899050905953409
534 0.7881794650560828
535 0.7868852459016393
536 0.7903364969801553
537 0.7903364969801553
538 0.7883951682484901
539 0.7920621225194133
540 0.7840811044003452
541 0.7771786022433133
542 0.7771786022433133
543 0.7817083692838654
544 0.7784728213977566
545 0.7806298533218292
546 0.7784728213977566
547 0.7799827437446074
548 0.7838654012079379
549 0.7834339948231234
550 0.7786885245901639
551 0.7713546160483176
552 0.7696289905090595
553 0.7633735979292493
554 0.7659620362381363
555 0.7603537532355479
556 0.7614322691975841
557 0.7646678170836928
558 0.7642364106988784
559 0.7663934426229508
560 0.7646678170836928
561 0.7758843830888698
562 0.776962899050906
563 0.7793356341673857
564 0.7825711820534944
565 0.7883951682484901
566 0.7838654012079379
567 0.7862381363244176
568 0.7860224331320104
569 0.7888265746333045
570 0.7955133735979293
571 0.7920621225194133
572 0.7931406384814496
573 0.7924935289042278
574 0.7892579810181191
575 0.7983175150992234
576 0.7946505608283002
577 0.7959447799827437
578 0.7911993097497843
579 0.7924935289042278
580 0.7830025884383088
581 0.7797670405522001
582 0.7883951682484901
583 0.7892579810181191
584 0.7812769628990509
585 0.7761000862812769
586 0.7827868852459017
587 0.7801984469370147
588 0.7771786022433133
589 0.7793356341673857
590 0.7776100086281277
591 0.772648835202761
592 0.7795513373597929
593 0.7797670405522001
594 0.7789042277825712
595 0.7773943054357204
596 0.7797670405522001
597 0.7756686798964625
598 0.77351164797239
599 0.7791199309749784
600 0.7810612597066436
601 0.7808455565142364
602 0.7825711820534944
603 0.7767471958584987
604 0.7674719585849871
605 0.7648835202761001
606 0.7674719585849871
607 0.7650992234685073
608 0.7707075064710958
609 0.7700603968938741
610 0.7739430543572045
611 0.775237273511648
612 0.7711389128559103
613 0.7715703192407247
614 0.7748058671268335
615 0.7801984469370147
616 0.7780414150129422
617 0.7806298533218292
618 0.7849439171699741
619 0.7827868852459017
620 0.7776100086281277
621 0.7810612597066436
622 0.7806298533218292
623 0.776962899050906
624 0.7782571182053495
625 0.7812769628990509
626 0.7853753235547886
627 0.7840811044003452
628 0.7825711820534944
629 0.7823554788610871
630 0.7836496980155306
631 0.7866695427092321
632 0.7851596203623814
633 0.7916307161345988
634 0.7881794650560828
635 0.7838654012079379
636 0.7851596203623814
637 0.7862381363244176
638 0.790120793787748
639 0.7875323554788611
640 0.7905522001725626
641 0.7858067299396031
642 0.7808455565142364
643 0.7832182916307161
644 0.7782571182053495
645 0.7750215703192407
646 0.7754529767040552
647 0.7732959447799828
648 0.7756686798964625
649 0.7748058671268335
650 0.7810612597066436
651 0.7838654012079379
652 0.7879637618636756
653 0.7907679033649698
654 0.7905522001725626
655 0.7858067299396031
656 0.7866695427092321
657 0.7851596203623814
658 0.7836496980155306
659 0.7845125107851596
660 0.7799827437446074
661 0.780414150129422
662 0.7739430543572045
663 0.7795513373597929
664 0.7840811044003452
665 0.7810612597066436
666 0.7801984469370147
667 0.7806298533218292
668 0.7832182916307161
669 0.7892579810181191
670 0.7875323554788611
671 0.7793356341673857
672 0.7823554788610871
673 0.7877480586712683
674 0.7827868852459017
675 0.7890422778257118
676 0.7907679033649698
677 0.7972389991371872
678 0.7968075927523728
679 0.7896893874029336
680 0.790120793787748
681 0.7853753235547886
682 0.7860224331320104
683 0.7812769628990509
684 0.7793356341673857
685 0.7789042277825712
686 0.7819240724762726
687 0.780414150129422
688 0.7834339948231234
689 0.7868852459016393
690 0.7894736842105263
691 0.7886108714408974
692 0.794434857635893
693 0.7937877480586712
694 0.7959447799827437
695 0.8011216566005177
696 0.790120793787748
697 0.7855910267471958
698 0.7907679033649698
699 0.7830025884383088
700 0.7847282139775669
