1 0.00021570319240724764
2 0.0006471095772217428
3 0.0010785159620362382
4 0.0021570319240724763
5 0.0021570319240724763
6 0.0028041415012942193
7 0.004098360655737705
8 0.0045297670405522
9 0.004745470232959448
10 0.005176876617773943
11 0.006686798964624676
12 0.007118205349439172
13 0.007981018119068163
14 0.0090595340811044
15 0.010569456427955135
16 0.011647972389991372
17 0.012295081967213115
18 0.014452113891285591
19 0.014883520276100086
20 0.016824849007765316
21 0.018550474547023296
22 0.020060396893874028
23 0.021354616048317517
24 0.022648835202761
25 0.024805867126833477
26 0.027178602243313203
27 0.02998274374460742
28 0.031492666091458156
29 0.03300258843830889
30 0.034296807592752374
31 0.03645383951682485
32 0.03882657463330457
33 0.04227782571182054
34 0.04486626402070751
35 0.04831751509922347
36 0.04918032786885246
37 0.05047454702329594
38 0.05371009490940466
39 0.05457290767903365
40 0.05759275237273512
41 0.06104400345125108
42 0.0642795513373598
43 0.06816220880069025
44 0.07161345987920621
45 0.07441760138050044
46 0.07614322691975842
47 0.07937877480586712
48 0.08390854184641933
49 0.08692838654012079
50 0.08886971527178603
51 0.09124245038826574
52 0.0942622950819672
53 0.09943917169974116
54 0.10396893874029335
55 0.10612597066436583
56 0.1128127696289905
57 0.11647972389991372
58 0.12208800690250216
59 0.12791199309749784
60 0.13438308886971528
61 0.1421484037963762
62 0.14452113891285592
63 0.15012942191544434
64 0.15789473684210525
65 0.1680327868852459
66 0.1757981018119068
67 0.17860224331320104
68 0.18334771354616047
69 0.19262295081967212
70 0.19758412424503882
71 0.20168248490077653
72 0.20901639344262296
73 0.2169974115616911
74 0.22756686798964626
75 0.23295944779982744
76 0.2409404659188956
77 0.2487057808455565
78 0.25474547023295946
79 0.2631578947368421
80 0.26790336496980155
81 0.2754529767040552
82 0.28062985332182916
83 0.28774805867126835
84 0.29055220017256256
85 0.2983175150992235
86 0.3052200172562554
87 0.30651423641069886
88 0.31212251941328734
89 0.31686798964624674
90 0.32182916307161347
91 0.3339085418464193
92 0.3369283865401208
93 0.3425366695427092
94 0.34987057808455563
95 0.3541846419327006
96 0.36259706643658324
97 0.36496980155306297
98 0.36928386540120794
99 0.37251941328731664
100 0.3845987920621225
101 0.39516824849007764
102 0.40099223468507333
103 0.40832614322691974
104 0.4188955996548749
105 0.4260138050043141
106 0.432053494391717
107 0.43507333908541845
108 0.4443485763589301
109 0.45491803278688525
110 0.4596635030198447
111 0.46182053494391717
112 0.46893874029335636
113 0.4710957722174288
114 0.4777825711820535
115 0.4846850733390854
116 0.4926660914581536
117 0.49892148403796377
118 0.506039689387403
119 0.5142364106988784
120 0.5179033649698016
121 0.5228645383951682
122 0.5207075064710958
123 0.5299827437446074
124 0.5358067299396031
125 0.5347282139775669
126 0.5360224331320104
127 0.5390422778257118
128 0.5422778257118205
129 0.5468075927523728
130 0.5517687661777394
131 0.5580241587575496
132 0.5677308024158757
133 0.5733390854184642
134 0.5791630716134599
135 0.5823986194995686
136 0.5841242450388265
137 0.5839085418464194
138 0.5884383088869716
139 0.5927523727351165
140 0.5929680759275238
141 0.6028904227782571
142 0.6035375323554789
143 0.6080672993960311
144 0.6084987057808455
145 0.6074201898188093
146 0.6113028472821398
147 0.6138912855910268
148 0.616695427092321
149 0.618421052631579
150 0.6188524590163934
151 0.6253235547886109
152 0.633304572907679
153 0.630716134598792
154 0.6317946505608283
155 0.634167385677308
156 0.6369715271786023
157 0.639344262295082
158 0.642795513373598
159 0.6436583261432269
160 0.6406384814495254
161 0.6380500431406385
162 0.6421484037963762
163 0.6386971527178602
164 0.635893011216566
165 0.6415012942191545
166 0.6447368421052632
167 0.6503451251078516
168 0.6516393442622951
169 0.649913718723037
170 0.6540120793787748
171 0.6626402070750647
172 0.65595340811044
173 0.6613459879206213
174 0.6617773943054357
175 0.6654443485763589
176 0.6747195858498706
177 0.6736410698878343
178 0.6725625539257981
179 0.6656600517687662
180 0.6725625539257981
181 0.6753666954270923
182 0.6814063848144952
183 0.683779119930975
184 0.683779119930975
185 0.6835634167385677
186 0.6928386540120793
187 0.6956427955133736
188 0.6971527178602244
189 0.6999568593615185
190 0.704702329594478
191 0.7066436583261432
192 0.7113891285591026
193 0.7159188955996548
194 0.7116048317515099
195 0.7092320966350302
196 0.7150560828300259
197 0.7176445211389129
198 0.7213114754098361
199 0.7169974115616912
200 0.7238999137187231
201 0.722174288179465
202 0.7245470232959448
203 0.7243313201035375
204 0.7232528041415013
205 0.722174288179465
206 0.7226056945642796
207 0.7228213977566867
208 0.7187230371009491
209 0.7213114754098361
210 0.7275668679896462
211 0.7336065573770492
212 0.7400776531492667
213 0.7420189818809318
214 0.7424503882657464
215 0.7400776531492667
216 0.743960310612597
217 0.74137187230371
218 0.7519413287316652
219 0.749137187230371
220 0.7495685936151855
221 0.7543140638481449
222 0.7577653149266609
223 0.7571182053494392
224 0.7603537532355479
225 0.7543140638481449
226 0.7528041415012943
227 0.7579810181190682
228 0.7566867989646247
229 0.7581967213114754
230 0.7599223468507333
231 0.7588438308886971
232 0.7601380500431406
233 0.7620793787748059
234 0.7569025021570319
235 0.7618636755823986
236 0.7612165660051768
237 0.765746333045729
238 0.771786022433132
239 0.7720017256255393
240 0.7713546160483176
241 0.7732959447799828
242 0.77351164797239
243 0.774374460742019
244 0.7711389128559103
245 0.7704918032786885
246 0.7720017256255393
247 0.7707075064710958
248 0.7702761000862812
249 0.7659620362381363
250 0.7605694564279551
251 0.7629421915444349
252 0.7633735979292493
253 0.7616479723899914
254 0.7629421915444349
255 0.7689818809318378
256 0.7704918032786885
257 0.7650992234685073
258 0.768334771354616
259 0.7700603968938741
260 0.7663934426229508
261 0.7633735979292493
262 0.7681190681622088
263 0.7663934426229508
264 0.7689818809318378
265 0.7758843830888698
266 0.7761000862812769
267 0.7700603968938741
268 0.7741587575496117
269 0.775237273511648
270 0.7765314926660914
271 0.7782571182053495
272 0.7793356341673857
273 0.77351164797239
274 0.7730802415875755
275 0.7687661777394306
276 0.7707075064710958
277 0.7728645383951682
278 0.771786022433132
279 0.775237273511648
280 0.7763157894736842
281 0.780414150129422
282 0.7858067299396031
283 0.7892579810181191
284 0.7855910267471958
285 0.7791199309749784
286 0.7765314926660914
287 0.776962899050906
288 0.7754529767040552
289 0.7767471958584987
290 0.7812769628990509
291 0.7886108714408974
292 0.7905522001725626
293 0.7909836065573771
294 0.7879637618636756
295 0.7873166522864539
296 0.7946505608283002
297 0.7858067299396031
298 0.7830025884383088
299 0.7810612597066436
300 0.7780414150129422
301 0.7806298533218292
302 0.780414150129422
303 0.7782571182053495
304 0.7793356341673857
305 0.7873166522864539
306 0.7871009490940466
307 0.7899050905953409
308 0.7875323554788611
309 0.7825711820534944
310 0.7801984469370147
311 0.7750215703192407
312 0.7763157894736842
313 0.7750215703192407
314 0.7689818809318378
315 0.7694132873166523
316 0.7694132873166523
317 0.7758843830888698
318 0.7819240724762726
319 0.7868852459016393
320 0.7877480586712683
321 0.7892579810181191
322 0.7860224331320104
323 0.7871009490940466
324 0.7830025884383088
325 0.7793356341673857
326 0.7784728213977566
327 0.7789042277825712
328 0.7817083692838654
329 0.7821397756686799
330 0.7853753235547886
331 0.7799827437446074
332 0.7810612597066436
333 0.7812769628990509
334 0.7819240724762726
335 0.7821397756686799
336 0.7838654012079379
337 0.7754529767040552
338 0.7722174288179465
339 0.7700603968938741
340 0.7741587575496117
341 0.7754529767040552
342 0.7806298533218292
343 0.7825711820534944
344 0.7832182916307161
345 0.7791199309749784
346 0.7748058671268335
347 0.7730802415875755
348 0.7700603968938741
349 0.77351164797239
350 0.77351164797239
351 0.7730802415875755
352 0.7786885245901639
353 0.7810612597066436
354 0.7812769628990509
355 0.776962899050906
356 0.7814926660914582
357 0.7789042277825712
358 0.7789042277825712
359 0.7812769628990509
360 0.7821397756686799
361 0.7866695427092321
362 0.7842968075927523
363 0.777825711820535
364 0.7745901639344263
365 0.7732959447799828
366 0.7789042277825712
367 0.7765314926660914
368 0.7773943054357204
369 0.7851596203623814
370 0.7840811044003452
371 0.7862381363244176
372 0.7909836065573771
373 0.7918464193270061
374 0.7929249352890423
375 0.7896893874029336
376 0.7873166522864539
377 0.7853753235547886
378 0.7868852459016393
379 0.7773943054357204
380 0.77351164797239
381 0.7730802415875755
382 0.7761000862812769
383 0.7793356341673857
384 0.7745901639344263
385 0.776962899050906
386 0.7761000862812769
387 0.7834339948231234
388 0.7860224331320104
389 0.7864538395168249
390 0.7894736842105263
391 0.7940034512510785
392 0.7918464193270061
393 0.7924935289042278
394 0.793572044866264
395 0.7918464193270061
396 0.7903364969801553
397 0.7899050905953409
398 0.7875323554788611
399 0.7864538395168249
400 0.7862381363244176
401 0.7916307161345988
402 0.7896893874029336
403 0.7942191544434858
404 0.793572044866264
405 0.7896893874029336
406 0.7905522001725626
407 0.7957290767903364
408 0.7920621225194133
409 0.7860224331320104
410 0.7858067299396031
411 0.7905522001725626
412 0.7896893874029336
413 0.7860224331320104
414 0.7864538395168249
415 0.7879637618636756
416 0.7862381363244176
417 0.7851596203623814
418 0.7903364969801553
419 0.7892579810181191
420 0.7968075927523728
421 0.7922778257118205
422 0.7873166522864539
423 0.7905522001725626
424 0.7929249352890423
425 0.7896893874029336
426 0.7879637618636756
427 0.7886108714408974
428 0.7879637618636756
429 0.7903364969801553
430 0.7871009490940466
431 0.7851596203623814
432 0.7888265746333045
433 0.7929249352890423
434 0.7907679033649698
435 0.7817083692838654
436 0.7873166522864539
437 0.7842968075927523
438 0.7812769628990509
439 0.7782571182053495
440 0.777825711820535
441 0.7789042277825712
442 0.7786885245901639
443 0.7806298533218292
444 0.7808455565142364
445 0.7834339948231234
446 0.7827868852459017
447 0.7812769628990509
448 0.7812769628990509
449 0.7814926660914582
450 0.780414150129422
451 0.7819240724762726
452 0.7827868852459017
453 0.7797670405522001
454 0.7806298533218292
455 0.7795513373597929
456 0.7864538395168249
457 0.7929249352890423
458 0.7933563416738568
459 0.7864538395168249
460 0.7883951682484901
461 0.7871009490940466
462 0.7849439171699741
463 0.790120793787748
464 0.7924935289042278
465 0.7920621225194133
466 0.7976704055220017
467 0.7907679033649698
468 0.7862381363244176
469 0.7911993097497843
470 0.7911993097497843
471 0.7879637618636756
472 0.7847282139775669
473 0.7860224331320104
474 0.7862381363244176
475 0.7838654012079379
476 0.7799827437446074
477 0.7821397756686799
478 0.7791199309749784
479 0.7763157894736842
480 0.7836496980155306
481 0.7858067299396031
482 0.7855910267471958
483 0.7842968075927523
484 0.7845125107851596
485 0.7795513373597929
486 0.775237273511648
487 0.7732959447799828
488 0.774374460742019
489 0.7715703192407247
490 0.7782571182053495
491 0.7823554788610871
492 0.7840811044003452
493 0.7907679033649698
494 0.7911993097497843
495 0.7855910267471958
496 0.7836496980155306
497 0.7883951682484901
498 0.7907679033649698
499 0.7868852459016393
500 0.7862381363244176
501 0.7875323554788611
502 0.7864538395168249
503 0.7838654012079379
504 0.7873166522864539
505 0.7909836065573771
506 0.795297670405522
507 0.7929249352890423
508 0.7907679033649698
509 0.7918464193270061
510 0.7959447799827437
511 0.7946505608283002
512 0.7903364969801553
513 0.7918464193270061
514 0.7942191544434858
515 0.7916307161345988
516 0.7976704055220017
517 0.8009059534081104
518 0.797886108714409
519 0.7950819672131147
520 0.7970232959447799
521 0.7924935289042278
522 0.7903364969801553
523 0.792709232096635
524 0.7853753235547886
525 0.7795513373597929
526 0.776962899050906
527 0.7808455565142364
528 0.7795513373597929
529 0.7771786022433133
530 0.7771786022433133
531 0.780414150129422
532 0.775237273511648
533 0.7814926660914582
534 0.7819240724762726
535 0.7875323554788611
536 0.7771786022433133
537 0.7765314926660914
538 0.7819240724762726
539 0.7827868852459017
540 0.7823554788610871
541 0.7890422778257118
542 0.7890422778257118
543 0.7864538395168249
544 0.7855910267471958
545 0.7858067299396031
546 0.7888265746333045
547 0.7899050905953409
548 0.7892579810181191
549 0.7836496980155306
550 0.7780414150129422
551 0.775237273511648
552 0.7745901639344263
553 0.7739430543572045
554 0.776962899050906
555 0.7836496980155306
556 0.7801984469370147
557 0.7821397756686799
558 0.7890422778257118
559 0.7933563416738568
560 0.794434857635893
561 0.794434857635893
562 0.795297670405522
563 0.794434857635893
564 0.7976704055220017
565 0.8041415012942191
566 0.8050043140638481
567 0.8022001725625539
568 0.8000431406384815
569 0.7970232959447799
570 0.798748921484038
571 0.7881794650560828
572 0.7877480586712683
573 0.7825711820534944
574 0.7825711820534944
575 0.7881794650560828
576 0.7950819672131147
577 0.7920621225194133
578 0.7931406384814496
579 0.792709232096635
580 0.7965918895599655
581 0.7957290767903364
582 0.7937877480586712
583 0.7993960310612597
584 0.7970232959447799
585 0.7981018119068162
586 0.7959447799827437
587 0.7985332182916307
588 0.7983175150992234
589 0.7940034512510785
590 0.7873166522864539
591 0.7892579810181191
592 0.7875323554788611
593 0.7806298533218292
594 0.7754529767040552
595 0.7784728213977566
596 0.7840811044003452
597 0.7883951682484901
598 0.7860224331320104
599 0.7922778257118205
600 0.7877480586712683
601 0.7886108714408974
602 0.796160483175151
603 0.7957290767903364
604 0.8002588438308887
605 0.7957290767903364
606 0.794434857635893
607 0.7879637618636756
608 0.7786885245901639
609 0.7817083692838654
610 0.7918464193270061
611 0.7920621225194133
612 0.7922778257118205
613 0.7892579810181191
614 0.7968075927523728
615 0.794434857635893
616 0.7950819672131147
617 0.7931406384814496
618 0.7871009490940466
619 0.7896893874029336
620 0.7899050905953409
621 0.7894736842105263
622 0.7847282139775669
623 0.7836496980155306
624 0.7821397756686799
625 0.7793356341673857
626 0.7849439171699741
627 0.7871009490940466
628 0.7864538395168249
629 0.7797670405522001
630 0.7750215703192407
631 0.7776100086281277
632 0.7853753235547886
633 0.7832182916307161
634 0.7871009490940466
635 0.7866695427092321
636 0.7879637618636756
637 0.7858067299396031
638 0.7838654012079379
639 0.7860224331320104
640 0.7937877480586712
641 0.7929249352890423
642 0.7940034512510785
643 0.7929249352890423
644 0.7942191544434858
645 0.7976704055220017
646 0.7920621225194133
647 0.7883951682484901
648 0.7896893874029336
649 0.7866695427092321
650 0.7827868852459017
651 0.7871009490940466
652 0.7817083692838654
653 0.7793356341673857
654 0.7754529767040552
655 0.7745901639344263
656 0.7823554788610871
657 0.7765314926660914
658 0.7864538395168249
659 0.7845125107851596
660 0.7864538395168249
661 0.7825711820534944
662 0.7795513373597929
663 0.7780414150129422
664 0.7754529767040552
665 0.7748058671268335
666 0.7825711820534944
667 0.7871009490940466
668 0.7855910267471958
669 0.7877480586712683
670 0.7855910267471958
671 0.7860224331320104
672 0.7860224331320104
673 0.7847282139775669
674 0.7795513373597929
675 0.7754529767040552
676 0.772648835202761
677 0.7730802415875755
678 0.7765314926660914
679 0.7750215703192407
680 0.7801984469370147
681 0.7819240724762726
682 0.7832182916307161
683 0.7827868852459017
684 0.7838654012079379
685 0.7862381363244176
686 0.7866695427092321
687 0.7862381363244176
688 0.7853753235547886
689 0.7855910267471958
690 0.7871009490940466
691 0.7830025884383088
692 0.7838654012079379
693 0.7808455565142364
694 0.7801984469370147
695 0.7830025884383088
696 0.7825711820534944
697 0.7795513373597929
698 0.7842968075927523
699 0.7914150129421915
700 0.792709232096635
