1 0.00021570319240724764
2 0.0004314063848144953
3 0.0004314063848144953
4 0.0008628127696289905
5 0.0012942191544434857
6 0.0015099223468507334
7 0.0015099223468507334
8 0.0015099223468507334
9 0.001725625539257981
10 0.0012942191544434857
11 0.0012942191544434857
12 0.0015099223468507334
13 0.0030198446937014668
14 0.003882657463330457
15 0.0064710957722174285
16 0.00819672131147541
17 0.009706643658326143
18 0.010785159620362382
19 0.014020707506471096
20 0.014883520276100086
21 0.016177739430543573
22 0.018766177739430543
23 0.020491803278688523
24 0.02437446074201898
25 0.025668679896462467
26 0.028904227782571183
27 0.031492666091458156
28 0.03300258843830889
29 0.035806729939603106
30 0.039257981018119066
31 0.042493528904227786
32 0.045081967213114756
33 0.04788610871440897
34 0.052847282139775666
35 0.05651423641069888
36 0.06578947368421052
37 0.0724762726488352
38 0.0778688524590164
39 0.08326143226919758
40 0.08973252804141502
41 0.09814495254529768
42 0.10655737704918032
43 0.11238136324417601
44 0.11712683347713546
45 0.12510785159620363
46 0.12920621225194132
47 0.13546160483175151
48 0.14279551337359792
49 0.14797238999137188
50 0.1535806729939603
51 0.16242450388265747
52 0.16975841242450387
53 0.17644521138912855
54 0.18248490077653148
55 0.19003451251078515
56 0.1984469370146678
57 0.20966350301984468
58 0.21656600517687663
59 0.2269197584124245
60 0.23662640207075064
61 0.25
62 0.2571182053494392
63 0.2659620362381363
64 0.2739430543572045
65 0.2830025884383089
66 0.29378774805867125
67 0.30176876617773946
68 0.3114754098360656
69 0.3211820534943917
70 0.3265746333045729
71 0.33671268334771354
72 0.3455565142364107
73 0.3544003451251079
74 0.36885245901639346
75 0.3781276962899051
76 0.38503019844693703
77 0.3927955133735979
78 0.40099223468507333
79 0.41220880069025023
80 0.41911130284728215
81 0.4225625539257981
82 0.4324849007765315
83 0.4424072476272649
84 0.44672131147540983
85 0.45038826574633306
86 0.45901639344262296
87 0.47346850733390855
88 0.48166522864538397
89 0.4864106988783434
90 0.49072476272648835
91 0.4943917169974116
92 0.5023727351164797
93 0.5112165660051768
94 0.5166091458153581
95 0.5187661777394306
96 0.52351164797239
97 0.5284728213977566
98 0.5433563416738568
99 0.546160483175151
100 0.5556514236410699
101 0.5642795513373597
102 0.5694564279551337
103 0.5761432269197584
104 0.5783002588438308
105 0.5763589301121657
106 0.5804572907679033
107 0.5811044003451251
108 0.5927523727351165
109 0.5968507333908541
110 0.5944779982743744
111 0.5951251078515962
112 0.6033218291630716
113 0.6102243313201036
114 0.6194995685936152
115 0.6210094909404659
116 0.6244607420189818
117 0.6266177739430544
118 0.6287748058671269
119 0.6330888697152718
120 0.6386971527178602
121 0.6417169974115617
122 0.6440897325280415
123 0.6466781708369284
124 0.6423641069887834
125 0.6481880931837791
126 0.6514236410698878
127 0.6570319240724762
128 0.6542277825711821
129 0.6604831751509922
130 0.6712683347713546
131 0.6736410698878343
132 0.6747195858498706
133 0.6760138050043141
134 0.6751509922346851
135 0.6775237273511648
136 0.6844262295081968
137 0.6934857635893011
138 0.6921915444348576
139 0.6932700603968939
140 0.6956427955133736
141 0.6960742018981881
142 0.6984469370146679
143 0.6956427955133736
144 0.6967213114754098
145 0.6995254529767041
146 0.6960742018981881
147 0.6969370146678171
148 0.7001725625539258
149 0.7018981880931838
150 0.7014667817083693
151 0.7053494391716998
152 0.7068593615185504
153 0.7085849870578085
154 0.7131147540983607
155 0.7141932700603969
156 0.7150560828300259
157 0.7198015530629853
158 0.728213977566868
159 0.7301553062985332
160 0.7292924935289042
161 0.734253666954271
162 0.730802415875755
163 0.7297238999137188
164 0.7327437446074202
165 0.7269197584124245
166 0.7288610871440897
167 0.7292924935289042
168 0.7381363244176014
169 0.7405090595340811
170 0.7424503882657464
171 0.7519413287316652
172 0.7571182053494392
173 0.7547454702329595
174 0.7538826574633305
175 0.7459016393442623
176 0.7428817946505608
177 0.743960310612597
178 0.7381363244176014
179 0.7405090595340811
180 0.7454702329594478
181 0.753451251078516
182 0.7476272648835203
183 0.7411561691113029
184 0.7424503882657464
185 0.7433132010353753
186 0.7459016393442623
187 0.7446074201898188
188 0.7463330457290768
189 0.75
190 0.75
191 0.7502157031924073
192 0.748274374460742
193 0.7489214840379638
194 0.7484900776531492
195 0.7467644521138913
196 0.7536669542709232
197 0.7495685936151855
198 0.7512942191544435
199 0.7566867989646247
200 0.7528041415012943
201 0.7523727351164797
202 0.7569025021570319
203 0.7538826574633305
204 0.7588438308886971
205 0.7597066436583262
206 0.7562553925798102
207 0.7523727351164797
208 0.7540983606557377
209 0.7592752372735116
210 0.7622950819672131
211 0.765746333045729
212 0.768334771354616
213 0.7571182053494392
214 0.7603537532355479
215 0.7635893011216566
216 0.7653149266609146
217 0.7650992234685073
218 0.7655306298533219
219 0.770923209663503
220 0.7653149266609146
221 0.765746333045729
222 0.7625107851596203
223 0.7581967213114754
224 0.7676876617773943
225 0.7642364106988784
226 0.7620793787748059
227 0.7629421915444349
228 0.7687661777394306
229 0.7681190681622088
230 0.7672562553925798
231 0.7627264883520276
232 0.7599223468507333
233 0.7620793787748059
234 0.7584124245038827
235 0.7594909404659189
236 0.7584124245038827
237 0.7620793787748059
238 0.7679033649698016
239 0.7702761000862812
240 0.7698446937014668
241 0.7640207075064711
242 0.7622950819672131
243 0.7687661777394306
244 0.7659620362381363
245 0.7668248490077653
246 0.7722174288179465
247 0.7689818809318378
248 0.7655306298533219
249 0.7603537532355479
250 0.7575496117342536
251 0.7588438308886971
252 0.765746333045729
253 0.7666091458153581
254 0.7681190681622088
255 0.7730802415875755
256 0.7722174288179465
257 0.7737273511647972
258 0.7728645383951682
259 0.768334771354616
260 0.7653149266609146
261 0.7676876617773943
262 0.7689818809318378
263 0.7607851596203624
264 0.7638050043140638
265 0.7704918032786885
266 0.7728645383951682
267 0.7780414150129422
268 0.7789042277825712
269 0.7832182916307161
270 0.7806298533218292
271 0.7834339948231234
272 0.7881794650560828
273 0.7858067299396031
274 0.7860224331320104
275 0.7868852459016393
276 0.7853753235547886
277 0.7842968075927523
278 0.7808455565142364
279 0.7765314926660914
280 0.7732959447799828
281 0.7715703192407247
282 0.7674719585849871
283 0.7728645383951682
284 0.7702761000862812
285 0.771786022433132
286 0.7739430543572045
287 0.7728645383951682
288 0.7713546160483176
289 0.7711389128559103
290 0.7767471958584987
291 0.7784728213977566
292 0.7670405522001725
293 0.7776100086281277
294 0.7789042277825712
295 0.776962899050906
296 0.7786885245901639
297 0.7817083692838654
298 0.7791199309749784
299 0.7823554788610871
300 0.7793356341673857
301 0.7782571182053495
302 0.7812769628990509
303 0.7814926660914582
304 0.7780414150129422
305 0.7730802415875755
306 0.7767471958584987
307 0.7819240724762726
308 0.7845125107851596
309 0.7899050905953409
310 0.7883951682484901
311 0.7830025884383088
312 0.7801984469370147
313 0.7799827437446074
314 0.7814926660914582
315 0.7847282139775669
316 0.7836496980155306
317 0.7784728213977566
318 0.777825711820535
319 0.7698446937014668
320 0.7763157894736842
321 0.7812769628990509
322 0.7836496980155306
323 0.7855910267471958
324 0.7890422778257118
325 0.7907679033649698
326 0.7890422778257118
327 0.7877480586712683
328 0.7873166522864539
329 0.7933563416738568
330 0.7929249352890423
331 0.7881794650560828
332 0.7920621225194133
333 0.7868852459016393
334 0.795297670405522
335 0.7959447799827437
336 0.7972389991371872
337 0.7955133735979293
338 0.7959447799827437
339 0.7922778257118205
340 0.7950819672131147
341 0.7922778257118205
342 0.7890422778257118
343 0.790120793787748
344 0.7842968075927523
345 0.7864538395168249
346 0.7812769628990509
347 0.7741587575496117
348 0.7821397756686799
349 0.7834339948231234
350 0.7860224331320104
351 0.7855910267471958
352 0.7877480586712683
353 0.7823554788610871
354 0.7823554788610871
355 0.7860224331320104
356 0.7795513373597929
357 0.7830025884383088
358 0.7868852459016393
359 0.7847282139775669
360 0.7791199309749784
361 0.7773943054357204
362 0.7847282139775669
363 0.7903364969801553
364 0.7873166522864539
365 0.7866695427092321
366 0.7881794650560828
367 0.7823554788610871
368 0.7836496980155306
369 0.7814926660914582
370 0.7780414150129422
371 0.7821397756686799
372 0.7814926660914582
373 0.7871009490940466
374 0.7888265746333045
375 0.7875323554788611
376 0.7823554788610871
377 0.7845125107851596
378 0.7888265746333045
379 0.7849439171699741
380 0.7842968075927523
381 0.7911993097497843
382 0.7877480586712683
383 0.7877480586712683
384 0.7920621225194133
385 0.7914150129421915
386 0.7905522001725626
387 0.7903364969801553
388 0.7931406384814496
389 0.793572044866264
390 0.7937877480586712
391 0.794434857635893
392 0.7937877480586712
393 0.7918464193270061
394 0.7879637618636756
395 0.792709232096635
396 0.7937877480586712
397 0.7922778257118205
398 0.7860224331320104
399 0.7806298533218292
400 0.7825711820534944
401 0.7847282139775669
402 0.7871009490940466
403 0.7871009490940466
404 0.7875323554788611
405 0.7886108714408974
406 0.7871009490940466
407 0.7862381363244176
408 0.7832182916307161
409 0.780414150129422
410 0.7845125107851596
411 0.7817083692838654
412 0.7845125107851596
413 0.7832182916307161
414 0.777825711820535
415 0.7739430543572045
416 0.77351164797239
417 0.7728645383951682
418 0.7687661777394306
419 0.771786022433132
420 0.7715703192407247
421 0.7704918032786885
422 0.7700603968938741
423 0.7666091458153581
424 0.7681190681622088
425 0.768334771354616
426 0.770923209663503
427 0.7750215703192407
428 0.7724331320103538
429 0.7773943054357204
430 0.7722174288179465
431 0.7655306298533219
432 0.7722174288179465
433 0.7750215703192407
434 0.7698446937014668
435 0.7799827437446074
436 0.7795513373597929
437 0.7758843830888698
438 0.775237273511648
439 0.7789042277825712
440 0.7795513373597929
441 0.7795513373597929
442 0.7825711820534944
443 0.7845125107851596
444 0.7851596203623814
445 0.7851596203623814
446 0.7838654012079379
447 0.7808455565142364
448 0.7782571182053495
449 0.7862381363244176
450 0.7810612597066436
451 0.7877480586712683
452 0.7877480586712683
453 0.7871009490940466
454 0.7791199309749784
455 0.7799827437446074
456 0.7825711820534944
457 0.7830025884383088
458 0.7797670405522001
459 0.7821397756686799
460 0.7786885245901639
461 0.7786885245901639
462 0.7786885245901639
463 0.7864538395168249
464 0.7853753235547886
465 0.7866695427092321
466 0.7823554788610871
467 0.7814926660914582
468 0.7791199309749784
469 0.7827868852459017
470 0.7823554788610871
471 0.7877480586712683
472 0.7853753235547886
473 0.7871009490940466
474 0.7873166522864539
475 0.793572044866264
476 0.795297670405522
477 0.7920621225194133
478 0.7974547023295945
479 0.7968075927523728
480 0.7991803278688525
481 0.7981018119068162
482 0.797886108714409
483 0.7983175150992234
484 0.7976704055220017
485 0.7918464193270061
486 0.7914150129421915
487 0.7918464193270061
488 0.7911993097497843
489 0.7905522001725626
490 0.7860224331320104
491 0.7894736842105263
492 0.7862381363244176
493 0.7868852459016393
494 0.7842968075927523
495 0.7845125107851596
496 0.7838654012079379
497 0.7864538395168249
498 0.7909836065573771
499 0.7931406384814496
500 0.7914150129421915
501 0.7916307161345988
502 0.790120793787748
503 0.7862381363244176
504 0.7918464193270061
505 0.7933563416738568
506 0.7883951682484901
507 0.7873166522864539
508 0.7840811044003452
509 0.7894736842105263
510 0.7860224331320104
511 0.7871009490940466
512 0.7907679033649698
513 0.7892579810181191
514 0.7881794650560828
515 0.7886108714408974
516 0.7866695427092321
517 0.7875323554788611
518 0.7920621225194133
519 0.7821397756686799
520 0.7754529767040552
521 0.7739430543572045
522 0.7715703192407247
523 0.7737273511647972
524 0.7722174288179465
525 0.7767471958584987
526 0.7773943054357204
527 0.7761000862812769
528 0.777825711820535
529 0.7786885245901639
530 0.7795513373597929
531 0.7771786022433133
532 0.7730802415875755
533 0.7776100086281277
534 0.7821397756686799
535 0.7879637618636756
536 0.7862381363244176
537 0.7873166522864539
538 0.7806298533218292
539 0.7840811044003452
540 0.7748058671268335
541 0.7698446937014668
542 0.7728645383951682
543 0.7702761000862812
544 0.7646678170836928
545 0.7676876617773943
546 0.7730802415875755
547 0.772648835202761
548 0.7765314926660914
549 0.7739430543572045
550 0.7799827437446074
551 0.7756686798964625
552 0.7791199309749784
553 0.7845125107851596
554 0.7845125107851596
555 0.7797670405522001
556 0.7789042277825712
557 0.7791199309749784
558 0.7823554788610871
559 0.7823554788610871
560 0.7838654012079379
561 0.7864538395168249
562 0.7808455565142364
563 0.7855910267471958
564 0.7881794650560828
565 0.7840811044003452
566 0.7825711820534944
567 0.7879637618636756
568 0.7860224331320104
569 0.7765314926660914
570 0.7789042277825712
571 0.7728645383951682
572 0.7659620362381363
573 0.7674719585849871
574 0.7758843830888698
575 0.7756686798964625
576 0.7771786022433133
577 0.7739430543572045
578 0.7750215703192407
579 0.7773943054357204
580 0.775237273511648
581 0.7767471958584987
582 0.7745901639344263
583 0.7739430543572045
584 0.7694132873166523
585 0.7679033649698016
586 0.7648835202761001
587 0.7730802415875755
588 0.7698446937014668
589 0.776962899050906
590 0.7845125107851596
591 0.7745901639344263
592 0.7739430543572045
593 0.7797670405522001
594 0.777825711820535
595 0.7782571182053495
596 0.7773943054357204
597 0.7786885245901639
598 0.7786885245901639
599 0.7842968075927523
600 0.7864538395168249
601 0.7864538395168249
602 0.7873166522864539
603 0.7849439171699741
604 0.790120793787748
605 0.7914150129421915
606 0.7924935289042278
607 0.7950819672131147
608 0.7886108714408974
609 0.792709232096635
610 0.7905522001725626
611 0.7851596203623814
612 0.7817083692838654
613 0.7793356341673857
614 0.7810612597066436
615 0.7782571182053495
616 0.780414150129422
617 0.7840811044003452
618 0.7842968075927523
619 0.7823554788610871
620 0.7797670405522001
621 0.7819240724762726
622 0.7834339948231234
623 0.7871009490940466
624 0.7883951682484901
625 0.7875323554788611
626 0.7879637618636756
627 0.7871009490940466
628 0.7933563416738568
629 0.7924935289042278
630 0.7931406384814496
631 0.7905522001725626
632 0.7957290767903364
633 0.7920621225194133
634 0.792709232096635
635 0.7905522001725626
636 0.7942191544434858
637 0.7948662640207075
638 0.7983175150992234
639 0.7950819672131147
640 0.7911993097497843
641 0.7864538395168249
642 0.792709232096635
643 0.7883951682484901
644 0.7911993097497843
645 0.7881794650560828
646 0.7888265746333045
647 0.7845125107851596
648 0.7860224331320104
649 0.7851596203623814
650 0.7834339948231234
651 0.7806298533218292
652 0.7827868852459017
653 0.7830025884383088
654 0.7806298533218292
655 0.7855910267471958
656 0.7819240724762726
657 0.7819240724762726
658 0.7830025884383088
659 0.7786885245901639
660 0.7789042277825712
661 0.7817083692838654
662 0.7888265746333045
663 0.7853753235547886
664 0.7866695427092321
665 0.7881794650560828
666 0.7937877480586712
667 0.7890422778257118
668 0.7864538395168249
669 0.7886108714408974
670 0.7847282139775669
671 0.7916307161345988
672 0.7948662640207075
673 0.7920621225194133
674 0.7847282139775669
675 0.7883951682484901
676 0.7875323554788611
677 0.7909836065573771
678 0.7894736842105263
679 0.7879637618636756
680 0.7862381363244176
681 0.790120793787748
682 0.7877480586712683
683 0.7875323554788611
684 0.7899050905953409
685 0.792709232096635
686 0.7873166522864539
687 0.7840811044003452
688 0.7868852459016393
689 0.7896893874029336
690 0.7886108714408974
691 0.7868852459016393
692 0.7871009490940466
693 0.7896893874029336
694 0.7890422778257118
695 0.7896893874029336
696 0.7899050905953409
697 0.7920621225194133
698 0.7892579810181191
699 0.7909836065573771
700 0.7922778257118205
