1 0.0006471095772217428
2 0.0015099223468507334
3 0.0015099223468507334
4 0.001725625539257981
5 0.0021570319240724763
6 0.002372735116479724
7 0.0028041415012942193
8 0.0032355478861087143
9 0.0036669542709232097
10 0.004098360655737705
11 0.004314063848144953
12 0.004745470232959448
13 0.006255392579810181
14 0.007333908541846419
15 0.007549611734253667
16 0.008843830888697153
17 0.0090595340811044
18 0.00992234685073339
19 0.010353753235547885
20 0.010569456427955135
21 0.012079378774805867
22 0.014020707506471096
23 0.015099223468507334
24 0.016177739430543573
25 0.016609145815358068
26 0.019197584124245038
27 0.02092320966350302
28 0.023943054357204487
29 0.02631578947368421
30 0.030414150129421915
31 0.033218291630716136
32 0.03451251078515962
33 0.03731665228645384
34 0.040120793787748056
35 0.04141501294219154
36 0.04357204486626402
37 0.045944779982743746
38 0.04918032786885246
39 0.05090595340811044
40 0.052847282139775666
41 0.05500431406384815
42 0.05845556514236411
43 0.05996548748921484
44 0.06233822260569456
45 0.06600517687661778
46 0.06773080241587576
47 0.06945642795513374
48 0.07333908541846419
49 0.07506471095772217
50 0.0770060396893874
51 0.08326143226919758
52 0.08477135461604832
53 0.08930112165660052
54 0.09490940465918896
55 0.10051768766177739
56 0.10591026747195859
57 0.10849870578084556
58 0.1136755823986195
59 0.11906816220880069
60 0.12381363244176014
61 0.12963761863675582
62 0.13675582398619499
63 0.14452113891285592
64 0.15034512510785158
65 0.15271786022433131
66 0.15832614322691976
67 0.16134598792062121
68 0.16867989646246764
69 0.1757981018119068
70 0.17881794650560828
71 0.18593615185504744
72 0.1898188093183779
73 0.19305435720448663
74 0.20297670405522003
75 0.2079378774805867
76 0.21613459879206212
77 0.22023295944779983
78 0.22627264883520276
79 0.22799827437446074
80 0.23295944779982744
81 0.23943054357204488
82 0.2409404659188956
83 0.24741156169111303
84 0.25474547023295946
85 0.26100086281276963
86 0.2644521138912856
87 0.27049180327868855
88 0.2797670405522002
89 0.2862381363244176
90 0.29098360655737704
91 0.29335634167385677
92 0.3013373597929249
93 0.30931837791199307
94 0.3127696289905091
95 0.3198878343399482
96 0.3265746333045729
97 0.33498705780845556
98 0.34037963761863677
99 0.3511647972389991
100 0.3554788610871441
101 0.3574201898188093
102 0.3591458153580673
103 0.3582830025884383
104 0.36475409836065575
105 0.3669111302847282
106 0.3783433994823123
107 0.38330457290767905
108 0.38912855910267474
109 0.39775668679896464
110 0.40465918895599656
111 0.40918895599654875
112 0.4176013805004314
113 0.4227782571182053
114 0.4314063848144953
115 0.4370146678170837
116 0.44046591889559966
117 0.4419758412424504
118 0.44650560828300256
119 0.4510353753235548
120 0.451251078515962
121 0.45621225194132875
122 0.46225194132873165
123 0.4728213977566868
124 0.48058671268334774
125 0.48490077653149266
126 0.49029335634167387
127 0.49396031061259704
128 0.501725625539258
129 0.5103537532355479
130 0.5153149266609146
131 0.5196289905090595
132 0.5202761000862812
133 0.520923209663503
134 0.5265314926660914
135 0.5282571182053495
136 0.5366695427092321
137 0.5504745470232959
138 0.5537100949094047
139 0.5588869715271786
140 0.5565142364106989
141 0.5681622088006902
142 0.575711820534944
143 0.5785159620362381
144 0.5849870578084556
145 0.5852027610008628
146 0.5916738567730803
147 0.5957722174288179
148 0.5964193270060397
149 0.5994391716997411
150 0.6031061259706644
151 0.6059102674719585
152 0.6089301121656601
153 0.6121656600517688
154 0.6136755823986195
155 0.6251078515962036
156 0.6328731665228645
157 0.6330888697152718
158 0.6324417601380501
159 0.6365401207937877
160 0.6415012942191545
161 0.6430112165660051
162 0.6462467644521139
163 0.6496980155306299
164 0.6484037963761864
165 0.6488352027610008
166 0.6531492666091459
167 0.6544434857635893
168 0.6531492666091459
169 0.6583261432269197
170 0.6693270060396894
171 0.6755823986194995
172 0.6764452113891286
173 0.6827006039689387
174 0.6775237273511648
175 0.6798964624676446
176 0.6822691975841243
177 0.6844262295081968
178 0.6859361518550474
179 0.6859361518550474
180 0.6919758412424504
181 0.6904659188955996
182 0.6954270923209663
183 0.7003882657463331
184 0.6993097497842968
185 0.705565142364107
186 0.7051337359792925
187 0.7040552200172563
188 0.702113891285591
189 0.7051337359792925
190 0.7066436583261432
191 0.7066436583261432
192 0.7111734253666955
193 0.7120362381363244
194 0.7144089732528042
195 0.7141932700603969
196 0.7185073339085418
197 0.7206643658326143
198 0.7172131147540983
199 0.7146246764452114
200 0.7165660051768766
201 0.7180759275237274
202 0.7210957722174288
203 0.7182916307161346
204 0.724762726488352
205 0.7269197584124245
206 0.7318809318377912
207 0.7312338222605694
208 0.7277825711820535
209 0.7368421052631579
210 0.7323123382226057
211 0.7349007765314927
212 0.731665228645384
213 0.7333908541846419
214 0.7338222605694564
215 0.734253666954271
216 0.7299396031061259
217 0.7323123382226057
218 0.7297238999137188
219 0.7370578084555651
220 0.7396462467644521
221 0.7422346850733391
222 0.7402933563416738
223 0.7433132010353753
224 0.7396462467644521
225 0.7515099223468508
226 0.7443917169974116
227 0.744823123382226
228 0.748274374460742
229 0.7469801553062986
230 0.7478429680759275
231 0.7463330457290768
232 0.7480586712683348
233 0.750862812769629
234 0.7543140638481449
235 0.7530198446937014
236 0.746548748921484
237 0.7562553925798102
238 0.7571182053494392
239 0.756039689387403
240 0.7605694564279551
241 0.7601380500431406
242 0.7633735979292493
243 0.7633735979292493
244 0.7640207075064711
245 0.7635893011216566
246 0.7590595340811044
247 0.7588438308886971
248 0.7553925798101812
249 0.751725625539258
250 0.7489214840379638
251 0.751725625539258
252 0.7547454702329595
253 0.7618636755823986
254 0.7629421915444349
255 0.7642364106988784
256 0.7650992234685073
257 0.7685504745470233
258 0.7711389128559103
259 0.7748058671268335
260 0.780414150129422
261 0.7830025884383088
262 0.7821397756686799
263 0.7797670405522001
264 0.7713546160483176
265 0.7711389128559103
266 0.7754529767040552
267 0.7761000862812769
268 0.772648835202761
269 0.7761000862812769
270 0.7732959447799828
271 0.771786022433132
272 0.774374460742019
273 0.7724331320103538
274 0.7722174288179465
275 0.7674719585849871
276 0.7754529767040552
277 0.770923209663503
278 0.772648835202761
279 0.775237273511648
280 0.7722174288179465
281 0.7670405522001725
282 0.769197584124245
283 0.7644521138912856
284 0.7648835202761001
285 0.7681190681622088
286 0.7676876617773943
287 0.7676876617773943
288 0.7629421915444349
289 0.7685504745470233
290 0.7666091458153581
291 0.7655306298533219
292 0.7627264883520276
293 0.7661777394305436
294 0.7635893011216566
295 0.768334771354616
296 0.7707075064710958
297 0.7668248490077653
298 0.7696289905090595
299 0.7754529767040552
300 0.7722174288179465
301 0.7724331320103538
302 0.7756686798964625
303 0.7771786022433133
304 0.7838654012079379
305 0.7801984469370147
306 0.7832182916307161
307 0.7860224331320104
308 0.7825711820534944
309 0.7862381363244176
310 0.7871009490940466
311 0.7858067299396031
312 0.7840811044003452
313 0.7825711820534944
314 0.7789042277825712
315 0.7801984469370147
316 0.7782571182053495
317 0.7793356341673857
318 0.7750215703192407
319 0.780414150129422
320 0.7786885245901639
321 0.780414150129422
322 0.7827868852459017
323 0.7819240724762726
324 0.7832182916307161
325 0.7875323554788611
326 0.7797670405522001
327 0.7830025884383088
328 0.7827868852459017
329 0.7849439171699741
330 0.7732959447799828
331 0.7750215703192407
332 0.7780414150129422
333 0.7838654012079379
334 0.7793356341673857
335 0.7789042277825712
336 0.7771786022433133
337 0.774374460742019
338 0.7776100086281277
339 0.7776100086281277
340 0.7758843830888698
341 0.7782571182053495
342 0.7754529767040552
343 0.7840811044003452
344 0.7795513373597929
345 0.7756686798964625
346 0.7758843830888698
347 0.777825711820535
348 0.77351164797239
349 0.7786885245901639
350 0.771786022433132
351 0.7702761000862812
352 0.7767471958584987
353 0.7765314926660914
354 0.7780414150129422
355 0.7711389128559103
356 0.7745901639344263
357 0.7745901639344263
358 0.7763157894736842
359 0.7741587575496117
360 0.7754529767040552
361 0.77351164797239
362 0.7737273511647972
363 0.770923209663503
364 0.7694132873166523
365 0.7741587575496117
366 0.7730802415875755
367 0.7601380500431406
368 0.7620793787748059
369 0.7655306298533219
370 0.7640207075064711
371 0.7659620362381363
372 0.769197584124245
373 0.7661777394305436
374 0.7614322691975841
375 0.7655306298533219
376 0.7605694564279551
377 0.7620793787748059
378 0.7627264883520276
379 0.7629421915444349
380 0.7627264883520276
381 0.7653149266609146
382 0.7704918032786885
383 0.7618636755823986
384 0.7584124245038827
385 0.7620793787748059
386 0.7668248490077653
387 0.7659620362381363
388 0.7659620362381363
389 0.7676876617773943
390 0.7739430543572045
391 0.765746333045729
392 0.7687661777394306
393 0.7698446937014668
394 0.7700603968938741
395 0.7756686798964625
396 0.7745901639344263
397 0.7761000862812769
398 0.771786022433132
399 0.7741587575496117
400 0.7724331320103538
401 0.7776100086281277
402 0.7789042277825712
403 0.7745901639344263
404 0.7670405522001725
405 0.7765314926660914
406 0.7789042277825712
407 0.7819240724762726
408 0.7823554788610871
409 0.777825711820535
410 0.7771786022433133
411 0.7832182916307161
412 0.7886108714408974
413 0.7830025884383088
414 0.7830025884383088
415 0.7817083692838654
416 0.7840811044003452
417 0.7845125107851596
418 0.7825711820534944
419 0.7821397756686799
420 0.7763157894736842
421 0.776962899050906
422 0.7724331320103538
423 0.7670405522001725
424 0.7668248490077653
425 0.7661777394305436
426 0.7793356341673857
427 0.7817083692838654
428 0.7808455565142364
429 0.7791199309749784
430 0.780414150129422
431 0.7858067299396031
432 0.7832182916307161
433 0.7860224331320104
434 0.7827868852459017
435 0.7810612597066436
436 0.7832182916307161
437 0.7866695427092321
438 0.7862381363244176
439 0.7862381363244176
440 0.7896893874029336
441 0.7948662640207075
442 0.7937877480586712
443 0.7946505608283002
444 0.792709232096635
445 0.7890422778257118
446 0.7894736842105263
447 0.796160483175151
448 0.793572044866264
449 0.7963761863675582
450 0.793572044866264
451 0.7924935289042278
452 0.7916307161345988
453 0.7931406384814496
454 0.7942191544434858
455 0.790120793787748
456 0.7970232959447799
457 0.7968075927523728
458 0.7924935289042278
459 0.7911993097497843
460 0.7907679033649698
461 0.7890422778257118
462 0.7834339948231234
463 0.7767471958584987
464 0.7834339948231234
465 0.7795513373597929
466 0.7780414150129422
467 0.7776100086281277
468 0.7767471958584987
469 0.7810612597066436
470 0.7834339948231234
471 0.7871009490940466
472 0.7918464193270061
473 0.7894736842105263
474 0.7842968075927523
475 0.7877480586712683
476 0.7871009490940466
477 0.7868852459016393
478 0.7808455565142364
479 0.7830025884383088
480 0.7827868852459017
481 0.7823554788610871
482 0.7866695427092321
483 0.7873166522864539
484 0.7862381363244176
485 0.7860224331320104
486 0.7860224331320104
487 0.7881794650560828
488 0.7892579810181191
489 0.7985332182916307
490 0.7963761863675582
491 0.7946505608283002
492 0.7948662640207075
493 0.7929249352890423
494 0.7896893874029336
495 0.7881794650560828
496 0.7886108714408974
497 0.7883951682484901
498 0.7868852459016393
499 0.7847282139775669
500 0.7840811044003452
501 0.7871009490940466
502 0.7810612597066436
503 0.7823554788610871
504 0.7858067299396031
505 0.7832182916307161
506 0.7808455565142364
507 0.7825711820534944
508 0.7860224331320104
509 0.7866695427092321
510 0.7834339948231234
511 0.7784728213977566
512 0.7767471958584987
513 0.7771786022433133
514 0.7797670405522001
515 0.772648835202761
516 0.777825711820535
517 0.7741587575496117
518 0.7724331320103538
519 0.7761000862812769
520 0.780414150129422
521 0.7806298533218292
522 0.7853753235547886
523 0.7821397756686799
524 0.7786885245901639
525 0.7789042277825712
526 0.7834339948231234
527 0.7808455565142364
528 0.7836496980155306
529 0.7860224331320104
530 0.7860224331320104
531 0.7916307161345988
532 0.7864538395168249
533 0.7916307161345988
534 0.798748921484038
535 0.8028472821397756
536 0.8024158757549612
537 0.801337359792925
538 0.8000431406384815
539 0.7890422778257118
540 0.7845125107851596
541 0.7812769628990509
542 0.7825711820534944
543 0.7830025884383088
544 0.7879637618636756
545 0.7907679033649698
546 0.7871009490940466
547 0.7881794650560828
548 0.7914150129421915
549 0.7892579810181191
550 0.7873166522864539
551 0.7832182916307161
552 0.7817083692838654
553 0.7849439171699741
554 0.7871009490940466
555 0.7830025884383088
556 0.7842968075927523
557 0.7830025884383088
558 0.7858067299396031
559 0.7868852459016393
560 0.7886108714408974
561 0.776962899050906
562 0.7793356341673857
563 0.7784728213977566
564 0.7819240724762726
565 0.777825711820535
566 0.7795513373597929
567 0.7776100086281277
568 0.780414150129422
569 0.7825711820534944
570 0.7791199309749784
571 0.7771786022433133
572 0.7799827437446074
573 0.7849439171699741
574 0.7879637618636756
575 0.7853753235547886
576 0.7849439171699741
577 0.7879637618636756
578 0.7899050905953409
579 0.7922778257118205
580 0.7933563416738568
581 0.7942191544434858
582 0.7914150129421915
583 0.7918464193270061
584 0.7924935289042278
585 0.7931406384814496
586 0.790120793787748
587 0.790120793787748
588 0.7929249352890423
589 0.793572044866264
590 0.7933563416738568
591 0.7955133735979293
592 0.8039257981018119
593 0.7993960310612597
594 0.7946505608283002
595 0.7931406384814496
596 0.7959447799827437
597 0.7957290767903364
598 0.7888265746333045
599 0.7933563416738568
600 0.7970232959447799
601 0.8017687661777394
602 0.796160483175151
603 0.794434857635893
604 0.7916307161345988
605 0.7974547023295945
606 0.7957290767903364
607 0.7922778257118205
608 0.7866695427092321
609 0.7905522001725626
610 0.7862381363244176
611 0.7836496980155306
612 0.780414150129422
613 0.7795513373597929
614 0.7817083692838654
615 0.7842968075927523
616 0.7888265746333045
617 0.7868852459016393
618 0.7862381363244176
619 0.7801984469370147
620 0.7877480586712683
621 0.7817083692838654
622 0.7830025884383088
623 0.7845125107851596
624 0.7823554788610871
625 0.7881794650560828
626 0.7838654012079379
627 0.7892579810181191
628 0.7851596203623814
629 0.7834339948231234
630 0.7823554788610871
631 0.777825711820535
632 0.7817083692838654
633 0.7851596203623814
634 0.7808455565142364
635 0.7817083692838654
636 0.7791199309749784
637 0.7780414150129422
638 0.7780414150129422
639 0.7767471958584987
640 0.7773943054357204
641 0.7758843830888698
642 0.7791199309749784
643 0.7817083692838654
644 0.7795513373597929
645 0.775237273511648
646 0.7879637618636756
647 0.7849439171699741
648 0.790120793787748
649 0.7894736842105263
650 0.7924935289042278
651 0.7894736842105263
652 0.7853753235547886
653 0.7842968075927523
654 0.7858067299396031
655 0.7847282139775669
656 0.7942191544434858
657 0.7948662640207075
658 0.7981018119068162
659 0.798748921484038
660 0.794434857635893
661 0.7899050905953409
662 0.7903364969801553
663 0.7886108714408974
664 0.7871009490940466
665 0.7922778257118205
666 0.7931406384814496
667 0.7924935289042278
668 0.7965918895599655
669 0.7905522001725626
670 0.7899050905953409
671 0.7950819672131147
672 0.7968075927523728
673 0.7976704055220017
674 0.7976704055220017
675 0.7937877480586712
676 0.7948662640207075
677 0.794434857635893
678 0.7963761863675582
679 0.7972389991371872
680 0.7950819672131147
681 0.7940034512510785
682 0.7920621225194133
683 0.7918464193270061
684 0.7920621225194133
685 0.792709232096635
686 0.7894736842105263
687 0.7972389991371872
688 0.7970232959447799
689 0.798748921484038
690 0.7950819672131147
691 0.7955133735979293
692 0.7946505608283002
693 0.797886108714409
694 0.7985332182916307
695 0.7963761863675582
696 0.7924935289042278
697 0.7929249352890423
698 0.7914150129421915
699 0.794434857635893
700 0.7970232959447799
