1 0.0004314063848144953
2 0.0004314063848144953
3 0.0004314063848144953
4 0.0004314063848144953
5 0.0008628127696289905
6 0.001725625539257981
7 0.0025884383088869713
8 0.0030198446937014668
9 0.0045297670405522
10 0.004314063848144953
11 0.0060396893874029335
12 0.006902502157031924
13 0.008628127696289905
14 0.010785159620362382
15 0.011647972389991372
16 0.012079378774805867
17 0.014883520276100086
18 0.015962036238136326
19 0.017687661777394306
20 0.019628990509059533
21 0.021570319240724764
22 0.02286453839516825
23 0.02351164797238999
24 0.024805867126833477
25 0.028041415012942193
26 0.02998274374460742
27 0.031708369283865404
28 0.034081104400345126
29 0.03731665228645384
30 0.041199309749784294
31 0.045081967213114756
32 0.05004314063848145
33 0.05586712683347714
34 0.06169111302847282
35 0.06902502157031924
36 0.07528041415012943
37 0.07981018119068162
38 0.08326143226919758
39 0.08779119930974978
40 0.09210526315789473
41 0.09728213977566869
42 0.10396893874029335
43 0.11130284728213978
44 0.1186367558239862
45 0.12553925798101812
46 0.12920621225194132
47 0.13761863675582398
48 0.1412855910267472
49 0.15056082830025885
50 0.15746333045729077
51 0.16134598792062121
52 0.16522864538395168
53 0.1680327868852459
54 0.17558239861949956
55 0.18399482312338222
56 0.1898188093183779
57 0.19456427955133737
58 0.1993097497842968
59 0.20729076790336498
60 0.21591889559965488
61 0.2219585849870578
62 0.22907679033649697
63 0.23684210526315788
64 0.24654874892148404
65 0.2530198446937015
66 0.26251078515962034
67 0.2702761000862813
68 0.2797670405522002
69 0.2866695427092321
70 0.3002588438308887
71 0.3058671268334771
72 0.3112597066436583
73 0.3211820534943917
74 0.3272217428817947
75 0.338869715271786
76 0.34620362381363246
77 0.35224331320103536
78 0.3528904227782571
79 0.36475409836065575
80 0.3699309749784297
81 0.3796376186367558
82 0.3886971527178602
83 0.3971095772217429
84 0.40336496980155306
85 0.40832614322691974
86 0.4154443485763589
87 0.42644521138912855
88 0.4316220880069025
89 0.4400345125107852
90 0.44779982743744606
91 0.4510353753235548
92 0.455565142364107
93 0.46203623813632444
94 0.46807592752372734
95 0.47497842968075926
96 0.4896462467644521
97 0.4926660914581536
98 0.498274374460742
99 0.5043140638481449
100 0.5150992234685073
101 0.5211389128559103
102 0.525237273511648
103 0.5321397756686799
104 0.5340811044003452
105 0.5403364969801553
106 0.544434857635893
107 0.548748921484038
108 0.5509059534081104
109 0.5550043140638481
110 0.5627696289905091
111 0.5677308024158757
112 0.5703192407247627
113 0.5744176013805005
114 0.5754961173425367
115 0.5789473684210527
116 0.5873597929249353
117 0.5895168248490078
118 0.5972821397756687
119 0.6026747195858498
120 0.6076358930112166
121 0.6119499568593615
122 0.6171268334771355
123 0.6138912855910268
124 0.6138912855910268
125 0.6156169111302847
126 0.619283865401208
127 0.6240293356341674
128 0.6281276962899051
129 0.6311475409836066
130 0.636755823986195
131 0.6464624676445211
132 0.6529335634167386
133 0.6509922346850734
134 0.6505608283002589
135 0.6481880931837791
136 0.6529335634167386
137 0.6557377049180327
138 0.659404659188956
139 0.6622088006902502
140 0.663718723037101
141 0.6695427092320967
142 0.6697584124245038
143 0.6697584124245038
144 0.674288179465056
145 0.6673856773080241
146 0.6635030198446937
147 0.6613459879206213
148 0.667169974115617
149 0.6663071613459879
150 0.6740724762726489
151 0.6818377911993098
152 0.6816220880069025
153 0.682053494391717
154 0.677739430543572
155 0.6850733390854185
156 0.682916307161346
157 0.6814063848144952
158 0.6827006039689387
159 0.6848576358930112
160 0.686367558239862
161 0.6887402933563417
162 0.6874460742018982
163 0.6904659188955996
164 0.6952113891285591
165 0.6969370146678171
166 0.7001725625539258
167 0.6965056082830026
168 0.6937014667817084
169 0.6967213114754098
170 0.7001725625539258
171 0.704702329594478
172 0.7083692838654012
173 0.7081535806729939
174 0.7107420189818809
175 0.7128990509059534
176 0.7165660051768766
177 0.7187230371009491
178 0.7193701466781708
179 0.7159188955996548
180 0.7159188955996548
181 0.7193701466781708
182 0.7241156169111302
183 0.7318809318377912
184 0.7310181190681622
185 0.7329594477998275
186 0.7359792924935289
187 0.7353321829163072
188 0.7400776531492667
189 0.7346850733390854
190 0.7333908541846419
191 0.7372735116479724
192 0.7377049180327869
193 0.7389991371872304
194 0.7411561691113029
195 0.7426660914581535
196 0.7364106988783434
197 0.7379206212251941
198 0.7437446074201898
199 0.7418032786885246
200 0.7409404659188956
201 0.7394305435720449
202 0.74137187230371
203 0.7411561691113029
204 0.7450388265746333
205 0.744823123382226
206 0.7459016393442623
207 0.7428817946505608
208 0.7370578084555651
209 0.7368421052631579
210 0.7407247627264884
211 0.7433132010353753
212 0.75
213 0.7467644521138913
214 0.7519413287316652
215 0.7569025021570319
216 0.756039689387403
217 0.7547454702329595
218 0.7536669542709232
219 0.7558239861949957
220 0.7588438308886971
221 0.75862812769629
222 0.755176876617774
223 0.7562553925798102
224 0.7607851596203624
225 0.7629421915444349
226 0.7597066436583262
227 0.7638050043140638
228 0.7674719585849871
229 0.7711389128559103
230 0.7698446937014668
231 0.776962899050906
232 0.77351164797239
233 0.7750215703192407
234 0.776962899050906
235 0.7724331320103538
236 0.7670405522001725
237 0.7668248490077653
238 0.7707075064710958
239 0.77351164797239
240 0.7722174288179465
241 0.7814926660914582
242 0.7748058671268335
243 0.7724331320103538
244 0.7722174288179465
245 0.7767471958584987
246 0.7827868852459017
247 0.7842968075927523
248 0.7873166522864539
249 0.7827868852459017
250 0.7855910267471958
251 0.7855910267471958
252 0.7776100086281277
253 0.7786885245901639
254 0.772648835202761
255 0.7732959447799828
256 0.7728645383951682
257 0.769197584124245
258 0.7732959447799828
259 0.7761000862812769
260 0.7776100086281277
261 0.777825711820535
262 0.7862381363244176
263 0.7853753235547886
264 0.7860224331320104
265 0.7827868852459017
266 0.7866695427092321
267 0.7862381363244176
268 0.7845125107851596
269 0.7840811044003452
270 0.7823554788610871
271 0.7817083692838654
272 0.7808455565142364
273 0.7845125107851596
274 0.7855910267471958
275 0.7892579810181191
276 0.7873166522864539
277 0.7830025884383088
278 0.7873166522864539
279 0.7860224331320104
280 0.7780414150129422
281 0.7776100086281277
282 0.7754529767040552
283 0.7814926660914582
284 0.7825711820534944
285 0.7868852459016393
286 0.7875323554788611
287 0.7858067299396031
288 0.7888265746333045
289 0.7842968075927523
290 0.7810612597066436
291 0.7888265746333045
292 0.7924935289042278
293 0.7950819672131147
294 0.792709232096635
295 0.7896893874029336
296 0.792709232096635
297 0.7916307161345988
298 0.7909836065573771
299 0.7914150129421915
300 0.7881794650560828
301 0.7903364969801553
302 0.7929249352890423
303 0.7940034512510785
304 0.7959447799827437
305 0.7965918895599655
306 0.8006902502157032
307 0.8011216566005177
308 0.8032786885245902
309 0.7959447799827437
310 0.7950819672131147
311 0.7965918895599655
312 0.7963761863675582
313 0.7924935289042278
314 0.794434857635893
315 0.7924935289042278
316 0.7886108714408974
317 0.792709232096635
318 0.7914150129421915
319 0.7858067299396031
320 0.7907679033649698
321 0.7918464193270061
322 0.7890422778257118
323 0.7909836065573771
324 0.7929249352890423
325 0.7871009490940466
326 0.7858067299396031
327 0.7883951682484901
328 0.7832182916307161
329 0.7821397756686799
330 0.7806298533218292
331 0.7765314926660914
332 0.7825711820534944
333 0.7782571182053495
334 0.7832182916307161
335 0.7847282139775669
336 0.7840811044003452
337 0.7821397756686799
338 0.7786885245901639
339 0.7795513373597929
340 0.7823554788610871
341 0.7784728213977566
342 0.7825711820534944
343 0.7776100086281277
344 0.7732959447799828
345 0.7756686798964625
346 0.7793356341673857
347 0.7819240724762726
348 0.7845125107851596
349 0.7864538395168249
350 0.7789042277825712
351 0.776962899050906
352 0.7780414150129422
353 0.77351164797239
354 0.7797670405522001
355 0.776962899050906
356 0.7810612597066436
357 0.7834339948231234
358 0.7838654012079379
359 0.7784728213977566
360 0.777825711820535
361 0.7791199309749784
362 0.776962899050906
363 0.7761000862812769
364 0.7823554788610871
365 0.7847282139775669
366 0.7832182916307161
367 0.7797670405522001
368 0.7810612597066436
369 0.7823554788610871
370 0.7842968075927523
371 0.7834339948231234
372 0.7789042277825712
373 0.7791199309749784
374 0.7840811044003452
375 0.7782571182053495
376 0.7821397756686799
377 0.7827868852459017
378 0.7842968075927523
379 0.7836496980155306
380 0.7868852459016393
381 0.7864538395168249
382 0.7821397756686799
383 0.7842968075927523
384 0.7847282139775669
385 0.7873166522864539
386 0.7879637618636756
387 0.7864538395168249
388 0.7847282139775669
389 0.7894736842105263
390 0.7814926660914582
391 0.7784728213977566
392 0.7739430543572045
393 0.7681190681622088
394 0.7689818809318378
395 0.7730802415875755
396 0.775237273511648
397 0.7819240724762726
398 0.7892579810181191
399 0.7890422778257118
400 0.7858067299396031
401 0.7866695427092321
402 0.7875323554788611
403 0.7886108714408974
404 0.792709232096635
405 0.7888265746333045
406 0.7817083692838654
407 0.7761000862812769
408 0.7741587575496117
409 0.7810612597066436
410 0.7797670405522001
411 0.7801984469370147
412 0.7862381363244176
413 0.7814926660914582
414 0.7838654012079379
415 0.7793356341673857
416 0.7754529767040552
417 0.7745901639344263
418 0.7679033649698016
419 0.7620793787748059
420 0.7629421915444349
421 0.7648835202761001
422 0.7694132873166523
423 0.7627264883520276
424 0.7646678170836928
425 0.7668248490077653
426 0.7642364106988784
427 0.7633735979292493
428 0.7676876617773943
429 0.7724331320103538
430 0.7724331320103538
431 0.770923209663503
432 0.7730802415875755
433 0.7739430543572045
434 0.7713546160483176
435 0.7720017256255393
436 0.7698446937014668
437 0.7722174288179465
438 0.7711389128559103
439 0.7724331320103538
440 0.7720017256255393
441 0.7745901639344263
442 0.7771786022433133
443 0.7720017256255393
444 0.772648835202761
445 0.7773943054357204
446 0.7825711820534944
447 0.7737273511647972
448 0.7786885245901639
449 0.7819240724762726
450 0.7776100086281277
451 0.7767471958584987
452 0.7763157894736842
453 0.7713546160483176
454 0.7655306298533219
455 0.7694132873166523
456 0.7666091458153581
457 0.7659620362381363
458 0.765746333045729
459 0.7666091458153581
460 0.7659620362381363
461 0.7713546160483176
462 0.7758843830888698
463 0.772648835202761
464 0.776962899050906
465 0.7797670405522001
466 0.777825711820535
467 0.776962899050906
468 0.7756686798964625
469 0.7754529767040552
470 0.7791199309749784
471 0.7756686798964625
472 0.7732959447799828
473 0.7797670405522001
474 0.7773943054357204
475 0.7786885245901639
476 0.7773943054357204
477 0.7780414150129422
478 0.7808455565142364
479 0.7827868852459017
480 0.7827868852459017
481 0.7789042277825712
482 0.7795513373597929
483 0.7817083692838654
484 0.7849439171699741
485 0.7812769628990509
486 0.776962899050906
487 0.7767471958584987
488 0.7845125107851596
489 0.7871009490940466
490 0.7922778257118205
491 0.7832182916307161
492 0.7866695427092321
493 0.7814926660914582
494 0.780414150129422
495 0.7819240724762726
496 0.7765314926660914
497 0.7739430543572045
498 0.780414150129422
499 0.7784728213977566
500 0.7821397756686799
501 0.7838654012079379
502 0.7765314926660914
503 0.7823554788610871
504 0.7810612597066436
505 0.7812769628990509
506 0.7849439171699741
507 0.7827868852459017
508 0.7814926660914582
509 0.7886108714408974
510 0.7864538395168249
511 0.7933563416738568
512 0.796160483175151
513 0.7955133735979293
514 0.792709232096635
515 0.7905522001725626
516 0.7942191544434858
517 0.7946505608283002
518 0.792709232096635
519 0.7924935289042278
520 0.7896893874029336
521 0.7911993097497843
522 0.7959447799827437
523 0.7888265746333045
524 0.7847282139775669
525 0.7868852459016393
526 0.7931406384814496
527 0.796160483175151
528 0.798748921484038
529 0.7996117342536669
530 0.792709232096635
531 0.7879637618636756
532 0.7842968075927523
533 0.7767471958584987
534 0.7761000862812769
535 0.7763157894736842
536 0.7793356341673857
537 0.7761000862812769
538 0.7765314926660914
539 0.7763157894736842
540 0.7758843830888698
541 0.7771786022433133
542 0.7728645383951682
543 0.7758843830888698
544 0.7817083692838654
545 0.780414150129422
546 0.7847282139775669
547 0.7840811044003452
548 0.7851596203623814
549 0.7879637618636756
550 0.7855910267471958
551 0.7911993097497843
552 0.7817083692838654
553 0.7795513373597929
554 0.7741587575496117
555 0.7782571182053495
556 0.7799827437446074
557 0.7875323554788611
558 0.7881794650560828
559 0.7812769628990509
560 0.7797670405522001
561 0.7849439171699741
562 0.7877480586712683
563 0.7847282139775669
564 0.7890422778257118
565 0.790120793787748
566 0.7875323554788611
567 0.7877480586712683
568 0.7899050905953409
569 0.7922778257118205
570 0.7862381363244176
571 0.7937877480586712
572 0.7942191544434858
573 0.7940034512510785
574 0.7970232959447799
575 0.7976704055220017
576 0.7907679033649698
577 0.7922778257118205
578 0.7929249352890423
579 0.7989646246764452
580 0.7963761863675582
581 0.7916307161345988
582 0.7883951682484901
583 0.7879637618636756
584 0.7881794650560828
585 0.7842968075927523
586 0.7877480586712683
587 0.7933563416738568
588 0.790120793787748
589 0.7864538395168249
590 0.7899050905953409
591 0.7858067299396031
592 0.7840811044003452
593 0.7942191544434858
594 0.7916307161345988
595 0.7879637618636756
596 0.7821397756686799
597 0.7773943054357204
598 0.769197584124245
599 0.772648835202761
600 0.7765314926660914
601 0.7748058671268335
602 0.7758843830888698
603 0.7793356341673857
604 0.7847282139775669
605 0.7881794650560828
606 0.7894736842105263
607 0.7873166522864539
608 0.7877480586712683
609 0.7862381363244176
610 0.7847282139775669
611 0.7875323554788611
612 0.7836496980155306
613 0.777825711820535
614 0.7791199309749784
615 0.7797670405522001
616 0.7817083692838654
617 0.7903364969801553
618 0.7976704055220017
619 0.7937877480586712
620 0.7942191544434858
621 0.793572044866264
622 0.7916307161345988
623 0.7842968075927523
624 0.7842968075927523
625 0.7795513373597929
626 0.7845125107851596
627 0.7875323554788611
628 0.7909836065573771
629 0.7881794650560828
630 0.7821397756686799
631 0.7836496980155306
632 0.7819240724762726
633 0.7814926660914582
634 0.775237273511648
635 0.7776100086281277
636 0.7773943054357204
637 0.7814926660914582
638 0.7845125107851596
639 0.7853753235547886
640 0.7866695427092321
641 0.7868852459016393
642 0.7875323554788611
643 0.7890422778257118
644 0.7832182916307161
645 0.7819240724762726
646 0.7868852459016393
647 0.7916307161345988
648 0.7871009490940466
649 0.7873166522864539
650 0.7851596203623814
651 0.7855910267471958
652 0.7877480586712683
653 0.7840811044003452
654 0.7845125107851596
655 0.7896893874029336
656 0.7836496980155306
657 0.7842968075927523
658 0.7873166522864539
659 0.7903364969801553
660 0.792709232096635
661 0.7931406384814496
662 0.7970232959447799
663 0.7950819672131147
664 0.796160483175151
665 0.795297670405522
666 0.7957290767903364
667 0.7996117342536669
668 0.8058671268334772
669 0.8101811906816221
670 0.8000431406384815
671 0.7996117342536669
672 0.7970232959447799
673 0.7989646246764452
674 0.7963761863675582
675 0.7963761863675582
676 0.7899050905953409
677 0.7996117342536669
678 0.8045729076790337
679 0.8006902502157032
680 0.8017687661777394
681 0.7983175150992234
682 0.7905522001725626
683 0.7877480586712683
684 0.7871009490940466
685 0.7911993097497843
686 0.7933563416738568
687 0.7892579810181191
688 0.790120793787748
689 0.7914150129421915
690 0.7877480586712683
691 0.7896893874029336
692 0.7881794650560828
693 0.7886108714408974
694 0.7810612597066436
695 0.774374460742019
696 0.7713546160483176
697 0.7741587575496117
698 0.7767471958584987
699 0.7810612597066436
700 0.7812769628990509
