1 0.0004314063848144953
2 0.0006471095772217428
3 0.0012942191544434857
4 0.0012942191544434857
5 0.002372735116479724
6 0.0032355478861087143
7 0.003882657463330457
8 0.005176876617773943
9 0.0064710957722174285
10 0.007118205349439172
11 0.00819672131147541
12 0.008412424503882658
13 0.010138050043140638
14 0.012510785159620362
15 0.013373597929249352
16 0.014452113891285591
17 0.016824849007765316
18 0.018766177739430543
19 0.020060396893874028
20 0.021570319240724764
21 0.02351164797238999
22 0.02610008628127696
23 0.02739430543572045
24 0.029767040552200173
25 0.031492666091458156
26 0.03472821397756687
27 0.03904227782571182
28 0.04270923209663503
29 0.045944779982743746
30 0.04831751509922347
31 0.05263157894736842
32 0.05349439171699741
33 0.05737704918032787
34 0.0593183779119931
35 0.06233822260569456
36 0.06600517687661778
37 0.07182916307161347
38 0.07528041415012943
39 0.08132010353753236
40 0.08498705780845557
41 0.0942622950819672
42 0.10030198446937015
43 0.10806729939603106
44 0.11475409836065574
45 0.12467644521138913
46 0.13157894736842105
47 0.14150129421915444
48 0.1535806729939603
49 0.158541846419327
50 0.17191544434857636
51 0.18097497842968077
52 0.18895599654874892
53 0.19758412424503882
54 0.205565142364107
55 0.2128990509059534
56 0.2182916307161346
57 0.22821397756686798
58 0.23533218291630717
59 0.2422346850733391
60 0.24827437446074202
61 0.25474547023295946
62 0.2657463330457291
63 0.26941328731665226
64 0.27825711820534943
65 0.28472821397756687
66 0.2929249352890423
67 0.2972389991371872
68 0.3043572044866264
69 0.3112597066436583
70 0.3166522864538395
71 0.3285159620362381
72 0.33477135461604834
73 0.34210526315789475
74 0.35030198446937016
75 0.3610871440897325
76 0.36755823986194996
77 0.3727351164797239
78 0.3796376186367558
79 0.3856773080241588
80 0.3955996548748921
81 0.40379637618636754
82 0.408541846419327
83 0.41954270923209663
84 0.4225625539257981
85 0.43075927523727353
86 0.43485763589301124
87 0.4327006039689387
88 0.4387402933563417
89 0.44801553062985333
90 0.4506039689387403
91 0.45534943917169973
92 0.46893874029335636
93 0.4810181190681622
94 0.4864106988783434
95 0.4930974978429681
96 0.4987057808455565
97 0.506039689387403
98 0.5122950819672131
99 0.5198446937014668
100 0.5276100086281277
101 0.5310612597066436
102 0.5360224331320104
103 0.5388265746333045
104 0.5431406384814496
105 0.5481018119068162
106 0.5545729076790337
107 0.5575927523727351
108 0.5595340811044004
109 0.5642795513373597
110 0.5653580672993961
111 0.5707506471095772
112 0.5752804141501294
113 0.5761432269197584
114 0.5830457290767903
115 0.5890854184641933
116 0.5959879206212252
117 0.597497842968076
118 0.6015962036238136
119 0.6069887834339949
120 0.6108714408973253
121 0.6125970664365833
122 0.6173425366695428
123 0.6248921484037964
124 0.633304572907679
125 0.6378343399482312
126 0.6399913718723037
127 0.6410698878343399
128 0.6419327006039689
129 0.6451682484900777
130 0.6512079378774805
131 0.6544434857635893
132 0.6574633304572908
133 0.6596203623813632
134 0.6654443485763589
135 0.6701898188093184
136 0.6725625539257981
137 0.6764452113891286
138 0.6751509922346851
139 0.6764452113891286
140 0.6798964624676446
141 0.682053494391717
142 0.6839948231233822
143 0.6883088869715271
144 0.6872303710094909
145 0.6917601380500431
146 0.6939171699741156
147 0.6988783433994823
148 0.7023295944779983
149 0.7018981880931838
150 0.7044866264020707
151 0.7014667817083693
152 0.6999568593615185
153 0.7034081104400345
154 0.701251078515962
155 0.7079378774805867
156 0.7085849870578085
157 0.7085849870578085
158 0.7150560828300259
159 0.7124676445211389
160 0.7141932700603969
161 0.722174288179465
162 0.7193701466781708
163 0.725625539257981
164 0.7284296807592753
165 0.7383520276100086
166 0.7398619499568594
167 0.7433132010353753
168 0.7430974978429681
169 0.7405090595340811
170 0.7471958584987057
171 0.7459016393442623
172 0.7467644521138913
173 0.7461173425366695
174 0.7452545297670405
175 0.744823123382226
176 0.748274374460742
177 0.743960310612597
178 0.7502157031924073
179 0.7471958584987057
180 0.7521570319240725
181 0.7489214840379638
182 0.749137187230371
183 0.7484900776531492
184 0.7480586712683348
185 0.7510785159620362
186 0.753451251078516
187 0.7506471095772217
188 0.7463330457290768
189 0.75
190 0.7543140638481449
191 0.7530198446937014
192 0.7556082830025884
193 0.7638050043140638
194 0.7627264883520276
195 0.7614322691975841
196 0.7622950819672131
197 0.7590595340811044
198 0.7616479723899914
199 0.7612165660051768
200 0.7640207075064711
201 0.7659620362381363
202 0.7627264883520276
203 0.7713546160483176
204 0.7702761000862812
205 0.7646678170836928
206 0.7612165660051768
207 0.7653149266609146
208 0.7668248490077653
209 0.7672562553925798
210 0.7711389128559103
211 0.7648835202761001
212 0.7655306298533219
213 0.768334771354616
214 0.7754529767040552
215 0.7823554788610871
216 0.7715703192407247
217 0.7663934426229508
218 0.7646678170836928
219 0.7707075064710958
220 0.772648835202761
221 0.7700603968938741
222 0.7737273511647972
223 0.7722174288179465
224 0.7737273511647972
225 0.7666091458153581
226 0.7700603968938741
227 0.7737273511647972
228 0.7748058671268335
229 0.777825711820535
230 0.771786022433132
231 0.7761000862812769
232 0.77351164797239
233 0.7713546160483176
234 0.7713546160483176
235 0.7715703192407247
236 0.7707075064710958
237 0.7763157894736842
238 0.7666091458153581
239 0.7663934426229508
240 0.7707075064710958
241 0.7661777394305436
242 0.7627264883520276
243 0.7696289905090595
244 0.7720017256255393
245 0.7724331320103538
246 0.7739430543572045
247 0.7795513373597929
248 0.7730802415875755
249 0.7722174288179465
250 0.7784728213977566
251 0.7771786022433133
252 0.774374460742019
253 0.7773943054357204
254 0.7773943054357204
255 0.7758843830888698
256 0.7741587575496117
257 0.7795513373597929
258 0.77351164797239
259 0.7687661777394306
260 0.7696289905090595
261 0.7728645383951682
262 0.7689818809318378
263 0.7698446937014668
264 0.769197584124245
265 0.7730802415875755
266 0.7761000862812769
267 0.7799827437446074
268 0.7795513373597929
269 0.7849439171699741
270 0.7836496980155306
271 0.7801984469370147
272 0.7821397756686799
273 0.7838654012079379
274 0.7819240724762726
275 0.7808455565142364
276 0.776962899050906
277 0.7819240724762726
278 0.7842968075927523
279 0.7853753235547886
280 0.7842968075927523
281 0.7855910267471958
282 0.7825711820534944
283 0.7877480586712683
284 0.7853753235547886
285 0.7862381363244176
286 0.7873166522864539
287 0.7864538395168249
288 0.7860224331320104
289 0.7888265746333045
290 0.7899050905953409
291 0.7847282139775669
292 0.7855910267471958
293 0.7836496980155306
294 0.7827868852459017
295 0.7791199309749784
296 0.7799827437446074
297 0.7791199309749784
298 0.7817083692838654
299 0.7776100086281277
300 0.7786885245901639
301 0.7832182916307161
302 0.7877480586712683
303 0.7942191544434858
304 0.790120793787748
305 0.7933563416738568
306 0.7924935289042278
307 0.7937877480586712
308 0.7883951682484901
309 0.7873166522864539
310 0.7836496980155306
311 0.7862381363244176
312 0.7868852459016393
313 0.7868852459016393
314 0.7866695427092321
315 0.7851596203623814
316 0.7853753235547886
317 0.7864538395168249
318 0.7892579810181191
319 0.7819240724762726
320 0.7860224331320104
321 0.7905522001725626
322 0.7883951682484901
323 0.7907679033649698
324 0.7860224331320104
325 0.7832182916307161
326 0.7830025884383088
327 0.7879637618636756
328 0.7864538395168249
329 0.7810612597066436
330 0.7864538395168249
331 0.7894736842105263
332 0.7907679033649698
333 0.7899050905953409
334 0.7830025884383088
335 0.7920621225194133
336 0.7959447799827437
337 0.798748921484038
338 0.7955133735979293
339 0.795297670405522
340 0.7864538395168249
341 0.7911993097497843
342 0.7918464193270061
343 0.7931406384814496
344 0.7914150129421915
345 0.7974547023295945
346 0.7996117342536669
347 0.798748921484038
348 0.7985332182916307
349 0.7998274374460742
350 0.7993960310612597
351 0.7983175150992234
352 0.7950819672131147
353 0.7909836065573771
354 0.7907679033649698
355 0.7827868852459017
356 0.7864538395168249
357 0.7862381363244176
358 0.7920621225194133
359 0.7929249352890423
360 0.7888265746333045
361 0.7879637618636756
362 0.7864538395168249
363 0.7773943054357204
364 0.777825711820535
365 0.7776100086281277
366 0.7750215703192407
367 0.775237273511648
368 0.7767471958584987
369 0.7838654012079379
370 0.7834339948231234
371 0.7771786022433133
372 0.7799827437446074
373 0.7810612597066436
374 0.7758843830888698
375 0.780414150129422
376 0.7763157894736842
377 0.7713546160483176
378 0.7754529767040552
379 0.7761000862812769
380 0.7745901639344263
381 0.775237273511648
382 0.7668248490077653
383 0.7676876617773943
384 0.7698446937014668
385 0.7704918032786885
386 0.7748058671268335
387 0.7834339948231234
388 0.7825711820534944
389 0.7860224331320104
390 0.7896893874029336
391 0.7840811044003452
392 0.7903364969801553
393 0.7937877480586712
394 0.7920621225194133
395 0.7903364969801553
396 0.7905522001725626
397 0.7842968075927523
398 0.7827868852459017
399 0.7827868852459017
400 0.7830025884383088
401 0.7827868852459017
402 0.7832182916307161
403 0.7773943054357204
404 0.7745901639344263
405 0.7823554788610871
406 0.7801984469370147
407 0.7791199309749784
408 0.7834339948231234
409 0.7864538395168249
410 0.7847282139775669
411 0.7832182916307161
412 0.7799827437446074
413 0.7819240724762726
414 0.7875323554788611
415 0.7914150129421915
416 0.7862381363244176
417 0.7827868852459017
418 0.7873166522864539
419 0.7827868852459017
420 0.7776100086281277
421 0.7812769628990509
422 0.7834339948231234
423 0.7814926660914582
424 0.7868852459016393
425 0.7821397756686799
426 0.7886108714408974
427 0.7845125107851596
428 0.7834339948231234
429 0.7782571182053495
430 0.7810612597066436
431 0.7838654012079379
432 0.7851596203623814
433 0.7879637618636756
434 0.7840811044003452
435 0.7817083692838654
436 0.7866695427092321
437 0.7911993097497843
438 0.7838654012079379
439 0.7873166522864539
440 0.7883951682484901
441 0.7853753235547886
442 0.7817083692838654
443 0.7830025884383088
444 0.7916307161345988
445 0.792709232096635
446 0.7950819672131147
447 0.7864538395168249
448 0.793572044866264
449 0.7890422778257118
450 0.7909836065573771
451 0.7929249352890423
452 0.7899050905953409
453 0.7909836065573771
454 0.7894736842105263
455 0.7909836065573771
456 0.7937877480586712
457 0.7849439171699741
458 0.7860224331320104
459 0.7817083692838654
460 0.7840811044003452
461 0.7883951682484901
462 0.7879637618636756
463 0.7840811044003452
464 0.7780414150129422
465 0.7784728213977566
466 0.7810612597066436
467 0.7799827437446074
468 0.7838654012079379
469 0.7855910267471958
470 0.7834339948231234
471 0.7858067299396031
472 0.7890422778257118
473 0.7909836065573771
474 0.7922778257118205
475 0.7940034512510785
476 0.7965918895599655
477 0.7942191544434858
478 0.7922778257118205
479 0.7905522001725626
480 0.7933563416738568
481 0.7920621225194133
482 0.7899050905953409
483 0.7860224331320104
484 0.792709232096635
485 0.7886108714408974
486 0.7875323554788611
487 0.7853753235547886
488 0.7821397756686799
489 0.7842968075927523
490 0.7909836065573771
491 0.7866695427092321
492 0.7817083692838654
493 0.7834339948231234
494 0.7847282139775669
495 0.7875323554788611
496 0.7855910267471958
497 0.7860224331320104
498 0.7920621225194133
499 0.8000431406384815
500 0.7955133735979293
501 0.7955133735979293
502 0.7985332182916307
503 0.7985332182916307
504 0.7955133735979293
505 0.792709232096635
506 0.7842968075927523
507 0.7827868852459017
508 0.774374460742019
509 0.7704918032786885
510 0.771786022433132
511 0.7776100086281277
512 0.7801984469370147
513 0.7758843830888698
514 0.7801984469370147
515 0.777825711820535
516 0.7866695427092321
517 0.7855910267471958
518 0.7881794650560828
519 0.7840811044003452
520 0.7823554788610871
521 0.7862381363244176
522 0.7830025884383088
523 0.7799827437446074
524 0.780414150129422
525 0.7862381363244176
526 0.7879637618636756
527 0.7825711820534944
528 0.7830025884383088
529 0.7821397756686799
530 0.7866695427092321
531 0.7832182916307161
532 0.7789042277825712
533 0.7853753235547886
534 0.7862381363244176
535 0.7842968075927523
536 0.7761000862812769
537 0.7789042277825712
538 0.7795513373597929
539 0.7840811044003452
540 0.7832182916307161
541 0.7838654012079379
542 0.7789042277825712
543 0.7791199309749784
544 0.7795513373597929
545 0.7879637618636756
546 0.7896893874029336
547 0.7946505608283002
548 0.7933563416738568
549 0.7855910267471958
550 0.7814926660914582
551 0.7786885245901639
552 0.7789042277825712
553 0.780414150129422
554 0.7795513373597929
555 0.7830025884383088
556 0.7849439171699741
557 0.7849439171699741
558 0.7907679033649698
559 0.7950819672131147
560 0.7959447799827437
561 0.7918464193270061
562 0.7883951682484901
563 0.7847282139775669
564 0.7866695427092321
565 0.7909836065573771
566 0.7914150129421915
567 0.7894736842105263
568 0.7862381363244176
569 0.7853753235547886
570 0.7832182916307161
571 0.7814926660914582
572 0.7793356341673857
573 0.7765314926660914
574 0.7720017256255393
575 0.7776100086281277
576 0.7750215703192407
577 0.7750215703192407
578 0.7801984469370147
579 0.7808455565142364
580 0.7853753235547886
581 0.7836496980155306
582 0.7814926660914582
583 0.7825711820534944
584 0.7881794650560828
585 0.7911993097497843
586 0.7903364969801553
587 0.7896893874029336
588 0.7847282139775669
589 0.7879637618636756
590 0.7916307161345988
591 0.7903364969801553
592 0.7877480586712683
593 0.7871009490940466
594 0.7817083692838654
595 0.7838654012079379
596 0.7840811044003452
597 0.7814926660914582
598 0.7834339948231234
599 0.7864538395168249
600 0.7909836065573771
601 0.7862381363244176
602 0.7896893874029336
603 0.7914150129421915
604 0.7929249352890423
605 0.7972389991371872
606 0.7968075927523728
607 0.7929249352890423
608 0.7922778257118205
609 0.7905522001725626
610 0.7875323554788611
611 0.7862381363244176
612 0.7911993097497843
613 0.798748921484038
614 0.796160483175151
615 0.7950819672131147
616 0.7965918895599655
617 0.7983175150992234
618 0.797886108714409
619 0.795297670405522
620 0.7989646246764452
621 0.8009059534081104
622 0.8019844693701467
623 0.8015530629853321
624 0.8006902502157032
625 0.7920621225194133
626 0.7890422778257118
627 0.7899050905953409
628 0.7903364969801553
629 0.7903364969801553
630 0.7883951682484901
631 0.7881794650560828
632 0.7881794650560828
633 0.7858067299396031
634 0.7853753235547886
635 0.7799827437446074
636 0.780414150129422
637 0.7830025884383088
638 0.7801984469370147
639 0.7836496980155306
640 0.7821397756686799
641 0.7845125107851596
642 0.7862381363244176
643 0.7871009490940466
644 0.7851596203623814
645 0.7851596203623814
646 0.7847282139775669
647 0.7836496980155306
648 0.7896893874029336
649 0.7858067299396031
650 0.790120793787748
651 0.7888265746333045
652 0.7883951682484901
653 0.7929249352890423
654 0.7911993097497843
655 0.7864538395168249
656 0.7830025884383088
657 0.7847282139775669
658 0.7907679033649698
659 0.7920621225194133
660 0.7907679033649698
661 0.7881794650560828
662 0.7873166522864539
663 0.7888265746333045
664 0.7883951682484901
665 0.7905522001725626
666 0.7907679033649698
667 0.790120793787748
668 0.7858067299396031
669 0.7875323554788611
670 0.7842968075927523
671 0.776962899050906
672 0.7741587575496117
673 0.7728645383951682
674 0.7750215703192407
675 0.775237273511648
676 0.7791199309749784
677 0.7771786022433133
678 0.780414150129422
679 0.7799827437446074
680 0.780414150129422
681 0.7847282139775669
682 0.7842968075927523
683 0.7853753235547886
684 0.7819240724762726
685 0.7847282139775669
686 0.7860224331320104
687 0.7894736842105263
688 0.7918464193270061
689 0.7924935289042278
690 0.790120793787748
691 0.7903364969801553
692 0.7946505608283002
693 0.7860224331320104
694 0.7899050905953409
695 0.7858067299396031
696 0.7881794650560828
697 0.7853753235547886
698 0.793572044866264
699 0.7924935289042278
700 0.7909836065573771
