1 0.0004314063848144953
2 0.0008628127696289905
3 0.0008628127696289905
4 0.0010785159620362382
5 0.001725625539257981
6 0.0019413287316652286
7 0.0025884383088869713
8 0.0030198446937014668
9 0.0032355478861087143
10 0.0045297670405522
11 0.005176876617773943
12 0.0064710957722174285
13 0.00819672131147541
14 0.009490940465918895
15 0.010569456427955135
16 0.012295081967213115
17 0.014020707506471096
18 0.014452113891285591
19 0.015530629853321829
20 0.016609145815358068
21 0.018766177739430543
22 0.02070750647109577
23 0.02178602243313201
24 0.02286453839516825
25 0.02351164797238999
26 0.02437446074201898
27 0.02545297670405522
28 0.028041415012942193
29 0.032355478861087146
30 0.03451251078515962
31 0.03645383951682485
32 0.037532355478861086
33 0.04227782571182054
34 0.04637618636755824
35 0.0498274374460742
36 0.05155306298533218
37 0.05457290767903365
38 0.058671268334771355
39 0.06341673856773081
40 0.06924072476272648
41 0.07420189818809318
42 0.0811044003451251
43 0.08714408973252805
44 0.091458153580673
45 0.09749784296807593
46 0.10181190681622088
47 0.10849870578084556
48 0.11496980155306298
49 0.12079378774805867
50 0.1300690250215703
51 0.1371872303710095
52 0.1412855910267472
53 0.14646246764452114
54 0.15314926660914582
55 0.16328731665228646
56 0.17148403796376185
57 0.182916307161346
58 0.1898188093183779
59 0.1965056082830026
60 0.20534943917169973
61 0.21074201898188094
62 0.21850733390854185
63 0.22842968075927525
64 0.23770491803278687
65 0.24676445211389128
66 0.2515099223468507
67 0.254314063848145
68 0.2586281276962899
69 0.26747195858498707
70 0.2784728213977567
71 0.29335634167385677
72 0.3052200172562554
73 0.3138481449525453
74 0.3185936151855047
75 0.32226056945642795
76 0.32916307161345987
77 0.33628127696289906
78 0.3505176876617774
79 0.3584987057808456
80 0.3645383951682485
81 0.3712251941328732
82 0.3785591026747196
83 0.384167385677308
84 0.3930112165660052
85 0.3958153580672994
86 0.40336496980155306
87 0.40660051768766176
88 0.41458153580672996
89 0.42191544434857636
90 0.4361518550474547
91 0.4428386540120794
92 0.44542709232096633
93 0.4510353753235548
94 0.45534943917169973
95 0.4588006902502157
96 0.46397756686798963
97 0.4702329594477998
98 0.4743313201035375
99 0.4810181190681622
100 0.4840379637618637
101 0.49158757549611737
102 0.497411561691113
103 0.5062553925798102
104 0.5047454702329595
105 0.5107851596203624
106 0.5172562553925798
107 0.518334771354616
108 0.5230802415875755
109 0.5248058671268335
110 0.5375323554788611
111 0.545297670405522
112 0.5526315789473685
113 0.5550043140638481
114 0.5595340811044004
115 0.5733390854184642
116 0.5780845556514237
117 0.5800258843830889
118 0.5836928386540121
119 0.5890854184641933
120 0.59404659188956
121 0.5994391716997411
122 0.6039689387402933
123 0.6076358930112166
124 0.614106988783434
125 0.6171268334771355
126 0.6194995685936152
127 0.6302847282139775
128 0.634167385677308
129 0.6363244176013805
130 0.6361087144089732
131 0.6324417601380501
132 0.6322260569456428
133 0.630716134598792
134 0.6361087144089732
135 0.6371872303710094
136 0.6443054357204486
137 0.6449525452976704
138 0.6492666091458154
139 0.6581104400345125
140 0.661130284728214
141 0.6652286453839517
142 0.6695427092320967
143 0.6697584124245038
144 0.6716997411561692
145 0.6738567730802416
146 0.6725625539257981
147 0.6693270060396894
148 0.6682484900776532
149 0.6684641932700603
150 0.6688955996548749
151 0.6660914581535806
152 0.6747195858498706
153 0.6775237273511648
154 0.6839948231233822
155 0.6880931837791199
156 0.6904659188955996
157 0.6975841242450388
158 0.7001725625539258
159 0.7027610008628128
160 0.7027610008628128
161 0.7090163934426229
162 0.7079378774805867
163 0.7079378774805867
164 0.7083692838654012
165 0.7075064710957722
166 0.707290767903365
167 0.7096635030198447
168 0.7034081104400345
169 0.7100949094046591
170 0.7144089732528042
171 0.7059965487489215
172 0.7116048317515099
173 0.706427955133736
174 0.7137618636755824
175 0.7100949094046591
176 0.7077221742881795
177 0.7128990509059534
178 0.7163503019844694
179 0.7198015530629853
180 0.7215271786022434
181 0.7269197584124245
182 0.7301553062985332
183 0.7402933563416738
184 0.7361949956859362
185 0.7418032786885246
186 0.7484900776531492
187 0.7510785159620362
188 0.7549611734253667
189 0.7519413287316652
190 0.7532355478861087
191 0.7549611734253667
192 0.7528041415012943
193 0.7487057808455565
194 0.7450388265746333
195 0.7446074201898188
196 0.7456859361518551
197 0.7420189818809318
198 0.7435289042277826
199 0.7435289042277826
200 0.7504314063848145
201 0.7540983606557377
202 0.7562553925798102
203 0.7547454702329595
204 0.7521570319240725
205 0.75862812769629
206 0.7627264883520276
207 0.7666091458153581
208 0.7618636755823986
209 0.7588438308886971
210 0.7571182053494392
211 0.7571182053494392
212 0.7530198446937014
213 0.756039689387403
214 0.7536669542709232
215 0.7579810181190682
216 0.7521570319240725
217 0.7571182053494392
218 0.753451251078516
219 0.7635893011216566
220 0.7614322691975841
221 0.7603537532355479
222 0.7569025021570319
223 0.7549611734253667
224 0.7519413287316652
225 0.7618636755823986
226 0.7642364106988784
227 0.7612165660051768
228 0.7599223468507333
229 0.7601380500431406
230 0.7590595340811044
231 0.7646678170836928
232 0.7603537532355479
233 0.7610008628127696
234 0.7627264883520276
235 0.7644521138912856
236 0.7633735979292493
237 0.7616479723899914
238 0.7566867989646247
239 0.7512942191544435
240 0.7547454702329595
241 0.7521570319240725
242 0.751725625539258
243 0.7579810181190682
244 0.7607851596203624
245 0.7614322691975841
246 0.7644521138912856
247 0.7704918032786885
248 0.771786022433132
249 0.768334771354616
250 0.7696289905090595
251 0.7694132873166523
252 0.7694132873166523
253 0.7715703192407247
254 0.771786022433132
255 0.771786022433132
256 0.7694132873166523
257 0.7711389128559103
258 0.7722174288179465
259 0.77351164797239
260 0.7711389128559103
261 0.7776100086281277
262 0.776962899050906
263 0.775237273511648
264 0.774374460742019
265 0.7676876617773943
266 0.7732959447799828
267 0.7795513373597929
268 0.7776100086281277
269 0.7817083692838654
270 0.7847282139775669
271 0.7825711820534944
272 0.7814926660914582
273 0.7840811044003452
274 0.7810612597066436
275 0.7810612597066436
276 0.7868852459016393
277 0.7840811044003452
278 0.7838654012079379
279 0.7814926660914582
280 0.7836496980155306
281 0.7883951682484901
282 0.7950819672131147
283 0.7976704055220017
284 0.7937877480586712
285 0.7950819672131147
286 0.7929249352890423
287 0.7871009490940466
288 0.7791199309749784
289 0.771786022433132
290 0.7745901639344263
291 0.7745901639344263
292 0.7715703192407247
293 0.7732959447799828
294 0.7763157894736842
295 0.7801984469370147
296 0.7801984469370147
297 0.7765314926660914
298 0.7676876617773943
299 0.7670405522001725
300 0.7771786022433133
301 0.7814926660914582
302 0.7821397756686799
303 0.7849439171699741
304 0.7871009490940466
305 0.7860224331320104
306 0.7842968075927523
307 0.7786885245901639
308 0.7763157894736842
309 0.7756686798964625
310 0.7732959447799828
311 0.777825711820535
312 0.7793356341673857
313 0.7821397756686799
314 0.7838654012079379
315 0.7795513373597929
316 0.7801984469370147
317 0.7899050905953409
318 0.7830025884383088
319 0.7847282139775669
320 0.7838654012079379
321 0.7851596203623814
322 0.7875323554788611
323 0.7840811044003452
324 0.7873166522864539
325 0.7832182916307161
326 0.7832182916307161
327 0.7907679033649698
328 0.7903364969801553
329 0.7907679033649698
330 0.7909836065573771
331 0.7883951682484901
332 0.7909836065573771
333 0.793572044866264
334 0.7970232959447799
335 0.7983175150992234
336 0.7968075927523728
337 0.7946505608283002
338 0.7946505608283002
339 0.7922778257118205
340 0.7946505608283002
341 0.7972389991371872
342 0.7950819672131147
343 0.7920621225194133
344 0.7933563416738568
345 0.7948662640207075
346 0.7989646246764452
347 0.7931406384814496
348 0.7940034512510785
349 0.7922778257118205
350 0.7918464193270061
351 0.7931406384814496
352 0.7948662640207075
353 0.795297670405522
354 0.796160483175151
355 0.7981018119068162
356 0.8032786885245902
357 0.8086712683347713
358 0.8058671268334772
359 0.8006902502157032
360 0.8009059534081104
361 0.8019844693701467
362 0.7968075927523728
363 0.8002588438308887
364 0.8015530629853321
365 0.7957290767903364
366 0.7940034512510785
367 0.7888265746333045
368 0.7920621225194133
369 0.7963761863675582
370 0.8045729076790337
371 0.8030629853321829
372 0.8004745470232959
373 0.8006902502157032
374 0.798748921484038
375 0.797886108714409
376 0.7905522001725626
377 0.7879637618636756
378 0.7899050905953409
379 0.7838654012079379
380 0.7877480586712683
381 0.7922778257118205
382 0.7965918895599655
383 0.7940034512510785
384 0.795297670405522
385 0.7920621225194133
386 0.7907679033649698
387 0.798748921484038
388 0.792709232096635
389 0.7886108714408974
390 0.7825711820534944
391 0.7849439171699741
392 0.7823554788610871
393 0.7756686798964625
394 0.7834339948231234
395 0.7830025884383088
396 0.7806298533218292
397 0.7849439171699741
398 0.7866695427092321
399 0.7905522001725626
400 0.7899050905953409
401 0.7922778257118205
402 0.7905522001725626
403 0.7892579810181191
404 0.7905522001725626
405 0.7855910267471958
406 0.7903364969801553
407 0.7905522001725626
408 0.7879637618636756
409 0.7847282139775669
410 0.7832182916307161
411 0.7838654012079379
412 0.7879637618636756
413 0.7858067299396031
414 0.7812769628990509
415 0.777825711820535
416 0.7840811044003452
417 0.7814926660914582
418 0.7825711820534944
419 0.7799827437446074
420 0.7817083692838654
421 0.777825711820535
422 0.7817083692838654
423 0.7786885245901639
424 0.771786022433132
425 0.7724331320103538
426 0.769197584124245
427 0.7704918032786885
428 0.7650992234685073
429 0.7661777394305436
430 0.768334771354616
431 0.7737273511647972
432 0.775237273511648
433 0.7761000862812769
434 0.7720017256255393
435 0.7786885245901639
436 0.7838654012079379
437 0.7808455565142364
438 0.7810612597066436
439 0.7810612597066436
440 0.7832182916307161
441 0.7845125107851596
442 0.7868852459016393
443 0.7890422778257118
444 0.7905522001725626
445 0.7888265746333045
446 0.7920621225194133
447 0.7903364969801553
448 0.7888265746333045
449 0.7864538395168249
450 0.790120793787748
451 0.7933563416738568
452 0.7888265746333045
453 0.7851596203623814
454 0.7810612597066436
455 0.7875323554788611
456 0.7849439171699741
457 0.7847282139775669
458 0.7942191544434858
459 0.7920621225194133
460 0.7918464193270061
461 0.7918464193270061
462 0.7896893874029336
463 0.7883951682484901
464 0.7899050905953409
465 0.7845125107851596
466 0.7860224331320104
467 0.7814926660914582
468 0.780414150129422
469 0.780414150129422
470 0.7791199309749784
471 0.7858067299396031
472 0.7855910267471958
473 0.7924935289042278
474 0.7899050905953409
475 0.7879637618636756
476 0.7832182916307161
477 0.7832182916307161
478 0.7888265746333045
479 0.7931406384814496
480 0.7866695427092321
481 0.7840811044003452
482 0.7883951682484901
483 0.7888265746333045
484 0.7909836065573771
485 0.7877480586712683
486 0.7858067299396031
487 0.7905522001725626
488 0.7842968075927523
489 0.7888265746333045
490 0.7886108714408974
491 0.7868852459016393
492 0.7830025884383088
493 0.780414150129422
494 0.7806298533218292
495 0.7812769628990509
496 0.7821397756686799
497 0.7793356341673857
498 0.7810612597066436
499 0.7840811044003452
500 0.7791199309749784
501 0.7773943054357204
502 0.7808455565142364
503 0.7830025884383088
504 0.7842968075927523
505 0.7853753235547886
506 0.7875323554788611
507 0.7875323554788611
508 0.7823554788610871
509 0.7838654012079379
510 0.7825711820534944
511 0.7838654012079379
512 0.7814926660914582
513 0.7806298533218292
514 0.7782571182053495
515 0.7754529767040552
516 0.7780414150129422
517 0.780414150129422
518 0.7905522001725626
519 0.7886108714408974
520 0.7948662640207075
521 0.7942191544434858
522 0.792709232096635
523 0.7899050905953409
524 0.7911993097497843
525 0.7914150129421915
526 0.7899050905953409
527 0.7914150129421915
528 0.7965918895599655
529 0.7959447799827437
530 0.7922778257118205
531 0.7830025884383088
532 0.7827868852459017
533 0.7821397756686799
534 0.7842968075927523
535 0.7821397756686799
536 0.7810612597066436
537 0.7789042277825712
538 0.7791199309749784
539 0.7758843830888698
540 0.7724331320103538
541 0.7707075064710958
542 0.7685504745470233
543 0.7620793787748059
544 0.7622950819672131
545 0.7638050043140638
546 0.7653149266609146
547 0.77351164797239
548 0.7676876617773943
549 0.7730802415875755
550 0.7681190681622088
551 0.7672562553925798
552 0.7676876617773943
553 0.7674719585849871
554 0.7732959447799828
555 0.775237273511648
556 0.7739430543572045
557 0.7722174288179465
558 0.7806298533218292
559 0.7821397756686799
560 0.7765314926660914
561 0.7763157894736842
562 0.771786022433132
563 0.7745901639344263
564 0.7814926660914582
565 0.7767471958584987
566 0.7758843830888698
567 0.77351164797239
568 0.7704918032786885
569 0.7661777394305436
570 0.7653149266609146
571 0.7635893011216566
572 0.7620793787748059
573 0.770923209663503
574 0.769197584124245
575 0.7773943054357204
576 0.7773943054357204
577 0.7821397756686799
578 0.7823554788610871
579 0.7763157894736842
580 0.7834339948231234
581 0.7842968075927523
582 0.7825711820534944
583 0.7780414150129422
584 0.775237273511648
585 0.7801984469370147
586 0.7771786022433133
587 0.7765314926660914
588 0.777825711820535
589 0.7720017256255393
590 0.7732959447799828
591 0.7700603968938741
592 0.7737273511647972
593 0.7801984469370147
594 0.7776100086281277
595 0.7720017256255393
596 0.7670405522001725
597 0.7663934426229508
598 0.7704918032786885
599 0.7676876617773943
600 0.7674719585849871
601 0.771786022433132
602 0.7732959447799828
603 0.7750215703192407
604 0.7720017256255393
605 0.7730802415875755
606 0.7707075064710958
607 0.7745901639344263
608 0.7765314926660914
609 0.7806298533218292
610 0.7840811044003452
611 0.7840811044003452
612 0.7871009490940466
613 0.7931406384814496
614 0.7920621225194133
615 0.7907679033649698
616 0.7911993097497843
617 0.7892579810181191
618 0.7896893874029336
619 0.7855910267471958
620 0.794434857635893
621 0.792709232096635
622 0.7903364969801553
623 0.7862381363244176
624 0.7845125107851596
625 0.7862381363244176
626 0.7851596203623814
627 0.7832182916307161
628 0.7750215703192407
629 0.7771786022433133
630 0.7763157894736842
631 0.7786885245901639
632 0.7745901639344263
633 0.7737273511647972
634 0.77351164797239
635 0.7789042277825712
636 0.7756686798964625
637 0.7782571182053495
638 0.7830025884383088
639 0.7810612597066436
640 0.7767471958584987
641 0.7801984469370147
642 0.7782571182053495
643 0.7819240724762726
644 0.7834339948231234
645 0.7832182916307161
646 0.7836496980155306
647 0.7784728213977566
648 0.7825711820534944
649 0.7810612597066436
650 0.776962899050906
651 0.7782571182053495
652 0.7864538395168249
653 0.7812769628990509
654 0.7866695427092321
655 0.7875323554788611
656 0.7918464193270061
657 0.7903364969801553
658 0.794434857635893
659 0.7974547023295945
660 0.7991803278688525
661 0.8000431406384815
662 0.7959447799827437
663 0.7911993097497843
664 0.7924935289042278
665 0.7937877480586712
666 0.7860224331320104
667 0.7890422778257118
668 0.790120793787748
669 0.7871009490940466
670 0.7858067299396031
671 0.7899050905953409
672 0.7873166522864539
673 0.7907679033649698
674 0.7875323554788611
675 0.7871009490940466
676 0.7868852459016393
677 0.7864538395168249
678 0.7879637618636756
679 0.7875323554788611
680 0.7849439171699741
681 0.7873166522864539
682 0.7823554788610871
683 0.7819240724762726
684 0.7888265746333045
685 0.7812769628990509
686 0.7808455565142364
687 0.7830025884383088
688 0.7834339948231234
689 0.7795513373597929
690 0.7786885245901639
691 0.7715703192407247
692 0.7698446937014668
693 0.774374460742019
694 0.7724331320103538
695 0.7741587575496117
696 0.7761000862812769
697 0.7797670405522001
698 0.7817083692838654
699 0.7840811044003452
700 0.7855910267471958
