1 0.0006471095772217428
2 0.0008628127696289905
3 0.0021570319240724763
4 0.002372735116479724
5 0.0030198446937014668
6 0.004098360655737705
7 0.005176876617773943
8 0.005823986194995686
9 0.0064710957722174285
10 0.006686798964624676
11 0.007549611734253667
12 0.008628127696289905
13 0.010785159620362382
14 0.013157894736842105
15 0.014236410698878344
16 0.015746333045729078
17 0.0181190681622088
18 0.019197584124245038
19 0.022217428817946507
20 0.024158757549611734
21 0.025021570319240724
22 0.028472821397756688
23 0.03084555651423641
24 0.03300258843830889
25 0.03386540120793788
26 0.035806729939603106
27 0.03731665228645384
28 0.03990509059534081
29 0.04227782571182054
30 0.04184641932700604
31 0.04357204486626402
32 0.04616048317515099
33 0.049396031061259706
34 0.051984469370146676
35 0.05220017256255392
36 0.05586712683347714
37 0.06018119068162209
38 0.06578947368421052
39 0.07096635030198446
40 0.07614322691975842
41 0.07959447799827438
42 0.0860655737704918
43 0.091458153580673
44 0.09771354616048318
45 0.10332182916307162
46 0.11065573770491803
47 0.12036238136324418
48 0.12661777394305435
49 0.13438308886971528
50 0.13955996548748922
51 0.14516824849007764
52 0.15293356341673855
53 0.15962036238136323
54 0.16630716134598791
55 0.17450388265746333
56 0.17536669542709232
57 0.1816220880069025
58 0.1857204486626402
59 0.1911130284728214
60 0.19672131147540983
61 0.20232959447799828
62 0.21031061259706643
63 0.21656600517687663
64 0.22605694564279552
65 0.23037100949094047
66 0.23403796376186367
67 0.2459016393442623
68 0.24978429680759276
69 0.25754961173425367
70 0.26488352027610007
71 0.27070750647109576
72 0.2797670405522002
73 0.28602243313201037
74 0.28968938740293354
75 0.2972389991371872
76 0.3015530629853322
77 0.30371009490940465
78 0.30953408110440034
79 0.32269197584124243
80 0.33218291630716135
81 0.34124245038826573
82 0.3531061259706644
83 0.35785159620362383
84 0.36259706643658324
85 0.3699309749784297
86 0.37640207075064713
87 0.3789905090595341
88 0.38071613459879206
89 0.38783433994823124
90 0.3915012942191544
91 0.39926660914581535
92 0.40638481449525454
93 0.4154443485763589
94 0.42040552200172565
95 0.4227782571182053
96 0.42687661777394303
97 0.43593615185504747
98 0.4432700603968939
99 0.4516824849007765
100 0.44758412424503885
101 0.45642795513373596
102 0.4624676445211389
103 0.46484037963761865
104 0.4710957722174288
105 0.47519413287316653
106 0.4801553062985332
107 0.48533218291630714
108 0.49396031061259704
109 0.500862812769629
110 0.5028041415012943
111 0.5084124245038827
112 0.5122950819672131
113 0.5148835202761001
114 0.5254529767040552
115 0.5312769628990509
116 0.5330025884383088
117 0.5405522001725626
118 0.5472389991371872
119 0.5530629853321829
120 0.5539257981018119
121 0.5509059534081104
122 0.5550043140638481
123 0.5565142364106989
124 0.5616911130284729
125 0.5666522864538395
126 0.57053494391717
127 0.5765746333045729
128 0.5830457290767903
129 0.588869715271786
130 0.589732528041415
131 0.589732528041415
132 0.5936151855047455
133 0.5912424503882657
134 0.5979292493528904
135 0.6003019844693701
136 0.6003019844693701
137 0.6089301121656601
138 0.6110871440897325
139 0.6151855047454702
140 0.6164797238999137
141 0.6233822260569456
142 0.6203623813632442
143 0.6201466781708369
144 0.6248921484037964
145 0.634167385677308
146 0.6317946505608283
147 0.6317946505608283
148 0.637618636755824
149 0.6464624676445211
150 0.6436583261432269
151 0.6529335634167386
152 0.6572476272648835
153 0.6542277825711821
154 0.6624245038826575
155 0.6615616911130284
156 0.6600517687661778
157 0.6676013805004314
158 0.6706212251941329
159 0.6721311475409836
160 0.6773080241587576
161 0.6857204486626403
162 0.6850733390854185
163 0.6973684210526315
164 0.7008196721311475
165 0.7008196721311475
166 0.7008196721311475
167 0.705565142364107
168 0.7049180327868853
169 0.706427955133736
170 0.7100949094046591
171 0.7128990509059534
172 0.7157031924072477
173 0.7103106125970664
174 0.7111734253666955
175 0.7169974115616912
176 0.7120362381363244
177 0.7111734253666955
178 0.7059965487489215
179 0.7062122519413288
180 0.7103106125970664
181 0.7079378774805867
182 0.7116048317515099
183 0.7131147540983607
184 0.7159188955996548
185 0.7245470232959448
186 0.7245470232959448
187 0.7310181190681622
188 0.7320966350301984
189 0.7333908541846419
190 0.7359792924935289
191 0.7305867126833477
192 0.7301553062985332
193 0.7277825711820535
194 0.7251941328731665
195 0.7277825711820535
196 0.7312338222605694
197 0.7305867126833477
198 0.7275668679896462
199 0.7372735116479724
200 0.7469801553062986
201 0.747411561691113
202 0.7478429680759275
203 0.7484900776531492
204 0.74137187230371
205 0.7459016393442623
206 0.743960310612597
207 0.7418032786885246
208 0.744823123382226
209 0.7532355478861087
210 0.7433132010353753
211 0.74137187230371
212 0.7454702329594478
213 0.7418032786885246
214 0.7430974978429681
215 0.7407247627264884
216 0.7452545297670405
217 0.7504314063848145
218 0.7521570319240725
219 0.7487057808455565
220 0.7538826574633305
221 0.7545297670405522
222 0.7459016393442623
223 0.7480586712683348
224 0.7504314063848145
225 0.7452545297670405
226 0.743960310612597
227 0.7454702329594478
228 0.7422346850733391
229 0.7422346850733391
230 0.7454702329594478
231 0.7437446074201898
232 0.7467644521138913
233 0.7463330457290768
234 0.7532355478861087
235 0.7519413287316652
236 0.752588438308887
237 0.7515099223468508
238 0.7504314063848145
239 0.7547454702329595
240 0.7564710957722174
241 0.7562553925798102
242 0.7558239861949957
243 0.7603537532355479
244 0.7538826574633305
245 0.755176876617774
246 0.7515099223468508
247 0.756039689387403
248 0.7629421915444349
249 0.7633735979292493
250 0.7646678170836928
251 0.7622950819672131
252 0.7584124245038827
253 0.7588438308886971
254 0.7666091458153581
255 0.7666091458153581
256 0.7577653149266609
257 0.7610008628127696
258 0.7631578947368421
259 0.7629421915444349
260 0.7627264883520276
261 0.75862812769629
262 0.7594909404659189
263 0.7571182053494392
264 0.7646678170836928
265 0.7655306298533219
266 0.7698446937014668
267 0.7696289905090595
268 0.7720017256255393
269 0.7668248490077653
270 0.7696289905090595
271 0.7715703192407247
272 0.7724331320103538
273 0.7756686798964625
274 0.7776100086281277
275 0.7801984469370147
276 0.7817083692838654
277 0.776962899050906
278 0.7730802415875755
279 0.7732959447799828
280 0.7737273511647972
281 0.770923209663503
282 0.7806298533218292
283 0.7827868852459017
284 0.7896893874029336
285 0.7916307161345988
286 0.7862381363244176
287 0.7864538395168249
288 0.7797670405522001
289 0.7791199309749784
290 0.7834339948231234
291 0.7825711820534944
292 0.7819240724762726
293 0.7838654012079379
294 0.7810612597066436
295 0.780414150129422
296 0.7799827437446074
297 0.7732959447799828
298 0.776962899050906
299 0.7756686798964625
300 0.7810612597066436
301 0.780414150129422
302 0.7877480586712683
303 0.7877480586712683
304 0.7860224331320104
305 0.7789042277825712
306 0.7771786022433133
307 0.7756686798964625
308 0.7741587575496117
309 0.774374460742019
310 0.7722174288179465
311 0.7702761000862812
312 0.7737273511647972
313 0.7754529767040552
314 0.777825711820535
315 0.77351164797239
316 0.7696289905090595
317 0.7791199309749784
318 0.7797670405522001
319 0.7832182916307161
320 0.7814926660914582
321 0.7720017256255393
322 0.774374460742019
323 0.7737273511647972
324 0.7773943054357204
325 0.7814926660914582
326 0.7862381363244176
327 0.7883951682484901
328 0.7858067299396031
329 0.7907679033649698
330 0.7907679033649698
331 0.7933563416738568
332 0.7879637618636756
333 0.7905522001725626
334 0.7929249352890423
335 0.7937877480586712
336 0.795297670405522
337 0.7920621225194133
338 0.790120793787748
339 0.790120793787748
340 0.7896893874029336
341 0.7834339948231234
342 0.7786885245901639
343 0.7780414150129422
344 0.7817083692838654
345 0.7817083692838654
346 0.7821397756686799
347 0.7797670405522001
348 0.7786885245901639
349 0.7834339948231234
350 0.7849439171699741
351 0.7840811044003452
352 0.7806298533218292
353 0.7847282139775669
354 0.7754529767040552
355 0.7745901639344263
356 0.7765314926660914
357 0.7812769628990509
358 0.7864538395168249
359 0.7830025884383088
360 0.7821397756686799
361 0.7782571182053495
362 0.7750215703192407
363 0.7761000862812769
364 0.7773943054357204
365 0.7827868852459017
366 0.7840811044003452
367 0.7840811044003452
368 0.7771786022433133
369 0.7789042277825712
370 0.7784728213977566
371 0.7873166522864539
372 0.7883951682484901
373 0.7892579810181191
374 0.7894736842105263
375 0.7922778257118205
376 0.7866695427092321
377 0.7877480586712683
378 0.7894736842105263
379 0.7899050905953409
380 0.7888265746333045
381 0.7911993097497843
382 0.7968075927523728
383 0.7974547023295945
384 0.7950819672131147
385 0.7894736842105263
386 0.7924935289042278
387 0.7875323554788611
388 0.7858067299396031
389 0.7918464193270061
390 0.7946505608283002
391 0.7909836065573771
392 0.7940034512510785
393 0.7853753235547886
394 0.7855910267471958
395 0.7847282139775669
396 0.7877480586712683
397 0.7810612597066436
398 0.7836496980155306
399 0.7858067299396031
400 0.7845125107851596
401 0.7830025884383088
402 0.7877480586712683
403 0.7847282139775669
404 0.7911993097497843
405 0.7937877480586712
406 0.7972389991371872
407 0.7957290767903364
408 0.7998274374460742
409 0.7985332182916307
410 0.798748921484038
411 0.7950819672131147
412 0.7963761863675582
413 0.7864538395168249
414 0.7864538395168249
415 0.7851596203623814
416 0.7890422778257118
417 0.7827868852459017
418 0.7905522001725626
419 0.7879637618636756
420 0.7905522001725626
421 0.7871009490940466
422 0.7855910267471958
423 0.7814926660914582
424 0.7812769628990509
425 0.7827868852459017
426 0.7847282139775669
427 0.7909836065573771
428 0.7890422778257118
429 0.7892579810181191
430 0.7896893874029336
431 0.7845125107851596
432 0.7892579810181191
433 0.7963761863675582
434 0.7942191544434858
435 0.7968075927523728
436 0.7998274374460742
437 0.7911993097497843
438 0.7909836065573771
439 0.7907679033649698
440 0.7968075927523728
441 0.7972389991371872
442 0.7907679033649698
443 0.7827868852459017
444 0.7782571182053495
445 0.7799827437446074
446 0.7886108714408974
447 0.7866695427092321
448 0.7855910267471958
449 0.7883951682484901
450 0.7909836065573771
451 0.7907679033649698
452 0.7933563416738568
453 0.7909836065573771
454 0.7929249352890423
455 0.7983175150992234
456 0.794434857635893
457 0.793572044866264
458 0.7940034512510785
459 0.7920621225194133
460 0.7959447799827437
461 0.7918464193270061
462 0.7914150129421915
463 0.7892579810181191
464 0.7929249352890423
465 0.7905522001725626
466 0.7914150129421915
467 0.7899050905953409
468 0.7892579810181191
469 0.7905522001725626
470 0.7955133735979293
471 0.7948662640207075
472 0.7948662640207075
473 0.7909836065573771
474 0.7931406384814496
475 0.7974547023295945
476 0.7914150129421915
477 0.7899050905953409
478 0.7886108714408974
479 0.7823554788610871
480 0.7858067299396031
481 0.7888265746333045
482 0.7879637618636756
483 0.7851596203623814
484 0.7791199309749784
485 0.7801984469370147
486 0.7784728213977566
487 0.7780414150129422
488 0.7799827437446074
489 0.7860224331320104
490 0.7858067299396031
491 0.7767471958584987
492 0.7741587575496117
493 0.7732959447799828
494 0.7715703192407247
495 0.7730802415875755
496 0.7745901639344263
497 0.7754529767040552
498 0.7765314926660914
499 0.7797670405522001
500 0.7795513373597929
501 0.777825711820535
502 0.7776100086281277
503 0.7750215703192407
504 0.777825711820535
505 0.7810612597066436
506 0.7795513373597929
507 0.7855910267471958
508 0.7845125107851596
509 0.7851596203623814
510 0.7817083692838654
511 0.7830025884383088
512 0.7838654012079379
513 0.7819240724762726
514 0.7920621225194133
515 0.7933563416738568
516 0.7899050905953409
517 0.7873166522864539
518 0.7838654012079379
519 0.7791199309749784
520 0.7812769628990509
521 0.7832182916307161
522 0.7847282139775669
523 0.7858067299396031
524 0.7834339948231234
525 0.7763157894736842
526 0.7888265746333045
527 0.7909836065573771
528 0.792709232096635
529 0.7911993097497843
530 0.7849439171699741
531 0.7916307161345988
532 0.7890422778257118
533 0.7864538395168249
534 0.7853753235547886
535 0.7862381363244176
536 0.7862381363244176
537 0.7851596203623814
538 0.7847282139775669
539 0.7832182916307161
540 0.7905522001725626
541 0.7825711820534944
542 0.7849439171699741
543 0.7840811044003452
544 0.7909836065573771
545 0.7948662640207075
546 0.7883951682484901
547 0.7924935289042278
548 0.7918464193270061
549 0.7920621225194133
550 0.7832182916307161
551 0.7886108714408974
552 0.7890422778257118
553 0.7972389991371872
554 0.7909836065573771
555 0.7840811044003452
556 0.7896893874029336
557 0.7851596203623814
558 0.7886108714408974
559 0.7866695427092321
560 0.7903364969801553
561 0.7879637618636756
562 0.7875323554788611
563 0.794434857635893
564 0.7957290767903364
565 0.7993960310612597
566 0.8009059534081104
567 0.793572044866264
568 0.7896893874029336
569 0.7864538395168249
570 0.7881794650560828
571 0.7849439171699741
572 0.7864538395168249
573 0.7879637618636756
574 0.7853753235547886
575 0.7879637618636756
576 0.7929249352890423
577 0.7983175150992234
578 0.7957290767903364
579 0.8006902502157032
580 0.7963761863675582
581 0.8006902502157032
582 0.7970232959447799
583 0.7920621225194133
584 0.7858067299396031
585 0.7924935289042278
586 0.7948662640207075
587 0.7905522001725626
588 0.7862381363244176
589 0.7838654012079379
590 0.7836496980155306
591 0.7793356341673857
592 0.7801984469370147
593 0.7771786022433133
594 0.7765314926660914
595 0.7801984469370147
596 0.7840811044003452
597 0.7821397756686799
598 0.7845125107851596
599 0.7776100086281277
600 0.7847282139775669
601 0.7840811044003452
602 0.7838654012079379
603 0.7847282139775669
604 0.7940034512510785
605 0.793572044866264
606 0.7968075927523728
607 0.8002588438308887
608 0.7955133735979293
609 0.7914150129421915
610 0.7963761863675582
611 0.7974547023295945
612 0.795297670405522
613 0.7868852459016393
614 0.7907679033649698
615 0.7871009490940466
616 0.7877480586712683
617 0.7881794650560828
618 0.7903364969801553
619 0.7911993097497843
620 0.7931406384814496
621 0.7955133735979293
622 0.793572044866264
623 0.7922778257118205
624 0.795297670405522
625 0.7903364969801553
626 0.7871009490940466
627 0.7849439171699741
628 0.7888265746333045
629 0.7914150129421915
630 0.7909836065573771
631 0.7795513373597929
632 0.7793356341673857
633 0.7862381363244176
634 0.7789042277825712
635 0.7765314926660914
636 0.7793356341673857
637 0.7732959447799828
638 0.7765314926660914
639 0.7823554788610871
640 0.7851596203623814
641 0.7782571182053495
642 0.7676876617773943
643 0.7715703192407247
644 0.7739430543572045
645 0.7793356341673857
646 0.7795513373597929
647 0.7797670405522001
648 0.7853753235547886
649 0.7825711820534944
650 0.7825711820534944
651 0.7791199309749784
652 0.7827868852459017
653 0.7834339948231234
654 0.7847282139775669
655 0.7849439171699741
656 0.7879637618636756
657 0.7881794650560828
658 0.7905522001725626
659 0.7946505608283002
660 0.7883951682484901
661 0.7801984469370147
662 0.7799827437446074
663 0.7745901639344263
664 0.7711389128559103
665 0.7633735979292493
666 0.7707075064710958
667 0.7704918032786885
668 0.7737273511647972
669 0.7771786022433133
670 0.7795513373597929
671 0.7871009490940466
672 0.7832182916307161
673 0.7836496980155306
674 0.7909836065573771
675 0.792709232096635
676 0.7890422778257118
677 0.7821397756686799
678 0.7832182916307161
679 0.7830025884383088
680 0.7847282139775669
681 0.7836496980155306
682 0.7838654012079379
683 0.7791199309749784
684 0.7808455565142364
685 0.7879637618636756
686 0.7810612597066436
687 0.7810612597066436
688 0.7868852459016393
689 0.7858067299396031
690 0.7845125107851596
691 0.7819240724762726
692 0.7799827437446074
693 0.7720017256255393
694 0.7711389128559103
695 0.7795513373597929
696 0.7763157894736842
697 0.7730802415875755
698 0.7732959447799828
699 0.7689818809318378
700 0.7791199309749784
