1 0.0004314063848144953
2 0.0004314063848144953
3 0.0004314063848144953
4 0.0006471095772217428
5 0.0006471095772217428
6 0.0006471095772217428
7 0.0008628127696289905
8 0.0010785159620362382
9 0.0010785159620362382
10 0.0012942191544434857
11 0.0012942191544434857
12 0.0012942191544434857
13 0.0012942191544434857
14 0.0015099223468507334
15 0.0019413287316652286
16 0.0021570319240724763
17 0.0025884383088869713
18 0.0028041415012942193
19 0.0028041415012942193
20 0.0032355478861087143
21 0.003882657463330457
22 0.004314063848144953
23 0.004745470232959448
24 0.0056082830025884385
25 0.005823986194995686
26 0.0060396893874029335
27 0.006902502157031924
28 0.007765314926660914
29 0.008843830888697153
30 0.0090595340811044
31 0.009275237273511648
32 0.01100086281276963
33 0.011216566005176877
34 0.011647972389991372
35 0.012079378774805867
36 0.012295081967213115
37 0.012510785159620362
38 0.014020707506471096
39 0.015962036238136326
40 0.017471958584987058
41 0.0181190681622088
42 0.019197584124245038
43 0.020276100086281276
44 0.02113891285591027
45 0.02351164797238999
46 0.02459016393442623
47 0.025884383088869714
48 0.026962899050905955
49 0.028472821397756688
50 0.029767040552200173
51 0.032355478861087146
52 0.033218291630716136
53 0.03559102674719586
54 0.03904227782571182
55 0.040983606557377046
56 0.04400345125107852
57 0.04874892148403796
58 0.05047454702329594
59 0.05306298533218291
60 0.058671268334771355
61 0.062122519413287315
62 0.06665228645383951
63 0.07010353753235547
64 0.07549611734253667
65 0.08002588438308887
66 0.08757549611734254
67 0.09167385677308024
68 0.09383088869715271
69 0.0996548748921484
70 0.10375323554788611
71 0.11044003451251079
72 0.11410698878343399
73 0.11842105263157894
74 0.12553925798101812
75 0.1309318377911993
76 0.13955996548748922
77 0.14559965487489215
78 0.1507765314926661
79 0.15660051768766178
80 0.16393442622950818
81 0.16781708369283865
82 0.17558239861949956
83 0.18313201035375323
84 0.1878774805867127
85 0.19262295081967212
86 0.19693701466781707
87 0.20491803278688525
88 0.2128990509059534
89 0.22325280414150128
90 0.22907679033649697
91 0.24201898188093185
92 0.2530198446937015
93 0.26100086281276963
94 0.2685504745470233
95 0.2771786022433132
96 0.28386540120793785
97 0.2894736842105263
98 0.2888265746333046
99 0.30090595340811044
100 0.3043572044866264
101 0.30953408110440034
102 0.31492666091458155
103 0.3229076790336497
104 0.3302415875754961
105 0.33477135461604834
106 0.34037963761863677
107 0.34490940465918896
108 0.3470664365832614
109 0.3556945642795513
110 0.36345987920621226
111 0.3697152717860224
112 0.37467644521138915
113 0.3809318377911993
114 0.3854616048317515
115 0.3889128559102675
116 0.39322691975841245
117 0.39473684210526316
118 0.4027178602243313
119 0.4130716134598792
120 0.42515099223468505
121 0.4301121656600518
122 0.43183779119930976
123 0.44068162208800693
124 0.4497411561691113
125 0.4598792062122519
126 0.46527178602243313
127 0.46807592752372734
128 0.46807592752372734
129 0.47174288179465057
130 0.47756686798964626
131 0.4827437446074202
132 0.48943054357204485
133 0.495685936151855
134 0.5015099223468508
135 0.5064710957722174
136 0.5071182053494392
137 0.5176876617773943
138 0.5170405522001725
139 0.5248058671268335
140 0.5308455565142364
141 0.5362381363244176
142 0.5364538395168249
143 0.542709232096635
144 0.5504745470232959
145 0.5575927523727351
146 0.5616911130284729
147 0.568809318377912
148 0.5694564279551337
149 0.567946505608283
150 0.5795944779982743
151 0.5787316652286454
152 0.5823986194995686
153 0.5860655737704918
154 0.5908110440034513
155 0.594909404659189
156 0.5990077653149266
157 0.6050474547023296
158 0.6084987057808455
159 0.6104400345125108
160 0.6121656600517688
161 0.6151855047454702
162 0.6207937877480587
163 0.6216566005176877
164 0.6264020707506471
165 0.6326574633304572
166 0.6305004314063848
167 0.6276962899050906
168 0.6317946505608283
169 0.6317946505608283
170 0.6382657463330458
171 0.6462467644521139
172 0.6466781708369284
173 0.6527178602243313
174 0.658541846419327
175 0.6626402070750647
176 0.6706212251941329
177 0.6714840379637619
178 0.6732096635030198
179 0.6783865401207938
180 0.6727782571182054
181 0.6760138050043141
182 0.6801121656600517
183 0.6874460742018982
184 0.6941328731665228
185 0.6930543572044866
186 0.7006039689387403
187 0.7014667817083693
188 0.7044866264020707
189 0.7059965487489215
190 0.7006039689387403
191 0.7062122519413288
192 0.7068593615185504
193 0.7107420189818809
194 0.7100949094046591
195 0.7157031924072477
196 0.7128990509059534
197 0.7144089732528042
198 0.7169974115616912
199 0.7154874892148404
200 0.7144089732528042
201 0.7169974115616912
202 0.7226056945642796
203 0.7236842105263158
204 0.7163503019844694
205 0.7174288179465056
206 0.7217428817946505
207 0.7238999137187231
208 0.7243313201035375
209 0.724762726488352
210 0.730802415875755
211 0.729076790336497
212 0.7370578084555651
213 0.7456859361518551
214 0.7443917169974116
215 0.7387834339948232
216 0.7400776531492667
217 0.7428817946505608
218 0.7411561691113029
219 0.7452545297670405
220 0.7456859361518551
221 0.747411561691113
222 0.7379206212251941
223 0.7454702329594478
224 0.74137187230371
225 0.7370578084555651
226 0.7364106988783434
227 0.7405090595340811
228 0.748274374460742
229 0.7450388265746333
230 0.7478429680759275
231 0.746548748921484
232 0.7437446074201898
233 0.7433132010353753
234 0.7454702329594478
235 0.744823123382226
236 0.7459016393442623
237 0.7454702329594478
238 0.7532355478861087
239 0.7549611734253667
240 0.753451251078516
241 0.7538826574633305
242 0.7599223468507333
243 0.75862812769629
244 0.7601380500431406
245 0.7584124245038827
246 0.7521570319240725
247 0.7528041415012943
248 0.749137187230371
249 0.7495685936151855
250 0.7530198446937014
251 0.755176876617774
252 0.7590595340811044
253 0.7538826574633305
254 0.7577653149266609
255 0.7573339085418465
256 0.7610008628127696
257 0.7625107851596203
258 0.7653149266609146
259 0.7607851596203624
260 0.7549611734253667
261 0.7597066436583262
262 0.7640207075064711
263 0.7635893011216566
264 0.7666091458153581
265 0.7674719585849871
266 0.769197584124245
267 0.7681190681622088
268 0.7715703192407247
269 0.7679033649698016
270 0.7661777394305436
271 0.7704918032786885
272 0.7622950819672131
273 0.7601380500431406
274 0.7625107851596203
275 0.7679033649698016
276 0.7702761000862812
277 0.768334771354616
278 0.7681190681622088
279 0.7674719585849871
280 0.7616479723899914
281 0.768334771354616
282 0.7745901639344263
283 0.7825711820534944
284 0.7780414150129422
285 0.7745901639344263
286 0.7767471958584987
287 0.7786885245901639
288 0.7776100086281277
289 0.775237273511648
290 0.780414150129422
291 0.7765314926660914
292 0.7827868852459017
293 0.7853753235547886
294 0.7793356341673857
295 0.7808455565142364
296 0.7827868852459017
297 0.7864538395168249
298 0.7806298533218292
299 0.7782571182053495
300 0.7840811044003452
301 0.7782571182053495
302 0.7754529767040552
303 0.7791199309749784
304 0.780414150129422
305 0.7771786022433133
306 0.7801984469370147
307 0.777825711820535
308 0.7739430543572045
309 0.7765314926660914
310 0.7773943054357204
311 0.7745901639344263
312 0.772648835202761
313 0.775237273511648
314 0.77351164797239
315 0.772648835202761
316 0.7741587575496117
317 0.7786885245901639
318 0.7845125107851596
319 0.7860224331320104
320 0.7834339948231234
321 0.7888265746333045
322 0.7851596203623814
323 0.7793356341673857
324 0.7741587575496117
325 0.7730802415875755
326 0.7814926660914582
327 0.7745901639344263
328 0.776962899050906
329 0.7786885245901639
330 0.7702761000862812
331 0.7704918032786885
332 0.7730802415875755
333 0.7827868852459017
334 0.7817083692838654
335 0.7795513373597929
336 0.7821397756686799
337 0.7840811044003452
338 0.7855910267471958
339 0.7808455565142364
340 0.7789042277825712
341 0.776962899050906
342 0.7748058671268335
343 0.7784728213977566
344 0.7832182916307161
345 0.7808455565142364
346 0.7825711820534944
347 0.777825711820535
348 0.7745901639344263
349 0.777825711820535
350 0.775237273511648
351 0.7773943054357204
352 0.7801984469370147
353 0.7739430543572045
354 0.774374460742019
355 0.774374460742019
356 0.7808455565142364
357 0.7866695427092321
358 0.7862381363244176
359 0.7836496980155306
360 0.7853753235547886
361 0.7853753235547886
362 0.7855910267471958
363 0.7853753235547886
364 0.7873166522864539
365 0.7851596203623814
366 0.7922778257118205
367 0.7937877480586712
368 0.793572044866264
369 0.794434857635893
370 0.7916307161345988
371 0.7965918895599655
372 0.7970232959447799
373 0.7929249352890423
374 0.7970232959447799
375 0.7955133735979293
376 0.7914150129421915
377 0.7899050905953409
378 0.7920621225194133
379 0.7968075927523728
380 0.7985332182916307
381 0.7998274374460742
382 0.796160483175151
383 0.7888265746333045
384 0.7903364969801553
385 0.7922778257118205
386 0.7965918895599655
387 0.795297670405522
388 0.7948662640207075
389 0.7931406384814496
390 0.7871009490940466
391 0.7845125107851596
392 0.7879637618636756
393 0.7851596203623814
394 0.7896893874029336
395 0.7892579810181191
396 0.7845125107851596
397 0.7896893874029336
398 0.7873166522864539
399 0.7881794650560828
400 0.8004745470232959
401 0.798748921484038
402 0.7858067299396031
403 0.7877480586712683
404 0.790120793787748
405 0.7892579810181191
406 0.7834339948231234
407 0.7786885245901639
408 0.7881794650560828
409 0.7896893874029336
410 0.7894736842105263
411 0.7890422778257118
412 0.7830025884383088
413 0.7847282139775669
414 0.7886108714408974
415 0.7894736842105263
416 0.7890422778257118
417 0.7899050905953409
418 0.7933563416738568
419 0.7933563416738568
420 0.7886108714408974
421 0.790120793787748
422 0.7892579810181191
423 0.7853753235547886
424 0.7797670405522001
425 0.7862381363244176
426 0.7862381363244176
427 0.7890422778257118
428 0.7875323554788611
429 0.7836496980155306
430 0.7795513373597929
431 0.7883951682484901
432 0.7911993097497843
433 0.7868852459016393
434 0.7814926660914582
435 0.7836496980155306
436 0.7849439171699741
437 0.7817083692838654
438 0.7810612597066436
439 0.7808455565142364
440 0.7845125107851596
441 0.7879637618636756
442 0.7827868852459017
443 0.7812769628990509
444 0.777825711820535
445 0.7853753235547886
446 0.7806298533218292
447 0.7830025884383088
448 0.7821397756686799
449 0.7791199309749784
450 0.7821397756686799
451 0.7860224331320104
452 0.7924935289042278
453 0.8000431406384815
454 0.798748921484038
455 0.7963761863675582
456 0.7991803278688525
457 0.798748921484038
458 0.8024158757549612
459 0.7931406384814496
460 0.7903364969801553
461 0.7860224331320104
462 0.7825711820534944
463 0.7858067299396031
464 0.7851596203623814
465 0.7855910267471958
466 0.7825711820534944
467 0.7817083692838654
468 0.7823554788610871
469 0.7806298533218292
470 0.7812769628990509
471 0.7832182916307161
472 0.7786885245901639
473 0.7761000862812769
474 0.7825711820534944
475 0.7860224331320104
476 0.7823554788610871
477 0.7911993097497843
478 0.7834339948231234
479 0.7845125107851596
480 0.7851596203623814
481 0.7879637618636756
482 0.7888265746333045
483 0.7836496980155306
484 0.7886108714408974
485 0.7853753235547886
486 0.7896893874029336
487 0.790120793787748
488 0.7907679033649698
489 0.7890422778257118
490 0.7814926660914582
491 0.7806298533218292
492 0.7883951682484901
493 0.7871009490940466
494 0.7877480586712683
495 0.7838654012079379
496 0.7877480586712683
497 0.7838654012079379
498 0.7868852459016393
499 0.7892579810181191
500 0.7808455565142364
501 0.7916307161345988
502 0.7864538395168249
503 0.7877480586712683
504 0.7871009490940466
505 0.7879637618636756
506 0.7918464193270061
507 0.7877480586712683
508 0.7909836065573771
509 0.7929249352890423
510 0.7883951682484901
511 0.7892579810181191
512 0.7849439171699741
513 0.7894736842105263
514 0.7881794650560828
515 0.7868852459016393
516 0.790120793787748
517 0.7860224331320104
518 0.7890422778257118
519 0.793572044866264
520 0.7890422778257118
521 0.7948662640207075
522 0.7918464193270061
523 0.7957290767903364
524 0.7955133735979293
525 0.7894736842105263
526 0.7866695427092321
527 0.7916307161345988
528 0.7929249352890423
529 0.7894736842105263
530 0.7916307161345988
531 0.7886108714408974
532 0.7855910267471958
533 0.7810612597066436
534 0.7903364969801553
535 0.7834339948231234
536 0.7847282139775669
537 0.7842968075927523
538 0.7814926660914582
539 0.7799827437446074
540 0.7806298533218292
541 0.7812769628990509
542 0.7797670405522001
543 0.7858067299396031
544 0.7862381363244176
545 0.7894736842105263
546 0.7873166522864539
547 0.7907679033649698
548 0.7886108714408974
549 0.7894736842105263
550 0.794434857635893
551 0.7970232959447799
552 0.792709232096635
553 0.7894736842105263
554 0.7948662640207075
555 0.7864538395168249
556 0.7920621225194133
557 0.7881794650560828
558 0.7892579810181191
559 0.7903364969801553
560 0.7911993097497843
561 0.7890422778257118
562 0.7890422778257118
563 0.7899050905953409
564 0.7909836065573771
565 0.7883951682484901
566 0.7911993097497843
567 0.7916307161345988
568 0.7864538395168249
569 0.7849439171699741
570 0.7845125107851596
571 0.7909836065573771
572 0.7907679033649698
573 0.7875323554788611
574 0.7851596203623814
575 0.7873166522864539
576 0.7834339948231234
577 0.7827868852459017
578 0.7881794650560828
579 0.7847282139775669
580 0.7858067299396031
581 0.7765314926660914
582 0.7728645383951682
583 0.7814926660914582
584 0.7834339948231234
585 0.7858067299396031
586 0.7894736842105263
587 0.7907679033649698
588 0.7957290767903364
589 0.7883951682484901
590 0.7866695427092321
591 0.792709232096635
592 0.7959447799827437
593 0.7942191544434858
594 0.7905522001725626
595 0.7933563416738568
596 0.7950819672131147
597 0.7894736842105263
598 0.7916307161345988
599 0.7899050905953409
600 0.790120793787748
601 0.7924935289042278
602 0.7911993097497843
603 0.7911993097497843
604 0.7955133735979293
605 0.7968075927523728
606 0.7911993097497843
607 0.7832182916307161
608 0.7838654012079379
609 0.7916307161345988
610 0.7883951682484901
611 0.7896893874029336
612 0.7855910267471958
613 0.7896893874029336
614 0.7812769628990509
615 0.776962899050906
616 0.7853753235547886
617 0.7875323554788611
618 0.7888265746333045
619 0.7892579810181191
620 0.7881794650560828
621 0.7890422778257118
622 0.7924935289042278
623 0.7888265746333045
624 0.790120793787748
625 0.7896893874029336
626 0.7879637618636756
627 0.7847282139775669
628 0.7853753235547886
629 0.7782571182053495
630 0.7737273511647972
631 0.7711389128559103
632 0.7704918032786885
633 0.7685504745470233
634 0.7674719585849871
635 0.7689818809318378
636 0.770923209663503
637 0.7754529767040552
638 0.7694132873166523
639 0.768334771354616
640 0.7674719585849871
641 0.7672562553925798
642 0.7685504745470233
643 0.7758843830888698
644 0.7758843830888698
645 0.7832182916307161
646 0.7860224331320104
647 0.7827868852459017
648 0.7864538395168249
649 0.7911993097497843
650 0.7929249352890423
651 0.7896893874029336
652 0.7836496980155306
653 0.7808455565142364
654 0.7808455565142364
655 0.7817083692838654
656 0.7771786022433133
657 0.7761000862812769
658 0.7745901639344263
659 0.772648835202761
660 0.7707075064710958
661 0.7765314926660914
662 0.7784728213977566
663 0.7799827437446074
664 0.7784728213977566
665 0.7771786022433133
666 0.7799827437446074
667 0.777825711820535
668 0.7808455565142364
669 0.7827868852459017
670 0.7761000862812769
671 0.7722174288179465
672 0.7720017256255393
673 0.7607851596203624
674 0.7612165660051768
675 0.7592752372735116
676 0.7605694564279551
677 0.7566867989646247
678 0.7622950819672131
679 0.7581967213114754
680 0.7631578947368421
681 0.77351164797239
682 0.7791199309749784
683 0.7814926660914582
684 0.776962899050906
685 0.777825711820535
686 0.7715703192407247
687 0.7722174288179465
688 0.7806298533218292
689 0.7780414150129422
690 0.7812769628990509
691 0.7780414150129422
692 0.7817083692838654
693 0.7886108714408974
694 0.7918464193270061
695 0.7894736842105263
696 0.7877480586712683
697 0.7974547023295945
698 0.794434857635893
699 0.7883951682484901
700 0.7894736842105263
