1 0.0004314063848144953
2 0.0004314063848144953
3 0.0010785159620362382
4 0.001725625539257981
5 0.0028041415012942193
6 0.003451251078515962
7 0.0036669542709232097
8 0.0045297670405522
9 0.005392579810181191
10 0.0064710957722174285
11 0.00819672131147541
12 0.010569456427955135
13 0.013589301121656601
14 0.016177739430543573
15 0.018550474547023296
16 0.02092320966350302
17 0.023295944779982744
18 0.02437446074201898
19 0.02523727351164797
20 0.027610008628127698
21 0.02911993097497843
22 0.03300258843830889
23 0.037748058671268334
24 0.04163071613459879
25 0.04465056082830026
26 0.046807592752372736
27 0.05263157894736842
28 0.05672993960310613
29 0.06276962899050906
30 0.06880931837791199
31 0.07528041415012943
32 0.07916307161345988
33 0.08369283865401209
34 0.08865401207937877
35 0.09383088869715271
36 0.10094909404659189
37 0.10785159620362382
38 0.11583261432269197
39 0.12489214840379638
40 0.1335202761000863
41 0.14150129421915444
42 0.14732528041415013
43 0.15336496980155306
44 0.158541846419327
45 0.1606988783433995
46 0.16975841242450387
47 0.17946505608283003
48 0.18679896462467643
49 0.19693701466781707
50 0.20405522001725626
51 0.20815358067299397
52 0.21548748921484037
53 0.22389991371872303
54 0.2355478861087144
55 0.24288179465056084
56 0.25625539257981017
57 0.2642364106988783
58 0.27243313201035374
59 0.28796376186367556
60 0.28796376186367556
61 0.29637618636755825
62 0.30241587575496115
63 0.30629853321829165
64 0.3097497842968076
65 0.3160051768766178
66 0.32226056945642795
67 0.33132010353753233
68 0.340595340811044
69 0.3444779982743745
70 0.35073339085418465
71 0.35504745470232957
72 0.3636755823986195
73 0.3742450388265746
74 0.37920621225194134
75 0.38330457290767905
76 0.3886971527178602
77 0.3971095772217429
78 0.40185504745470235
79 0.3975409836065574
80 0.4061691113028473
81 0.4160914581535807
82 0.4227782571182053
83 0.4257981018119068
84 0.43550474547023293
85 0.4398188093183779
86 0.4426229508196721
87 0.44952545297670404
88 0.45448662640207077
89 0.4613891285591027
90 0.46613459879206215
91 0.4691544434857636
92 0.48058671268334774
93 0.4846850733390854
94 0.4881363244176014
95 0.4971958584987058
96 0.5047454702329595
97 0.5053925798101812
98 0.5107851596203624
99 0.5127264883520276
100 0.5237273511647972
101 0.5289042277825712
102 0.5353753235547886
103 0.5368852459016393
104 0.5468075927523728
105 0.5543572044866264
106 0.5619068162208801
107 0.5608283002588438
108 0.5677308024158757
109 0.5698878343399483
110 0.5742018981880932
111 0.5808886971527178
112 0.5895168248490078
113 0.5925366695427092
114 0.6007333908541846
115 0.6069887834339949
116 0.6074201898188093
117 0.6125970664365833
118 0.6173425366695428
119 0.6188524590163934
120 0.619283865401208
121 0.6173425366695428
122 0.6253235547886109
123 0.6287748058671269
124 0.6328731665228645
125 0.6328731665228645
126 0.6335202761000863
127 0.6361087144089732
128 0.6436583261432269
129 0.6445211389128559
130 0.6492666091458154
131 0.6514236410698878
132 0.6591889559965487
133 0.6654443485763589
134 0.6650129421915444
135 0.6704055220017257
136 0.6738567730802416
137 0.6792493528904228
138 0.682916307161346
139 0.6878774805867127
140 0.6822691975841243
141 0.6833477135461605
142 0.6844262295081968
143 0.688955996548749
144 0.6939171699741156
145 0.6962899050905953
146 0.7031924072476272
147 0.7096635030198447
148 0.7066436583261432
149 0.7079378774805867
150 0.7111734253666955
151 0.7126833477135461
152 0.7154874892148404
153 0.7133304572907679
154 0.7152717860224331
155 0.7176445211389129
156 0.7182916307161346
157 0.7169974115616912
158 0.7150560828300259
159 0.7187230371009491
160 0.7172131147540983
161 0.7135461604831751
162 0.7202329594477999
163 0.7238999137187231
164 0.7299396031061259
165 0.7305867126833477
166 0.7327437446074202
167 0.7400776531492667
168 0.7411561691113029
169 0.7422346850733391
170 0.7418032786885246
171 0.7372735116479724
172 0.7370578084555651
173 0.7387834339948232
174 0.7407247627264884
175 0.7418032786885246
176 0.7461173425366695
177 0.7435289042277826
178 0.7398619499568594
179 0.7430974978429681
180 0.74137187230371
181 0.7437446074201898
182 0.7377049180327869
183 0.7387834339948232
184 0.7469801553062986
185 0.7441760138050043
186 0.7394305435720449
187 0.7355478861087144
188 0.7407247627264884
189 0.74137187230371
190 0.74137187230371
191 0.7430974978429681
192 0.749137187230371
193 0.7562553925798102
194 0.7592752372735116
195 0.7601380500431406
196 0.7655306298533219
197 0.7642364106988784
198 0.7655306298533219
199 0.7702761000862812
200 0.7698446937014668
201 0.7696289905090595
202 0.7754529767040552
203 0.7730802415875755
204 0.765746333045729
205 0.7627264883520276
206 0.7653149266609146
207 0.7620793787748059
208 0.7620793787748059
209 0.756039689387403
210 0.7530198446937014
211 0.756039689387403
212 0.7536669542709232
213 0.7497842968075927
214 0.7536669542709232
215 0.7545297670405522
216 0.7558239861949957
217 0.7599223468507333
218 0.7569025021570319
219 0.75862812769629
220 0.7601380500431406
221 0.7648835202761001
222 0.765746333045729
223 0.7640207075064711
224 0.7711389128559103
225 0.765746333045729
226 0.7698446937014668
227 0.7737273511647972
228 0.7679033649698016
229 0.7707075064710958
230 0.7704918032786885
231 0.7722174288179465
232 0.7711389128559103
233 0.7728645383951682
234 0.7758843830888698
235 0.7754529767040552
236 0.7842968075927523
237 0.7836496980155306
238 0.7853753235547886
239 0.7845125107851596
240 0.7793356341673857
241 0.7789042277825712
242 0.7782571182053495
243 0.7739430543572045
244 0.769197584124245
245 0.7704918032786885
246 0.7730802415875755
247 0.7758843830888698
248 0.7689818809318378
249 0.7638050043140638
250 0.7642364106988784
251 0.7670405522001725
252 0.7732959447799828
253 0.774374460742019
254 0.7756686798964625
255 0.7795513373597929
256 0.7793356341673857
257 0.7851596203623814
258 0.7838654012079379
259 0.7825711820534944
260 0.7832182916307161
261 0.7840811044003452
262 0.7797670405522001
263 0.7758843830888698
264 0.7765314926660914
265 0.7771786022433133
266 0.7812769628990509
267 0.7823554788610871
268 0.7814926660914582
269 0.7814926660914582
270 0.7810612597066436
271 0.7810612597066436
272 0.7823554788610871
273 0.7825711820534944
274 0.7823554788610871
275 0.7797670405522001
276 0.7808455565142364
277 0.7795513373597929
278 0.7799827437446074
279 0.7767471958584987
280 0.7799827437446074
281 0.780414150129422
282 0.7786885245901639
283 0.7866695427092321
284 0.793572044866264
285 0.7976704055220017
286 0.7991803278688525
287 0.797886108714409
288 0.7991803278688525
289 0.797886108714409
290 0.7905522001725626
291 0.7871009490940466
292 0.7847282139775669
293 0.7840811044003452
294 0.7806298533218292
295 0.7808455565142364
296 0.7847282139775669
297 0.7896893874029336
298 0.7922778257118205
299 0.7911993097497843
300 0.7836496980155306
301 0.7823554788610871
302 0.7771786022433133
303 0.7776100086281277
304 0.7862381363244176
305 0.7799827437446074
306 0.7808455565142364
307 0.7776100086281277
308 0.7786885245901639
309 0.7795513373597929
310 0.7739430543572045
311 0.7797670405522001
312 0.7810612597066436
313 0.7821397756686799
314 0.7819240724762726
315 0.7862381363244176
316 0.7840811044003452
317 0.7866695427092321
318 0.7873166522864539
319 0.7817083692838654
320 0.7776100086281277
321 0.7801984469370147
322 0.7808455565142364
323 0.7795513373597929
324 0.7780414150129422
325 0.7782571182053495
326 0.780414150129422
327 0.7868852459016393
328 0.7879637618636756
329 0.7886108714408974
330 0.7974547023295945
331 0.7996117342536669
332 0.8019844693701467
333 0.7981018119068162
334 0.8019844693701467
335 0.8004745470232959
336 0.7948662640207075
337 0.7985332182916307
338 0.8032786885245902
339 0.8056514236410699
340 0.8088869715271786
341 0.8037100949094047
342 0.8043572044866264
343 0.8009059534081104
344 0.7940034512510785
345 0.7955133735979293
346 0.7899050905953409
347 0.8019844693701467
348 0.7965918895599655
349 0.7942191544434858
350 0.7929249352890423
351 0.8019844693701467
352 0.8004745470232959
353 0.7963761863675582
354 0.7903364969801553
355 0.7858067299396031
356 0.7886108714408974
357 0.7877480586712683
358 0.794434857635893
359 0.7981018119068162
360 0.7963761863675582
361 0.7937877480586712
362 0.7830025884383088
363 0.7838654012079379
364 0.7827868852459017
365 0.7911993097497843
366 0.7877480586712683
367 0.7873166522864539
368 0.7879637618636756
369 0.7855910267471958
370 0.7873166522864539
371 0.7892579810181191
372 0.7888265746333045
373 0.7879637618636756
374 0.793572044866264
375 0.7924935289042278
376 0.7907679033649698
377 0.7830025884383088
378 0.7821397756686799
379 0.7847282139775669
380 0.7873166522864539
381 0.7825711820534944
382 0.7782571182053495
383 0.7784728213977566
384 0.7853753235547886
385 0.7827868852459017
386 0.7838654012079379
387 0.7858067299396031
388 0.7858067299396031
389 0.7840811044003452
390 0.7819240724762726
391 0.7827868852459017
392 0.7793356341673857
393 0.7855910267471958
394 0.7871009490940466
395 0.793572044866264
396 0.7860224331320104
397 0.7886108714408974
398 0.7881794650560828
399 0.7963761863675582
400 0.8002588438308887
401 0.7920621225194133
402 0.7868852459016393
403 0.7866695427092321
404 0.7853753235547886
405 0.7817083692838654
406 0.7827868852459017
407 0.7853753235547886
408 0.7817083692838654
409 0.7830025884383088
410 0.7784728213977566
411 0.772648835202761
412 0.7767471958584987
413 0.7825711820534944
414 0.7836496980155306
415 0.7860224331320104
416 0.7849439171699741
417 0.7853753235547886
418 0.7825711820534944
419 0.7795513373597929
420 0.775237273511648
421 0.7748058671268335
422 0.7711389128559103
423 0.7756686798964625
424 0.7748058671268335
425 0.7810612597066436
426 0.7776100086281277
427 0.7773943054357204
428 0.7791199309749784
429 0.7801984469370147
430 0.7847282139775669
431 0.7799827437446074
432 0.780414150129422
433 0.7767471958584987
434 0.7827868852459017
435 0.7860224331320104
436 0.7827868852459017
437 0.7838654012079379
438 0.7877480586712683
439 0.7860224331320104
440 0.7827868852459017
441 0.7881794650560828
442 0.7881794650560828
443 0.7853753235547886
444 0.7842968075927523
445 0.7858067299396031
446 0.7862381363244176
447 0.7847282139775669
448 0.7864538395168249
449 0.7909836065573771
450 0.7851596203623814
451 0.7825711820534944
452 0.7881794650560828
453 0.7886108714408974
454 0.7858067299396031
455 0.7883951682484901
456 0.7832182916307161
457 0.7905522001725626
458 0.7899050905953409
459 0.7873166522864539
460 0.7825711820534944
461 0.7858067299396031
462 0.7851596203623814
463 0.7791199309749784
464 0.7791199309749784
465 0.780414150129422
466 0.774374460742019
467 0.7732959447799828
468 0.7700603968938741
469 0.7745901639344263
470 0.7784728213977566
471 0.774374460742019
472 0.7748058671268335
473 0.7784728213977566
474 0.7776100086281277
475 0.7819240724762726
476 0.7866695427092321
477 0.7888265746333045
478 0.7903364969801553
479 0.7907679033649698
480 0.7911993097497843
481 0.793572044866264
482 0.7894736842105263
483 0.7916307161345988
484 0.7886108714408974
485 0.7942191544434858
486 0.7909836065573771
487 0.7883951682484901
488 0.780414150129422
489 0.7875323554788611
490 0.7864538395168249
491 0.7806298533218292
492 0.7808455565142364
493 0.7842968075927523
494 0.7860224331320104
495 0.7842968075927523
496 0.780414150129422
497 0.7868852459016393
498 0.777825711820535
499 0.7780414150129422
500 0.7732959447799828
501 0.7791199309749784
502 0.7812769628990509
503 0.7808455565142364
504 0.7819240724762726
505 0.7806298533218292
506 0.7819240724762726
507 0.7812769628990509
508 0.7879637618636756
509 0.7946505608283002
510 0.7957290767903364
511 0.7905522001725626
512 0.7929249352890423
513 0.7981018119068162
514 0.7970232959447799
515 0.7989646246764452
516 0.8026315789473685
517 0.797886108714409
518 0.7911993097497843
519 0.7920621225194133
520 0.7920621225194133
521 0.7911993097497843
522 0.7981018119068162
523 0.7985332182916307
524 0.8000431406384815
525 0.7957290767903364
526 0.7933563416738568
527 0.793572044866264
528 0.7940034512510785
529 0.790120793787748
530 0.7940034512510785
531 0.7892579810181191
532 0.7866695427092321
533 0.7812769628990509
534 0.7827868852459017
535 0.7793356341673857
536 0.7791199309749784
537 0.7851596203623814
538 0.7812769628990509
539 0.7866695427092321
540 0.7871009490940466
541 0.7842968075927523
542 0.7873166522864539
543 0.7899050905953409
544 0.7907679033649698
545 0.7918464193270061
546 0.7871009490940466
547 0.7894736842105263
548 0.7888265746333045
549 0.7911993097497843
550 0.7886108714408974
551 0.7907679033649698
552 0.7838654012079379
553 0.7830025884383088
554 0.7799827437446074
555 0.7730802415875755
556 0.7754529767040552
557 0.7786885245901639
558 0.7793356341673857
559 0.7767471958584987
560 0.7823554788610871
561 0.7851596203623814
562 0.7888265746333045
563 0.7905522001725626
564 0.7838654012079379
565 0.780414150129422
566 0.780414150129422
567 0.7812769628990509
568 0.780414150129422
569 0.7789042277825712
570 0.7786885245901639
571 0.7722174288179465
572 0.776962899050906
573 0.7810612597066436
574 0.7791199309749784
575 0.7817083692838654
576 0.7810612597066436
577 0.7853753235547886
578 0.7888265746333045
579 0.7918464193270061
580 0.792709232096635
581 0.793572044866264
582 0.7924935289042278
583 0.7840811044003452
584 0.7873166522864539
585 0.7899050905953409
586 0.7883951682484901
587 0.7894736842105263
588 0.7858067299396031
589 0.7883951682484901
590 0.7929249352890423
591 0.7931406384814496
592 0.7920621225194133
593 0.7914150129421915
594 0.7920621225194133
595 0.7955133735979293
596 0.7946505608283002
597 0.7924935289042278
598 0.7933563416738568
599 0.7918464193270061
600 0.7868852459016393
601 0.7871009490940466
602 0.7862381363244176
603 0.7899050905953409
604 0.7821397756686799
605 0.7767471958584987
606 0.7817083692838654
607 0.7836496980155306
608 0.7823554788610871
609 0.7853753235547886
610 0.7868852459016393
611 0.7892579810181191
612 0.7896893874029336
613 0.7948662640207075
614 0.7903364969801553
615 0.7806298533218292
616 0.7819240724762726
617 0.7862381363244176
618 0.7855910267471958
619 0.7853753235547886
620 0.7948662640207075
621 0.796160483175151
622 0.7924935289042278
623 0.7959447799827437
624 0.7940034512510785
625 0.7931406384814496
626 0.7907679033649698
627 0.7849439171699741
628 0.7842968075927523
629 0.7845125107851596
630 0.7853753235547886
631 0.7899050905953409
632 0.792709232096635
633 0.7922778257118205
634 0.7892579810181191
635 0.7968075927523728
636 0.7991803278688525
637 0.8047886108714409
638 0.8009059534081104
639 0.7972389991371872
640 0.7991803278688525
641 0.795297670405522
642 0.7918464193270061
643 0.7983175150992234
644 0.7983175150992234
645 0.7955133735979293
646 0.7948662640207075
647 0.7948662640207075
648 0.7974547023295945
649 0.7981018119068162
650 0.7955133735979293
651 0.7937877480586712
652 0.7957290767903364
653 0.7981018119068162
654 0.7890422778257118
655 0.7886108714408974
656 0.7847282139775669
657 0.7814926660914582
658 0.7886108714408974
659 0.7907679033649698
660 0.7877480586712683
661 0.7886108714408974
662 0.7918464193270061
663 0.7920621225194133
664 0.7924935289042278
665 0.7918464193270061
666 0.7903364969801553
667 0.7922778257118205
668 0.7937877480586712
669 0.7918464193270061
670 0.7871009490940466
671 0.7881794650560828
672 0.7933563416738568
673 0.7866695427092321
674 0.7883951682484901
675 0.7890422778257118
676 0.7888265746333045
677 0.7871009490940466
678 0.7899050905953409
679 0.7873166522864539
680 0.7864538395168249
681 0.7840811044003452
682 0.7862381363244176
683 0.7868852459016393
684 0.7918464193270061
685 0.793572044866264
686 0.7955133735979293
687 0.7955133735979293
688 0.7894736842105263
689 0.7916307161345988
690 0.7942191544434858
691 0.7942191544434858
692 0.7929249352890423
693 0.7933563416738568
694 0.7948662640207075
695 0.7911993097497843
696 0.7920621225194133
697 0.7903364969801553
698 0.7881794650560828
699 0.793572044866264
700 0.7899050905953409
