1 0.00021570319240724764
2 0.00021570319240724764
3 0.00021570319240724764
4 0.00021570319240724764
5 0.0004314063848144953
6 0.0004314063848144953
7 0.0006471095772217428
8 0.0008628127696289905
9 0.0008628127696289905
10 0.0010785159620362382
11 0.0015099223468507334
12 0.0015099223468507334
13 0.001725625539257981
14 0.0021570319240724763
15 0.002372735116479724
16 0.0032355478861087143
17 0.003451251078515962
18 0.003882657463330457
19 0.003882657463330457
20 0.004098360655737705
21 0.005176876617773943
22 0.0060396893874029335
23 0.006686798964624676
24 0.007118205349439172
25 0.006902502157031924
26 0.007549611734253667
27 0.007549611734253667
28 0.008628127696289905
29 0.00992234685073339
30 0.009706643658326143
31 0.009706643658326143
32 0.010138050043140638
33 0.010569456427955135
34 0.011216566005176877
35 0.012510785159620362
36 0.012942191544434857
37 0.014236410698878344
38 0.015962036238136326
39 0.01725625539257981
40 0.017687661777394306
41 0.018334771354616048
42 0.019628990509059533
43 0.01984469370146678
44 0.022217428817946507
45 0.022433132010353754
46 0.023943054357204487
47 0.025021570319240724
48 0.026747195858498704
49 0.03084555651423641
50 0.032571182053494394
51 0.033218291630716136
52 0.03537532355478861
53 0.036885245901639344
54 0.03710094909404659
55 0.038610871440897324
56 0.04055220017256255
57 0.04465056082830026
58 0.0457290767903365
59 0.045944779982743746
60 0.050258843830888696
61 0.05263157894736842
62 0.05306298533218291
63 0.055220017256255395
64 0.057808455565142365
65 0.06169111302847282
66 0.06341673856773081
67 0.06665228645383951
68 0.07053494391716997
69 0.07226056945642796
70 0.07830025884383089
71 0.08024158757549611
72 0.08283002588438308
73 0.08584987057808456
74 0.08973252804141502
75 0.0951251078515962
76 0.09749784296807593
77 0.10245901639344263
78 0.10634167385677308
79 0.10806729939603106
80 0.11259706643658327
81 0.11712683347713546
82 0.12057808455565143
83 0.12683347713546161
84 0.13157894736842105
85 0.13697152717860225
86 0.13955996548748922
87 0.14430543572044865
88 0.1471095772217429
89 0.15336496980155306
90 0.16371872303710094
91 0.1693270060396894
92 0.1729939603106126
93 0.17385677308024158
94 0.1807592752372735
95 0.18593615185504744
96 0.18830888697152717
97 0.1952113891285591
98 0.20125107851596202
99 0.20815358067299397
100 0.21462467644521138
101 0.21850733390854185
102 0.22497842968075926
103 0.23403796376186367
104 0.23964624676445212
105 0.24741156169111303
106 0.2495685936151855
107 0.25625539257981017
108 0.2640207075064711
109 0.26962899050905953
110 0.2784728213977567
111 0.28602243313201037
112 0.29055220017256256
113 0.295297670405522
114 0.2998274374460742
115 0.3075927523727351
116 0.31039689387402936
117 0.31622088006902505
118 0.3261432269197584
119 0.3323986194995686
120 0.33671268334771354
121 0.3427523727351165
122 0.34987057808455563
123 0.3546160483175151
124 0.363244176013805
125 0.36647972389991373
126 0.3742450388265746
127 0.37748058671268336
128 0.3813632441760138
129 0.38805004314063846
130 0.3925798101811907
131 0.3984037963761864
132 0.404227782571182
133 0.4115616911130285
134 0.4154443485763589
135 0.41932700603968937
136 0.4270923209663503
137 0.43356341673856774
138 0.43507333908541845
139 0.4370146678170837
140 0.4424072476272649
141 0.44219154443485764
142 0.4499568593615185
143 0.4488783433994823
144 0.455565142364107
145 0.4557808455565142
146 0.46074201898188094
147 0.46635030198446936
148 0.4760569456427955
149 0.47756686798964626
150 0.4831751509922347
151 0.48166522864538397
152 0.49072476272648835
153 0.49525452976704054
154 0.49762726488352027
155 0.5056082830025884
156 0.5138050043140638
157 0.5166091458153581
158 0.5239430543572045
159 0.525237273511648
160 0.5308455565142364
161 0.5347282139775669
162 0.5416307161345988
163 0.5483175150992234
164 0.5500431406384815
165 0.5582398619499569
166 0.5642795513373597
167 0.5720448662640207
168 0.5692407247627265
169 0.5729076790336497
170 0.5733390854184642
171 0.5754961173425367
172 0.5780845556514237
173 0.5823986194995686
174 0.5839085418464194
175 0.5901639344262295
176 0.5901639344262295
177 0.591458153580673
178 0.6022433132010354
179 0.6052631578947368
180 0.6091458153580673
181 0.6115185504745471
182 0.6143226919758412
183 0.612381363244176
184 0.6134598792062123
185 0.6173425366695428
186 0.6212251941328731
187 0.6251078515962036
188 0.6276962899050906
189 0.6328731665228645
190 0.6399913718723037
191 0.6419327006039689
192 0.6477566867989646
193 0.6492666091458154
194 0.6455996548748921
195 0.6531492666091459
196 0.6548748921484038
197 0.6622088006902502
198 0.6647972389991372
199 0.6691113028472822
200 0.6745038826574633
201 0.6732096635030198
202 0.6736410698878343
203 0.6710526315789473
204 0.676876617773943
205 0.680327868852459
206 0.6801121656600517
207 0.682916307161346
208 0.683779119930975
209 0.6833477135461605
210 0.6883088869715271
211 0.6930543572044866
212 0.6962899050905953
213 0.6945642795513374
214 0.6911130284728214
215 0.6924072476272649
216 0.6928386540120793
217 0.6975841242450388
218 0.6962899050905953
219 0.7003882657463331
220 0.706427955133736
221 0.7109577221742882
222 0.709879206212252
223 0.7077221742881795
224 0.7096635030198447
225 0.7111734253666955
226 0.7120362381363244
227 0.7122519413287317
228 0.7135461604831751
229 0.7148403796376186
230 0.7200172562553926
231 0.7249784296807593
232 0.7288610871440897
233 0.730802415875755
234 0.7234685073339086
235 0.729076790336497
236 0.7271354616048318
237 0.7292924935289042
238 0.7292924935289042
239 0.7320966350301984
240 0.7318809318377912
241 0.722174288179465
242 0.7286453839516824
243 0.7299396031061259
244 0.7344693701466781
245 0.7299396031061259
246 0.7314495254529767
247 0.7292924935289042
248 0.7251941328731665
249 0.7279982743744607
250 0.7320966350301984
251 0.7310181190681622
252 0.7357635893011216
253 0.744823123382226
254 0.7489214840379638
255 0.7515099223468508
256 0.753451251078516
257 0.7545297670405522
258 0.7512942191544435
259 0.746548748921484
260 0.7523727351164797
261 0.7562553925798102
262 0.749137187230371
263 0.7467644521138913
264 0.752588438308887
265 0.7577653149266609
266 0.7553925798101812
267 0.7599223468507333
268 0.7625107851596203
269 0.7614322691975841
270 0.7562553925798102
271 0.7607851596203624
272 0.7530198446937014
273 0.7547454702329595
274 0.7512942191544435
275 0.7581967213114754
276 0.7605694564279551
277 0.756039689387403
278 0.7575496117342536
279 0.7584124245038827
280 0.7599223468507333
281 0.7627264883520276
282 0.7588438308886971
283 0.7679033649698016
284 0.7670405522001725
285 0.765746333045729
286 0.7629421915444349
287 0.7661777394305436
288 0.768334771354616
289 0.7689818809318378
290 0.7650992234685073
291 0.769197584124245
292 0.7724331320103538
293 0.7730802415875755
294 0.7676876617773943
295 0.7776100086281277
296 0.7737273511647972
297 0.7771786022433133
298 0.7763157894736842
299 0.7750215703192407
300 0.7700603968938741
301 0.771786022433132
302 0.7754529767040552
303 0.7681190681622088
304 0.765746333045729
305 0.768334771354616
306 0.7687661777394306
307 0.7685504745470233
308 0.7720017256255393
309 0.7761000862812769
310 0.777825711820535
311 0.7810612597066436
312 0.7767471958584987
313 0.7771786022433133
314 0.7776100086281277
315 0.7793356341673857
316 0.777825711820535
317 0.7763157894736842
318 0.7754529767040552
319 0.7801984469370147
320 0.7773943054357204
321 0.7825711820534944
322 0.7849439171699741
323 0.7840811044003452
324 0.7814926660914582
325 0.7806298533218292
326 0.7782571182053495
327 0.7858067299396031
328 0.7879637618636756
329 0.7842968075927523
330 0.7827868852459017
331 0.7812769628990509
332 0.7823554788610871
333 0.7761000862812769
334 0.7786885245901639
335 0.7836496980155306
336 0.7823554788610871
337 0.7834339948231234
338 0.7810612597066436
339 0.7754529767040552
340 0.7782571182053495
341 0.7754529767040552
342 0.7789042277825712
343 0.7797670405522001
344 0.7771786022433133
345 0.7715703192407247
346 0.7756686798964625
347 0.7702761000862812
348 0.7668248490077653
349 0.7698446937014668
350 0.77351164797239
351 0.7750215703192407
352 0.7784728213977566
353 0.776962899050906
354 0.7795513373597929
355 0.7741587575496117
356 0.7745901639344263
357 0.7722174288179465
358 0.7765314926660914
359 0.777825711820535
360 0.7836496980155306
361 0.7806298533218292
362 0.7847282139775669
363 0.7806298533218292
364 0.7834339948231234
365 0.7827868852459017
366 0.7866695427092321
367 0.7851596203623814
368 0.7875323554788611
369 0.7886108714408974
370 0.7940034512510785
371 0.7909836065573771
372 0.7907679033649698
373 0.792709232096635
374 0.7888265746333045
375 0.793572044866264
376 0.7894736842105263
377 0.7873166522864539
378 0.7845125107851596
379 0.7832182916307161
380 0.7834339948231234
381 0.7825711820534944
382 0.7834339948231234
383 0.7830025884383088
384 0.7823554788610871
385 0.7791199309749784
386 0.7836496980155306
387 0.7810612597066436
388 0.7827868852459017
389 0.7851596203623814
390 0.7849439171699741
391 0.7827868852459017
392 0.7801984469370147
393 0.7795513373597929
394 0.7724331320103538
395 0.7698446937014668
396 0.7730802415875755
397 0.7732959447799828
398 0.7765314926660914
399 0.7730802415875755
400 0.7728645383951682
401 0.7767471958584987
402 0.7720017256255393
403 0.7819240724762726
404 0.7808455565142364
405 0.7784728213977566
406 0.7810612597066436
407 0.7847282139775669
408 0.7825711820534944
409 0.7849439171699741
410 0.7888265746333045
411 0.7886108714408974
412 0.7868852459016393
413 0.7849439171699741
414 0.7890422778257118
415 0.7881794650560828
416 0.7933563416738568
417 0.7916307161345988
418 0.7879637618636756
419 0.7842968075927523
420 0.7886108714408974
421 0.7810612597066436
422 0.7864538395168249
423 0.7799827437446074
424 0.7801984469370147
425 0.7799827437446074
426 0.7806298533218292
427 0.7791199309749784
428 0.7860224331320104
429 0.7836496980155306
430 0.7819240724762726
431 0.7782571182053495
432 0.7849439171699741
433 0.7881794650560828
434 0.7914150129421915
435 0.7888265746333045
436 0.7905522001725626
437 0.7985332182916307
438 0.7922778257118205
439 0.7907679033649698
440 0.7877480586712683
441 0.7845125107851596
442 0.7892579810181191
443 0.7896893874029336
444 0.7801984469370147
445 0.7810612597066436
446 0.7741587575496117
447 0.7780414150129422
448 0.7789042277825712
449 0.780414150129422
450 0.7836496980155306
451 0.7855910267471958
452 0.7817083692838654
453 0.7847282139775669
454 0.7827868852459017
455 0.7782571182053495
456 0.7812769628990509
457 0.7840811044003452
458 0.7877480586712683
459 0.7836496980155306
460 0.7789042277825712
461 0.7799827437446074
462 0.7871009490940466
463 0.7877480586712683
464 0.7871009490940466
465 0.7920621225194133
466 0.795297670405522
467 0.7968075927523728
468 0.7914150129421915
469 0.7916307161345988
470 0.7853753235547886
471 0.7821397756686799
472 0.7853753235547886
473 0.7832182916307161
474 0.7847282139775669
475 0.7799827437446074
476 0.7767471958584987
477 0.774374460742019
478 0.7754529767040552
479 0.7793356341673857
480 0.7827868852459017
481 0.7836496980155306
482 0.7877480586712683
483 0.7862381363244176
484 0.7888265746333045
485 0.7933563416738568
486 0.7950819672131147
487 0.7920621225194133
488 0.7873166522864539
489 0.7832182916307161
490 0.776962899050906
491 0.7745901639344263
492 0.7791199309749784
493 0.776962899050906
494 0.7838654012079379
495 0.7845125107851596
496 0.7819240724762726
497 0.777825711820535
498 0.7812769628990509
499 0.7786885245901639
500 0.7825711820534944
501 0.7825711820534944
502 0.776962899050906
503 0.7739430543572045
504 0.7771786022433133
505 0.774374460742019
506 0.774374460742019
507 0.7763157894736842
508 0.7761000862812769
509 0.7711389128559103
510 0.7700603968938741
511 0.7640207075064711
512 0.7663934426229508
513 0.769197584124245
514 0.7700603968938741
515 0.7711389128559103
516 0.7741587575496117
517 0.7748058671268335
518 0.7812769628990509
519 0.7834339948231234
520 0.7886108714408974
521 0.7842968075927523
522 0.7948662640207075
523 0.7899050905953409
524 0.7894736842105263
525 0.7909836065573771
526 0.7920621225194133
527 0.7896893874029336
528 0.793572044866264
529 0.7965918895599655
530 0.7989646246764452
531 0.7972389991371872
532 0.795297670405522
533 0.7924935289042278
534 0.7909836065573771
535 0.7873166522864539
536 0.7836496980155306
537 0.7873166522864539
538 0.7832182916307161
539 0.7823554788610871
540 0.7849439171699741
541 0.7791199309749784
542 0.7754529767040552
543 0.7741587575496117
544 0.7756686798964625
545 0.7765314926660914
546 0.7799827437446074
547 0.7795513373597929
548 0.7817083692838654
549 0.7836496980155306
550 0.7793356341673857
551 0.772648835202761
552 0.7767471958584987
553 0.7713546160483176
554 0.7696289905090595
555 0.7750215703192407
556 0.7700603968938741
557 0.7715703192407247
558 0.7761000862812769
559 0.7776100086281277
560 0.7698446937014668
561 0.7713546160483176
562 0.7745901639344263
563 0.7700603968938741
564 0.7674719585849871
565 0.7698446937014668
566 0.7786885245901639
567 0.7771786022433133
568 0.7819240724762726
569 0.7817083692838654
570 0.7860224331320104
571 0.7924935289042278
572 0.7868852459016393
573 0.7881794650560828
574 0.7881794650560828
575 0.7864538395168249
576 0.7782571182053495
577 0.7793356341673857
578 0.7797670405522001
579 0.7756686798964625
580 0.7728645383951682
581 0.775237273511648
582 0.7776100086281277
583 0.7793356341673857
584 0.777825711820535
585 0.7745901639344263
586 0.7732959447799828
587 0.7765314926660914
588 0.7801984469370147
589 0.7849439171699741
590 0.7845125107851596
591 0.7845125107851596
592 0.7782571182053495
593 0.7799827437446074
594 0.7836496980155306
595 0.7845125107851596
596 0.7819240724762726
597 0.7812769628990509
598 0.7825711820534944
599 0.7817083692838654
600 0.7845125107851596
601 0.7830025884383088
602 0.7808455565142364
603 0.7763157894736842
604 0.7763157894736842
605 0.7771786022433133
606 0.7786885245901639
607 0.776962899050906
608 0.7814926660914582
609 0.7821397756686799
610 0.7825711820534944
611 0.7875323554788611
612 0.780414150129422
613 0.7888265746333045
614 0.7808455565142364
615 0.7817083692838654
616 0.7873166522864539
617 0.7881794650560828
618 0.7914150129421915
619 0.7896893874029336
620 0.7890422778257118
621 0.7937877480586712
622 0.7907679033649698
623 0.7858067299396031
624 0.7886108714408974
625 0.7899050905953409
626 0.7879637618636756
627 0.7911993097497843
628 0.7924935289042278
629 0.7842968075927523
630 0.7838654012079379
631 0.7827868852459017
632 0.777825711820535
633 0.777825711820535
634 0.7741587575496117
635 0.7786885245901639
636 0.7758843830888698
637 0.7810612597066436
638 0.7860224331320104
639 0.7879637618636756
640 0.7868852459016393
641 0.7849439171699741
642 0.7791199309749784
643 0.7808455565142364
644 0.7847282139775669
645 0.7801984469370147
646 0.7808455565142364
647 0.7750215703192407
648 0.7776100086281277
649 0.7842968075927523
650 0.7812769628990509
651 0.7808455565142364
652 0.777825711820535
653 0.7782571182053495
654 0.7823554788610871
655 0.7879637618636756
656 0.7840811044003452
657 0.7780414150129422
658 0.7795513373597929
659 0.7801984469370147
660 0.7817083692838654
661 0.7810612597066436
662 0.7771786022433133
663 0.7782571182053495
664 0.7754529767040552
665 0.7724331320103538
666 0.77351164797239
667 0.7801984469370147
668 0.7754529767040552
669 0.7761000862812769
670 0.7741587575496117
671 0.774374460742019
672 0.777825711820535
673 0.7737273511647972
674 0.7739430543572045
675 0.7679033649698016
676 0.7687661777394306
677 0.7635893011216566
678 0.7679033649698016
679 0.7687661777394306
680 0.7713546160483176
681 0.7707075064710958
682 0.7698446937014668
683 0.7681190681622088
684 0.7681190681622088
685 0.765746333045729
686 0.7715703192407247
687 0.7750215703192407
688 0.7780414150129422
689 0.7694132873166523
690 0.7715703192407247
691 0.7730802415875755
692 0.77351164797239
693 0.7756686798964625
694 0.7793356341673857
695 0.7720017256255393
696 0.7715703192407247
697 0.7715703192407247
698 0.7694132873166523
699 0.772648835202761
700 0.7722174288179465
