1 0.00021570319240724764
2 0.00021570319240724764
3 0.00021570319240724764
4 0.0004314063848144953
5 0.0006471095772217428
6 0.0006471095772217428
7 0.0006471095772217428
8 0.0008628127696289905
9 0.0010785159620362382
10 0.0010785159620362382
11 0.0012942191544434857
12 0.0015099223468507334
13 0.0019413287316652286
14 0.0021570319240724763
15 0.0028041415012942193
16 0.0032355478861087143
17 0.0032355478861087143
18 0.0030198446937014668
19 0.0032355478861087143
20 0.0036669542709232097
21 0.004314063848144953
22 0.004098360655737705
23 0.0045297670405522
24 0.005176876617773943
25 0.004745470232959448
26 0.004314063848144953
27 0.0060396893874029335
28 0.0060396893874029335
29 0.005392579810181191
30 0.005176876617773943
31 0.0056082830025884385
32 0.005823986194995686
33 0.005823986194995686
34 0.006255392579810181
35 0.006255392579810181
36 0.007333908541846419
37 0.007549611734253667
38 0.008628127696289905
39 0.008412424503882658
40 0.008843830888697153
41 0.009490940465918895
42 0.010138050043140638
43 0.010138050043140638
44 0.011647972389991372
45 0.011432269197584125
46 0.012079378774805867
47 0.01272648835202761
48 0.014020707506471096
49 0.013373597929249352
50 0.013805004314063849
51 0.015530629853321829
52 0.016177739430543573
53 0.01639344262295082
54 0.016824849007765316
55 0.01725625539257981
56 0.01639344262295082
57 0.016609145815358068
58 0.017471958584987058
59 0.017687661777394306
60 0.018550474547023296
61 0.019413287316652286
62 0.01984469370146678
63 0.020060396893874028
64 0.019413287316652286
65 0.020276100086281276
66 0.021354616048317517
67 0.02113891285591027
68 0.022433132010353754
69 0.02200172562553926
70 0.021354616048317517
71 0.02092320966350302
72 0.02092320966350302
73 0.02070750647109577
74 0.02092320966350302
75 0.021570319240724764
76 0.022217428817946507
77 0.022217428817946507
78 0.02372735116479724
79 0.023295944779982744
80 0.023295944779982744
81 0.022433132010353754
82 0.02286453839516825
83 0.02372735116479724
84 0.02351164797238999
85 0.023943054357204487
86 0.02523727351164797
87 0.02610008628127696
88 0.026747195858498704
89 0.026747195858498704
90 0.028041415012942193
91 0.028472821397756688
92 0.027610008628127698
93 0.02739430543572045
94 0.02911993097497843
95 0.02825711820534944
96 0.028688524590163935
97 0.02911993097497843
98 0.030198446937014668
99 0.030629853321829163
100 0.031492666091458156
101 0.032571182053494394
102 0.032355478861087146
103 0.0321397756686799
104 0.032355478861087146
105 0.034296807592752374
106 0.034943917169974116
107 0.036022433132010354
108 0.03731665228645384
109 0.0362381363244176
110 0.036022433132010354
111 0.036022433132010354
112 0.037748058671268334
113 0.03796376186367558
114 0.03968938740293356
115 0.039257981018119066
116 0.04055220017256255
117 0.04055220017256255
118 0.041199309749784294
119 0.04141501294219154
120 0.04378774805867127
121 0.04400345125107852
122 0.045081967213114756
123 0.045297670405522
124 0.0457290767903365
125 0.04745470232959448
126 0.04961173425366695
127 0.050258843830888696
128 0.05090595340811044
129 0.051121656600517686
130 0.05155306298533218
131 0.05327868852459016
132 0.0547886108714409
133 0.05672993960310613
134 0.05759275237273512
135 0.0588869715271786
136 0.05823986194995686
137 0.06082830025884383
138 0.061259706643658325
139 0.061259706643658325
140 0.06255392579810182
141 0.06320103537532355
142 0.06643658326143227
143 0.06945642795513374
144 0.07053494391716997
145 0.07204486626402071
146 0.0729076790336497
147 0.07355478861087145
148 0.07398619499568594
149 0.07377049180327869
150 0.07657463330457291
151 0.08002588438308887
152 0.08132010353753236
153 0.08390854184641933
154 0.0864969801553063
155 0.08757549611734254
156 0.08865401207937877
157 0.09210526315789473
158 0.09296807592752372
159 0.0946937014667817
160 0.0992234685073339
161 0.10181190681622088
162 0.10440034512510785
163 0.10547886108714409
164 0.10893011216566005
165 0.10828300258843832
166 0.11022433132010354
167 0.11410698878343399
168 0.11842105263157894
169 0.12165660051768766
170 0.1231665228645384
171 0.1285591026747196
172 0.13330457290767903
173 0.13610871440897326
174 0.14322691975841242
175 0.14667817083692838
176 0.15314926660914582
177 0.15271786022433131
178 0.15746333045729077
179 0.16026747195858498
180 0.16415012942191545
181 0.16911130284728215
182 0.1798964624676445
183 0.18442622950819673
184 0.1893874029335634
185 0.19413287316652286
186 0.202113891285591
187 0.21138912855910266
188 0.22109577221742882
189 0.22756686798964626
190 0.23123382226056946
191 0.2359792924935289
192 0.24201898188093185
193 0.24698015530629852
194 0.2528041415012942
195 0.2571182053494392
196 0.2657463330457291
197 0.2672562553925798
198 0.27459016393442626
199 0.2827868852459016
200 0.28494391716997414
201 0.29206212251941327
202 0.29508196721311475
203 0.30457290767903367
204 0.31233822260569455
205 0.31945642795513374
206 0.3259275237273512
207 0.33541846419327004
208 0.34404659188955994
209 0.35483175150992236
210 0.35893011216566006
211 0.36755823986194996
212 0.37618636755823986
213 0.3822260569456428
214 0.3886971527178602
215 0.39646246764452114
216 0.40250215703192405
217 0.4057377049180328
218 0.412855910267472
219 0.4275237273511648
220 0.4387402933563417
221 0.4411130284728214
222 0.44930974978429683
223 0.4592320966350302
224 0.46786022433132013
225 0.4741156169111303
226 0.4827437446074202
227 0.4857635893011217
228 0.49352890422778256
229 0.5
230 0.5077653149266609
231 0.5170405522001725
232 0.5220017256255393
233 0.5286885245901639
234 0.5364538395168249
235 0.5377480586712683
236 0.5422778257118205
237 0.5463761863675582
238 0.5565142364106989
239 0.5619068162208801
240 0.5694564279551337
241 0.5748490077653149
242 0.5754961173425367
243 0.5802415875754962
244 0.5852027610008628
245 0.5931837791199309
246 0.5985763589301122
247 0.6100086281276963
248 0.6154012079378774
249 0.616695427092321
250 0.619283865401208
251 0.6190681622088007
252 0.6190681622088007
253 0.6244607420189818
254 0.6261863675582399
255 0.6302847282139775
256 0.6395599654874892
257 0.6408541846419327
258 0.6438740293356342
259 0.6468938740293356
260 0.6505608283002589
261 0.6507765314926661
262 0.6546591889559965
263 0.6596203623813632
264 0.6630716134598792
265 0.6639344262295082
266 0.6617773943054357
267 0.660267471958585
268 0.66458153580673
269 0.6693270060396894
270 0.6766609145815358
271 0.6809749784296808
272 0.677739430543572
273 0.686367558239862
274 0.6870146678170836
275 0.6902502157031924
276 0.6980155306298533
277 0.7044866264020707
278 0.7025452976704055
279 0.7075064710957722
280 0.7068593615185504
281 0.7066436583261432
282 0.7111734253666955
283 0.7092320966350302
284 0.7124676445211389
285 0.7163503019844694
286 0.7174288179465056
287 0.7191544434857636
288 0.7122519413287317
289 0.7206643658326143
290 0.7202329594477999
291 0.7215271786022434
292 0.7232528041415013
293 0.7249784296807593
294 0.7305867126833477
295 0.7318809318377912
296 0.7312338222605694
297 0.7374892148403797
298 0.7420189818809318
299 0.7430974978429681
300 0.7435289042277826
301 0.743960310612597
302 0.7424503882657464
303 0.7433132010353753
304 0.7415875754961173
305 0.7411561691113029
306 0.7441760138050043
307 0.7435289042277826
308 0.7398619499568594
309 0.7411561691113029
310 0.7450388265746333
311 0.7433132010353753
312 0.7441760138050043
313 0.7461173425366695
314 0.7433132010353753
315 0.744823123382226
316 0.749137187230371
317 0.7493528904227783
318 0.7549611734253667
319 0.7605694564279551
320 0.7532355478861087
321 0.7456859361518551
322 0.7454702329594478
323 0.744823123382226
324 0.7471958584987057
325 0.7456859361518551
326 0.7443917169974116
327 0.7418032786885246
328 0.7333908541846419
329 0.7364106988783434
330 0.7385677308024159
331 0.7394305435720449
332 0.7405090595340811
333 0.7437446074201898
334 0.7454702329594478
335 0.7456859361518551
336 0.7433132010353753
337 0.7424503882657464
338 0.7379206212251941
339 0.7381363244176014
340 0.7392148403796376
341 0.7368421052631579
342 0.7396462467644521
343 0.7521570319240725
344 0.7521570319240725
345 0.7545297670405522
346 0.7510785159620362
347 0.747411561691113
348 0.7523727351164797
349 0.7437446074201898
350 0.7478429680759275
351 0.7510785159620362
352 0.7553925798101812
353 0.7622950819672131
354 0.7653149266609146
355 0.7668248490077653
356 0.7700603968938741
357 0.7724331320103538
358 0.768334771354616
359 0.7668248490077653
360 0.7640207075064711
361 0.7633735979292493
362 0.7599223468507333
363 0.7614322691975841
364 0.7536669542709232
365 0.749137187230371
366 0.7530198446937014
367 0.7532355478861087
368 0.7528041415012943
369 0.7571182053494392
370 0.7545297670405522
371 0.7571182053494392
372 0.7594909404659189
373 0.7605694564279551
374 0.7610008628127696
375 0.7648835202761001
376 0.7607851596203624
377 0.7584124245038827
378 0.7566867989646247
379 0.7515099223468508
380 0.7569025021570319
381 0.7581967213114754
382 0.7603537532355479
383 0.7545297670405522
384 0.7575496117342536
385 0.7579810181190682
386 0.7653149266609146
387 0.7661777394305436
388 0.7687661777394306
389 0.7672562553925798
390 0.7704918032786885
391 0.7687661777394306
392 0.7748058671268335
393 0.7786885245901639
394 0.7823554788610871
395 0.7812769628990509
396 0.774374460742019
397 0.7761000862812769
398 0.7761000862812769
399 0.7789042277825712
400 0.7771786022433133
401 0.7823554788610871
402 0.7773943054357204
403 0.775237273511648
404 0.7730802415875755
405 0.7707075064710958
406 0.771786022433132
407 0.772648835202761
408 0.7767471958584987
409 0.7791199309749784
410 0.7771786022433133
411 0.7797670405522001
412 0.7786885245901639
413 0.7795513373597929
414 0.7814926660914582
415 0.7806298533218292
416 0.774374460742019
417 0.7696289905090595
418 0.7670405522001725
419 0.7685504745470233
420 0.7739430543572045
421 0.7763157894736842
422 0.7780414150129422
423 0.7849439171699741
424 0.7851596203623814
425 0.7899050905953409
426 0.7914150129421915
427 0.7877480586712683
428 0.7903364969801553
429 0.7896893874029336
430 0.7849439171699741
431 0.7814926660914582
432 0.7817083692838654
433 0.7782571182053495
434 0.7754529767040552
435 0.7767471958584987
436 0.7771786022433133
437 0.776962899050906
438 0.7773943054357204
439 0.7834339948231234
440 0.780414150129422
441 0.7827868852459017
442 0.7814926660914582
443 0.7791199309749784
444 0.7776100086281277
445 0.7715703192407247
446 0.775237273511648
447 0.7711389128559103
448 0.7681190681622088
449 0.7722174288179465
450 0.7782571182053495
451 0.7847282139775669
452 0.7830025884383088
453 0.7855910267471958
454 0.7851596203623814
455 0.7806298533218292
456 0.7763157894736842
457 0.7761000862812769
458 0.7780414150129422
459 0.7763157894736842
460 0.7732959447799828
461 0.7724331320103538
462 0.772648835202761
463 0.7767471958584987
464 0.7756686798964625
465 0.7722174288179465
466 0.7702761000862812
467 0.7737273511647972
468 0.7745901639344263
469 0.7801984469370147
470 0.780414150129422
471 0.777825711820535
472 0.7849439171699741
473 0.7814926660914582
474 0.7834339948231234
475 0.7819240724762726
476 0.7821397756686799
477 0.7864538395168249
478 0.7838654012079379
479 0.7754529767040552
480 0.7722174288179465
481 0.7722174288179465
482 0.7704918032786885
483 0.7711389128559103
484 0.7713546160483176
485 0.7724331320103538
486 0.7745901639344263
487 0.7741587575496117
488 0.7674719585849871
489 0.774374460742019
490 0.7771786022433133
491 0.7750215703192407
492 0.7700603968938741
493 0.772648835202761
494 0.7661777394305436
495 0.7633735979292493
496 0.7653149266609146
497 0.7711389128559103
498 0.7732959447799828
499 0.7748058671268335
500 0.7776100086281277
501 0.7793356341673857
502 0.7765314926660914
503 0.774374460742019
504 0.7776100086281277
505 0.7748058671268335
506 0.780414150129422
507 0.7728645383951682
508 0.7681190681622088
509 0.776962899050906
510 0.7808455565142364
511 0.7793356341673857
512 0.7866695427092321
513 0.7896893874029336
514 0.7903364969801553
515 0.7883951682484901
516 0.7890422778257118
517 0.7916307161345988
518 0.7907679033649698
519 0.7911993097497843
520 0.7860224331320104
521 0.7858067299396031
522 0.7873166522864539
523 0.7830025884383088
524 0.7819240724762726
525 0.7849439171699741
526 0.7786885245901639
527 0.7720017256255393
528 0.7724331320103538
529 0.7761000862812769
530 0.7776100086281277
531 0.7795513373597929
532 0.7754529767040552
533 0.7808455565142364
534 0.7750215703192407
535 0.7793356341673857
536 0.7773943054357204
537 0.7823554788610871
538 0.7799827437446074
539 0.7847282139775669
540 0.7819240724762726
541 0.7732959447799828
542 0.7739430543572045
543 0.7674719585849871
544 0.7696289905090595
545 0.7698446937014668
546 0.7672562553925798
547 0.7676876617773943
548 0.7644521138912856
549 0.769197584124245
550 0.7713546160483176
551 0.7635893011216566
552 0.7674719585849871
553 0.7668248490077653
554 0.7720017256255393
555 0.7715703192407247
556 0.7754529767040552
557 0.7847282139775669
558 0.7819240724762726
559 0.7834339948231234
560 0.7819240724762726
561 0.7830025884383088
562 0.7840811044003452
563 0.7834339948231234
564 0.7886108714408974
565 0.7853753235547886
566 0.7823554788610871
567 0.7819240724762726
568 0.7834339948231234
569 0.7817083692838654
570 0.7748058671268335
571 0.7704918032786885
572 0.771786022433132
573 0.769197584124245
574 0.7730802415875755
575 0.7773943054357204
576 0.7795513373597929
577 0.7814926660914582
578 0.7806298533218292
579 0.7780414150129422
580 0.7763157894736842
581 0.77351164797239
582 0.7784728213977566
583 0.780414150129422
584 0.77351164797239
585 0.7713546160483176
586 0.768334771354616
587 0.7685504745470233
588 0.769197584124245
589 0.770923209663503
590 0.7776100086281277
591 0.7797670405522001
592 0.7741587575496117
593 0.7745901639344263
594 0.7763157894736842
595 0.775237273511648
596 0.7797670405522001
597 0.7849439171699741
598 0.7920621225194133
599 0.7931406384814496
600 0.7974547023295945
601 0.8017687661777394
602 0.7940034512510785
603 0.792709232096635
604 0.7879637618636756
605 0.7858067299396031
606 0.7845125107851596
607 0.7858067299396031
608 0.7888265746333045
609 0.7875323554788611
610 0.7873166522864539
611 0.7845125107851596
612 0.7886108714408974
613 0.7851596203623814
614 0.7836496980155306
615 0.7821397756686799
616 0.7814926660914582
617 0.7812769628990509
618 0.7911993097497843
619 0.796160483175151
620 0.7918464193270061
621 0.7892579810181191
622 0.7862381363244176
623 0.7862381363244176
624 0.7834339948231234
625 0.7827868852459017
626 0.7827868852459017
627 0.7821397756686799
628 0.7821397756686799
629 0.777825711820535
630 0.7825711820534944
631 0.7840811044003452
632 0.7929249352890423
633 0.7892579810181191
634 0.7896893874029336
635 0.790120793787748
636 0.7849439171699741
637 0.7840811044003452
638 0.7847282139775669
639 0.7786885245901639
640 0.7819240724762726
641 0.7799827437446074
642 0.7806298533218292
643 0.7791199309749784
644 0.7784728213977566
645 0.776962899050906
646 0.7782571182053495
647 0.7786885245901639
648 0.774374460742019
649 0.7784728213977566
650 0.7823554788610871
651 0.7847282139775669
652 0.7797670405522001
653 0.7780414150129422
654 0.7745901639344263
655 0.7773943054357204
656 0.7750215703192407
657 0.7782571182053495
658 0.7780414150129422
659 0.7801984469370147
660 0.7782571182053495
661 0.774374460742019
662 0.7793356341673857
663 0.7797670405522001
664 0.7814926660914582
665 0.7855910267471958
666 0.7888265746333045
667 0.7907679033649698
668 0.7929249352890423
669 0.7892579810181191
670 0.7849439171699741
671 0.7812769628990509
672 0.7838654012079379
673 0.7873166522864539
674 0.7903364969801553
675 0.7933563416738568
676 0.7888265746333045
677 0.7883951682484901
678 0.780414150129422
679 0.7849439171699741
680 0.7845125107851596
681 0.7866695427092321
682 0.7834339948231234
683 0.7845125107851596
684 0.7819240724762726
685 0.7801984469370147
686 0.7791199309749784
687 0.7832182916307161
688 0.7868852459016393
689 0.7855910267471958
690 0.7791199309749784
691 0.7754529767040552
692 0.7776100086281277
693 0.7817083692838654
694 0.7834339948231234
695 0.7840811044003452
696 0.7864538395168249
697 0.7892579810181191
698 0.7864538395168249
699 0.7860224331320104
700 0.7838654012079379
