1 0.00021570319240724764
2 0.0004314063848144953
3 0.0004314063848144953
4 0.0008628127696289905
5 0.0010785159620362382
6 0.0010785159620362382
7 0.0012942191544434857
8 0.0021570319240724763
9 0.0028041415012942193
10 0.002372735116479724
11 0.0025884383088869713
12 0.0025884383088869713
13 0.002372735116479724
14 0.0028041415012942193
15 0.0032355478861087143
16 0.0032355478861087143
17 0.003451251078515962
18 0.004098360655737705
19 0.004314063848144953
20 0.0060396893874029335
21 0.007333908541846419
22 0.00992234685073339
23 0.01186367558239862
24 0.013373597929249352
25 0.013373597929249352
26 0.014883520276100086
27 0.017903364969801553
28 0.019413287316652286
29 0.01898188093183779
30 0.021354616048317517
31 0.02372735116479724
32 0.02437446074201898
33 0.026962899050905955
34 0.031492666091458156
35 0.03364969801553063
36 0.036669542709232096
37 0.0407679033649698
38 0.045081967213114756
39 0.05090595340811044
40 0.05651423641069888
41 0.06082830025884383
42 0.06729939603106126
43 0.07312338222605695
44 0.07916307161345988
45 0.08692838654012079
46 0.09404659188955997
47 0.10159620362381364
48 0.10720448662640207
49 0.11540120793787748
50 0.12446074201898188
51 0.1363244176013805
52 0.14667817083692838
53 0.15616911130284727
54 0.1598360655737705
55 0.16824849007765316
56 0.1734253666954271
57 0.18421052631578946
58 0.1965056082830026
59 0.20276100086281276
60 0.21074201898188094
61 0.22023295944779983
62 0.2277825711820535
63 0.23662640207075064
64 0.24460742018981882
65 0.251725625539258
66 0.2629421915444349
67 0.2702761000862813
68 0.27955133735979293
69 0.2894736842105263
70 0.29551337359792923
71 0.3060828300258844
72 0.3129853321829163
73 0.32053494391716997
74 0.3265746333045729
75 0.3315358067299396
76 0.338869715271786
77 0.345772217428818
78 0.34792924935289044
79 0.3505176876617774
80 0.3528904227782571
81 0.36065573770491804
82 0.36798964624676445
83 0.3768334771354616
84 0.3889128559102675
85 0.39495254529767043
86 0.40250215703192405
87 0.4130716134598792
88 0.4216997411561691
89 0.42515099223468505
90 0.431190681622088
91 0.43679896462467643
92 0.4415444348576359
93 0.44801553062985333
94 0.45491803278688525
95 0.4568593615185505
96 0.4613891285591027
97 0.4713114754098361
98 0.48490077653149266
99 0.4946074201898188
100 0.49503882657463333
101 0.5049611734253667
102 0.506039689387403
103 0.5066867989646247
104 0.5088438308886971
105 0.5166091458153581
106 0.5267471958584987
107 0.5254529767040552
108 0.5299827437446074
109 0.5334339948231234
110 0.5442191544434858
111 0.5493960310612597
112 0.5502588438308887
113 0.5565142364106989
114 0.561044003451251
115 0.5690250215703192
116 0.5698878343399483
117 0.5759275237273511
118 0.5726919758412424
119 0.5754961173425367
120 0.5776531492666092
121 0.5834771354616048
122 0.5867126833477135
123 0.5875754961173425
124 0.5918895599654875
125 0.6009490940465919
126 0.6048317515099223
127 0.6125970664365833
128 0.6154012079378774
129 0.6154012079378774
130 0.6188524590163934
131 0.6182053494391717
132 0.6210094909404659
133 0.6270491803278688
134 0.6343830888697153
135 0.6354616048317515
136 0.6317946505608283
137 0.6354616048317515
138 0.6399913718723037
139 0.6505608283002589
140 0.6514236410698878
141 0.6548748921484038
142 0.6626402070750647
143 0.6669542709232097
144 0.6643658326143227
145 0.6667385677308024
146 0.6673856773080241
147 0.6708369283865401
148 0.6770923209663503
149 0.680327868852459
150 0.6861518550474547
151 0.6844262295081968
152 0.686367558239862
153 0.6898188093183779
154 0.6984469370146679
155 0.6984469370146679
156 0.7006039689387403
157 0.7025452976704055
158 0.704702329594478
159 0.705565142364107
160 0.709879206212252
161 0.7107420189818809
162 0.7092320966350302
163 0.7094477998274374
164 0.7100949094046591
165 0.7180759275237274
166 0.7238999137187231
167 0.7241156169111302
168 0.7295081967213115
169 0.7292924935289042
170 0.727351164797239
171 0.7271354616048318
172 0.7303710094909405
173 0.7297238999137188
174 0.7331751509922347
175 0.7411561691113029
176 0.7392148403796376
177 0.7364106988783434
178 0.7370578084555651
179 0.7374892148403797
180 0.7379206212251941
181 0.7409404659188956
182 0.743960310612597
183 0.746548748921484
184 0.7540983606557377
185 0.7519413287316652
186 0.7558239861949957
187 0.7564710957722174
188 0.7573339085418465
189 0.7607851596203624
190 0.7612165660051768
191 0.7616479723899914
192 0.7590595340811044
193 0.7616479723899914
194 0.7592752372735116
195 0.7558239861949957
196 0.7562553925798102
197 0.7549611734253667
198 0.7540983606557377
199 0.7476272648835203
200 0.7504314063848145
201 0.7547454702329595
202 0.7612165660051768
203 0.7646678170836928
204 0.7644521138912856
205 0.7650992234685073
206 0.7650992234685073
207 0.7646678170836928
208 0.7581967213114754
209 0.7594909404659189
210 0.7601380500431406
211 0.7599223468507333
212 0.7584124245038827
213 0.7631578947368421
214 0.7655306298533219
215 0.7622950819672131
216 0.7700603968938741
217 0.7663934426229508
218 0.7668248490077653
219 0.7737273511647972
220 0.7739430543572045
221 0.7707075064710958
222 0.7663934426229508
223 0.7715703192407247
224 0.7711389128559103
225 0.7771786022433133
226 0.7730802415875755
227 0.7728645383951682
228 0.7765314926660914
229 0.7713546160483176
230 0.7700603968938741
231 0.7711389128559103
232 0.768334771354616
233 0.7698446937014668
234 0.7722174288179465
235 0.7748058671268335
236 0.7799827437446074
237 0.7812769628990509
238 0.7810612597066436
239 0.7821397756686799
240 0.7871009490940466
241 0.7858067299396031
242 0.7892579810181191
243 0.7922778257118205
244 0.7806298533218292
245 0.7851596203623814
246 0.7838654012079379
247 0.7806298533218292
248 0.7860224331320104
249 0.7855910267471958
250 0.7886108714408974
251 0.7842968075927523
252 0.7860224331320104
253 0.7842968075927523
254 0.7814926660914582
255 0.776962899050906
256 0.7739430543572045
257 0.7728645383951682
258 0.7773943054357204
259 0.7696289905090595
260 0.7722174288179465
261 0.7668248490077653
262 0.765746333045729
263 0.768334771354616
264 0.7750215703192407
265 0.7696289905090595
266 0.769197584124245
267 0.7700603968938741
268 0.7704918032786885
269 0.7696289905090595
270 0.7681190681622088
271 0.7737273511647972
272 0.7758843830888698
273 0.7789042277825712
274 0.7832182916307161
275 0.7830025884383088
276 0.7817083692838654
277 0.775237273511648
278 0.776962899050906
279 0.7801984469370147
280 0.7855910267471958
281 0.7786885245901639
282 0.7730802415875755
283 0.777825711820535
284 0.7789042277825712
285 0.7765314926660914
286 0.7758843830888698
287 0.7761000862812769
288 0.7702761000862812
289 0.7793356341673857
290 0.780414150129422
291 0.776962899050906
292 0.7780414150129422
293 0.7780414150129422
294 0.7808455565142364
295 0.7866695427092321
296 0.7881794650560828
297 0.7836496980155306
298 0.7830025884383088
299 0.7834339948231234
300 0.7806298533218292
301 0.7791199309749784
302 0.7806298533218292
303 0.7791199309749784
304 0.7806298533218292
305 0.7791199309749784
306 0.7797670405522001
307 0.7801984469370147
308 0.7817083692838654
309 0.7832182916307161
310 0.7845125107851596
311 0.7890422778257118
312 0.7791199309749784
313 0.7810612597066436
314 0.7786885245901639
315 0.7786885245901639
316 0.7795513373597929
317 0.7782571182053495
318 0.7834339948231234
319 0.7853753235547886
320 0.7808455565142364
321 0.7866695427092321
322 0.7812769628990509
323 0.7851596203623814
324 0.7806298533218292
325 0.7853753235547886
326 0.7855910267471958
327 0.7836496980155306
328 0.7849439171699741
329 0.7855910267471958
330 0.7791199309749784
331 0.7808455565142364
332 0.7801984469370147
333 0.7741587575496117
334 0.7801984469370147
335 0.7836496980155306
336 0.7814926660914582
337 0.7799827437446074
338 0.7765314926660914
339 0.7838654012079379
340 0.7847282139775669
341 0.7830025884383088
342 0.7789042277825712
343 0.7808455565142364
344 0.7879637618636756
345 0.7827868852459017
346 0.7868852459016393
347 0.7888265746333045
348 0.7819240724762726
349 0.7830025884383088
350 0.7862381363244176
351 0.7883951682484901
352 0.7873166522864539
353 0.7780414150129422
354 0.7773943054357204
355 0.7808455565142364
356 0.7821397756686799
357 0.7823554788610871
358 0.7808455565142364
359 0.7797670405522001
360 0.7786885245901639
361 0.7801984469370147
362 0.7801984469370147
363 0.7776100086281277
364 0.7830025884383088
365 0.7797670405522001
366 0.7799827437446074
367 0.7765314926660914
368 0.7801984469370147
369 0.7864538395168249
370 0.7851596203623814
371 0.7834339948231234
372 0.7797670405522001
373 0.7814926660914582
374 0.7832182916307161
375 0.7776100086281277
376 0.7773943054357204
377 0.772648835202761
378 0.7741587575496117
379 0.7776100086281277
380 0.7761000862812769
381 0.7750215703192407
382 0.7720017256255393
383 0.7732959447799828
384 0.7756686798964625
385 0.7750215703192407
386 0.7715703192407247
387 0.7784728213977566
388 0.7808455565142364
389 0.7784728213977566
390 0.7823554788610871
391 0.7810612597066436
392 0.7821397756686799
393 0.7877480586712683
394 0.7851596203623814
395 0.7814926660914582
396 0.7806298533218292
397 0.7823554788610871
398 0.7823554788610871
399 0.7877480586712683
400 0.7847282139775669
401 0.7834339948231234
402 0.7797670405522001
403 0.7739430543572045
404 0.7732959447799828
405 0.770923209663503
406 0.7776100086281277
407 0.7836496980155306
408 0.7817083692838654
409 0.7825711820534944
410 0.7750215703192407
411 0.7715703192407247
412 0.7711389128559103
413 0.77351164797239
414 0.770923209663503
415 0.7724331320103538
416 0.774374460742019
417 0.7773943054357204
418 0.7793356341673857
419 0.7817083692838654
420 0.7840811044003452
421 0.7883951682484901
422 0.7875323554788611
423 0.7866695427092321
424 0.7823554788610871
425 0.7776100086281277
426 0.7827868852459017
427 0.7793356341673857
428 0.7732959447799828
429 0.7696289905090595
430 0.7756686798964625
431 0.775237273511648
432 0.77351164797239
433 0.7793356341673857
434 0.7791199309749784
435 0.7786885245901639
436 0.7823554788610871
437 0.7799827437446074
438 0.7795513373597929
439 0.7797670405522001
440 0.7847282139775669
441 0.7836496980155306
442 0.7808455565142364
443 0.7834339948231234
444 0.7886108714408974
445 0.7894736842105263
446 0.7812769628990509
447 0.7806298533218292
448 0.7812769628990509
449 0.7797670405522001
450 0.7842968075927523
451 0.7808455565142364
452 0.7845125107851596
453 0.7806298533218292
454 0.7883951682484901
455 0.7801984469370147
456 0.7773943054357204
457 0.7797670405522001
458 0.7786885245901639
459 0.7745901639344263
460 0.7750215703192407
461 0.7730802415875755
462 0.7767471958584987
463 0.7784728213977566
464 0.7821397756686799
465 0.7806298533218292
466 0.7784728213977566
467 0.7761000862812769
468 0.7836496980155306
469 0.7860224331320104
470 0.7871009490940466
471 0.7864538395168249
472 0.7864538395168249
473 0.7881794650560828
474 0.7940034512510785
475 0.7937877480586712
476 0.796160483175151
477 0.7950819672131147
478 0.794434857635893
479 0.7981018119068162
480 0.7929249352890423
481 0.7974547023295945
482 0.7972389991371872
483 0.7855910267471958
484 0.7838654012079379
485 0.7823554788610871
486 0.7825711820534944
487 0.7830025884383088
488 0.7851596203623814
489 0.7890422778257118
490 0.7888265746333045
491 0.7933563416738568
492 0.7911993097497843
493 0.7881794650560828
494 0.7890422778257118
495 0.7918464193270061
496 0.7879637618636756
497 0.7873166522864539
498 0.7948662640207075
499 0.7946505608283002
500 0.7959447799827437
501 0.794434857635893
502 0.7907679033649698
503 0.7933563416738568
504 0.7888265746333045
505 0.7827868852459017
506 0.7851596203623814
507 0.7862381363244176
508 0.7914150129421915
509 0.7937877480586712
510 0.7965918895599655
511 0.7918464193270061
512 0.7881794650560828
513 0.7808455565142364
514 0.7840811044003452
515 0.7905522001725626
516 0.7916307161345988
517 0.7896893874029336
518 0.7905522001725626
519 0.7868852459016393
520 0.7899050905953409
521 0.7892579810181191
522 0.7929249352890423
523 0.7955133735979293
524 0.7983175150992234
525 0.7916307161345988
526 0.7903364969801553
527 0.7916307161345988
528 0.792709232096635
529 0.7946505608283002
530 0.7877480586712683
531 0.7892579810181191
532 0.7881794650560828
533 0.7871009490940466
534 0.7877480586712683
535 0.7860224331320104
536 0.7873166522864539
537 0.7851596203623814
538 0.7871009490940466
539 0.7896893874029336
540 0.7842968075927523
541 0.7877480586712683
542 0.7873166522864539
543 0.7894736842105263
544 0.7929249352890423
545 0.793572044866264
546 0.7851596203623814
547 0.7851596203623814
548 0.7810612597066436
549 0.7836496980155306
550 0.7840811044003452
551 0.7879637618636756
552 0.7847282139775669
553 0.7851596203623814
554 0.7817083692838654
555 0.7847282139775669
556 0.7853753235547886
557 0.7881794650560828
558 0.7871009490940466
559 0.7886108714408974
560 0.7955133735979293
561 0.7957290767903364
562 0.8024158757549612
563 0.7993960310612597
564 0.8039257981018119
565 0.7985332182916307
566 0.7955133735979293
567 0.7931406384814496
568 0.7899050905953409
569 0.7894736842105263
570 0.7855910267471958
571 0.7860224331320104
572 0.7758843830888698
573 0.7797670405522001
574 0.7806298533218292
575 0.7808455565142364
576 0.7827868852459017
577 0.7903364969801553
578 0.7851596203623814
579 0.7862381363244176
580 0.7899050905953409
581 0.7877480586712683
582 0.7851596203623814
583 0.7791199309749784
584 0.7758843830888698
585 0.7728645383951682
586 0.7758843830888698
587 0.7786885245901639
588 0.7789042277825712
589 0.7825711820534944
590 0.7862381363244176
591 0.7879637618636756
592 0.7817083692838654
593 0.7767471958584987
594 0.777825711820535
595 0.7776100086281277
596 0.7782571182053495
597 0.7840811044003452
598 0.7817083692838654
599 0.7840811044003452
600 0.7830025884383088
601 0.7890422778257118
602 0.7918464193270061
603 0.790120793787748
604 0.7819240724762726
605 0.7801984469370147
606 0.7825711820534944
607 0.7786885245901639
608 0.7739430543572045
609 0.7797670405522001
610 0.7791199309749784
611 0.7782571182053495
612 0.7853753235547886
613 0.7855910267471958
614 0.7827868852459017
615 0.7903364969801553
616 0.7845125107851596
617 0.7866695427092321
618 0.7853753235547886
619 0.7838654012079379
620 0.780414150129422
621 0.7830025884383088
622 0.7883951682484901
623 0.7836496980155306
624 0.7849439171699741
625 0.7845125107851596
626 0.7888265746333045
627 0.7858067299396031
628 0.7827868852459017
629 0.7877480586712683
630 0.7849439171699741
631 0.7873166522864539
632 0.7877480586712683
633 0.7838654012079379
634 0.7866695427092321
635 0.7871009490940466
636 0.7866695427092321
637 0.7836496980155306
638 0.7845125107851596
639 0.7823554788610871
640 0.7810612597066436
641 0.7858067299396031
642 0.7909836065573771
643 0.793572044866264
644 0.7946505608283002
645 0.793572044866264
646 0.790120793787748
647 0.7847282139775669
648 0.7832182916307161
649 0.7853753235547886
650 0.7832182916307161
651 0.7849439171699741
652 0.7853753235547886
653 0.7836496980155306
654 0.7894736842105263
655 0.7866695427092321
656 0.7858067299396031
657 0.7801984469370147
658 0.775237273511648
659 0.7763157894736842
660 0.7745901639344263
661 0.7825711820534944
662 0.7801984469370147
663 0.7789042277825712
664 0.7776100086281277
665 0.775237273511648
666 0.7795513373597929
667 0.7810612597066436
668 0.7903364969801553
669 0.7862381363244176
670 0.7871009490940466
671 0.7866695427092321
672 0.7903364969801553
673 0.7860224331320104
674 0.7782571182053495
675 0.772648835202761
676 0.7745901639344263
677 0.776962899050906
678 0.7732959447799828
679 0.7756686798964625
680 0.780414150129422
681 0.7780414150129422
682 0.7776100086281277
683 0.7810612597066436
684 0.7860224331320104
685 0.7858067299396031
686 0.7881794650560828
687 0.7907679033649698
688 0.7853753235547886
689 0.7819240724762726
690 0.7862381363244176
691 0.7875323554788611
692 0.7871009490940466
693 0.7858067299396031
694 0.7948662640207075
695 0.7916307161345988
696 0.7922778257118205
697 0.7858067299396031
698 0.7795513373597929
699 0.7780414150129422
700 0.7806298533218292
