1 0.0004314063848144953
2 0.0004314063848144953
3 0.00021570319240724764
4 0.00021570319240724764
5 0.00021570319240724764
6 0.00021570319240724764
7 0.0004314063848144953
8 0.0008628127696289905
9 0.0008628127696289905
10 0.0008628127696289905
11 0.0010785159620362382
12 0.0010785159620362382
13 0.0008628127696289905
14 0.0012942191544434857
15 0.0012942191544434857
16 0.001725625539257981
17 0.001725625539257981
18 0.001725625539257981
19 0.0019413287316652286
20 0.001725625539257981
21 0.0015099223468507334
22 0.001725625539257981
23 0.0021570319240724763
24 0.0021570319240724763
25 0.0021570319240724763
26 0.0025884383088869713
27 0.002372735116479724
28 0.002372735116479724
29 0.002372735116479724
30 0.002372735116479724
31 0.0028041415012942193
32 0.0030198446937014668
33 0.0030198446937014668
34 0.0028041415012942193
35 0.0030198446937014668
36 0.0030198446937014668
37 0.0030198446937014668
38 0.0032355478861087143
39 0.0030198446937014668
40 0.003451251078515962
41 0.003451251078515962
42 0.0036669542709232097
43 0.0032355478861087143
44 0.0030198446937014668
45 0.0032355478861087143
46 0.0032355478861087143
47 0.003882657463330457
48 0.003882657463330457
49 0.004314063848144953
50 0.004314063848144953
51 0.0045297670405522
52 0.004961173425366695
53 0.004961173425366695
54 0.005176876617773943
55 0.005823986194995686
56 0.0064710957722174285
57 0.007765314926660914
58 0.00819672131147541
59 0.00819672131147541
60 0.008628127696289905
61 0.008628127696289905
62 0.009275237273511648
63 0.009706643658326143
64 0.009490940465918895
65 0.009490940465918895
66 0.010138050043140638
67 0.010569456427955135
68 0.010569456427955135
69 0.010569456427955135
70 0.011216566005176877
71 0.011647972389991372
72 0.011216566005176877
73 0.011647972389991372
74 0.01186367558239862
75 0.012079378774805867
76 0.01272648835202761
77 0.013373597929249352
78 0.013157894736842105
79 0.013805004314063849
80 0.014236410698878344
81 0.014667817083692839
82 0.015099223468507334
83 0.016177739430543573
84 0.017687661777394306
85 0.017903364969801553
86 0.018766177739430543
87 0.019197584124245038
88 0.020276100086281276
89 0.01984469370146678
90 0.019413287316652286
91 0.019197584124245038
92 0.021354616048317517
93 0.022433132010353754
94 0.02351164797238999
95 0.025021570319240724
96 0.02631578947368421
97 0.026531492666091457
98 0.028472821397756688
99 0.030414150129421915
100 0.02998274374460742
101 0.031492666091458156
102 0.0321397756686799
103 0.033433994823123384
104 0.03451251078515962
105 0.03710094909404659
106 0.040120793787748056
107 0.04163071613459879
108 0.04163071613459879
109 0.044219154443485766
110 0.0457290767903365
111 0.04874892148403796
112 0.05069025021570319
113 0.05047454702329594
114 0.05263157894736842
115 0.05306298533218291
116 0.05392579810181191
117 0.05716134598792062
118 0.05672993960310613
119 0.057808455565142365
120 0.06018119068162209
121 0.05996548748921484
122 0.05974978429680759
123 0.060396893874029335
124 0.0642795513373598
125 0.06471095772217429
126 0.06406384814495254
127 0.06406384814495254
128 0.06514236410698879
129 0.0675150992234685
130 0.07182916307161347
131 0.07075064710957722
132 0.07226056945642796
133 0.07377049180327869
134 0.07484900776531493
135 0.07635893011216566
136 0.07873166522864539
137 0.08283002588438308
138 0.08692838654012079
139 0.09318377911993098
140 0.09275237273511648
141 0.0951251078515962
142 0.09987057808455566
143 0.10245901639344263
144 0.10526315789473684
145 0.10828300258843832
146 0.11238136324417601
147 0.1136755823986195
148 0.11712683347713546
149 0.11971527178602244
150 0.12532355478861087
151 0.1272648835202761
152 0.1300690250215703
153 0.13740293356341673
154 0.1408541846419327
155 0.14646246764452114
156 0.15271786022433131
157 0.157679033649698
158 0.16609145815358067
159 0.17450388265746333
160 0.18140638481449525
161 0.1898188093183779
162 0.19262295081967212
163 0.20081967213114754
164 0.20578084555651424
165 0.21397756686798963
166 0.22044866264020707
167 0.22756686798964626
168 0.23317515099223468
169 0.23748921484037963
170 0.2454702329594478
171 0.25647109577221744
172 0.26509922346850734
173 0.2672562553925798
174 0.27480586712683347
175 0.28062985332182916
176 0.28774805867126835
177 0.295297670405522
178 0.30327868852459017
179 0.30176876617773946
180 0.3110440034512511
181 0.31945642795513374
182 0.3283002588438309
183 0.33800690250215704
184 0.34361518550474546
185 0.3459879206212252
186 0.35396893874029334
187 0.3584987057808456
188 0.36496980155306297
189 0.3723037100949094
190 0.3755392579810181
191 0.3830888697152718
192 0.387618636755824
193 0.39193270060396895
194 0.40336496980155306
195 0.40638481449525454
196 0.4141501294219154
197 0.4197584124245039
198 0.4242881794650561
199 0.4357204486626402
200 0.4428386540120794
201 0.45211389128559104
202 0.45944779982743744
203 0.4611734253666954
204 0.4674288179465056
205 0.4758412424503883
206 0.48080241587575495
207 0.49115616911130283
208 0.5006471095772217
209 0.5049611734253667
210 0.5142364106988784
211 0.5189818809318378
212 0.5237273511647972
213 0.5310612597066436
214 0.5345125107851596
215 0.5383951682484901
216 0.5429249352890423
217 0.5502588438308887
218 0.5545729076790337
219 0.5537100949094047
220 0.5593183779119931
221 0.567946505608283
222 0.5765746333045729
223 0.5789473684210527
224 0.5785159620362381
225 0.5821829163071613
226 0.590595340811044
227 0.5938308886971527
228 0.5929680759275238
229 0.5962036238136325
230 0.5959879206212252
231 0.6037532355478861
232 0.6115185504745471
233 0.6138912855910268
234 0.615832614322692
235 0.6197152717860225
236 0.6248921484037964
237 0.6279119930974978
238 0.6298533218291631
239 0.6259706643658326
240 0.6320103537532356
241 0.6354616048317515
242 0.6380500431406385
243 0.6386971527178602
244 0.6374029335634167
245 0.6384814495254529
246 0.6374029335634167
247 0.6484037963761864
248 0.6531492666091459
249 0.6509922346850734
250 0.6518550474547024
251 0.649913718723037
252 0.661993097497843
253 0.6650129421915444
254 0.6716997411561692
255 0.6701898188093184
256 0.6747195858498706
257 0.677739430543572
258 0.6822691975841243
259 0.6872303710094909
260 0.686367558239862
261 0.6874460742018982
262 0.6848576358930112
263 0.6902502157031924
264 0.6928386540120793
265 0.6943485763589301
266 0.6937014667817084
267 0.6949956859361519
268 0.698662640207075
269 0.7034081104400345
270 0.7010353753235548
271 0.706427955133736
272 0.7111734253666955
273 0.7085849870578085
274 0.7094477998274374
275 0.7124676445211389
276 0.7118205349439172
277 0.7141932700603969
278 0.7193701466781708
279 0.7128990509059534
280 0.719585849870578
281 0.7152717860224331
282 0.7139775668679896
283 0.719585849870578
284 0.7238999137187231
285 0.7297238999137188
286 0.722174288179465
287 0.7295081967213115
288 0.7262726488352028
289 0.7286453839516824
290 0.7277825711820535
291 0.7241156169111302
292 0.72648835202761
293 0.7267040552200172
294 0.7292924935289042
295 0.7292924935289042
296 0.7333908541846419
297 0.7346850733390854
298 0.7366264020707507
299 0.74137187230371
300 0.749137187230371
301 0.746548748921484
302 0.7461173425366695
303 0.7422346850733391
304 0.744823123382226
305 0.750862812769629
306 0.7467644521138913
307 0.7484900776531492
308 0.7478429680759275
309 0.75
310 0.746548748921484
311 0.744823123382226
312 0.748274374460742
313 0.7573339085418465
314 0.7556082830025884
315 0.7575496117342536
316 0.7566867989646247
317 0.7612165660051768
318 0.7603537532355479
319 0.7627264883520276
320 0.7588438308886971
321 0.7633735979292493
322 0.7694132873166523
323 0.7679033649698016
324 0.770923209663503
325 0.7687661777394306
326 0.77351164797239
327 0.7672562553925798
328 0.7640207075064711
329 0.7625107851596203
330 0.7612165660051768
331 0.7614322691975841
332 0.7618636755823986
333 0.7612165660051768
334 0.7655306298533219
335 0.7584124245038827
336 0.7646678170836928
337 0.771786022433132
338 0.7720017256255393
339 0.7702761000862812
340 0.7676876617773943
341 0.7676876617773943
342 0.7642364106988784
343 0.7648835202761001
344 0.7700603968938741
345 0.7676876617773943
346 0.7653149266609146
347 0.7642364106988784
348 0.7713546160483176
349 0.7730802415875755
350 0.7694132873166523
351 0.775237273511648
352 0.7789042277825712
353 0.7847282139775669
354 0.7853753235547886
355 0.7838654012079379
356 0.7907679033649698
357 0.7866695427092321
358 0.7827868852459017
359 0.7851596203623814
360 0.790120793787748
361 0.7888265746333045
362 0.7871009490940466
363 0.7883951682484901
364 0.7845125107851596
365 0.7860224331320104
366 0.7905522001725626
367 0.7993960310612597
368 0.7931406384814496
369 0.793572044866264
370 0.8000431406384815
371 0.7922778257118205
372 0.7868852459016393
373 0.7909836065573771
374 0.7950819672131147
375 0.794434857635893
376 0.7924935289042278
377 0.7965918895599655
378 0.7868852459016393
379 0.7830025884383088
380 0.7780414150129422
381 0.7765314926660914
382 0.7812769628990509
383 0.7801984469370147
384 0.774374460742019
385 0.7739430543572045
386 0.7771786022433133
387 0.7741587575496117
388 0.7720017256255393
389 0.7704918032786885
390 0.7720017256255393
391 0.7720017256255393
392 0.7681190681622088
393 0.7661777394305436
394 0.7711389128559103
395 0.7756686798964625
396 0.7670405522001725
397 0.7653149266609146
398 0.7676876617773943
399 0.7650992234685073
400 0.7666091458153581
401 0.768334771354616
402 0.7696289905090595
403 0.7720017256255393
404 0.771786022433132
405 0.7696289905090595
406 0.7761000862812769
407 0.7830025884383088
408 0.7808455565142364
409 0.7765314926660914
410 0.7745901639344263
411 0.771786022433132
412 0.7741587575496117
413 0.7851596203623814
414 0.7840811044003452
415 0.7825711820534944
416 0.7890422778257118
417 0.793572044866264
418 0.7875323554788611
419 0.7830025884383088
420 0.7806298533218292
421 0.7823554788610871
422 0.7784728213977566
423 0.7754529767040552
424 0.7797670405522001
425 0.7795513373597929
426 0.7847282139775669
427 0.7845125107851596
428 0.7849439171699741
429 0.7834339948231234
430 0.7871009490940466
431 0.7830025884383088
432 0.7903364969801553
433 0.7907679033649698
434 0.7916307161345988
435 0.7963761863675582
436 0.7955133735979293
437 0.7989646246764452
438 0.7957290767903364
439 0.7918464193270061
440 0.7862381363244176
441 0.7929249352890423
442 0.792709232096635
443 0.792709232096635
444 0.7942191544434858
445 0.794434857635893
446 0.7942191544434858
447 0.7920621225194133
448 0.7909836065573771
449 0.792709232096635
450 0.7918464193270061
451 0.7909836065573771
452 0.7929249352890423
453 0.7942191544434858
454 0.7950819672131147
455 0.793572044866264
456 0.7981018119068162
457 0.795297670405522
458 0.793572044866264
459 0.7864538395168249
460 0.7842968075927523
461 0.7860224331320104
462 0.7789042277825712
463 0.7812769628990509
464 0.7791199309749784
465 0.7773943054357204
466 0.7761000862812769
467 0.7830025884383088
468 0.7825711820534944
469 0.7851596203623814
470 0.7814926660914582
471 0.7812769628990509
472 0.7836496980155306
473 0.7881794650560828
474 0.7832182916307161
475 0.7812769628990509
476 0.7814926660914582
477 0.7789042277825712
478 0.7810612597066436
479 0.7860224331320104
480 0.7836496980155306
481 0.7845125107851596
482 0.7801984469370147
483 0.7834339948231234
484 0.7868852459016393
485 0.7855910267471958
486 0.7907679033649698
487 0.7916307161345988
488 0.7888265746333045
489 0.798748921484038
490 0.7955133735979293
491 0.7968075927523728
492 0.7957290767903364
493 0.795297670405522
494 0.7924935289042278
495 0.790120793787748
496 0.7983175150992234
497 0.7950819672131147
498 0.7955133735979293
499 0.8022001725625539
500 0.7920621225194133
501 0.7937877480586712
502 0.7972389991371872
503 0.7959447799827437
504 0.7970232959447799
505 0.8022001725625539
506 0.8052200172562554
507 0.8006902502157032
508 0.7950819672131147
509 0.7998274374460742
510 0.8015530629853321
511 0.8028472821397756
512 0.8006902502157032
513 0.8041415012942191
514 0.7957290767903364
515 0.796160483175151
516 0.795297670405522
517 0.7968075927523728
518 0.7957290767903364
519 0.7974547023295945
520 0.798748921484038
521 0.795297670405522
522 0.7948662640207075
523 0.7970232959447799
524 0.7970232959447799
525 0.7942191544434858
526 0.794434857635893
527 0.7929249352890423
528 0.7922778257118205
529 0.7933563416738568
530 0.7998274374460742
531 0.7903364969801553
532 0.7924935289042278
533 0.7871009490940466
534 0.7924935289042278
535 0.7899050905953409
536 0.7911993097497843
537 0.7875323554788611
538 0.7864538395168249
539 0.7836496980155306
540 0.7847282139775669
541 0.7918464193270061
542 0.7871009490940466
543 0.7868852459016393
544 0.7847282139775669
545 0.7842968075927523
546 0.7845125107851596
547 0.7873166522864539
548 0.7931406384814496
549 0.7868852459016393
550 0.7838654012079379
551 0.7855910267471958
552 0.7858067299396031
553 0.7871009490940466
554 0.7864538395168249
555 0.7918464193270061
556 0.7907679033649698
557 0.7853753235547886
558 0.7840811044003452
559 0.7879637618636756
560 0.7851596203623814
561 0.7832182916307161
562 0.7864538395168249
563 0.7840811044003452
564 0.7836496980155306
565 0.7836496980155306
566 0.7836496980155306
567 0.7793356341673857
568 0.7819240724762726
569 0.7825711820534944
570 0.7849439171699741
571 0.7825711820534944
572 0.7855910267471958
573 0.7793356341673857
574 0.7761000862812769
575 0.7834339948231234
576 0.7875323554788611
577 0.7903364969801553
578 0.7881794650560828
579 0.7873166522864539
580 0.7920621225194133
581 0.7905522001725626
582 0.792709232096635
583 0.7957290767903364
584 0.7879637618636756
585 0.7899050905953409
586 0.7886108714408974
587 0.7940034512510785
588 0.7948662640207075
589 0.7905522001725626
590 0.7871009490940466
591 0.7851596203623814
592 0.7892579810181191
593 0.7851596203623814
594 0.7871009490940466
595 0.792709232096635
596 0.793572044866264
597 0.7888265746333045
598 0.7888265746333045
599 0.7855910267471958
600 0.7873166522864539
601 0.7942191544434858
602 0.7998274374460742
603 0.8006902502157032
604 0.7981018119068162
605 0.7933563416738568
606 0.797886108714409
607 0.7993960310612597
608 0.8006902502157032
609 0.7981018119068162
610 0.7937877480586712
611 0.7968075927523728
612 0.7914150129421915
613 0.7911993097497843
614 0.7896893874029336
615 0.7834339948231234
616 0.777825711820535
617 0.7737273511647972
618 0.7776100086281277
619 0.7773943054357204
620 0.7711389128559103
621 0.7681190681622088
622 0.7730802415875755
623 0.780414150129422
624 0.7808455565142364
625 0.7838654012079379
626 0.7899050905953409
627 0.7894736842105263
628 0.7937877480586712
629 0.7886108714408974
630 0.7864538395168249
631 0.7842968075927523
632 0.7892579810181191
633 0.7950819672131147
634 0.7955133735979293
635 0.796160483175151
636 0.796160483175151
637 0.7981018119068162
638 0.7963761863675582
639 0.7922778257118205
640 0.7845125107851596
641 0.7836496980155306
642 0.7834339948231234
643 0.7860224331320104
644 0.7905522001725626
645 0.7855910267471958
646 0.7890422778257118
647 0.7896893874029336
648 0.7888265746333045
649 0.7836496980155306
650 0.7851596203623814
651 0.7877480586712683
652 0.7864538395168249
653 0.7814926660914582
654 0.7864538395168249
655 0.7823554788610871
656 0.7886108714408974
657 0.7899050905953409
658 0.7937877480586712
659 0.7873166522864539
660 0.7886108714408974
661 0.7909836065573771
662 0.7911993097497843
663 0.7899050905953409
664 0.7855910267471958
665 0.7840811044003452
666 0.7860224331320104
667 0.7830025884383088
668 0.7834339948231234
669 0.7819240724762726
670 0.7754529767040552
671 0.7780414150129422
672 0.7745901639344263
673 0.7761000862812769
674 0.7806298533218292
675 0.7832182916307161
676 0.7883951682484901
677 0.7922778257118205
678 0.7929249352890423
679 0.7909836065573771
680 0.7899050905953409
681 0.7937877480586712
682 0.796160483175151
683 0.7957290767903364
684 0.7991803278688525
685 0.7968075927523728
686 0.7942191544434858
687 0.7937877480586712
688 0.793572044866264
689 0.7873166522864539
690 0.7918464193270061
691 0.7894736842105263
692 0.7894736842105263
693 0.7868852459016393
694 0.7896893874029336
695 0.7827868852459017
696 0.7814926660914582
697 0.7849439171699741
698 0.7862381363244176
699 0.7899050905953409
700 0.7862381363244176
