1 0.0004314063848144953
2 0.0004314063848144953
3 0.0006471095772217428
4 0.0006471095772217428
5 0.0006471095772217428
6 0.0004314063848144953
7 0.0006471095772217428
8 0.0008628127696289905
9 0.0010785159620362382
10 0.0010785159620362382
11 0.0015099223468507334
12 0.0015099223468507334
13 0.0021570319240724763
14 0.0019413287316652286
15 0.002372735116479724
16 0.001725625539257981
17 0.0021570319240724763
18 0.0032355478861087143
19 0.0036669542709232097
20 0.0045297670405522
21 0.005176876617773943
22 0.005823986194995686
23 0.006902502157031924
24 0.007765314926660914
25 0.008843830888697153
26 0.010138050043140638
27 0.010569456427955135
28 0.011647972389991372
29 0.012942191544434857
30 0.012295081967213115
31 0.014452113891285591
32 0.016609145815358068
33 0.017040552200172563
34 0.0181190681622088
35 0.02092320966350302
36 0.023943054357204487
37 0.02351164797238999
38 0.02545297670405522
39 0.028688524590163935
40 0.030414150129421915
41 0.03300258843830889
42 0.035159620362381364
43 0.038395168248490076
44 0.042493528904227786
45 0.04831751509922347
46 0.05457290767903365
47 0.05802415875754961
48 0.06320103537532355
49 0.06622088006902502
50 0.06902502157031924
51 0.07549611734253667
52 0.08002588438308887
53 0.08261432269197584
54 0.08692838654012079
55 0.09253666954270923
56 0.09706643658326143
57 0.10224331320103537
58 0.10655737704918032
59 0.1128127696289905
60 0.12079378774805867
61 0.12467644521138913
62 0.1300690250215703
63 0.1335202761000863
64 0.14667817083692838
65 0.15056082830025885
66 0.16026747195858498
67 0.16954270923209663
68 0.182053494391717
69 0.19542709232096636
70 0.20362381363244175
71 0.21462467644521138
72 0.22109577221742882
73 0.227351164797239
74 0.2359792924935289
75 0.24849007765314926
76 0.25841242450388263
77 0.2681190681622088
78 0.272648835202761
79 0.27653149266609145
80 0.2914150129421915
81 0.3013373597929249
82 0.30931837791199307
83 0.3229076790336497
84 0.3270060396893874
85 0.33477135461604834
86 0.3472821397756687
87 0.3546160483175151
88 0.364106988783434
89 0.3723037100949094
90 0.37748058671268336
91 0.38912855910267474
92 0.3984037963761864
93 0.4100517687661777
94 0.4156600517687662
95 0.4214840379637619
96 0.430327868852459
97 0.4383088869715272
98 0.4443485763589301
99 0.453839516824849
100 0.454702329594478
101 0.4600949094046592
102 0.46225194132873165
103 0.4702329594477998
104 0.48037100949094047
105 0.48490077653149266
106 0.49072476272648835
107 0.4959016393442623
108 0.5066867989646247
109 0.5140207075064711
110 0.5211389128559103
111 0.522648835202761
112 0.5273943054357204
113 0.5314926660914582
114 0.5381794650560828
115 0.546160483175151
116 0.5545729076790337
117 0.5616911130284729
118 0.569672131147541
119 0.5694564279551337
120 0.57053494391717
121 0.5690250215703192
122 0.5778688524590164
123 0.5834771354616048
124 0.5864969801553063
125 0.5942622950819673
126 0.5981449525452976
127 0.6024590163934426
128 0.6095772217428818
129 0.6190681622088007
130 0.6302847282139775
131 0.6305004314063848
132 0.6266177739430544
133 0.6300690250215704
134 0.6361087144089732
135 0.639344262295082
136 0.6514236410698878
137 0.6600517687661778
138 0.66458153580673
139 0.6624245038826575
140 0.6652286453839517
141 0.6695427092320967
142 0.6663071613459879
143 0.6641501294219154
144 0.6615616911130284
145 0.6676013805004314
146 0.6725625539257981
147 0.6656600517687662
148 0.6704055220017257
149 0.674288179465056
150 0.6783865401207938
151 0.6822691975841243
152 0.6921915444348576
153 0.6958584987057809
154 0.6960742018981881
155 0.6921915444348576
156 0.6857204486626403
157 0.6859361518550474
158 0.6902502157031924
159 0.6876617773943055
160 0.6887402933563417
161 0.6883088869715271
162 0.6906816220880069
163 0.6924072476272649
164 0.6990940465918896
165 0.6934857635893011
166 0.6928386540120793
167 0.6967213114754098
168 0.6924072476272649
169 0.6887402933563417
170 0.6913287316652287
171 0.6926229508196722
172 0.6937014667817084
173 0.6928386540120793
174 0.6911130284728214
175 0.6891716997411562
176 0.6919758412424504
177 0.6943485763589301
178 0.6969370146678171
179 0.7031924072476272
180 0.7025452976704055
181 0.7081535806729939
182 0.7144089732528042
183 0.7096635030198447
184 0.7157031924072477
185 0.7178602243313201
186 0.7219585849870578
187 0.7208800690250216
188 0.725625539257981
189 0.7262726488352028
190 0.7219585849870578
191 0.7251941328731665
192 0.723037100949094
193 0.7312338222605694
194 0.7318809318377912
195 0.7364106988783434
196 0.7346850733390854
197 0.7415875754961173
198 0.7430974978429681
199 0.7396462467644521
200 0.7379206212251941
201 0.74137187230371
202 0.7446074201898188
203 0.7452545297670405
204 0.7515099223468508
205 0.7428817946505608
206 0.7394305435720449
207 0.7398619499568594
208 0.7370578084555651
209 0.7405090595340811
210 0.7372735116479724
211 0.7383520276100086
212 0.7400776531492667
213 0.7461173425366695
214 0.7478429680759275
215 0.7471958584987057
216 0.7493528904227783
217 0.746548748921484
218 0.750862812769629
219 0.7452545297670405
220 0.7461173425366695
221 0.744823123382226
222 0.7487057808455565
223 0.7480586712683348
224 0.7547454702329595
225 0.7594909404659189
226 0.7668248490077653
227 0.7659620362381363
228 0.7655306298533219
229 0.7694132873166523
230 0.7724331320103538
231 0.7704918032786885
232 0.7713546160483176
233 0.7722174288179465
234 0.769197584124245
235 0.7696289905090595
236 0.7720017256255393
237 0.772648835202761
238 0.7765314926660914
239 0.7789042277825712
240 0.7767471958584987
241 0.774374460742019
242 0.7821397756686799
243 0.7836496980155306
244 0.7789042277825712
245 0.7776100086281277
246 0.765746333045729
247 0.7689818809318378
248 0.7724331320103538
249 0.774374460742019
250 0.7827868852459017
251 0.7739430543572045
252 0.7715703192407247
253 0.7767471958584987
254 0.7670405522001725
255 0.7689818809318378
256 0.7711389128559103
257 0.775237273511648
258 0.780414150129422
259 0.7795513373597929
260 0.7812769628990509
261 0.7791199309749784
262 0.7780414150129422
263 0.7825711820534944
264 0.7883951682484901
265 0.7881794650560828
266 0.7881794650560828
267 0.7868852459016393
268 0.7860224331320104
269 0.7812769628990509
270 0.7801984469370147
271 0.7862381363244176
272 0.7873166522864539
273 0.7871009490940466
274 0.7873166522864539
275 0.7860224331320104
276 0.7851596203623814
277 0.7905522001725626
278 0.7905522001725626
279 0.7879637618636756
280 0.7810612597066436
281 0.7836496980155306
282 0.7814926660914582
283 0.7834339948231234
284 0.7776100086281277
285 0.7793356341673857
286 0.7821397756686799
287 0.7838654012079379
288 0.780414150129422
289 0.7797670405522001
290 0.7780414150129422
291 0.7780414150129422
292 0.7732959447799828
293 0.7793356341673857
294 0.7773943054357204
295 0.7806298533218292
296 0.7730802415875755
297 0.7773943054357204
298 0.7791199309749784
299 0.7806298533218292
300 0.7864538395168249
301 0.7838654012079379
302 0.7840811044003452
303 0.7946505608283002
304 0.8004745470232959
305 0.8026315789473685
306 0.7976704055220017
307 0.7916307161345988
308 0.7896893874029336
309 0.7922778257118205
310 0.7933563416738568
311 0.7916307161345988
312 0.7853753235547886
313 0.7767471958584987
314 0.7761000862812769
315 0.7758843830888698
316 0.7776100086281277
317 0.775237273511648
318 0.7782571182053495
319 0.7748058671268335
320 0.7793356341673857
321 0.7784728213977566
322 0.7806298533218292
323 0.7849439171699741
324 0.7866695427092321
325 0.7877480586712683
326 0.7849439171699741
327 0.7808455565142364
328 0.7773943054357204
329 0.7810612597066436
330 0.7806298533218292
331 0.7832182916307161
332 0.7814926660914582
333 0.7838654012079379
334 0.7866695427092321
335 0.7849439171699741
336 0.7851596203623814
337 0.7793356341673857
338 0.7883951682484901
339 0.7875323554788611
340 0.7950819672131147
341 0.793572044866264
342 0.7808455565142364
343 0.7838654012079379
344 0.7886108714408974
345 0.7842968075927523
346 0.7866695427092321
347 0.7905522001725626
348 0.7933563416738568
349 0.792709232096635
350 0.7864538395168249
351 0.7823554788610871
352 0.7825711820534944
353 0.7875323554788611
354 0.7853753235547886
355 0.7894736842105263
356 0.7849439171699741
357 0.7801984469370147
358 0.7855910267471958
359 0.7862381363244176
360 0.7812769628990509
361 0.7866695427092321
362 0.7868852459016393
363 0.790120793787748
364 0.7957290767903364
365 0.8002588438308887
366 0.8000431406384815
367 0.794434857635893
368 0.7922778257118205
369 0.7957290767903364
370 0.7946505608283002
371 0.792709232096635
372 0.7957290767903364
373 0.7974547023295945
374 0.7989646246764452
375 0.7970232959447799
376 0.7972389991371872
377 0.8015530629853321
378 0.8022001725625539
379 0.8004745470232959
380 0.795297670405522
381 0.794434857635893
382 0.7860224331320104
383 0.7847282139775669
384 0.7849439171699741
385 0.7840811044003452
386 0.7810612597066436
387 0.774374460742019
388 0.774374460742019
389 0.7789042277825712
390 0.7780414150129422
391 0.7810612597066436
392 0.780414150129422
393 0.7834339948231234
394 0.7866695427092321
395 0.7873166522864539
396 0.7866695427092321
397 0.7877480586712683
398 0.790120793787748
399 0.7847282139775669
400 0.7847282139775669
401 0.7814926660914582
402 0.775237273511648
403 0.7808455565142364
404 0.7840811044003452
405 0.7847282139775669
406 0.7817083692838654
407 0.7810612597066436
408 0.7817083692838654
409 0.7806298533218292
410 0.7795513373597929
411 0.7797670405522001
412 0.7784728213977566
413 0.7890422778257118
414 0.7868852459016393
415 0.7873166522864539
416 0.7832182916307161
417 0.7845125107851596
418 0.7862381363244176
419 0.7899050905953409
420 0.7890422778257118
421 0.7827868852459017
422 0.7814926660914582
423 0.7823554788610871
424 0.7853753235547886
425 0.7868852459016393
426 0.7795513373597929
427 0.7763157894736842
428 0.7830025884383088
429 0.7883951682484901
430 0.7871009490940466
431 0.7862381363244176
432 0.7855910267471958
433 0.7877480586712683
434 0.7873166522864539
435 0.7883951682484901
436 0.7903364969801553
437 0.7877480586712683
438 0.7888265746333045
439 0.7840811044003452
440 0.7847282139775669
441 0.7883951682484901
442 0.7957290767903364
443 0.7920621225194133
444 0.7827868852459017
445 0.7851596203623814
446 0.7886108714408974
447 0.7883951682484901
448 0.7875323554788611
449 0.7918464193270061
450 0.7892579810181191
451 0.7838654012079379
452 0.7830025884383088
453 0.7840811044003452
454 0.7860224331320104
455 0.7875323554788611
456 0.7845125107851596
457 0.7840811044003452
458 0.7864538395168249
459 0.7866695427092321
460 0.780414150129422
461 0.7784728213977566
462 0.7771786022433133
463 0.7847282139775669
464 0.7784728213977566
465 0.7780414150129422
466 0.7754529767040552
467 0.7791199309749784
468 0.7732959447799828
469 0.7817083692838654
470 0.7763157894736842
471 0.7791199309749784
472 0.7748058671268335
473 0.7795513373597929
474 0.7786885245901639
475 0.7862381363244176
476 0.7881794650560828
477 0.7838654012079379
478 0.780414150129422
479 0.7823554788610871
480 0.7810612597066436
481 0.7819240724762726
482 0.7888265746333045
483 0.7888265746333045
484 0.7892579810181191
485 0.7851596203623814
486 0.7849439171699741
487 0.7849439171699741
488 0.7890422778257118
489 0.7890422778257118
490 0.7864538395168249
491 0.7907679033649698
492 0.7909836065573771
493 0.7892579810181191
494 0.7866695427092321
495 0.7817083692838654
496 0.7786885245901639
497 0.7763157894736842
498 0.7795513373597929
499 0.7866695427092321
500 0.7814926660914582
501 0.7896893874029336
502 0.7890422778257118
503 0.7942191544434858
504 0.8011216566005177
505 0.8004745470232959
506 0.7965918895599655
507 0.7911993097497843
508 0.7955133735979293
509 0.7929249352890423
510 0.7924935289042278
511 0.7914150129421915
512 0.7883951682484901
513 0.7881794650560828
514 0.7948662640207075
515 0.7976704055220017
516 0.7985332182916307
517 0.7942191544434858
518 0.7929249352890423
519 0.7933563416738568
520 0.7963761863675582
521 0.7963761863675582
522 0.7959447799827437
523 0.7983175150992234
524 0.7899050905953409
525 0.7873166522864539
526 0.7851596203623814
527 0.7858067299396031
528 0.7879637618636756
529 0.7871009490940466
530 0.7871009490940466
531 0.7801984469370147
532 0.7819240724762726
533 0.7853753235547886
534 0.7834339948231234
535 0.7929249352890423
536 0.7894736842105263
537 0.7892579810181191
538 0.7890422778257118
539 0.7851596203623814
540 0.7875323554788611
541 0.7899050905953409
542 0.7916307161345988
543 0.7894736842105263
544 0.7911993097497843
545 0.7840811044003452
546 0.7847282139775669
547 0.7840811044003452
548 0.7847282139775669
549 0.7827868852459017
550 0.7877480586712683
551 0.7896893874029336
552 0.7814926660914582
553 0.7888265746333045
554 0.7886108714408974
555 0.7918464193270061
556 0.7888265746333045
557 0.793572044866264
558 0.7905522001725626
559 0.7894736842105263
560 0.7899050905953409
561 0.7814926660914582
562 0.780414150129422
563 0.7883951682484901
564 0.7903364969801553
565 0.7862381363244176
566 0.790120793787748
567 0.7881794650560828
568 0.7840811044003452
569 0.7879637618636756
570 0.7929249352890423
571 0.7924935289042278
572 0.7983175150992234
573 0.795297670405522
574 0.7985332182916307
575 0.8015530629853321
576 0.8006902502157032
577 0.8002588438308887
578 0.7955133735979293
579 0.7931406384814496
580 0.7896893874029336
581 0.794434857635893
582 0.7907679033649698
583 0.7931406384814496
584 0.7968075927523728
585 0.7955133735979293
586 0.7903364969801553
587 0.7940034512510785
588 0.7929249352890423
589 0.7955133735979293
590 0.7946505608283002
591 0.7929249352890423
592 0.794434857635893
593 0.7886108714408974
594 0.7890422778257118
595 0.7886108714408974
596 0.7914150129421915
597 0.7916307161345988
598 0.7950819672131147
599 0.7920621225194133
600 0.7922778257118205
601 0.7903364969801553
602 0.7879637618636756
603 0.7890422778257118
604 0.7860224331320104
605 0.7834339948231234
606 0.7866695427092321
607 0.7894736842105263
608 0.7922778257118205
609 0.7931406384814496
610 0.796160483175151
611 0.7918464193270061
612 0.7922778257118205
613 0.7931406384814496
614 0.7914150129421915
615 0.7918464193270061
616 0.793572044866264
617 0.7940034512510785
618 0.7868852459016393
619 0.7896893874029336
620 0.7924935289042278
621 0.7931406384814496
622 0.797886108714409
623 0.7948662640207075
624 0.7899050905953409
625 0.7892579810181191
626 0.7868852459016393
627 0.7875323554788611
628 0.7873166522864539
629 0.7862381363244176
630 0.7890422778257118
631 0.7931406384814496
632 0.7909836065573771
633 0.793572044866264
634 0.7894736842105263
635 0.7871009490940466
636 0.7838654012079379
637 0.7795513373597929
638 0.7791199309749784
639 0.7750215703192407
640 0.7799827437446074
641 0.7832182916307161
642 0.7834339948231234
643 0.7873166522864539
644 0.7842968075927523
645 0.7879637618636756
646 0.7827868852459017
647 0.7817083692838654
648 0.7864538395168249
649 0.7842968075927523
650 0.7853753235547886
651 0.7924935289042278
652 0.7892579810181191
653 0.7855910267471958
654 0.7931406384814496
655 0.7942191544434858
656 0.7942191544434858
657 0.7883951682484901
658 0.7899050905953409
659 0.7888265746333045
660 0.7916307161345988
661 0.7942191544434858
662 0.7940034512510785
663 0.7957290767903364
664 0.7991803278688525
665 0.7942191544434858
666 0.7914150129421915
667 0.7881794650560828
668 0.7909836065573771
669 0.7875323554788611
670 0.793572044866264
671 0.790120793787748
672 0.7972389991371872
673 0.7974547023295945
674 0.794434857635893
675 0.7972389991371872
676 0.7991803278688525
677 0.7886108714408974
678 0.7830025884383088
679 0.7834339948231234
680 0.7890422778257118
681 0.7911993097497843
682 0.796160483175151
683 0.7937877480586712
684 0.7946505608283002
685 0.7959447799827437
686 0.7993960310612597
687 0.7996117342536669
688 0.795297670405522
689 0.8002588438308887
690 0.7996117342536669
691 0.801337359792925
692 0.8028472821397756
693 0.7972389991371872
694 0.7899050905953409
695 0.7817083692838654
696 0.7862381363244176
697 0.7840811044003452
698 0.7771786022433133
699 0.77351164797239
700 0.7776100086281277
