1 0.00021570319240724764
2 0.0004314063848144953
3 0.0006471095772217428
4 0.0008628127696289905
5 0.0006471095772217428
6 0.0006471095772217428
7 0.0006471095772217428
8 0.0006471095772217428
9 0.0004314063848144953
10 0.0008628127696289905
11 0.0008628127696289905
12 0.0008628127696289905
13 0.0006471095772217428
14 0.0008628127696289905
15 0.0004314063848144953
16 0.0004314063848144953
17 0.0004314063848144953
18 0.0004314063848144953
19 0.0006471095772217428
20 0.0008628127696289905
21 0.0008628127696289905
22 0.0008628127696289905
23 0.0008628127696289905
24 0.0008628127696289905
25 0.0006471095772217428
26 0.0006471095772217428
27 0.0004314063848144953
28 0.0004314063848144953
29 0.0006471095772217428
30 0.0008628127696289905
31 0.0010785159620362382
32 0.0012942191544434857
33 0.0012942191544434857
34 0.0012942191544434857
35 0.0012942191544434857
36 0.0015099223468507334
37 0.001725625539257981
38 0.0019413287316652286
39 0.0019413287316652286
40 0.0025884383088869713
41 0.0036669542709232097
42 0.0036669542709232097
43 0.004098360655737705
44 0.004961173425366695
45 0.004961173425366695
46 0.0056082830025884385
47 0.0060396893874029335
48 0.006686798964624676
49 0.007981018119068163
50 0.008628127696289905
51 0.008628127696289905
52 0.008628127696289905
53 0.010569456427955135
54 0.010569456427955135
55 0.01186367558239862
56 0.012942191544434857
57 0.013373597929249352
58 0.013805004314063849
59 0.014452113891285591
60 0.015746333045729078
61 0.016609145815358068
62 0.015962036238136326
63 0.017471958584987058
64 0.017903364969801553
65 0.020491803278688523
66 0.021570319240724764
67 0.02372735116479724
68 0.02437446074201898
69 0.026962899050905955
70 0.029335634167385678
71 0.030414150129421915
72 0.03278688524590164
73 0.035159620362381364
74 0.03710094909404659
75 0.03990509059534081
76 0.04184641932700604
77 0.04314063848144953
78 0.04637618636755824
79 0.04810181190681622
80 0.05306298533218291
81 0.055220017256255395
82 0.058671268334771355
83 0.06363244176013805
84 0.06514236410698879
85 0.06686798964624677
86 0.06945642795513374
87 0.07377049180327869
88 0.0778688524590164
89 0.0811044003451251
90 0.08455565142364108
91 0.08994823123382226
92 0.09339948231233822
93 0.0964193270060397
94 0.10094909404659189
95 0.10547886108714409
96 0.11065573770491803
97 0.11432269197584125
98 0.11712683347713546
99 0.12661777394305435
100 0.1309318377911993
101 0.13524590163934427
102 0.1408541846419327
103 0.14322691975841242
104 0.15142364106988784
105 0.158541846419327
106 0.16587575496117343
107 0.17018981880931838
108 0.17687661777394306
109 0.18226919758412424
110 0.18334771354616047
111 0.1902502157031924
112 0.19866264020707505
113 0.20276100086281276
114 0.21074201898188094
115 0.21807592752372734
116 0.22756686798964626
117 0.23123382226056946
118 0.2422346850733391
119 0.25215703192407246
120 0.2590595340811044
121 0.2618636755823986
122 0.2670405522001726
123 0.2754529767040552
124 0.28688524590163933
125 0.2972389991371872
126 0.30543572044866263
127 0.31212251941328734
128 0.3201035375323555
129 0.32894736842105265
130 0.3339085418464193
131 0.3386540120793788
132 0.3425366695427092
133 0.34663503019844694
134 0.3533218291630716
135 0.3604400345125108
136 0.365832614322692
137 0.3789905090595341
138 0.388481449525453
139 0.39344262295081966
140 0.4016393442622951
141 0.40509059534081104
142 0.4057377049180328
143 0.40595340811044006
144 0.4117773943054357
145 0.4143658326143227
146 0.4227782571182053
147 0.4275237273511648
148 0.4344262295081967
149 0.43507333908541845
150 0.44348576358930114
151 0.44672131147540983
152 0.45405522001725623
153 0.45621225194132875
154 0.46225194132873165
155 0.4600949094046592
156 0.4719585849870578
157 0.48252804141501293
158 0.4857635893011217
159 0.49245038826574633
160 0.4984900776531493
161 0.49935289042277825
162 0.5075496117342536
163 0.5116479723899914
164 0.518334771354616
165 0.5224331320103538
166 0.526962899050906
167 0.5334339948231234
168 0.5330025884383088
169 0.5373166522864539
170 0.5433563416738568
171 0.5455133735979293
172 0.5470232959447799
173 0.5511216566005177
174 0.5571613459879207
175 0.5543572044866264
176 0.5595340811044004
177 0.5668679896462467
178 0.5735547886108714
179 0.5808886971527178
180 0.5841242450388265
181 0.5843399482312338
182 0.5903796376186368
183 0.5987920621225195
184 0.6028904227782571
185 0.6020276100086281
186 0.6020276100086281
187 0.6028904227782571
188 0.6037532355478861
189 0.6063416738567731
190 0.6128127696289906
191 0.6175582398619499
192 0.6186367558239861
193 0.6244607420189818
194 0.6309318377911993
195 0.6324417601380501
196 0.634167385677308
197 0.6404227782571182
198 0.6421484037963762
199 0.6460310612597067
200 0.6475409836065574
201 0.6557377049180327
202 0.6622088006902502
203 0.6680327868852459
204 0.6738567730802416
205 0.6781708369283865
206 0.677739430543572
207 0.6844262295081968
208 0.6835634167385677
209 0.6908973252804141
210 0.6880931837791199
211 0.6930543572044866
212 0.6999568593615185
213 0.6949956859361519
214 0.6999568593615185
215 0.7036238136324418
216 0.7083692838654012
217 0.7124676445211389
218 0.7154874892148404
219 0.7167817083692839
220 0.723037100949094
221 0.7232528041415013
222 0.7202329594477999
223 0.7210957722174288
224 0.7241156169111302
225 0.723037100949094
226 0.7208800690250216
227 0.7198015530629853
228 0.7223899913718723
229 0.727351164797239
230 0.7260569456427955
231 0.7236842105263158
232 0.730802415875755
233 0.7357635893011216
234 0.734253666954271
235 0.7344693701466781
236 0.7420189818809318
237 0.7387834339948232
238 0.7346850733390854
239 0.7336065573770492
240 0.7387834339948232
241 0.7368421052631579
242 0.7379206212251941
243 0.7383520276100086
244 0.7349007765314927
245 0.7402933563416738
246 0.7368421052631579
247 0.7379206212251941
248 0.7387834339948232
249 0.7370578084555651
250 0.7364106988783434
251 0.7415875754961173
252 0.7428817946505608
253 0.749137187230371
254 0.7497842968075927
255 0.7430974978429681
256 0.7392148403796376
257 0.7368421052631579
258 0.7420189818809318
259 0.7484900776531492
260 0.7489214840379638
261 0.7489214840379638
262 0.75
263 0.7571182053494392
264 0.7579810181190682
265 0.7588438308886971
266 0.7592752372735116
267 0.7597066436583262
268 0.7610008628127696
269 0.7610008628127696
270 0.7575496117342536
271 0.7588438308886971
272 0.7573339085418465
273 0.7538826574633305
274 0.75862812769629
275 0.7536669542709232
276 0.7592752372735116
277 0.7620793787748059
278 0.7702761000862812
279 0.7674719585849871
280 0.7635893011216566
281 0.7638050043140638
282 0.7674719585849871
283 0.7711389128559103
284 0.7694132873166523
285 0.7700603968938741
286 0.7750215703192407
287 0.777825711820535
288 0.7700603968938741
289 0.7640207075064711
290 0.7605694564279551
291 0.7590595340811044
292 0.7592752372735116
293 0.7603537532355479
294 0.7627264883520276
295 0.7681190681622088
296 0.7704918032786885
297 0.7646678170836928
298 0.7599223468507333
299 0.7573339085418465
300 0.7597066436583262
301 0.7556082830025884
302 0.7484900776531492
303 0.755176876617774
304 0.7519413287316652
305 0.7601380500431406
306 0.7631578947368421
307 0.7679033649698016
308 0.7603537532355479
309 0.7601380500431406
310 0.7616479723899914
311 0.7681190681622088
312 0.7672562553925798
313 0.772648835202761
314 0.7761000862812769
315 0.7773943054357204
316 0.77351164797239
317 0.7715703192407247
318 0.7633735979292493
319 0.7676876617773943
320 0.7707075064710958
321 0.7704918032786885
322 0.7739430543572045
323 0.7737273511647972
324 0.7737273511647972
325 0.7648835202761001
326 0.7666091458153581
327 0.7642364106988784
328 0.765746333045729
329 0.7700603968938741
330 0.7700603968938741
331 0.7676876617773943
332 0.7761000862812769
333 0.7767471958584987
334 0.7771786022433133
335 0.7784728213977566
336 0.7812769628990509
337 0.7817083692838654
338 0.7801984469370147
339 0.7780414150129422
340 0.7821397756686799
341 0.7888265746333045
342 0.7851596203623814
343 0.7836496980155306
344 0.7866695427092321
345 0.7845125107851596
346 0.7873166522864539
347 0.7881794650560828
348 0.7909836065573771
349 0.7862381363244176
350 0.7907679033649698
351 0.7894736842105263
352 0.7888265746333045
353 0.790120793787748
354 0.7834339948231234
355 0.7890422778257118
356 0.7886108714408974
357 0.7845125107851596
358 0.7903364969801553
359 0.7972389991371872
360 0.7886108714408974
361 0.7881794650560828
362 0.792709232096635
363 0.7931406384814496
364 0.7851596203623814
365 0.7847282139775669
366 0.7806298533218292
367 0.7814926660914582
368 0.7801984469370147
369 0.7834339948231234
370 0.7851596203623814
371 0.7871009490940466
372 0.7942191544434858
373 0.7950819672131147
374 0.7909836065573771
375 0.7875323554788611
376 0.7896893874029336
377 0.7877480586712683
378 0.7819240724762726
379 0.7842968075927523
380 0.7827868852459017
381 0.7814926660914582
382 0.7840811044003452
383 0.7866695427092321
384 0.7868852459016393
385 0.7806298533218292
386 0.7789042277825712
387 0.7903364969801553
388 0.7911993097497843
389 0.792709232096635
390 0.7946505608283002
391 0.7877480586712683
392 0.7834339948231234
393 0.7838654012079379
394 0.7853753235547886
395 0.7808455565142364
396 0.7864538395168249
397 0.7911993097497843
398 0.7879637618636756
399 0.7896893874029336
400 0.7907679033649698
401 0.7918464193270061
402 0.7858067299396031
403 0.7864538395168249
404 0.7879637618636756
405 0.7819240724762726
406 0.7825711820534944
407 0.7823554788610871
408 0.7849439171699741
409 0.7914150129421915
410 0.7907679033649698
411 0.7918464193270061
412 0.7877480586712683
413 0.7924935289042278
414 0.792709232096635
415 0.7940034512510785
416 0.7993960310612597
417 0.796160483175151
418 0.7950819672131147
419 0.7970232959447799
420 0.7972389991371872
421 0.7950819672131147
422 0.7922778257118205
423 0.7903364969801553
424 0.7933563416738568
425 0.7965918895599655
426 0.7968075927523728
427 0.7929249352890423
428 0.7920621225194133
429 0.7877480586712683
430 0.7812769628990509
431 0.7789042277825712
432 0.7827868852459017
433 0.7763157894736842
434 0.7748058671268335
435 0.7819240724762726
436 0.7674719585849871
437 0.7696289905090595
438 0.7789042277825712
439 0.7786885245901639
440 0.7834339948231234
441 0.7840811044003452
442 0.7795513373597929
443 0.7771786022433133
444 0.780414150129422
445 0.7801984469370147
446 0.7871009490940466
447 0.7855910267471958
448 0.7825711820534944
449 0.7823554788610871
450 0.7819240724762726
451 0.7767471958584987
452 0.7679033649698016
453 0.7681190681622088
454 0.770923209663503
455 0.7741587575496117
456 0.7750215703192407
457 0.7750215703192407
458 0.774374460742019
459 0.7801984469370147
460 0.775237273511648
461 0.7791199309749784
462 0.7851596203623814
463 0.7797670405522001
464 0.7750215703192407
465 0.7795513373597929
466 0.7806298533218292
467 0.7881794650560828
468 0.7832182916307161
469 0.7821397756686799
470 0.776962899050906
471 0.7761000862812769
472 0.7748058671268335
473 0.7784728213977566
474 0.7707075064710958
475 0.7745901639344263
476 0.7724331320103538
477 0.7672562553925798
478 0.7666091458153581
479 0.7653149266609146
480 0.7670405522001725
481 0.7650992234685073
482 0.769197584124245
483 0.7722174288179465
484 0.7722174288179465
485 0.7720017256255393
486 0.7806298533218292
487 0.7866695427092321
488 0.7875323554788611
489 0.7896893874029336
490 0.7879637618636756
491 0.7851596203623814
492 0.7916307161345988
493 0.8004745470232959
494 0.7991803278688525
495 0.797886108714409
496 0.8017687661777394
497 0.8000431406384815
498 0.8022001725625539
499 0.8032786885245902
500 0.8032786885245902
501 0.7991803278688525
502 0.7922778257118205
503 0.8000431406384815
504 0.7989646246764452
505 0.7963761863675582
506 0.7950819672131147
507 0.7989646246764452
508 0.7989646246764452
509 0.7909836065573771
510 0.7942191544434858
511 0.797886108714409
512 0.7972389991371872
513 0.7989646246764452
514 0.7983175150992234
515 0.7950819672131147
516 0.798748921484038
517 0.7950819672131147
518 0.7981018119068162
519 0.8002588438308887
520 0.8015530629853321
521 0.7998274374460742
522 0.7942191544434858
523 0.8019844693701467
524 0.7983175150992234
525 0.8015530629853321
526 0.8032786885245902
527 0.8019844693701467
528 0.8082398619499569
529 0.8037100949094047
530 0.8015530629853321
531 0.8039257981018119
532 0.801337359792925
533 0.8004745470232959
534 0.8004745470232959
535 0.8030629853321829
536 0.8011216566005177
537 0.801337359792925
538 0.8054357204486626
539 0.8041415012942191
540 0.8056514236410699
541 0.8024158757549612
542 0.7985332182916307
543 0.7974547023295945
544 0.7911993097497843
545 0.7883951682484901
546 0.7862381363244176
547 0.7845125107851596
548 0.7905522001725626
549 0.7920621225194133
550 0.792709232096635
551 0.7864538395168249
552 0.7847282139775669
553 0.7842968075927523
554 0.7849439171699741
555 0.7909836065573771
556 0.7858067299396031
557 0.7836496980155306
558 0.7838654012079379
559 0.7836496980155306
560 0.7931406384814496
561 0.7974547023295945
562 0.7933563416738568
563 0.7871009490940466
564 0.7911993097497843
565 0.7896893874029336
566 0.793572044866264
567 0.7866695427092321
568 0.7873166522864539
569 0.7864538395168249
570 0.7801984469370147
571 0.7862381363244176
572 0.7838654012079379
573 0.7907679033649698
574 0.7993960310612597
575 0.7970232959447799
576 0.7948662640207075
577 0.7922778257118205
578 0.7905522001725626
579 0.7896893874029336
580 0.7886108714408974
581 0.7955133735979293
582 0.7948662640207075
583 0.7983175150992234
584 0.7981018119068162
585 0.792709232096635
586 0.7924935289042278
587 0.7911993097497843
588 0.7905522001725626
589 0.7965918895599655
590 0.7989646246764452
591 0.7970232959447799
592 0.7931406384814496
593 0.7981018119068162
594 0.8065142364106989
595 0.808455565142364
596 0.8047886108714409
597 0.7970232959447799
598 0.8024158757549612
599 0.8026315789473685
600 0.8017687661777394
601 0.798748921484038
602 0.7940034512510785
603 0.7894736842105263
604 0.7907679033649698
605 0.7933563416738568
606 0.7993960310612597
607 0.7942191544434858
608 0.7873166522864539
609 0.7864538395168249
610 0.7836496980155306
611 0.7849439171699741
612 0.7836496980155306
613 0.7864538395168249
614 0.7873166522864539
615 0.7860224331320104
616 0.7810612597066436
617 0.7825711820534944
618 0.7799827437446074
619 0.7795513373597929
620 0.7832182916307161
621 0.7864538395168249
622 0.7894736842105263
623 0.7888265746333045
624 0.7847282139775669
625 0.7853753235547886
626 0.776962899050906
627 0.7670405522001725
628 0.7739430543572045
629 0.7812769628990509
630 0.7847282139775669
631 0.7860224331320104
632 0.7877480586712683
633 0.7838654012079379
634 0.7853753235547886
635 0.7840811044003452
636 0.7832182916307161
637 0.7771786022433133
638 0.7834339948231234
639 0.7899050905953409
640 0.7840811044003452
641 0.7860224331320104
642 0.790120793787748
643 0.7911993097497843
644 0.7888265746333045
645 0.7883951682484901
646 0.7886108714408974
647 0.7842968075927523
648 0.7817083692838654
649 0.7776100086281277
650 0.7799827437446074
651 0.7810612597066436
652 0.7797670405522001
653 0.7825711820534944
654 0.7851596203623814
655 0.7836496980155306
656 0.7855910267471958
657 0.7866695427092321
658 0.7909836065573771
659 0.7860224331320104
660 0.7858067299396031
661 0.7834339948231234
662 0.7821397756686799
663 0.7924935289042278
664 0.7877480586712683
665 0.7933563416738568
666 0.7940034512510785
667 0.7929249352890423
668 0.7922778257118205
669 0.7899050905953409
670 0.7892579810181191
671 0.7860224331320104
672 0.7886108714408974
673 0.7946505608283002
674 0.8024158757549612
675 0.8037100949094047
676 0.8032786885245902
677 0.8047886108714409
678 0.8058671268334772
679 0.8058671268334772
680 0.8086712683347713
681 0.8071613459879207
682 0.8009059534081104
683 0.7957290767903364
684 0.7955133735979293
685 0.795297670405522
686 0.7907679033649698
687 0.7946505608283002
688 0.7931406384814496
689 0.7937877480586712
690 0.793572044866264
691 0.7968075927523728
692 0.7972389991371872
693 0.7968075927523728
694 0.7950819672131147
695 0.7940034512510785
696 0.7940034512510785
697 0.7931406384814496
698 0.7918464193270061
699 0.7864538395168249
700 0.7868852459016393
