1 0.00021570319240724764
2 0.0004314063848144953
3 0.0006471095772217428
4 0.0010785159620362382
5 0.0012942191544434857
6 0.002372735116479724
7 0.0030198446937014668
8 0.0030198446937014668
9 0.004745470232959448
10 0.0056082830025884385
11 0.005392579810181191
12 0.0056082830025884385
13 0.005823986194995686
14 0.006902502157031924
15 0.006902502157031924
16 0.007765314926660914
17 0.009275237273511648
18 0.00992234685073339
19 0.012079378774805867
20 0.014020707506471096
21 0.015314926660914581
22 0.01725625539257981
23 0.01984469370146678
24 0.02178602243313201
25 0.02351164797238999
26 0.026531492666091457
27 0.027178602243313203
28 0.02825711820534944
29 0.03127696289905091
30 0.0321397756686799
31 0.034943917169974116
32 0.03645383951682485
33 0.0407679033649698
34 0.044219154443485766
35 0.04659188955996549
36 0.05133735979292493
37 0.05500431406384815
38 0.059534081104400345
39 0.06406384814495254
40 0.0675150992234685
41 0.07333908541846419
42 0.07894736842105263
43 0.08239861949956859
44 0.08714408973252805
45 0.0910267471958585
46 0.09792924935289042
47 0.10396893874029335
48 0.1100086281276963
49 0.11518550474547024
50 0.12251941328731665
51 0.12597066436583262
52 0.1313632441760138
53 0.13761863675582398
54 0.14344262295081966
55 0.1494823123382226
56 0.15530629853321828
57 0.15595340811044003
58 0.15875754961173424
59 0.16458153580672993
60 0.17018981880931838
61 0.17277825711820535
62 0.1816220880069025
63 0.19089732528041414
64 0.19758412424503882
65 0.20621225194132872
66 0.21117342536669542
67 0.21484037963761865
68 0.22044866264020707
69 0.2236842105263158
70 0.22497842968075926
71 0.2323123382226057
72 0.2409404659188956
73 0.24849007765314926
74 0.25388265746333044
75 0.2556082830025884
76 0.26251078515962034
77 0.2698446937014668
78 0.2741587575496117
79 0.2812769628990509
80 0.28494391716997414
81 0.2907679033649698
82 0.2983175150992235
83 0.30651423641069886
84 0.31190681622088007
85 0.318809318377912
86 0.3274374460742019
87 0.3341242450388266
88 0.34167385677308026
89 0.3496548748921484
90 0.3526747195858499
91 0.3604400345125108
92 0.3643226919758412
93 0.37359792924935287
94 0.3813632441760138
95 0.38373597929249353
96 0.3958153580672994
97 0.40660051768766176
98 0.41458153580672996
99 0.41781708369283865
100 0.4298964624676445
101 0.434641932700604
102 0.4415444348576359
103 0.44758412424503885
104 0.454702329594478
105 0.4624676445211389
106 0.46807592752372734
107 0.4758412424503883
108 0.4855478861087144
109 0.49223468507333906
110 0.495685936151855
111 0.5023727351164797
112 0.5073339085418465
113 0.5105694564279551
114 0.5170405522001725
115 0.520923209663503
116 0.5245901639344263
117 0.527825711820535
118 0.5327868852459017
119 0.5375323554788611
120 0.543572044866264
121 0.5502588438308887
122 0.5504745470232959
123 0.5541415012942191
124 0.5552200172562554
125 0.5575927523727351
126 0.5621225194132873
127 0.5681622088006902
128 0.5703192407247627
129 0.5804572907679033
130 0.5847713546160483
131 0.5933994823123382
132 0.5933994823123382
133 0.596635030198447
134 0.6046160483175151
135 0.6033218291630716
136 0.6035375323554789
137 0.6110871440897325
138 0.6175582398619499
139 0.6231665228645384
140 0.6274805867126834
141 0.6324417601380501
142 0.6345987920621226
143 0.6339516824849007
144 0.6300690250215704
145 0.6328731665228645
146 0.633304572907679
147 0.6404227782571182
148 0.6389128559102675
149 0.6477566867989646
150 0.6496980155306299
151 0.652502157031924
152 0.6542277825711821
153 0.6568162208800691
154 0.6604831751509922
155 0.6591889559965487
156 0.6572476272648835
157 0.6615616911130284
158 0.6697584124245038
159 0.6734253666954271
160 0.6773080241587576
161 0.680327868852459
162 0.6822691975841243
163 0.6814063848144952
164 0.6880931837791199
165 0.6880931837791199
166 0.6893874029335634
167 0.6880931837791199
168 0.6967213114754098
169 0.6937014667817084
170 0.6984469370146679
171 0.7008196721311475
172 0.7027610008628128
173 0.7103106125970664
174 0.7079378774805867
175 0.7036238136324418
176 0.7044866264020707
177 0.7034081104400345
178 0.7066436583261432
179 0.7118205349439172
180 0.7141932700603969
181 0.7157031924072477
182 0.719585849870578
183 0.7154874892148404
184 0.7169974115616912
185 0.7113891285591026
186 0.7176445211389129
187 0.7243313201035375
188 0.7236842105263158
189 0.7215271786022434
190 0.7284296807592753
191 0.727351164797239
192 0.7245470232959448
193 0.72648835202761
194 0.7292924935289042
195 0.7251941328731665
196 0.725625539257981
197 0.7262726488352028
198 0.7254098360655737
199 0.7267040552200172
200 0.7249784296807593
201 0.727351164797239
202 0.7288610871440897
203 0.7258412424503883
204 0.7286453839516824
205 0.7236842105263158
206 0.7251941328731665
207 0.7310181190681622
208 0.7344693701466781
209 0.7292924935289042
210 0.7318809318377912
211 0.7284296807592753
212 0.7370578084555651
213 0.7357635893011216
214 0.7370578084555651
215 0.731665228645384
216 0.7383520276100086
217 0.7396462467644521
218 0.7400776531492667
219 0.7351164797238999
220 0.7349007765314927
221 0.730802415875755
222 0.734253666954271
223 0.7370578084555651
224 0.7359792924935289
225 0.7359792924935289
226 0.7411561691113029
227 0.7443917169974116
228 0.747411561691113
229 0.75
230 0.7467644521138913
231 0.7506471095772217
232 0.756039689387403
233 0.751725625539258
234 0.75
235 0.7536669542709232
236 0.7553925798101812
237 0.7536669542709232
238 0.756039689387403
239 0.7566867989646247
240 0.7489214840379638
241 0.7476272648835203
242 0.7506471095772217
243 0.7495685936151855
244 0.7484900776531492
245 0.7484900776531492
246 0.7510785159620362
247 0.7506471095772217
248 0.7510785159620362
249 0.7581967213114754
250 0.7569025021570319
251 0.7573339085418465
252 0.7540983606557377
253 0.7564710957722174
254 0.7607851596203624
255 0.7547454702329595
256 0.7607851596203624
257 0.7588438308886971
258 0.7579810181190682
259 0.7556082830025884
260 0.7523727351164797
261 0.7545297670405522
262 0.7543140638481449
263 0.7592752372735116
264 0.7601380500431406
265 0.771786022433132
266 0.7676876617773943
267 0.7668248490077653
268 0.768334771354616
269 0.7694132873166523
270 0.7612165660051768
271 0.75862812769629
272 0.7592752372735116
273 0.7603537532355479
274 0.75
275 0.7467644521138913
276 0.7461173425366695
277 0.7461173425366695
278 0.748274374460742
279 0.752588438308887
280 0.7515099223468508
281 0.7523727351164797
282 0.7588438308886971
283 0.7631578947368421
284 0.7588438308886971
285 0.75862812769629
286 0.7594909404659189
287 0.7663934426229508
288 0.7661777394305436
289 0.7670405522001725
290 0.7620793787748059
291 0.7631578947368421
292 0.7661777394305436
293 0.7668248490077653
294 0.7674719585849871
295 0.7666091458153581
296 0.7702761000862812
297 0.7737273511647972
298 0.7694132873166523
299 0.7739430543572045
300 0.7715703192407247
301 0.7702761000862812
302 0.770923209663503
303 0.7676876617773943
304 0.769197584124245
305 0.7765314926660914
306 0.7700603968938741
307 0.7629421915444349
308 0.7666091458153581
309 0.7704918032786885
310 0.7668248490077653
311 0.768334771354616
312 0.768334771354616
313 0.7739430543572045
314 0.77351164797239
315 0.777825711820535
316 0.7845125107851596
317 0.7842968075927523
318 0.7849439171699741
319 0.7877480586712683
320 0.7860224331320104
321 0.7810612597066436
322 0.7789042277825712
323 0.77351164797239
324 0.772648835202761
325 0.7750215703192407
326 0.774374460742019
327 0.7724331320103538
328 0.7745901639344263
329 0.7730802415875755
330 0.7780414150129422
331 0.7754529767040552
332 0.7704918032786885
333 0.7713546160483176
334 0.774374460742019
335 0.7797670405522001
336 0.780414150129422
337 0.7799827437446074
338 0.7771786022433133
339 0.7780414150129422
340 0.7698446937014668
341 0.768334771354616
342 0.7663934426229508
343 0.7685504745470233
344 0.7663934426229508
345 0.7763157894736842
346 0.7797670405522001
347 0.7784728213977566
348 0.7780414150129422
349 0.7871009490940466
350 0.7845125107851596
351 0.7894736842105263
352 0.7905522001725626
353 0.7909836065573771
354 0.7957290767903364
355 0.7933563416738568
356 0.7920621225194133
357 0.7924935289042278
358 0.7948662640207075
359 0.7892579810181191
360 0.7914150129421915
361 0.7821397756686799
362 0.7767471958584987
363 0.7761000862812769
364 0.7853753235547886
365 0.7810612597066436
366 0.7840811044003452
367 0.7814926660914582
368 0.7797670405522001
369 0.7750215703192407
370 0.7780414150129422
371 0.7797670405522001
372 0.7795513373597929
373 0.7786885245901639
374 0.7776100086281277
375 0.7823554788610871
376 0.7780414150129422
377 0.7761000862812769
378 0.7810612597066436
379 0.7791199309749784
380 0.7817083692838654
381 0.7797670405522001
382 0.7866695427092321
383 0.7888265746333045
384 0.7871009490940466
385 0.7933563416738568
386 0.7905522001725626
387 0.7899050905953409
388 0.795297670405522
389 0.7948662640207075
390 0.7875323554788611
391 0.7896893874029336
392 0.7875323554788611
393 0.7801984469370147
394 0.7836496980155306
395 0.7817083692838654
396 0.777825711820535
397 0.7765314926660914
398 0.7836496980155306
399 0.7817083692838654
400 0.7795513373597929
401 0.7806298533218292
402 0.7819240724762726
403 0.7812769628990509
404 0.7767471958584987
405 0.7836496980155306
406 0.7793356341673857
407 0.7765314926660914
408 0.7836496980155306
409 0.7812769628990509
410 0.7866695427092321
411 0.7873166522864539
412 0.7911993097497843
413 0.7903364969801553
414 0.7858067299396031
415 0.7808455565142364
416 0.7838654012079379
417 0.7862381363244176
418 0.7827868852459017
419 0.7782571182053495
420 0.7819240724762726
421 0.7827868852459017
422 0.7858067299396031
423 0.7914150129421915
424 0.7892579810181191
425 0.7877480586712683
426 0.7851596203623814
427 0.7907679033649698
428 0.7853753235547886
429 0.7851596203623814
430 0.7871009490940466
431 0.7892579810181191
432 0.794434857635893
433 0.7974547023295945
434 0.793572044866264
435 0.7950819672131147
436 0.7948662640207075
437 0.7868852459016393
438 0.7834339948231234
439 0.7823554788610871
440 0.7806298533218292
441 0.7855910267471958
442 0.7836496980155306
443 0.7866695427092321
444 0.7836496980155306
445 0.7847282139775669
446 0.7866695427092321
447 0.7842968075927523
448 0.7879637618636756
449 0.7862381363244176
450 0.7819240724762726
451 0.7864538395168249
452 0.7825711820534944
453 0.7810612597066436
454 0.780414150129422
455 0.7799827437446074
456 0.7871009490940466
457 0.7909836065573771
458 0.7886108714408974
459 0.7888265746333045
460 0.7883951682484901
461 0.7873166522864539
462 0.7797670405522001
463 0.7791199309749784
464 0.777825711820535
465 0.7799827437446074
466 0.7780414150129422
467 0.7732959447799828
468 0.7707075064710958
469 0.7761000862812769
470 0.777825711820535
471 0.7838654012079379
472 0.7905522001725626
473 0.7899050905953409
474 0.7868852459016393
475 0.7808455565142364
476 0.7814926660914582
477 0.7776100086281277
478 0.7767471958584987
479 0.7776100086281277
480 0.775237273511648
481 0.7814926660914582
482 0.7797670405522001
483 0.7801984469370147
484 0.7825711820534944
485 0.7842968075927523
486 0.7784728213977566
487 0.7814926660914582
488 0.7793356341673857
489 0.7784728213977566
490 0.7786885245901639
491 0.7860224331320104
492 0.7871009490940466
493 0.7909836065573771
494 0.7985332182916307
495 0.8009059534081104
496 0.8024158757549612
497 0.7959447799827437
498 0.7983175150992234
499 0.790120793787748
500 0.7871009490940466
501 0.7883951682484901
502 0.7849439171699741
503 0.7868852459016393
504 0.7845125107851596
505 0.7873166522864539
506 0.7920621225194133
507 0.7888265746333045
508 0.7868852459016393
509 0.7836496980155306
510 0.7931406384814496
511 0.7834339948231234
512 0.7875323554788611
513 0.7875323554788611
514 0.7905522001725626
515 0.7909836065573771
516 0.7888265746333045
517 0.7871009490940466
518 0.7836496980155306
519 0.7776100086281277
520 0.7812769628990509
521 0.7834339948231234
522 0.7911993097497843
523 0.7892579810181191
524 0.7855910267471958
525 0.7911993097497843
526 0.7909836065573771
527 0.8002588438308887
528 0.7965918895599655
529 0.7914150129421915
530 0.7957290767903364
531 0.7976704055220017
532 0.7916307161345988
533 0.7937877480586712
534 0.7914150129421915
535 0.7892579810181191
536 0.7853753235547886
537 0.7845125107851596
538 0.7879637618636756
539 0.7881794650560828
540 0.7866695427092321
541 0.7866695427092321
542 0.7920621225194133
543 0.7899050905953409
544 0.7875323554788611
545 0.7853753235547886
546 0.7866695427092321
547 0.7929249352890423
548 0.7965918895599655
549 0.7965918895599655
550 0.7940034512510785
551 0.790120793787748
552 0.7920621225194133
553 0.7905522001725626
554 0.7903364969801553
555 0.7894736842105263
556 0.793572044866264
557 0.795297670405522
558 0.7914150129421915
559 0.7883951682484901
560 0.7858067299396031
561 0.7890422778257118
562 0.7948662640207075
563 0.793572044866264
564 0.7929249352890423
565 0.7937877480586712
566 0.790120793787748
567 0.7920621225194133
568 0.7959447799827437
569 0.793572044866264
570 0.7937877480586712
571 0.793572044866264
572 0.7883951682484901
573 0.7920621225194133
574 0.7946505608283002
575 0.7940034512510785
576 0.792709232096635
577 0.7909836065573771
578 0.7963761863675582
579 0.7968075927523728
580 0.7957290767903364
581 0.7942191544434858
582 0.792709232096635
583 0.792709232096635
584 0.7963761863675582
585 0.792709232096635
586 0.7886108714408974
587 0.7911993097497843
588 0.7868852459016393
589 0.790120793787748
590 0.7871009490940466
591 0.7830025884383088
592 0.7851596203623814
593 0.7827868852459017
594 0.7858067299396031
595 0.7899050905953409
596 0.7890422778257118
597 0.7847282139775669
598 0.7918464193270061
599 0.7946505608283002
600 0.7993960310612597
601 0.8034943917169974
602 0.8017687661777394
603 0.7974547023295945
604 0.7981018119068162
605 0.8022001725625539
606 0.7970232959447799
607 0.794434857635893
608 0.7879637618636756
609 0.7875323554788611
610 0.7911993097497843
611 0.7948662640207075
612 0.7946505608283002
613 0.7929249352890423
614 0.7789042277825712
615 0.7767471958584987
616 0.7819240724762726
617 0.7842968075927523
618 0.7827868852459017
619 0.7879637618636756
620 0.7799827437446074
621 0.7817083692838654
622 0.7903364969801553
623 0.7868852459016393
624 0.7834339948231234
625 0.7838654012079379
626 0.7834339948231234
627 0.7801984469370147
628 0.7812769628990509
629 0.7795513373597929
630 0.7722174288179465
631 0.776962899050906
632 0.7782571182053495
633 0.780414150129422
634 0.7765314926660914
635 0.7713546160483176
636 0.7724331320103538
637 0.774374460742019
638 0.7756686798964625
639 0.776962899050906
640 0.7761000862812769
641 0.7756686798964625
642 0.7773943054357204
643 0.7842968075927523
644 0.7830025884383088
645 0.7849439171699741
646 0.7838654012079379
647 0.7862381363244176
648 0.7894736842105263
649 0.7892579810181191
650 0.7890422778257118
651 0.7847282139775669
652 0.7888265746333045
653 0.7830025884383088
654 0.7825711820534944
655 0.7886108714408974
656 0.7899050905953409
657 0.7883951682484901
658 0.7909836065573771
659 0.7851596203623814
660 0.7832182916307161
661 0.7825711820534944
662 0.7784728213977566
663 0.7821397756686799
664 0.7914150129421915
665 0.7879637618636756
666 0.7918464193270061
667 0.7862381363244176
668 0.7823554788610871
669 0.7830025884383088
670 0.7810612597066436
671 0.7782571182053495
672 0.7821397756686799
673 0.7819240724762726
674 0.7858067299396031
675 0.7873166522864539
676 0.7883951682484901
677 0.7817083692838654
678 0.7853753235547886
679 0.7871009490940466
680 0.7905522001725626
681 0.7838654012079379
682 0.7808455565142364
683 0.7782571182053495
684 0.7821397756686799
685 0.7825711820534944
686 0.7806298533218292
687 0.7819240724762726
688 0.7875323554788611
689 0.7871009490940466
690 0.7819240724762726
691 0.780414150129422
692 0.7858067299396031
693 0.7823554788610871
694 0.7879637618636756
695 0.7849439171699741
696 0.7890422778257118
697 0.7894736842105263
698 0.7903364969801553
699 0.7899050905953409
700 0.7830025884383088
