1 0.0004314063848144953
2 0.0004314063848144953
3 0.0010785159620362382
4 0.0012942191544434857
5 0.0019413287316652286
6 0.002372735116479724
7 0.0025884383088869713
8 0.0032355478861087143
9 0.0045297670405522
10 0.007333908541846419
11 0.0090595340811044
12 0.011216566005176877
13 0.013157894736842105
14 0.015962036238136326
15 0.017903364969801553
16 0.01898188093183779
17 0.02092320966350302
18 0.023080241587575497
19 0.02523727351164797
20 0.02911993097497843
21 0.03364969801553063
22 0.037532355478861086
23 0.042493528904227786
24 0.045944779982743746
25 0.05155306298533218
26 0.05565142364106989
27 0.06061259706643658
28 0.06708369283865401
29 0.07118205349439172
30 0.07614322691975842
31 0.08455565142364108
32 0.09124245038826574
33 0.09900776531492667
34 0.10245901639344263
35 0.10655737704918032
36 0.11410698878343399
37 0.12295081967213115
38 0.12532355478861087
39 0.1326574633304573
40 0.13675582398619499
41 0.14344262295081966
42 0.1471095772217429
43 0.15962036238136323
44 0.16501294219154444
45 0.1725625539257981
46 0.1816220880069025
47 0.1848576358930112
48 0.19305435720448663
49 0.202113891285591
50 0.2079378774805867
51 0.21268334771354616
52 0.22217428817946505
53 0.23317515099223468
54 0.24460742018981882
55 0.25754961173425367
56 0.26617773943054357
57 0.26941328731665226
58 0.27653149266609145
59 0.28559102674719583
60 0.295297670405522
61 0.3060828300258844
62 0.31320103537532357
63 0.31902502157031926
64 0.3274374460742019
65 0.33628127696289906
66 0.3451251078515962
67 0.34943917169974115
68 0.3604400345125108
69 0.36669542709232095
70 0.37661777394305435
71 0.38503019844693703
72 0.39236410698878343
73 0.3973252804141501
74 0.40638481449525454
75 0.41091458153580673
76 0.4147972389991372
77 0.4240724762726488
78 0.43377911993097495
79 0.43809318377911993
80 0.4469370146678171
81 0.45211389128559104
82 0.4616048317515099
83 0.4674288179465056
84 0.47648835202761003
85 0.47907679033649697
86 0.4818809318377912
87 0.48511647972389993
88 0.4905090595340811
89 0.503451251078516
90 0.5172562553925798
91 0.5237273511647972
92 0.5299827437446074
93 0.5325711820534944
94 0.5371009490940466
95 0.5429249352890423
96 0.5491803278688525
97 0.5552200172562554
98 0.5632010353753235
99 0.567083692838654
100 0.5655737704918032
101 0.5724762726488352
102 0.5750647109577222
103 0.5776531492666092
104 0.5789473684210527
105 0.5869283865401208
106 0.5933994823123382
107 0.5921052631578947
108 0.5938308886971527
109 0.5977135461604832
110 0.6022433132010354
111 0.6080672993960311
112 0.609792924935289
113 0.6119499568593615
114 0.614969801553063
115 0.6199309749784296
116 0.6244607420189818
117 0.6317946505608283
118 0.6339516824849007
119 0.6369715271786023
120 0.6371872303710094
121 0.6391285591026747
122 0.6445211389128559
123 0.6522864538395168
124 0.6531492666091459
125 0.660267471958585
126 0.661993097497843
127 0.6626402070750647
128 0.661130284728214
129 0.6673856773080241
130 0.6745038826574633
131 0.680327868852459
132 0.6807592752372735
133 0.6788179465056083
134 0.676876617773943
135 0.6783865401207938
136 0.6822691975841243
137 0.6852890422778257
138 0.6908973252804141
139 0.6867989646246765
140 0.688955996548749
141 0.691544434857636
142 0.6902502157031924
143 0.6917601380500431
144 0.6939171699741156
145 0.6969370146678171
146 0.7029767040552201
147 0.7068593615185504
148 0.7128990509059534
149 0.7085849870578085
150 0.7085849870578085
151 0.7088006902502157
152 0.7148403796376186
153 0.7215271786022434
154 0.7228213977566867
155 0.730802415875755
156 0.731665228645384
157 0.7333908541846419
158 0.7353321829163072
159 0.7381363244176014
160 0.7450388265746333
161 0.7446074201898188
162 0.7459016393442623
163 0.7437446074201898
164 0.7402933563416738
165 0.7402933563416738
166 0.7389991371872304
167 0.7400776531492667
168 0.7437446074201898
169 0.74137187230371
170 0.7426660914581535
171 0.7446074201898188
172 0.7435289042277826
173 0.7454702329594478
174 0.7510785159620362
175 0.7495685936151855
176 0.7493528904227783
177 0.7515099223468508
178 0.7528041415012943
179 0.750862812769629
180 0.743960310612597
181 0.7497842968075927
182 0.7495685936151855
183 0.7459016393442623
184 0.7478429680759275
185 0.7437446074201898
186 0.7409404659188956
187 0.7469801553062986
188 0.7426660914581535
189 0.7476272648835203
190 0.7530198446937014
191 0.7605694564279551
192 0.7612165660051768
193 0.7622950819672131
194 0.7642364106988784
195 0.7635893011216566
196 0.7603537532355479
197 0.7622950819672131
198 0.7642364106988784
199 0.7635893011216566
200 0.7661777394305436
201 0.7661777394305436
202 0.7715703192407247
203 0.7687661777394306
204 0.7702761000862812
205 0.7650992234685073
206 0.7670405522001725
207 0.7685504745470233
208 0.7681190681622088
209 0.7646678170836928
210 0.768334771354616
211 0.7663934426229508
212 0.7655306298533219
213 0.7605694564279551
214 0.7605694564279551
215 0.7581967213114754
216 0.7538826574633305
217 0.7592752372735116
218 0.7614322691975841
219 0.7545297670405522
220 0.7545297670405522
221 0.756039689387403
222 0.751725625539258
223 0.7532355478861087
224 0.7569025021570319
225 0.753451251078516
226 0.755176876617774
227 0.7590595340811044
228 0.7696289905090595
229 0.769197584124245
230 0.7687661777394306
231 0.769197584124245
232 0.7663934426229508
233 0.7728645383951682
234 0.7748058671268335
235 0.7737273511647972
236 0.7821397756686799
237 0.7801984469370147
238 0.7851596203623814
239 0.7812769628990509
240 0.7810612597066436
241 0.7819240724762726
242 0.7836496980155306
243 0.7791199309749784
244 0.7838654012079379
245 0.7797670405522001
246 0.7782571182053495
247 0.7821397756686799
248 0.7849439171699741
249 0.7864538395168249
250 0.7929249352890423
251 0.7849439171699741
252 0.7834339948231234
253 0.7871009490940466
254 0.7853753235547886
255 0.7864538395168249
256 0.7810612597066436
257 0.7799827437446074
258 0.7817083692838654
259 0.7907679033649698
260 0.7903364969801553
261 0.7914150129421915
262 0.7871009490940466
263 0.7786885245901639
264 0.7799827437446074
265 0.7801984469370147
266 0.7799827437446074
267 0.7795513373597929
268 0.7730802415875755
269 0.7713546160483176
270 0.770923209663503
271 0.7745901639344263
272 0.7810612597066436
273 0.7819240724762726
274 0.7814926660914582
275 0.7821397756686799
276 0.7855910267471958
277 0.7858067299396031
278 0.7789042277825712
279 0.7761000862812769
280 0.7765314926660914
281 0.7730802415875755
282 0.770923209663503
283 0.7728645383951682
284 0.7653149266609146
285 0.7676876617773943
286 0.7773943054357204
287 0.7840811044003452
288 0.7767471958584987
289 0.7776100086281277
290 0.7756686798964625
291 0.7780414150129422
292 0.7810612597066436
293 0.7771786022433133
294 0.7784728213977566
295 0.775237273511648
296 0.7786885245901639
297 0.7754529767040552
298 0.7750215703192407
299 0.7795513373597929
300 0.780414150129422
301 0.7750215703192407
302 0.775237273511648
303 0.7763157894736842
304 0.776962899050906
305 0.775237273511648
306 0.7782571182053495
307 0.7812769628990509
308 0.7871009490940466
309 0.7881794650560828
310 0.7916307161345988
311 0.7868852459016393
312 0.7827868852459017
313 0.7890422778257118
314 0.7924935289042278
315 0.792709232096635
316 0.7879637618636756
317 0.7899050905953409
318 0.7894736842105263
319 0.7873166522864539
320 0.7890422778257118
321 0.7922778257118205
322 0.7916307161345988
323 0.7933563416738568
324 0.792709232096635
325 0.7922778257118205
326 0.790120793787748
327 0.7940034512510785
328 0.7970232959447799
329 0.7933563416738568
330 0.7933563416738568
331 0.7970232959447799
332 0.792709232096635
333 0.7899050905953409
334 0.7868852459016393
335 0.7894736842105263
336 0.7909836065573771
337 0.7883951682484901
338 0.7914150129421915
339 0.7903364969801553
340 0.7855910267471958
341 0.7838654012079379
342 0.7877480586712683
343 0.7849439171699741
344 0.7806298533218292
345 0.7761000862812769
346 0.7745901639344263
347 0.7780414150129422
348 0.7801984469370147
349 0.7780414150129422
350 0.7797670405522001
351 0.7761000862812769
352 0.7771786022433133
353 0.7737273511647972
354 0.7821397756686799
355 0.7875323554788611
356 0.7881794650560828
357 0.7881794650560828
358 0.7879637618636756
359 0.7836496980155306
360 0.7773943054357204
361 0.7791199309749784
362 0.7830025884383088
363 0.7825711820534944
364 0.7864538395168249
365 0.7847282139775669
366 0.7883951682484901
367 0.7871009490940466
368 0.7853753235547886
369 0.790120793787748
370 0.7860224331320104
371 0.7899050905953409
372 0.7931406384814496
373 0.7916307161345988
374 0.7905522001725626
375 0.792709232096635
376 0.7948662640207075
377 0.7940034512510785
378 0.7959447799827437
379 0.7940034512510785
380 0.794434857635893
381 0.793572044866264
382 0.7916307161345988
383 0.7965918895599655
384 0.7929249352890423
385 0.7948662640207075
386 0.7937877480586712
387 0.7905522001725626
388 0.7871009490940466
389 0.7853753235547886
390 0.7899050905953409
391 0.7989646246764452
392 0.7985332182916307
393 0.7955133735979293
394 0.7909836065573771
395 0.7922778257118205
396 0.795297670405522
397 0.793572044866264
398 0.7965918895599655
399 0.7965918895599655
400 0.8030629853321829
401 0.8015530629853321
402 0.796160483175151
403 0.7993960310612597
404 0.7974547023295945
405 0.7916307161345988
406 0.7830025884383088
407 0.7864538395168249
408 0.7868852459016393
409 0.7845125107851596
410 0.7862381363244176
411 0.7892579810181191
412 0.7866695427092321
413 0.7814926660914582
414 0.7799827437446074
415 0.7810612597066436
416 0.7821397756686799
417 0.7771786022433133
418 0.7817083692838654
419 0.7814926660914582
420 0.7834339948231234
421 0.7868852459016393
422 0.7849439171699741
423 0.7840811044003452
424 0.7834339948231234
425 0.7849439171699741
426 0.7840811044003452
427 0.7896893874029336
428 0.7937877480586712
429 0.7866695427092321
430 0.7883951682484901
431 0.7858067299396031
432 0.7791199309749784
433 0.7808455565142364
434 0.7864538395168249
435 0.7883951682484901
436 0.7890422778257118
437 0.7896893874029336
438 0.7851596203623814
439 0.7847282139775669
440 0.7853753235547886
441 0.7883951682484901
442 0.7866695427092321
443 0.7881794650560828
444 0.7814926660914582
445 0.7806298533218292
446 0.7817083692838654
447 0.7801984469370147
448 0.7830025884383088
449 0.7864538395168249
450 0.7888265746333045
451 0.7875323554788611
452 0.7866695427092321
453 0.7933563416738568
454 0.7886108714408974
455 0.7903364969801553
456 0.7920621225194133
457 0.8011216566005177
458 0.795297670405522
459 0.792709232096635
460 0.7965918895599655
461 0.7868852459016393
462 0.7797670405522001
463 0.7810612597066436
464 0.7806298533218292
465 0.7791199309749784
466 0.7817083692838654
467 0.7842968075927523
468 0.7894736842105263
469 0.7873166522864539
470 0.7905522001725626
471 0.7883951682484901
472 0.7888265746333045
473 0.7808455565142364
474 0.7776100086281277
475 0.7866695427092321
476 0.7922778257118205
477 0.7950819672131147
478 0.794434857635893
479 0.7871009490940466
480 0.7892579810181191
481 0.7834339948231234
482 0.7801984469370147
483 0.7765314926660914
484 0.7741587575496117
485 0.7756686798964625
486 0.7786885245901639
487 0.7825711820534944
488 0.7817083692838654
489 0.7780414150129422
490 0.7795513373597929
491 0.7825711820534944
492 0.7825711820534944
493 0.7905522001725626
494 0.7875323554788611
495 0.7864538395168249
496 0.7851596203623814
497 0.7862381363244176
498 0.7868852459016393
499 0.7832182916307161
500 0.7812769628990509
501 0.7780414150129422
502 0.774374460742019
503 0.7700603968938741
504 0.7720017256255393
505 0.7694132873166523
506 0.7730802415875755
507 0.7795513373597929
508 0.7782571182053495
509 0.7776100086281277
510 0.7838654012079379
511 0.7817083692838654
512 0.7808455565142364
513 0.7776100086281277
514 0.7817083692838654
515 0.7834339948231234
516 0.7786885245901639
517 0.7737273511647972
518 0.7773943054357204
519 0.7808455565142364
520 0.7789042277825712
521 0.7825711820534944
522 0.7823554788610871
523 0.776962899050906
524 0.7791199309749784
525 0.7819240724762726
526 0.7741587575496117
527 0.775237273511648
528 0.7782571182053495
529 0.7795513373597929
530 0.7786885245901639
531 0.780414150129422
532 0.7799827437446074
533 0.7739430543572045
534 0.7739430543572045
535 0.7782571182053495
536 0.7838654012079379
537 0.7890422778257118
538 0.7877480586712683
539 0.7911993097497843
540 0.7892579810181191
541 0.7905522001725626
542 0.7894736842105263
543 0.7905522001725626
544 0.7929249352890423
545 0.7894736842105263
546 0.7909836065573771
547 0.7920621225194133
548 0.7920621225194133
549 0.7879637618636756
550 0.7868852459016393
551 0.7862381363244176
552 0.7842968075927523
553 0.7795513373597929
554 0.780414150129422
555 0.7780414150129422
556 0.7771786022433133
557 0.7776100086281277
558 0.7776100086281277
559 0.7823554788610871
560 0.7808455565142364
561 0.7838654012079379
562 0.7849439171699741
563 0.7789042277825712
564 0.7750215703192407
565 0.7840811044003452
566 0.7834339948231234
567 0.7830025884383088
568 0.7808455565142364
569 0.7784728213977566
570 0.7780414150129422
571 0.7784728213977566
572 0.7784728213977566
573 0.7773943054357204
574 0.7789042277825712
575 0.7842968075927523
576 0.780414150129422
577 0.7795513373597929
578 0.7817083692838654
579 0.7840811044003452
580 0.7810612597066436
581 0.7836496980155306
582 0.7814926660914582
583 0.7814926660914582
584 0.7886108714408974
585 0.7896893874029336
586 0.7890422778257118
587 0.7868852459016393
588 0.7918464193270061
589 0.7914150129421915
590 0.7896893874029336
591 0.7907679033649698
592 0.7914150129421915
593 0.794434857635893
594 0.7983175150992234
595 0.794434857635893
596 0.7933563416738568
597 0.7937877480586712
598 0.7950819672131147
599 0.7993960310612597
600 0.7922778257118205
601 0.790120793787748
602 0.7875323554788611
603 0.7842968075927523
604 0.7855910267471958
605 0.7834339948231234
606 0.7860224331320104
607 0.7920621225194133
608 0.7937877480586712
609 0.7924935289042278
610 0.792709232096635
611 0.7955133735979293
612 0.801337359792925
613 0.8030629853321829
614 0.7946505608283002
615 0.792709232096635
616 0.7950819672131147
617 0.7916307161345988
618 0.7909836065573771
619 0.7922778257118205
620 0.7955133735979293
621 0.7924935289042278
622 0.7942191544434858
623 0.7929249352890423
624 0.7888265746333045
625 0.7860224331320104
626 0.7845125107851596
627 0.7868852459016393
628 0.7860224331320104
629 0.7907679033649698
630 0.7862381363244176
631 0.7903364969801553
632 0.8009059534081104
633 0.8024158757549612
634 0.8002588438308887
635 0.7948662640207075
636 0.7968075927523728
637 0.7916307161345988
638 0.7894736842105263
639 0.7899050905953409
640 0.7911993097497843
641 0.7914150129421915
642 0.7911993097497843
643 0.7862381363244176
644 0.7851596203623814
645 0.7933563416738568
646 0.7916307161345988
647 0.7905522001725626
648 0.7920621225194133
649 0.7847282139775669
650 0.7806298533218292
651 0.7836496980155306
652 0.7817083692838654
653 0.7840811044003452
654 0.7892579810181191
655 0.790120793787748
656 0.7877480586712683
657 0.7845125107851596
658 0.7834339948231234
659 0.7873166522864539
660 0.7827868852459017
661 0.7812769628990509
662 0.7873166522864539
663 0.7894736842105263
664 0.7821397756686799
665 0.7868852459016393
666 0.7817083692838654
667 0.7748058671268335
668 0.7776100086281277
669 0.7819240724762726
670 0.7892579810181191
671 0.7851596203623814
672 0.7834339948231234
673 0.7858067299396031
674 0.7823554788610871
675 0.7823554788610871
676 0.7756686798964625
677 0.7745901639344263
678 0.7780414150129422
679 0.775237273511648
680 0.7782571182053495
681 0.7761000862812769
682 0.7797670405522001
683 0.7842968075927523
684 0.7791199309749784
685 0.7864538395168249
686 0.7845125107851596
687 0.7875323554788611
688 0.7814926660914582
689 0.7836496980155306
690 0.7827868852459017
691 0.7845125107851596
692 0.7786885245901639
693 0.7832182916307161
694 0.7819240724762726
695 0.7883951682484901
696 0.7842968075927523
697 0.7763157894736842
698 0.7799827437446074
699 0.7823554788610871
700 0.7830025884383088
