1 0.0004314063848144953
2 0.0012942191544434857
3 0.001725625539257981
4 0.0028041415012942193
5 0.003882657463330457
6 0.005176876617773943
7 0.008412424503882658
8 0.009275237273511648
9 0.009490940465918895
10 0.01186367558239862
11 0.01639344262295082
12 0.019413287316652286
13 0.02113891285591027
14 0.022217428817946507
15 0.024158757549611734
16 0.028041415012942193
17 0.03192407247627265
18 0.034296807592752374
19 0.03882657463330457
20 0.0407679033649698
21 0.04616048317515099
22 0.052847282139775666
23 0.05737704918032787
24 0.062122519413287315
25 0.06708369283865401
26 0.0729076790336497
27 0.0778688524590164
28 0.0815358067299396
29 0.08390854184641933
30 0.08843830888697153
31 0.09490940465918896
32 0.09943917169974116
33 0.10547886108714409
34 0.10936151855047455
35 0.11647972389991372
36 0.12208800690250216
37 0.12402933563416739
38 0.13244176013805004
39 0.14279551337359792
40 0.1486194995685936
41 0.15681622088006902
42 0.16242450388265747
43 0.16781708369283865
44 0.1721311475409836
45 0.17687661777394306
46 0.18507333908541845
47 0.19132873166522865
48 0.19909404659188956
49 0.20621225194132872
50 0.21721311475409835
51 0.2223899913718723
52 0.23101811906816222
53 0.23490077653149266
54 0.24331320103537532
55 0.2540983606557377
56 0.25841242450388263
57 0.26380500431406384
58 0.2756686798964625
59 0.28235547886108714
60 0.2929249352890423
61 0.2981018119068162
62 0.30371009490940465
63 0.3114754098360656
64 0.317946505608283
65 0.319672131147541
66 0.3259275237273512
67 0.33757549611734256
68 0.34490940465918896
69 0.3574201898188093
70 0.3643226919758412
71 0.36669542709232095
72 0.37489214840379637
73 0.38503019844693703
74 0.3971095772217429
75 0.40185504745470235
76 0.4057377049180328
77 0.4089732528041415
78 0.4130716134598792
79 0.42062122519413286
80 0.42515099223468505
81 0.42773943054357205
82 0.43226919758412424
83 0.44068162208800693
84 0.4499568593615185
85 0.453839516824849
86 0.4557808455565142
87 0.46203623813632444
88 0.46764452113891286
89 0.4758412424503883
90 0.4831751509922347
91 0.4885677308024159
92 0.4909404659188956
93 0.499137187230371
94 0.5084124245038827
95 0.5116479723899914
96 0.5181190681622088
97 0.5213546160483176
98 0.5220017256255393
99 0.5239430543572045
100 0.5349439171699741
101 0.5358067299396031
102 0.5351596203623814
103 0.5446505608283002
104 0.5502588438308887
105 0.558455565142364
106 0.5614754098360656
107 0.563632441760138
108 0.5739861949956859
109 0.5761432269197584
110 0.5841242450388265
111 0.588006902502157
112 0.5895168248490078
113 0.5957722174288179
114 0.5970664365832614
115 0.597497842968076
116 0.6011647972389992
117 0.6048317515099223
118 0.6110871440897325
119 0.6134598792062123
120 0.618421052631579
121 0.6244607420189818
122 0.6298533218291631
123 0.635893011216566
124 0.636755823986195
125 0.6408541846419327
126 0.6466781708369284
127 0.6481880931837791
128 0.6531492666091459
129 0.6578947368421053
130 0.6553062985332183
131 0.6563848144952545
132 0.6553062985332183
133 0.6639344262295082
134 0.6710526315789473
135 0.6710526315789473
136 0.6721311475409836
137 0.6755823986194995
138 0.6738567730802416
139 0.6786022433132011
140 0.6867989646246765
141 0.688955996548749
142 0.6835634167385677
143 0.686367558239862
144 0.688955996548749
145 0.6878774805867127
146 0.6930543572044866
147 0.6902502157031924
148 0.6865832614322692
149 0.6945642795513374
150 0.6969370146678171
151 0.701251078515962
152 0.7034081104400345
153 0.7053494391716998
154 0.7100949094046591
155 0.7210957722174288
156 0.7236842105263158
157 0.7187230371009491
158 0.7167817083692839
159 0.7133304572907679
160 0.7202329594477999
161 0.7223899913718723
162 0.7176445211389129
163 0.724762726488352
164 0.719585849870578
165 0.7208800690250216
166 0.7223899913718723
167 0.7193701466781708
168 0.7271354616048318
169 0.7275668679896462
170 0.7320966350301984
171 0.7303710094909405
172 0.7295081967213115
173 0.7333908541846419
174 0.7314495254529767
175 0.725625539257981
176 0.727351164797239
177 0.724762726488352
178 0.7262726488352028
179 0.729076790336497
180 0.7303710094909405
181 0.7279982743744607
182 0.7249784296807593
183 0.7241156169111302
184 0.7223899913718723
185 0.727351164797239
186 0.7320966350301984
187 0.7288610871440897
188 0.7318809318377912
189 0.7295081967213115
190 0.729076790336497
191 0.728213977566868
192 0.7357635893011216
193 0.7327437446074202
194 0.7325280414150129
195 0.7389991371872304
196 0.7370578084555651
197 0.7353321829163072
198 0.7353321829163072
199 0.7368421052631579
200 0.7446074201898188
201 0.750862812769629
202 0.75
203 0.7487057808455565
204 0.7538826574633305
205 0.7540983606557377
206 0.7471958584987057
207 0.7409404659188956
208 0.7430974978429681
209 0.7484900776531492
210 0.7547454702329595
211 0.7599223468507333
212 0.7674719585849871
213 0.7679033649698016
214 0.7676876617773943
215 0.7674719585849871
216 0.769197584124245
217 0.768334771354616
218 0.7724331320103538
219 0.770923209663503
220 0.7668248490077653
221 0.7661777394305436
222 0.7745901639344263
223 0.7834339948231234
224 0.7756686798964625
225 0.7758843830888698
226 0.7750215703192407
227 0.7704918032786885
228 0.7702761000862812
229 0.7622950819672131
230 0.7603537532355479
231 0.7573339085418465
232 0.7573339085418465
233 0.7620793787748059
234 0.7616479723899914
235 0.7603537532355479
236 0.7618636755823986
237 0.7569025021570319
238 0.7575496117342536
239 0.7607851596203624
240 0.7549611734253667
241 0.7612165660051768
242 0.7646678170836928
243 0.7698446937014668
244 0.7776100086281277
245 0.7674719585849871
246 0.7689818809318378
247 0.772648835202761
248 0.7754529767040552
249 0.7836496980155306
250 0.7853753235547886
251 0.7776100086281277
252 0.777825711820535
253 0.7773943054357204
254 0.7793356341673857
255 0.7782571182053495
256 0.7877480586712683
257 0.7842968075927523
258 0.7748058671268335
259 0.772648835202761
260 0.7728645383951682
261 0.7724331320103538
262 0.7724331320103538
263 0.7754529767040552
264 0.7773943054357204
265 0.7780414150129422
266 0.7758843830888698
267 0.7782571182053495
268 0.7786885245901639
269 0.7761000862812769
270 0.7756686798964625
271 0.775237273511648
272 0.7722174288179465
273 0.7679033649698016
274 0.7741587575496117
275 0.7754529767040552
276 0.7702761000862812
277 0.7614322691975841
278 0.7670405522001725
279 0.7737273511647972
280 0.7666091458153581
281 0.770923209663503
282 0.7750215703192407
283 0.772648835202761
284 0.7767471958584987
285 0.7773943054357204
286 0.7754529767040552
287 0.7728645383951682
288 0.7724331320103538
289 0.7696289905090595
290 0.7724331320103538
291 0.7715703192407247
292 0.7702761000862812
293 0.7745901639344263
294 0.7767471958584987
295 0.7849439171699741
296 0.7836496980155306
297 0.7847282139775669
298 0.7784728213977566
299 0.7825711820534944
300 0.7797670405522001
301 0.7821397756686799
302 0.777825711820535
303 0.7765314926660914
304 0.7741587575496117
305 0.7776100086281277
306 0.7750215703192407
307 0.7756686798964625
308 0.7728645383951682
309 0.7758843830888698
310 0.7763157894736842
311 0.7767471958584987
312 0.7761000862812769
313 0.7763157894736842
314 0.7795513373597929
315 0.7812769628990509
316 0.7817083692838654
317 0.7754529767040552
318 0.7724331320103538
319 0.775237273511648
320 0.7797670405522001
321 0.7754529767040552
322 0.7789042277825712
323 0.7728645383951682
324 0.769197584124245
325 0.7687661777394306
326 0.7754529767040552
327 0.7806298533218292
328 0.7786885245901639
329 0.7758843830888698
330 0.7791199309749784
331 0.7782571182053495
332 0.775237273511648
333 0.7786885245901639
334 0.7795513373597929
335 0.7797670405522001
336 0.7773943054357204
337 0.7789042277825712
338 0.7886108714408974
339 0.7812769628990509
340 0.7825711820534944
341 0.7840811044003452
342 0.7821397756686799
343 0.7873166522864539
344 0.7801984469370147
345 0.7739430543572045
346 0.7737273511647972
347 0.7748058671268335
348 0.7761000862812769
349 0.7795513373597929
350 0.7750215703192407
351 0.7758843830888698
352 0.7786885245901639
353 0.776962899050906
354 0.776962899050906
355 0.7791199309749784
356 0.7799827437446074
357 0.7810612597066436
358 0.7834339948231234
359 0.7795513373597929
360 0.7776100086281277
361 0.7814926660914582
362 0.7871009490940466
363 0.7888265746333045
364 0.7860224331320104
365 0.7890422778257118
366 0.7886108714408974
367 0.7866695427092321
368 0.7842968075927523
369 0.7916307161345988
370 0.7877480586712683
371 0.7838654012079379
372 0.7886108714408974
373 0.7899050905953409
374 0.7907679033649698
375 0.7847282139775669
376 0.7868852459016393
377 0.7892579810181191
378 0.7879637618636756
379 0.7903364969801553
380 0.7911993097497843
381 0.7871009490940466
382 0.7940034512510785
383 0.7840811044003452
384 0.7883951682484901
385 0.7858067299396031
386 0.7860224331320104
387 0.7896893874029336
388 0.7873166522864539
389 0.7907679033649698
390 0.7974547023295945
391 0.7924935289042278
392 0.7840811044003452
393 0.7838654012079379
394 0.7819240724762726
395 0.7860224331320104
396 0.7883951682484901
397 0.7849439171699741
398 0.790120793787748
399 0.7965918895599655
400 0.7940034512510785
401 0.8015530629853321
402 0.7968075927523728
403 0.7970232959447799
404 0.7924935289042278
405 0.7920621225194133
406 0.7871009490940466
407 0.7795513373597929
408 0.7847282139775669
409 0.7830025884383088
410 0.7819240724762726
411 0.7786885245901639
412 0.7810612597066436
413 0.7845125107851596
414 0.7791199309749784
415 0.7797670405522001
416 0.7821397756686799
417 0.777825711820535
418 0.7730802415875755
419 0.7806298533218292
420 0.7786885245901639
421 0.7853753235547886
422 0.7845125107851596
423 0.7817083692838654
424 0.7789042277825712
425 0.7767471958584987
426 0.7765314926660914
427 0.772648835202761
428 0.771786022433132
429 0.775237273511648
430 0.7810612597066436
431 0.7771786022433133
432 0.7806298533218292
433 0.7825711820534944
434 0.7851596203623814
435 0.7862381363244176
436 0.7862381363244176
437 0.7830025884383088
438 0.7845125107851596
439 0.7780414150129422
440 0.7842968075927523
441 0.7801984469370147
442 0.7799827437446074
443 0.7791199309749784
444 0.7866695427092321
445 0.7842968075927523
446 0.7834339948231234
447 0.7782571182053495
448 0.7825711820534944
449 0.7855910267471958
450 0.7903364969801553
451 0.7892579810181191
452 0.7886108714408974
453 0.7860224331320104
454 0.7929249352890423
455 0.792709232096635
456 0.792709232096635
457 0.7905522001725626
458 0.7873166522864539
459 0.7862381363244176
460 0.7819240724762726
461 0.7758843830888698
462 0.7728645383951682
463 0.7780414150129422
464 0.777825711820535
465 0.7739430543572045
466 0.7771786022433133
467 0.777825711820535
468 0.7728645383951682
469 0.7715703192407247
470 0.7782571182053495
471 0.7825711820534944
472 0.7894736842105263
473 0.7840811044003452
474 0.7834339948231234
475 0.7851596203623814
476 0.7838654012079379
477 0.7819240724762726
478 0.7871009490940466
479 0.7896893874029336
480 0.7830025884383088
481 0.7855910267471958
482 0.7847282139775669
483 0.7862381363244176
484 0.7883951682484901
485 0.7957290767903364
486 0.794434857635893
487 0.7929249352890423
488 0.796160483175151
489 0.7950819672131147
490 0.7931406384814496
491 0.7883951682484901
492 0.7842968075927523
493 0.7806298533218292
494 0.7864538395168249
495 0.7819240724762726
496 0.7797670405522001
497 0.7823554788610871
498 0.7832182916307161
499 0.7845125107851596
500 0.7814926660914582
501 0.7830025884383088
502 0.7862381363244176
503 0.792709232096635
504 0.7963761863675582
505 0.794434857635893
506 0.8017687661777394
507 0.801337359792925
508 0.8000431406384815
509 0.7996117342536669
510 0.7998274374460742
511 0.7991803278688525
512 0.7890422778257118
513 0.7890422778257118
514 0.7827868852459017
515 0.7877480586712683
516 0.7866695427092321
517 0.7871009490940466
518 0.7873166522864539
519 0.7842968075927523
520 0.7860224331320104
521 0.7834339948231234
522 0.7834339948231234
523 0.7853753235547886
524 0.7860224331320104
525 0.7894736842105263
526 0.7868852459016393
527 0.7832182916307161
528 0.7821397756686799
529 0.7771786022433133
530 0.7789042277825712
531 0.7797670405522001
532 0.7832182916307161
533 0.7849439171699741
534 0.7840811044003452
535 0.7840811044003452
536 0.7771786022433133
537 0.7776100086281277
538 0.7750215703192407
539 0.7773943054357204
540 0.7849439171699741
541 0.7866695427092321
542 0.7819240724762726
543 0.7773943054357204
544 0.7817083692838654
545 0.7817083692838654
546 0.7728645383951682
547 0.774374460742019
548 0.7756686798964625
549 0.77351164797239
550 0.7748058671268335
551 0.7687661777394306
552 0.7642364106988784
553 0.7631578947368421
554 0.7696289905090595
555 0.7728645383951682
556 0.7801984469370147
557 0.7797670405522001
558 0.780414150129422
559 0.7877480586712683
560 0.7823554788610871
561 0.7851596203623814
562 0.7830025884383088
563 0.780414150129422
564 0.7840811044003452
565 0.7845125107851596
566 0.7840811044003452
567 0.7858067299396031
568 0.7799827437446074
569 0.7789042277825712
570 0.7832182916307161
571 0.7806298533218292
572 0.7847282139775669
573 0.7834339948231234
574 0.7840811044003452
575 0.7888265746333045
576 0.7883951682484901
577 0.7853753235547886
578 0.7894736842105263
579 0.7879637618636756
580 0.7840811044003452
581 0.7817083692838654
582 0.7847282139775669
583 0.7886108714408974
584 0.7862381363244176
585 0.7748058671268335
586 0.7748058671268335
587 0.7763157894736842
588 0.7786885245901639
589 0.7795513373597929
590 0.7819240724762726
591 0.7821397756686799
592 0.7825711820534944
593 0.7806298533218292
594 0.7834339948231234
595 0.7875323554788611
596 0.7888265746333045
597 0.7851596203623814
598 0.7868852459016393
599 0.7873166522864539
600 0.7864538395168249
601 0.7903364969801553
602 0.7896893874029336
603 0.7894736842105263
604 0.7868852459016393
605 0.7847282139775669
606 0.7890422778257118
607 0.7879637618636756
608 0.7853753235547886
609 0.7916307161345988
610 0.7916307161345988
611 0.7922778257118205
612 0.7896893874029336
613 0.792709232096635
614 0.7851596203623814
615 0.7864538395168249
616 0.7866695427092321
617 0.7879637618636756
618 0.7840811044003452
619 0.7801984469370147
620 0.7756686798964625
621 0.7739430543572045
622 0.7748058671268335
623 0.7771786022433133
624 0.7758843830888698
625 0.7853753235547886
626 0.7814926660914582
627 0.7834339948231234
628 0.77351164797239
629 0.7732959447799828
630 0.769197584124245
631 0.7711389128559103
632 0.7666091458153581
633 0.7702761000862812
634 0.7707075064710958
635 0.774374460742019
636 0.7732959447799828
637 0.7715703192407247
638 0.7676876617773943
639 0.7650992234685073
640 0.7620793787748059
641 0.768334771354616
642 0.7638050043140638
643 0.7648835202761001
644 0.7681190681622088
645 0.7715703192407247
646 0.769197584124245
647 0.7650992234685073
648 0.7650992234685073
649 0.7670405522001725
650 0.7676876617773943
651 0.774374460742019
652 0.7782571182053495
653 0.7817083692838654
654 0.7786885245901639
655 0.7810612597066436
656 0.7849439171699741
657 0.7776100086281277
658 0.7793356341673857
659 0.7797670405522001
660 0.7836496980155306
661 0.7821397756686799
662 0.7806298533218292
663 0.7795513373597929
664 0.7793356341673857
665 0.7840811044003452
666 0.7855910267471958
667 0.7832182916307161
668 0.7871009490940466
669 0.7832182916307161
670 0.7812769628990509
671 0.7761000862812769
672 0.7793356341673857
673 0.7830025884383088
674 0.7776100086281277
675 0.7793356341673857
676 0.7782571182053495
677 0.7806298533218292
678 0.7821397756686799
679 0.7808455565142364
680 0.7814926660914582
681 0.7707075064710958
682 0.7767471958584987
683 0.7754529767040552
684 0.7756686798964625
685 0.7797670405522001
686 0.7847282139775669
687 0.7851596203623814
688 0.7896893874029336
689 0.7946505608283002
690 0.7864538395168249
691 0.7875323554788611
692 0.7888265746333045
693 0.7864538395168249
694 0.7827868852459017
695 0.7834339948231234
696 0.7866695427092321
697 0.7899050905953409
698 0.7838654012079379
699 0.7784728213977566
700 0.7819240724762726
