1 0.0006471095772217428
2 0.0015099223468507334
3 0.0021570319240724763
4 0.0030198446937014668
5 0.004098360655737705
6 0.004961173425366695
7 0.004745470232959448
8 0.005823986194995686
9 0.007118205349439172
10 0.008412424503882658
11 0.009706643658326143
12 0.01100086281276963
13 0.011432269197584125
14 0.012295081967213115
15 0.014020707506471096
16 0.013589301121656601
17 0.015530629853321829
18 0.017471958584987058
19 0.02113891285591027
20 0.022648835202761
21 0.02372735116479724
22 0.02545297670405522
23 0.025884383088869714
24 0.029767040552200173
25 0.030414150129421915
26 0.031492666091458156
27 0.034296807592752374
28 0.03710094909404659
29 0.039473684210526314
30 0.04357204486626402
31 0.04723899913718723
32 0.05069025021570319
33 0.05414150129421916
34 0.057808455565142365
35 0.06018119068162209
36 0.06471095772217429
37 0.067946505608283
38 0.07204486626402071
39 0.0778688524590164
40 0.08304572907679034
41 0.08908541846419327
42 0.09404659188955997
43 0.09943917169974116
44 0.10763589301121657
45 0.11130284728213978
46 0.11712683347713546
47 0.12402933563416739
48 0.13157894736842105
49 0.13783433994823124
50 0.14775668679896461
51 0.15811044003451252
52 0.16501294219154444
53 0.17062122519413286
54 0.17881794650560828
55 0.18895599654874892
56 0.19413287316652286
57 0.1993097497842968
58 0.2088006902502157
59 0.21246764452113892
60 0.22131147540983606
61 0.22713546160483175
62 0.2351164797238999
63 0.25021570319240727
64 0.2603537532355479
65 0.26380500431406384
66 0.2670405522001726
67 0.27653149266609145
68 0.2801984469370147
69 0.28731665228645387
70 0.30090595340811044
71 0.30457290767903367
72 0.31363244176013805
73 0.317946505608283
74 0.32312338222605697
75 0.33541846419327004
76 0.3513805004314064
77 0.3600086281276963
78 0.3671268334771355
79 0.3723037100949094
80 0.3770491803278688
81 0.37920621225194134
82 0.3871872303710095
83 0.39063848144952545
84 0.3925798101811907
85 0.408541846419327
86 0.4126402070750647
87 0.41911130284728215
88 0.42730802415875757
89 0.4314063848144953
90 0.43917169974115616
91 0.4415444348576359
92 0.44672131147540983
93 0.454702329594478
94 0.4633304572907679
95 0.47303710094909407
96 0.477351164797239
97 0.4840379637618637
98 0.4898619499568594
99 0.49374460742018983
100 0.49611734253666956
101 0.501725625539258
102 0.5084124245038827
103 0.5174719585849871
104 0.52351164797239
105 0.525237273511648
106 0.5323554788610871
107 0.5371009490940466
108 0.5345125107851596
109 0.540120793787748
110 0.5431406384814496
111 0.5491803278688525
112 0.5571613459879207
113 0.5612597066436583
114 0.564495254529767
115 0.566220880069025
116 0.5701035375323554
117 0.5759275237273511
118 0.5765746333045729
119 0.5856341673856773
120 0.5910267471958585
121 0.5992234685073339
122 0.6037532355478861
123 0.607204486626402
124 0.6050474547023296
125 0.6035375323554789
126 0.6089301121656601
127 0.614969801553063
128 0.6145383951682485
129 0.6175582398619499
130 0.6255392579810182
131 0.6292062122519413
132 0.6356773080241588
133 0.639344262295082
134 0.6354616048317515
135 0.6430112165660051
136 0.6462467644521139
137 0.6492666091458154
138 0.6555220017256256
139 0.6615616911130284
140 0.660267471958585
141 0.6583261432269197
142 0.657679033649698
143 0.6654443485763589
144 0.6678170836928387
145 0.6740724762726489
146 0.6745038826574633
147 0.6827006039689387
148 0.6842105263157895
149 0.6846419327006039
150 0.6850733390854185
151 0.688955996548749
152 0.6887402933563417
153 0.6867989646246765
154 0.6887402933563417
155 0.6906816220880069
156 0.7008196721311475
157 0.7075064710957722
158 0.705565142364107
159 0.7096635030198447
160 0.709879206212252
161 0.7150560828300259
162 0.719585849870578
163 0.7208800690250216
164 0.724762726488352
165 0.7215271786022434
166 0.7243313201035375
167 0.7305867126833477
168 0.7349007765314927
169 0.7420189818809318
170 0.7409404659188956
171 0.7387834339948232
172 0.7318809318377912
173 0.7299396031061259
174 0.7323123382226057
175 0.7344693701466781
176 0.7370578084555651
177 0.7387834339948232
178 0.7325280414150129
179 0.7387834339948232
180 0.7303710094909405
181 0.7297238999137188
182 0.734253666954271
183 0.7381363244176014
184 0.7405090595340811
185 0.7379206212251941
186 0.7394305435720449
187 0.7461173425366695
188 0.753451251078516
189 0.7506471095772217
190 0.7547454702329595
191 0.7571182053494392
192 0.7577653149266609
193 0.7577653149266609
194 0.7618636755823986
195 0.7642364106988784
196 0.7631578947368421
197 0.7631578947368421
198 0.7646678170836928
199 0.7635893011216566
200 0.7577653149266609
201 0.7519413287316652
202 0.7519413287316652
203 0.7532355478861087
204 0.7478429680759275
205 0.7476272648835203
206 0.7495685936151855
207 0.7506471095772217
208 0.748274374460742
209 0.7443917169974116
210 0.7487057808455565
211 0.7478429680759275
212 0.7497842968075927
213 0.749137187230371
214 0.7558239861949957
215 0.7512942191544435
216 0.7519413287316652
217 0.7590595340811044
218 0.7599223468507333
219 0.7577653149266609
220 0.7629421915444349
221 0.7640207075064711
222 0.7711389128559103
223 0.7674719585849871
224 0.768334771354616
225 0.7674719585849871
226 0.7761000862812769
227 0.7808455565142364
228 0.7724331320103538
229 0.7715703192407247
230 0.7713546160483176
231 0.7614322691975841
232 0.7612165660051768
233 0.7627264883520276
234 0.7672562553925798
235 0.768334771354616
236 0.7681190681622088
237 0.7702761000862812
238 0.7681190681622088
239 0.768334771354616
240 0.7687661777394306
241 0.7670405522001725
242 0.7659620362381363
243 0.7694132873166523
244 0.770923209663503
245 0.7689818809318378
246 0.7635893011216566
247 0.7676876617773943
248 0.7622950819672131
249 0.7685504745470233
250 0.7670405522001725
251 0.7722174288179465
252 0.7672562553925798
253 0.7685504745470233
254 0.7698446937014668
255 0.7765314926660914
256 0.7741587575496117
257 0.7707075064710958
258 0.7728645383951682
259 0.7771786022433133
260 0.7745901639344263
261 0.7825711820534944
262 0.7853753235547886
263 0.7875323554788611
264 0.7892579810181191
265 0.7827868852459017
266 0.7860224331320104
267 0.7842968075927523
268 0.7799827437446074
269 0.7773943054357204
270 0.7799827437446074
271 0.7827868852459017
272 0.7890422778257118
273 0.7834339948231234
274 0.7836496980155306
275 0.7821397756686799
276 0.7797670405522001
277 0.7823554788610871
278 0.7761000862812769
279 0.7817083692838654
280 0.7832182916307161
281 0.7881794650560828
282 0.7786885245901639
283 0.7793356341673857
284 0.7767471958584987
285 0.7737273511647972
286 0.7730802415875755
287 0.7739430543572045
288 0.7737273511647972
289 0.7685504745470233
290 0.7711389128559103
291 0.7758843830888698
292 0.7810612597066436
293 0.7793356341673857
294 0.7756686798964625
295 0.7748058671268335
296 0.7761000862812769
297 0.774374460742019
298 0.7698446937014668
299 0.7622950819672131
300 0.7631578947368421
301 0.7694132873166523
302 0.7702761000862812
303 0.7629421915444349
304 0.7679033649698016
305 0.7635893011216566
306 0.7700603968938741
307 0.7694132873166523
308 0.7707075064710958
309 0.7741587575496117
310 0.775237273511648
311 0.7698446937014668
312 0.7707075064710958
313 0.774374460742019
314 0.7737273511647972
315 0.7756686798964625
316 0.7819240724762726
317 0.7793356341673857
318 0.7748058671268335
319 0.7720017256255393
320 0.770923209663503
321 0.7707075064710958
322 0.7681190681622088
323 0.7663934426229508
324 0.7704918032786885
325 0.7704918032786885
326 0.7748058671268335
327 0.7780414150129422
328 0.7830025884383088
329 0.7842968075927523
330 0.7832182916307161
331 0.7834339948231234
332 0.7784728213977566
333 0.7817083692838654
334 0.7899050905953409
335 0.7849439171699741
336 0.7838654012079379
337 0.7879637618636756
338 0.7881794650560828
339 0.7896893874029336
340 0.7922778257118205
341 0.7879637618636756
342 0.7830025884383088
343 0.7761000862812769
344 0.7795513373597929
345 0.7786885245901639
346 0.7776100086281277
347 0.7737273511647972
348 0.7767471958584987
349 0.7823554788610871
350 0.7773943054357204
351 0.7745901639344263
352 0.7741587575496117
353 0.7771786022433133
354 0.77351164797239
355 0.7704918032786885
356 0.7713546160483176
357 0.7812769628990509
358 0.7832182916307161
359 0.7754529767040552
360 0.772648835202761
361 0.7732959447799828
362 0.7786885245901639
363 0.7748058671268335
364 0.777825711820535
365 0.7789042277825712
366 0.7808455565142364
367 0.7862381363244176
368 0.7886108714408974
369 0.7836496980155306
370 0.7836496980155306
371 0.7784728213977566
372 0.7812769628990509
373 0.780414150129422
374 0.780414150129422
375 0.7810612597066436
376 0.7890422778257118
377 0.7890422778257118
378 0.7860224331320104
379 0.7862381363244176
380 0.7834339948231234
381 0.7819240724762726
382 0.7741587575496117
383 0.7711389128559103
384 0.771786022433132
385 0.7687661777394306
386 0.7685504745470233
387 0.7737273511647972
388 0.7771786022433133
389 0.7771786022433133
390 0.7812769628990509
391 0.7836496980155306
392 0.7879637618636756
393 0.7909836065573771
394 0.7851596203623814
395 0.7834339948231234
396 0.7773943054357204
397 0.7773943054357204
398 0.7776100086281277
399 0.7821397756686799
400 0.7817083692838654
401 0.7825711820534944
402 0.7853753235547886
403 0.792709232096635
404 0.7842968075927523
405 0.7883951682484901
406 0.7881794650560828
407 0.7896893874029336
408 0.793572044866264
409 0.7909836065573771
410 0.7890422778257118
411 0.7877480586712683
412 0.7851596203623814
413 0.7929249352890423
414 0.7924935289042278
415 0.7942191544434858
416 0.7894736842105263
417 0.7948662640207075
418 0.793572044866264
419 0.7899050905953409
420 0.7847282139775669
421 0.7827868852459017
422 0.7825711820534944
423 0.7830025884383088
424 0.7849439171699741
425 0.7793356341673857
426 0.7767471958584987
427 0.7823554788610871
428 0.7825711820534944
429 0.7903364969801553
430 0.7920621225194133
431 0.7886108714408974
432 0.7903364969801553
433 0.7903364969801553
434 0.7871009490940466
435 0.7892579810181191
436 0.7924935289042278
437 0.7946505608283002
438 0.7993960310612597
439 0.7974547023295945
440 0.7937877480586712
441 0.7916307161345988
442 0.7903364969801553
443 0.7937877480586712
444 0.7957290767903364
445 0.7899050905953409
446 0.7849439171699741
447 0.7879637618636756
448 0.790120793787748
449 0.795297670405522
450 0.7933563416738568
451 0.7911993097497843
452 0.7983175150992234
453 0.7996117342536669
454 0.7955133735979293
455 0.7896893874029336
456 0.7888265746333045
457 0.7922778257118205
458 0.7918464193270061
459 0.7881794650560828
460 0.7918464193270061
461 0.7940034512510785
462 0.7948662640207075
463 0.7970232959447799
464 0.7968075927523728
465 0.7970232959447799
466 0.7983175150992234
467 0.7950819672131147
468 0.797886108714409
469 0.7942191544434858
470 0.7974547023295945
471 0.7931406384814496
472 0.7899050905953409
473 0.796160483175151
474 0.7996117342536669
475 0.798748921484038
476 0.7911993097497843
477 0.7914150129421915
478 0.8019844693701467
479 0.801337359792925
480 0.8011216566005177
481 0.7920621225194133
482 0.7955133735979293
483 0.7959447799827437
484 0.7946505608283002
485 0.790120793787748
486 0.7929249352890423
487 0.7998274374460742
488 0.7963761863675582
489 0.7918464193270061
490 0.7845125107851596
491 0.7955133735979293
492 0.7909836065573771
493 0.7959447799827437
494 0.7946505608283002
495 0.7948662640207075
496 0.7942191544434858
497 0.7959447799827437
498 0.7955133735979293
499 0.7940034512510785
500 0.8022001725625539
501 0.795297670405522
502 0.8009059534081104
503 0.8000431406384815
504 0.7974547023295945
505 0.7862381363244176
506 0.7903364969801553
507 0.7914150129421915
508 0.7903364969801553
509 0.7946505608283002
510 0.7955133735979293
511 0.8034943917169974
512 0.8069456427955134
513 0.8043572044866264
514 0.7985332182916307
515 0.8034943917169974
516 0.8011216566005177
517 0.8006902502157032
518 0.7972389991371872
519 0.7946505608283002
520 0.8017687661777394
521 0.7996117342536669
522 0.8011216566005177
523 0.8052200172562554
524 0.8065142364106989
525 0.8062985332182916
526 0.8050043140638481
527 0.8043572044866264
528 0.8002588438308887
529 0.7989646246764452
530 0.7989646246764452
531 0.8034943917169974
532 0.7965918895599655
533 0.7993960310612597
534 0.7989646246764452
535 0.7998274374460742
536 0.8080241587575496
537 0.8011216566005177
538 0.7974547023295945
539 0.7983175150992234
540 0.7970232959447799
541 0.797886108714409
542 0.7976704055220017
543 0.7942191544434858
544 0.7942191544434858
545 0.7985332182916307
546 0.8034943917169974
547 0.8024158757549612
548 0.8022001725625539
549 0.8060828300258844
550 0.8028472821397756
551 0.8019844693701467
552 0.8017687661777394
553 0.801337359792925
554 0.8045729076790337
555 0.8069456427955134
556 0.8045729076790337
557 0.8039257981018119
558 0.7963761863675582
559 0.7957290767903364
560 0.7963761863675582
561 0.792709232096635
562 0.7955133735979293
563 0.7970232959447799
564 0.7931406384814496
565 0.7940034512510785
566 0.7963761863675582
567 0.7968075927523728
568 0.7959447799827437
569 0.7955133735979293
570 0.7899050905953409
571 0.790120793787748
572 0.7879637618636756
573 0.7814926660914582
574 0.7823554788610871
575 0.7864538395168249
576 0.7873166522864539
577 0.7905522001725626
578 0.7931406384814496
579 0.7942191544434858
580 0.7924935289042278
581 0.7868852459016393
582 0.7875323554788611
583 0.7883951682484901
584 0.7909836065573771
585 0.7864538395168249
586 0.790120793787748
587 0.7914150129421915
588 0.7903364969801553
589 0.7892579810181191
590 0.7957290767903364
591 0.7948662640207075
592 0.7875323554788611
593 0.7875323554788611
594 0.7894736842105263
595 0.7883951682484901
596 0.7963761863675582
597 0.7965918895599655
598 0.7972389991371872
599 0.7883951682484901
600 0.7864538395168249
601 0.7871009490940466
602 0.7914150129421915
603 0.792709232096635
604 0.7911993097497843
605 0.7946505608283002
606 0.7940034512510785
607 0.7914150129421915
608 0.794434857635893
609 0.790120793787748
610 0.7914150129421915
611 0.7877480586712683
612 0.7855910267471958
613 0.7877480586712683
614 0.7808455565142364
615 0.7866695427092321
616 0.7765314926660914
617 0.776962899050906
618 0.7773943054357204
619 0.7810612597066436
620 0.7860224331320104
621 0.7879637618636756
622 0.780414150129422
623 0.7722174288179465
624 0.7737273511647972
625 0.780414150129422
626 0.7851596203623814
627 0.7860224331320104
628 0.7801984469370147
629 0.7761000862812769
630 0.772648835202761
631 0.7817083692838654
632 0.7756686798964625
633 0.7761000862812769
634 0.7776100086281277
635 0.7827868852459017
636 0.7851596203623814
637 0.7892579810181191
638 0.7892579810181191
639 0.7871009490940466
640 0.7853753235547886
641 0.7819240724762726
642 0.7849439171699741
643 0.7830025884383088
644 0.7793356341673857
645 0.7754529767040552
646 0.7739430543572045
647 0.7696289905090595
648 0.776962899050906
649 0.7797670405522001
650 0.7808455565142364
651 0.7754529767040552
652 0.7782571182053495
653 0.7849439171699741
654 0.7911993097497843
655 0.7899050905953409
656 0.7879637618636756
657 0.7946505608283002
658 0.7905522001725626
659 0.7899050905953409
660 0.7959447799827437
661 0.7922778257118205
662 0.7937877480586712
663 0.7950819672131147
664 0.7883951682484901
665 0.7881794650560828
666 0.7929249352890423
667 0.7918464193270061
668 0.7922778257118205
669 0.7905522001725626
670 0.794434857635893
671 0.7909836065573771
672 0.7881794650560828
673 0.7933563416738568
674 0.7892579810181191
675 0.790120793787748
676 0.7817083692838654
677 0.7782571182053495
678 0.7797670405522001
679 0.7842968075927523
680 0.7868852459016393
681 0.7819240724762726
682 0.7871009490940466
683 0.7883951682484901
684 0.7892579810181191
685 0.7918464193270061
686 0.7894736842105263
687 0.7871009490940466
688 0.7888265746333045
689 0.7836496980155306
690 0.7773943054357204
691 0.7817083692838654
692 0.7825711820534944
693 0.7868852459016393
694 0.795297670405522
695 0.7916307161345988
696 0.7948662640207075
697 0.7940034512510785
698 0.7993960310612597
699 0.7970232959447799
700 0.796160483175151
