1 0.0004314063848144953
2 0.0004314063848144953
3 0.0008628127696289905
4 0.0012942191544434857
5 0.0012942191544434857
6 0.0019413287316652286
7 0.001725625539257981
8 0.0021570319240724763
9 0.0032355478861087143
10 0.004961173425366695
11 0.0064710957722174285
12 0.006902502157031924
13 0.008412424503882658
14 0.010353753235547885
15 0.011216566005176877
16 0.012510785159620362
17 0.013373597929249352
18 0.013589301121656601
19 0.015314926660914581
20 0.0181190681622088
21 0.019413287316652286
22 0.023295944779982744
23 0.026962899050905955
24 0.029551337359792925
25 0.03364969801553063
26 0.03710094909404659
27 0.04227782571182054
28 0.04918032786885246
29 0.05263157894736842
30 0.056945642795513375
31 0.06255392579810182
32 0.07053494391716997
33 0.07420189818809318
34 0.0778688524590164
35 0.08498705780845557
36 0.091458153580673
37 0.10094909404659189
38 0.11173425366695428
39 0.11712683347713546
40 0.1231665228645384
41 0.13071613459879206
42 0.13848144952545297
43 0.14516824849007764
44 0.15163934426229508
45 0.16177739430543572
46 0.16867989646246764
47 0.1770923209663503
48 0.18464193270060397
49 0.1943485763589301
50 0.20276100086281276
51 0.20987920621225195
52 0.21440897325280414
53 0.22109577221742882
54 0.2286453839516825
55 0.23662640207075064
56 0.24439171699741155
57 0.25215703192407246
58 0.2573339085418464
59 0.2668248490077653
60 0.2722174288179465
61 0.2797670405522002
62 0.28731665228645387
63 0.2974547023295945
64 0.3028472821397757
65 0.3147109577221743
66 0.3239861949956859
67 0.33045729076790337
68 0.3364969801553063
69 0.3444779982743745
70 0.3515962036238136
71 0.35785159620362383
72 0.362381363244176
73 0.3671268334771355
74 0.3742450388265746
75 0.3802847282139776
76 0.38654012079378774
77 0.39495254529767043
78 0.40595340811044006
79 0.411130284728214
80 0.41522864538395166
81 0.4238567730802416
82 0.4344262295081967
83 0.44089732528041414
84 0.4469370146678171
85 0.45901639344262296
86 0.4715271786022433
87 0.47907679033649697
88 0.48748921484037966
89 0.49245038826574633
90 0.499137187230371
91 0.5071182053494392
92 0.5120793787748059
93 0.5168248490077653
94 0.5213546160483176
95 0.5293356341673857
96 0.5422778257118205
97 0.5519844693701467
98 0.5541415012942191
99 0.5627696289905091
100 0.5742018981880932
101 0.5819672131147541
102 0.5871440897325281
103 0.589732528041415
104 0.5933994823123382
105 0.5916738567730803
106 0.5977135461604832
107 0.6007333908541846
108 0.6026747195858498
109 0.610655737704918
110 0.6188524590163934
111 0.614106988783434
112 0.6162640207075065
113 0.6171268334771355
114 0.6223037100949094
115 0.631578947368421
116 0.6328731665228645
117 0.6337359792924935
118 0.6384814495254529
119 0.639344262295082
120 0.6371872303710094
121 0.6410698878343399
122 0.6473252804141502
123 0.6516393442622951
124 0.6561691113028473
125 0.6591889559965487
126 0.6574633304572908
127 0.6643658326143227
128 0.6656600517687662
129 0.6712683347713546
130 0.6729939603106126
131 0.6745038826574633
132 0.6734253666954271
133 0.6779551337359793
134 0.6859361518550474
135 0.691544434857636
136 0.6971527178602244
137 0.6975841242450388
138 0.7034081104400345
139 0.7036238136324418
140 0.7044866264020707
141 0.7066436583261432
142 0.7081535806729939
143 0.709879206212252
144 0.7169974115616912
145 0.7219585849870578
146 0.7198015530629853
147 0.7251941328731665
148 0.730802415875755
149 0.7310181190681622
150 0.7236842105263158
151 0.7305867126833477
152 0.7331751509922347
153 0.7327437446074202
154 0.7325280414150129
155 0.7284296807592753
156 0.7329594477998275
157 0.731665228645384
158 0.7277825711820535
159 0.7351164797238999
160 0.7357635893011216
161 0.7320966350301984
162 0.7314495254529767
163 0.7349007765314927
164 0.7355478861087144
165 0.7402933563416738
166 0.746548748921484
167 0.7461173425366695
168 0.7480586712683348
169 0.7433132010353753
170 0.7441760138050043
171 0.7456859361518551
172 0.752588438308887
173 0.7566867989646247
174 0.7594909404659189
175 0.7631578947368421
176 0.7622950819672131
177 0.7640207075064711
178 0.7644521138912856
179 0.7607851596203624
180 0.750862812769629
181 0.751725625539258
182 0.7577653149266609
183 0.7584124245038827
184 0.7549611734253667
185 0.7538826574633305
186 0.7510785159620362
187 0.7521570319240725
188 0.7543140638481449
189 0.7558239861949957
190 0.7543140638481449
191 0.7597066436583262
192 0.7603537532355479
193 0.7676876617773943
194 0.7696289905090595
195 0.774374460742019
196 0.7689818809318378
197 0.7685504745470233
198 0.7730802415875755
199 0.7685504745470233
200 0.7610008628127696
201 0.7633735979292493
202 0.765746333045729
203 0.7666091458153581
204 0.7648835202761001
205 0.7650992234685073
206 0.7696289905090595
207 0.7663934426229508
208 0.7642364106988784
209 0.769197584124245
210 0.7648835202761001
211 0.7685504745470233
212 0.7711389128559103
213 0.77351164797239
214 0.7780414150129422
215 0.7793356341673857
216 0.7782571182053495
217 0.7817083692838654
218 0.7771786022433133
219 0.7737273511647972
220 0.7773943054357204
221 0.7793356341673857
222 0.776962899050906
223 0.7711389128559103
224 0.7668248490077653
225 0.7653149266609146
226 0.7694132873166523
227 0.775237273511648
228 0.777825711820535
229 0.7823554788610871
230 0.7819240724762726
231 0.7810612597066436
232 0.7739430543572045
233 0.7687661777394306
234 0.7739430543572045
235 0.770923209663503
236 0.7696289905090595
237 0.7696289905090595
238 0.769197584124245
239 0.7715703192407247
240 0.768334771354616
241 0.7661777394305436
242 0.7700603968938741
243 0.770923209663503
244 0.7741587575496117
245 0.7739430543572045
246 0.777825711820535
247 0.7801984469370147
248 0.7836496980155306
249 0.7801984469370147
250 0.7786885245901639
251 0.7791199309749784
252 0.7737273511647972
253 0.7754529767040552
254 0.77351164797239
255 0.7694132873166523
256 0.7711389128559103
257 0.7707075064710958
258 0.7696289905090595
259 0.7724331320103538
260 0.7737273511647972
261 0.7724331320103538
262 0.7750215703192407
263 0.7754529767040552
264 0.7696289905090595
265 0.770923209663503
266 0.7782571182053495
267 0.7741587575496117
268 0.7732959447799828
269 0.7767471958584987
270 0.7791199309749784
271 0.7756686798964625
272 0.768334771354616
273 0.7758843830888698
274 0.7786885245901639
275 0.7836496980155306
276 0.7907679033649698
277 0.7819240724762726
278 0.7847282139775669
279 0.7860224331320104
280 0.7812769628990509
281 0.7896893874029336
282 0.7879637618636756
283 0.7879637618636756
284 0.7871009490940466
285 0.7832182916307161
286 0.7851596203623814
287 0.7873166522864539
288 0.7877480586712683
289 0.7909836065573771
290 0.7905522001725626
291 0.7868852459016393
292 0.7827868852459017
293 0.7776100086281277
294 0.776962899050906
295 0.7756686798964625
296 0.7756686798964625
297 0.7773943054357204
298 0.7836496980155306
299 0.7823554788610871
300 0.777825711820535
301 0.7771786022433133
302 0.7763157894736842
303 0.7832182916307161
304 0.7780414150129422
305 0.7776100086281277
306 0.7795513373597929
307 0.7842968075927523
308 0.7840811044003452
309 0.7817083692838654
310 0.7871009490940466
311 0.7834339948231234
312 0.7858067299396031
313 0.7866695427092321
314 0.7864538395168249
315 0.7924935289042278
316 0.7959447799827437
317 0.7907679033649698
318 0.7855910267471958
319 0.7864538395168249
320 0.7849439171699741
321 0.7767471958584987
322 0.7786885245901639
323 0.7791199309749784
324 0.7765314926660914
325 0.7789042277825712
326 0.7847282139775669
327 0.7864538395168249
328 0.7883951682484901
329 0.7780414150129422
330 0.7780414150129422
331 0.7767471958584987
332 0.7808455565142364
333 0.7812769628990509
334 0.7871009490940466
335 0.790120793787748
336 0.7950819672131147
337 0.7907679033649698
338 0.793572044866264
339 0.7911993097497843
340 0.7909836065573771
341 0.7905522001725626
342 0.7929249352890423
343 0.7890422778257118
344 0.7905522001725626
345 0.7909836065573771
346 0.7842968075927523
347 0.7789042277825712
348 0.7862381363244176
349 0.7890422778257118
350 0.7877480586712683
351 0.7888265746333045
352 0.7905522001725626
353 0.7871009490940466
354 0.7864538395168249
355 0.7959447799827437
356 0.7974547023295945
357 0.7970232959447799
358 0.7922778257118205
359 0.7920621225194133
360 0.7933563416738568
361 0.7922778257118205
362 0.796160483175151
363 0.7950819672131147
364 0.7888265746333045
365 0.7883951682484901
366 0.7892579810181191
367 0.7853753235547886
368 0.7864538395168249
369 0.7896893874029336
370 0.790120793787748
371 0.7940034512510785
372 0.7873166522864539
373 0.7909836065573771
374 0.792709232096635
375 0.7924935289042278
376 0.7888265746333045
377 0.7853753235547886
378 0.7864538395168249
379 0.7905522001725626
380 0.7918464193270061
381 0.7924935289042278
382 0.7888265746333045
383 0.7836496980155306
384 0.7879637618636756
385 0.7933563416738568
386 0.7860224331320104
387 0.7890422778257118
388 0.7871009490940466
389 0.7873166522864539
390 0.7873166522864539
391 0.7858067299396031
392 0.7812769628990509
393 0.776962899050906
394 0.7879637618636756
395 0.7860224331320104
396 0.7827868852459017
397 0.7842968075927523
398 0.7827868852459017
399 0.7877480586712683
400 0.7924935289042278
401 0.792709232096635
402 0.7924935289042278
403 0.7983175150992234
404 0.796160483175151
405 0.7914150129421915
406 0.7937877480586712
407 0.7890422778257118
408 0.7907679033649698
409 0.7914150129421915
410 0.7903364969801553
411 0.7847282139775669
412 0.7847282139775669
413 0.7825711820534944
414 0.7793356341673857
415 0.7789042277825712
416 0.777825711820535
417 0.7832182916307161
418 0.7851596203623814
419 0.7812769628990509
420 0.790120793787748
421 0.7948662640207075
422 0.7914150129421915
423 0.7911993097497843
424 0.7918464193270061
425 0.7903364969801553
426 0.7914150129421915
427 0.7883951682484901
428 0.7894736842105263
429 0.7946505608283002
430 0.7896893874029336
431 0.7950819672131147
432 0.7903364969801553
433 0.7896893874029336
434 0.7907679033649698
435 0.798748921484038
436 0.7940034512510785
437 0.7955133735979293
438 0.7974547023295945
439 0.7965918895599655
440 0.7968075927523728
441 0.7920621225194133
442 0.7918464193270061
443 0.7914150129421915
444 0.7918464193270061
445 0.7873166522864539
446 0.7860224331320104
447 0.7834339948231234
448 0.7808455565142364
449 0.7875323554788611
450 0.7942191544434858
451 0.7924935289042278
452 0.7890422778257118
453 0.7853753235547886
454 0.7864538395168249
455 0.7832182916307161
456 0.7830025884383088
457 0.7862381363244176
458 0.7866695427092321
459 0.7911993097497843
460 0.7855910267471958
461 0.7761000862812769
462 0.770923209663503
463 0.7784728213977566
464 0.7801984469370147
465 0.7821397756686799
466 0.780414150129422
467 0.7812769628990509
468 0.7810612597066436
469 0.7799827437446074
470 0.7840811044003452
471 0.7866695427092321
472 0.7845125107851596
473 0.7879637618636756
474 0.7812769628990509
475 0.7819240724762726
476 0.7836496980155306
477 0.7791199309749784
478 0.7858067299396031
479 0.777825711820535
480 0.775237273511648
481 0.7765314926660914
482 0.7789042277825712
483 0.780414150129422
484 0.7847282139775669
485 0.7873166522864539
486 0.7890422778257118
487 0.7920621225194133
488 0.7862381363244176
489 0.780414150129422
490 0.7890422778257118
491 0.7883951682484901
492 0.7888265746333045
493 0.7892579810181191
494 0.7894736842105263
495 0.7920621225194133
496 0.7881794650560828
497 0.7903364969801553
498 0.7914150129421915
499 0.7916307161345988
500 0.7899050905953409
501 0.7879637618636756
502 0.7924935289042278
503 0.7968075927523728
504 0.7976704055220017
505 0.8022001725625539
506 0.8006902502157032
507 0.8032786885245902
508 0.8011216566005177
509 0.8047886108714409
510 0.8017687661777394
511 0.8039257981018119
512 0.8032786885245902
513 0.7963761863675582
514 0.7955133735979293
515 0.795297670405522
516 0.7963761863675582
517 0.7862381363244176
518 0.7903364969801553
519 0.7855910267471958
520 0.7842968075927523
521 0.7866695427092321
522 0.7855910267471958
523 0.7793356341673857
524 0.7849439171699741
525 0.7801984469370147
526 0.7810612597066436
527 0.7810612597066436
528 0.7827868852459017
529 0.7851596203623814
530 0.7834339948231234
531 0.7814926660914582
532 0.7858067299396031
533 0.7858067299396031
534 0.7866695427092321
535 0.7911993097497843
536 0.7907679033649698
537 0.7832182916307161
538 0.7821397756686799
539 0.7899050905953409
540 0.7942191544434858
541 0.7879637618636756
542 0.7924935289042278
543 0.7924935289042278
544 0.7937877480586712
545 0.793572044866264
546 0.7851596203623814
547 0.780414150129422
548 0.7858067299396031
549 0.7864538395168249
550 0.7847282139775669
551 0.7851596203623814
552 0.7832182916307161
553 0.7916307161345988
554 0.7879637618636756
555 0.7840811044003452
556 0.7830025884383088
557 0.7810612597066436
558 0.7810612597066436
559 0.7823554788610871
560 0.7855910267471958
561 0.7855910267471958
562 0.7916307161345988
563 0.795297670405522
564 0.7864538395168249
565 0.7817083692838654
566 0.7836496980155306
567 0.7836496980155306
568 0.7840811044003452
569 0.7819240724762726
570 0.7821397756686799
571 0.780414150129422
572 0.7814926660914582
573 0.7838654012079379
574 0.7868852459016393
575 0.7849439171699741
576 0.7830025884383088
577 0.7858067299396031
578 0.7860224331320104
579 0.7866695427092321
580 0.7832182916307161
581 0.7873166522864539
582 0.8000431406384815
583 0.7972389991371872
584 0.7976704055220017
585 0.794434857635893
586 0.7909836065573771
587 0.7881794650560828
588 0.7875323554788611
589 0.7864538395168249
590 0.7830025884383088
591 0.7842968075927523
592 0.7810612597066436
593 0.7840811044003452
594 0.7883951682484901
595 0.7845125107851596
596 0.7864538395168249
597 0.7855910267471958
598 0.7840811044003452
599 0.7851596203623814
600 0.7825711820534944
601 0.7892579810181191
602 0.7892579810181191
603 0.792709232096635
604 0.7940034512510785
605 0.7940034512510785
606 0.7996117342536669
607 0.7970232959447799
608 0.7886108714408974
609 0.7827868852459017
610 0.7862381363244176
611 0.7892579810181191
612 0.7845125107851596
613 0.7873166522864539
614 0.7847282139775669
615 0.7851596203623814
616 0.7866695427092321
617 0.7836496980155306
618 0.7879637618636756
619 0.792709232096635
620 0.7946505608283002
621 0.7981018119068162
622 0.796160483175151
623 0.7937877480586712
624 0.7911993097497843
625 0.7907679033649698
626 0.7879637618636756
627 0.7896893874029336
628 0.7842968075927523
629 0.7817083692838654
630 0.7849439171699741
631 0.7875323554788611
632 0.7896893874029336
633 0.7881794650560828
634 0.7881794650560828
635 0.7827868852459017
636 0.7806298533218292
637 0.7799827437446074
638 0.7860224331320104
639 0.7875323554788611
640 0.7853753235547886
641 0.780414150129422
642 0.7801984469370147
643 0.7750215703192407
644 0.7776100086281277
645 0.7773943054357204
646 0.7808455565142364
647 0.777825711820535
648 0.7780414150129422
649 0.7834339948231234
650 0.7836496980155306
651 0.7849439171699741
652 0.7855910267471958
653 0.7899050905953409
654 0.7920621225194133
655 0.7855910267471958
656 0.7860224331320104
657 0.7855910267471958
658 0.7836496980155306
659 0.7814926660914582
660 0.7842968075927523
661 0.7909836065573771
662 0.794434857635893
663 0.7911993097497843
664 0.7968075927523728
665 0.7989646246764452
666 0.7937877480586712
667 0.7877480586712683
668 0.7858067299396031
669 0.7834339948231234
670 0.7875323554788611
671 0.7845125107851596
672 0.7855910267471958
673 0.7795513373597929
674 0.7808455565142364
675 0.7795513373597929
676 0.7808455565142364
677 0.7851596203623814
678 0.7838654012079379
679 0.7866695427092321
680 0.7855910267471958
681 0.780414150129422
682 0.7819240724762726
683 0.7789042277825712
684 0.7767471958584987
685 0.7763157894736842
686 0.7806298533218292
687 0.7830025884383088
688 0.7814926660914582
689 0.7821397756686799
690 0.7780414150129422
691 0.7782571182053495
692 0.7858067299396031
693 0.7834339948231234
694 0.7806298533218292
695 0.7748058671268335
696 0.7713546160483176
697 0.7739430543572045
698 0.768334771354616
699 0.7711389128559103
700 0.7789042277825712
