1 0.0004314063848144953
2 0.0008628127696289905
3 0.0010785159620362382
4 0.0030198446937014668
5 0.0028041415012942193
6 0.0045297670405522
7 0.006255392579810181
8 0.007333908541846419
9 0.008628127696289905
10 0.010569456427955135
11 0.01186367558239862
12 0.013589301121656601
13 0.015962036238136326
14 0.018334771354616048
15 0.02178602243313201
16 0.02286453839516825
17 0.026747195858498704
18 0.028904227782571183
19 0.032355478861087146
20 0.03645383951682485
21 0.0407679033649698
22 0.043356341673856776
23 0.04918032786885246
24 0.05263157894736842
25 0.05759275237273512
26 0.06406384814495254
27 0.07118205349439172
28 0.07463330457290768
29 0.08067299396031061
30 0.08520276100086281
31 0.09296807592752372
32 0.1000862812769629
33 0.10806729939603106
34 0.11626402070750647
35 0.1231665228645384
36 0.12553925798101812
37 0.13438308886971528
38 0.14193270060396893
39 0.15099223468507333
40 0.15616911130284727
41 0.16673856773080242
42 0.17817083692838653
43 0.18313201035375323
44 0.18830888697152717
45 0.19607420189818808
46 0.2042709232096635
47 0.21397756686798963
48 0.22217428817946505
49 0.23382226056945643
50 0.24072476272648835
51 0.2504314063848145
52 0.2571182053494392
53 0.26919758412424505
54 0.2804141501294219
55 0.2862381363244176
56 0.2948662640207075
57 0.3058671268334771
58 0.31212251941328734
59 0.31643658326143226
60 0.3254961173425367
61 0.3358498705780846
62 0.3384383088869715
63 0.34987057808455563
64 0.35396893874029334
65 0.3604400345125108
66 0.37510785159620363
67 0.38352027610008627
68 0.38934426229508196
69 0.39516824849007764
70 0.40962036238136323
71 0.4115616911130285
72 0.41738567730802417
73 0.42903364969801555
74 0.4383088869715272
75 0.4424072476272649
76 0.4497411561691113
77 0.4613891285591027
78 0.46527178602243313
79 0.4743313201035375
80 0.4844693701466782
81 0.48792062122519414
82 0.49158757549611737
83 0.4954702329594478
84 0.5047454702329595
85 0.5131578947368421
86 0.5189818809318378
87 0.5256686798964625
88 0.5327868852459017
89 0.5429249352890423
90 0.5500431406384815
91 0.5515530629853321
92 0.5537100949094047
93 0.5578084555651424
94 0.5672993960310613
95 0.5742018981880932
96 0.5759275237273511
97 0.5793787748058671
98 0.5839085418464194
99 0.5916738567730803
100 0.5959879206212252
101 0.5998705780845557
102 0.5983606557377049
103 0.6061259706643658
104 0.6037532355478861
105 0.6115185504745471
106 0.6179896462467644
107 0.6233822260569456
108 0.618421052631579
109 0.6210094909404659
110 0.6207937877480587
111 0.6264020707506471
112 0.6328731665228645
113 0.6322260569456428
114 0.6348144952545298
115 0.6339516824849007
116 0.6348144952545298
117 0.6406384814495254
118 0.6507765314926661
119 0.6531492666091459
120 0.6628559102674719
121 0.6708369283865401
122 0.6684641932700603
123 0.6678170836928387
124 0.6630716134598792
125 0.6632873166522865
126 0.6647972389991372
127 0.6643658326143227
128 0.6667385677308024
129 0.6719154443485763
130 0.6760138050043141
131 0.6762295081967213
132 0.6773080241587576
133 0.6738567730802416
134 0.6712683347713546
135 0.6699741156169111
136 0.6770923209663503
137 0.6844262295081968
138 0.683779119930975
139 0.6831320103537533
140 0.6827006039689387
141 0.6809749784296808
142 0.6824849007765315
143 0.681190681622088
144 0.6876617773943055
145 0.6896031061259706
146 0.6949956859361519
147 0.6960742018981881
148 0.6969370146678171
149 0.698662640207075
150 0.703839516824849
151 0.7051337359792925
152 0.7103106125970664
153 0.7187230371009491
154 0.7232528041415013
155 0.7249784296807593
156 0.7241156169111302
157 0.7258412424503883
158 0.7284296807592753
159 0.7305867126833477
160 0.7279982743744607
161 0.7254098360655737
162 0.7251941328731665
163 0.7279982743744607
164 0.7262726488352028
165 0.7310181190681622
166 0.7355478861087144
167 0.7295081967213115
168 0.7286453839516824
169 0.7305867126833477
170 0.7349007765314927
171 0.7407247627264884
172 0.7441760138050043
173 0.747411561691113
174 0.7484900776531492
175 0.7502157031924073
176 0.7512942191544435
177 0.7540983606557377
178 0.752588438308887
179 0.7506471095772217
180 0.7452545297670405
181 0.7463330457290768
182 0.7515099223468508
183 0.75862812769629
184 0.7629421915444349
185 0.7547454702329595
186 0.7547454702329595
187 0.75862812769629
188 0.7571182053494392
189 0.7607851596203624
190 0.7638050043140638
191 0.7655306298533219
192 0.765746333045729
193 0.7720017256255393
194 0.775237273511648
195 0.7765314926660914
196 0.7767471958584987
197 0.7681190681622088
198 0.7648835202761001
199 0.7704918032786885
200 0.7635893011216566
201 0.7618636755823986
202 0.7629421915444349
203 0.7633735979292493
204 0.7761000862812769
205 0.7810612597066436
206 0.7786885245901639
207 0.777825711820535
208 0.7799827437446074
209 0.7832182916307161
210 0.7894736842105263
211 0.7836496980155306
212 0.7823554788610871
213 0.777825711820535
214 0.7793356341673857
215 0.7784728213977566
216 0.7814926660914582
217 0.7761000862812769
218 0.7732959447799828
219 0.776962899050906
220 0.7799827437446074
221 0.7761000862812769
222 0.7758843830888698
223 0.7821397756686799
224 0.7847282139775669
225 0.7860224331320104
226 0.780414150129422
227 0.7801984469370147
228 0.7855910267471958
229 0.7909836065573771
230 0.7940034512510785
231 0.7942191544434858
232 0.7996117342536669
233 0.7996117342536669
234 0.7924935289042278
235 0.7903364969801553
236 0.7834339948231234
237 0.7817083692838654
238 0.7789042277825712
239 0.7825711820534944
240 0.7862381363244176
241 0.7855910267471958
242 0.7808455565142364
243 0.7847282139775669
244 0.7823554788610871
245 0.780414150129422
246 0.7776100086281277
247 0.7832182916307161
248 0.7832182916307161
249 0.7836496980155306
250 0.7814926660914582
251 0.7905522001725626
252 0.7905522001725626
253 0.7909836065573771
254 0.7916307161345988
255 0.7890422778257118
256 0.7909836065573771
257 0.7875323554788611
258 0.7946505608283002
259 0.7855910267471958
260 0.7883951682484901
261 0.7905522001725626
262 0.7922778257118205
263 0.7899050905953409
264 0.7860224331320104
265 0.7853753235547886
266 0.7821397756686799
267 0.7801984469370147
268 0.7767471958584987
269 0.7687661777394306
270 0.7704918032786885
271 0.7679033649698016
272 0.765746333045729
273 0.7642364106988784
274 0.7638050043140638
275 0.7635893011216566
276 0.7715703192407247
277 0.7758843830888698
278 0.7741587575496117
279 0.7780414150129422
280 0.7784728213977566
281 0.7748058671268335
282 0.7786885245901639
283 0.7786885245901639
284 0.7765314926660914
285 0.7795513373597929
286 0.7801984469370147
287 0.7773943054357204
288 0.7728645383951682
289 0.7756686798964625
290 0.7799827437446074
291 0.7797670405522001
292 0.7797670405522001
293 0.77351164797239
294 0.7715703192407247
295 0.7750215703192407
296 0.7786885245901639
297 0.7834339948231234
298 0.7830025884383088
299 0.7795513373597929
300 0.7838654012079379
301 0.7868852459016393
302 0.7838654012079379
303 0.7801984469370147
304 0.7808455565142364
305 0.7830025884383088
306 0.7842968075927523
307 0.7877480586712683
308 0.7877480586712683
309 0.7827868852459017
310 0.7892579810181191
311 0.7890422778257118
312 0.7933563416738568
313 0.794434857635893
314 0.798748921484038
315 0.7963761863675582
316 0.7920621225194133
317 0.7942191544434858
318 0.793572044866264
319 0.7883951682484901
320 0.7832182916307161
321 0.780414150129422
322 0.7819240724762726
323 0.7840811044003452
324 0.7821397756686799
325 0.7875323554788611
326 0.7838654012079379
327 0.7849439171699741
328 0.7793356341673857
329 0.7838654012079379
330 0.7849439171699741
331 0.7851596203623814
332 0.7801984469370147
333 0.7808455565142364
334 0.775237273511648
335 0.775237273511648
336 0.77351164797239
337 0.774374460742019
338 0.776962899050906
339 0.7808455565142364
340 0.7819240724762726
341 0.7830025884383088
342 0.7845125107851596
343 0.777825711820535
344 0.7780414150129422
345 0.7866695427092321
346 0.7825711820534944
347 0.7823554788610871
348 0.7825711820534944
349 0.7745901639344263
350 0.7713546160483176
351 0.7720017256255393
352 0.7722174288179465
353 0.7784728213977566
354 0.7765314926660914
355 0.7789042277825712
356 0.7780414150129422
357 0.7795513373597929
358 0.7808455565142364
359 0.7838654012079379
360 0.7758843830888698
361 0.7758843830888698
362 0.7763157894736842
363 0.7780414150129422
364 0.7838654012079379
365 0.7806298533218292
366 0.7834339948231234
367 0.7845125107851596
368 0.7838654012079379
369 0.7858067299396031
370 0.7834339948231234
371 0.7847282139775669
372 0.7877480586712683
373 0.7864538395168249
374 0.7875323554788611
375 0.7827868852459017
376 0.7916307161345988
377 0.7879637618636756
378 0.7937877480586712
379 0.7905522001725626
380 0.7970232959447799
381 0.7918464193270061
382 0.7922778257118205
383 0.7983175150992234
384 0.792709232096635
385 0.7976704055220017
386 0.794434857635893
387 0.7888265746333045
388 0.7868852459016393
389 0.7806298533218292
390 0.7842968075927523
391 0.7864538395168249
392 0.7823554788610871
393 0.7855910267471958
394 0.7834339948231234
395 0.7797670405522001
396 0.7763157894736842
397 0.7748058671268335
398 0.7786885245901639
399 0.777825711820535
400 0.7836496980155306
401 0.7830025884383088
402 0.7868852459016393
403 0.7834339948231234
404 0.7834339948231234
405 0.7879637618636756
406 0.7892579810181191
407 0.793572044866264
408 0.7924935289042278
409 0.7955133735979293
410 0.7899050905953409
411 0.7883951682484901
412 0.7905522001725626
413 0.7879637618636756
414 0.7914150129421915
415 0.7918464193270061
416 0.7940034512510785
417 0.792709232096635
418 0.7933563416738568
419 0.7864538395168249
420 0.7834339948231234
421 0.7825711820534944
422 0.793572044866264
423 0.7888265746333045
424 0.7946505608283002
425 0.7922778257118205
426 0.7929249352890423
427 0.7911993097497843
428 0.7890422778257118
429 0.7851596203623814
430 0.7907679033649698
431 0.7996117342536669
432 0.7957290767903364
433 0.8004745470232959
434 0.8032786885245902
435 0.8058671268334772
436 0.7996117342536669
437 0.7991803278688525
438 0.7981018119068162
439 0.7942191544434858
440 0.7905522001725626
441 0.7916307161345988
442 0.7909836065573771
443 0.797886108714409
444 0.7931406384814496
445 0.7879637618636756
446 0.7864538395168249
447 0.7914150129421915
448 0.7931406384814496
449 0.7909836065573771
450 0.7879637618636756
451 0.7877480586712683
452 0.7855910267471958
453 0.7853753235547886
454 0.7842968075927523
455 0.7890422778257118
456 0.7886108714408974
457 0.7797670405522001
458 0.7866695427092321
459 0.7849439171699741
460 0.7827868852459017
461 0.7853753235547886
462 0.7858067299396031
463 0.7825711820534944
464 0.7771786022433133
465 0.7715703192407247
466 0.7771786022433133
467 0.7814926660914582
468 0.7786885245901639
469 0.7763157894736842
470 0.7817083692838654
471 0.7890422778257118
472 0.7827868852459017
473 0.7808455565142364
474 0.7855910267471958
475 0.7817083692838654
476 0.7842968075927523
477 0.7832182916307161
478 0.7842968075927523
479 0.7871009490940466
480 0.7914150129421915
481 0.7875323554788611
482 0.7924935289042278
483 0.7886108714408974
484 0.7886108714408974
485 0.7847282139775669
486 0.7877480586712683
487 0.7875323554788611
488 0.7929249352890423
489 0.7989646246764452
490 0.7929249352890423
491 0.7924935289042278
492 0.7937877480586712
493 0.7933563416738568
494 0.792709232096635
495 0.792709232096635
496 0.7871009490940466
497 0.7858067299396031
498 0.7825711820534944
499 0.7821397756686799
500 0.792709232096635
501 0.795297670405522
502 0.7981018119068162
503 0.7922778257118205
504 0.7914150129421915
505 0.795297670405522
506 0.7914150129421915
507 0.7942191544434858
508 0.796160483175151
509 0.7937877480586712
510 0.7875323554788611
511 0.7907679033649698
512 0.7899050905953409
513 0.7862381363244176
514 0.780414150129422
515 0.7853753235547886
516 0.7862381363244176
517 0.7814926660914582
518 0.7808455565142364
519 0.7819240724762726
520 0.7808455565142364
521 0.7784728213977566
522 0.7827868852459017
523 0.7855910267471958
524 0.7903364969801553
525 0.7858067299396031
526 0.7855910267471958
527 0.7836496980155306
528 0.7879637618636756
529 0.7909836065573771
530 0.7879637618636756
531 0.7842968075927523
532 0.7924935289042278
533 0.7981018119068162
534 0.8022001725625539
535 0.7993960310612597
536 0.795297670405522
537 0.7918464193270061
538 0.7950819672131147
539 0.7983175150992234
540 0.7965918895599655
541 0.792709232096635
542 0.7965918895599655
543 0.8011216566005177
544 0.7983175150992234
545 0.7985332182916307
546 0.7991803278688525
547 0.8015530629853321
548 0.8065142364106989
549 0.8071613459879207
550 0.8047886108714409
551 0.8030629853321829
552 0.8043572044866264
553 0.8026315789473685
554 0.797886108714409
555 0.7959447799827437
556 0.7940034512510785
557 0.7968075927523728
558 0.7931406384814496
559 0.7903364969801553
560 0.7931406384814496
561 0.7931406384814496
562 0.7866695427092321
563 0.7879637618636756
564 0.7899050905953409
565 0.7849439171699741
566 0.7849439171699741
567 0.7847282139775669
568 0.7836496980155306
569 0.7883951682484901
570 0.7942191544434858
571 0.7905522001725626
572 0.7937877480586712
573 0.796160483175151
574 0.7942191544434858
575 0.792709232096635
576 0.7916307161345988
577 0.7866695427092321
578 0.7909836065573771
579 0.7918464193270061
580 0.7929249352890423
581 0.7896893874029336
582 0.7823554788610871
583 0.7866695427092321
584 0.7907679033649698
585 0.7920621225194133
586 0.7853753235547886
587 0.7845125107851596
588 0.7855910267471958
589 0.7808455565142364
590 0.7855910267471958
591 0.7871009490940466
592 0.7810612597066436
593 0.7892579810181191
594 0.7916307161345988
595 0.7909836065573771
596 0.7924935289042278
597 0.7931406384814496
598 0.7931406384814496
599 0.7905522001725626
600 0.7981018119068162
601 0.7981018119068162
602 0.7996117342536669
603 0.7946505608283002
604 0.8004745470232959
605 0.7950819672131147
606 0.7950819672131147
607 0.801337359792925
608 0.7993960310612597
609 0.8030629853321829
610 0.8015530629853321
611 0.7968075927523728
612 0.7996117342536669
613 0.8028472821397756
614 0.795297670405522
615 0.7918464193270061
616 0.7883951682484901
617 0.7905522001725626
618 0.7866695427092321
619 0.7842968075927523
620 0.7784728213977566
621 0.7773943054357204
622 0.7858067299396031
623 0.7858067299396031
624 0.790120793787748
625 0.7896893874029336
626 0.7886108714408974
627 0.7851596203623814
628 0.7864538395168249
629 0.7858067299396031
630 0.7866695427092321
631 0.7877480586712683
632 0.7845125107851596
633 0.7821397756686799
634 0.7842968075927523
635 0.7789042277825712
636 0.780414150129422
637 0.7823554788610871
638 0.7821397756686799
639 0.7773943054357204
640 0.7823554788610871
641 0.7795513373597929
642 0.7845125107851596
643 0.7871009490940466
644 0.7890422778257118
645 0.7834339948231234
646 0.7791199309749784
647 0.7765314926660914
648 0.7840811044003452
649 0.7873166522864539
650 0.7905522001725626
651 0.7929249352890423
652 0.7871009490940466
653 0.7832182916307161
654 0.7827868852459017
655 0.7847282139775669
656 0.7877480586712683
657 0.7851596203623814
658 0.7924935289042278
659 0.796160483175151
660 0.7963761863675582
661 0.792709232096635
662 0.7903364969801553
663 0.7849439171699741
664 0.7832182916307161
665 0.7814926660914582
666 0.7806298533218292
667 0.7879637618636756
668 0.7858067299396031
669 0.7871009490940466
670 0.7836496980155306
671 0.7823554788610871
672 0.7847282139775669
673 0.7879637618636756
674 0.7830025884383088
675 0.7814926660914582
676 0.7817083692838654
677 0.7842968075927523
678 0.7810612597066436
679 0.7795513373597929
680 0.7782571182053495
681 0.7696289905090595
682 0.7756686798964625
683 0.7756686798964625
684 0.777825711820535
685 0.7773943054357204
686 0.7817083692838654
687 0.7812769628990509
688 0.7819240724762726
689 0.7834339948231234
690 0.7868852459016393
691 0.7825711820534944
692 0.790120793787748
693 0.7873166522864539
694 0.7894736842105263
695 0.7903364969801553
696 0.7931406384814496
697 0.7868852459016393
698 0.794434857635893
699 0.796160483175151
700 0.7918464193270061
