service_id,date,exception_type
66,20160408,2
66,20160409,2
66,20160410,2
66,20160411,1
66,20160412,1
66,20160413,1
66,20160414,2
66,20160415,2
66,20160416,2
66,20160417,2
66,20160418,1
66,20160419,1
66,20160420,1
66,20160421,2
66,20160422,2
66,20160423,2
66,20160424,2
66,20160425,1
66,20160426,1
66,20160427,1
66,20160428,2
66,20160429,2
66,20160430,2
66,20160501,2
66,20160502,1
66,20160503,1
66,20160504,1
66,20160505,2
66,20160506,2
66,20160507,2
66,20160508,2
66,20160509,1
66,20160510,1
66,20160511,1
66,20160512,2
66,20160513,2
66,20160514,2
66,20160515,2
66,20160516,2
66,20160517,2
66,20160518,1
66,20160519,2
66,20160520,2
66,20160521,2
66,20160522,2
66,20160523,1
66,20160524,1
66,20160525,1
66,20160526,2
66,20160527,2
66,20160528,2
66,20160529,2
66,20160530,1
66,20160531,1
66,20160601,1
66,20160602,2
66,20160603,2
66,20160604,2
66,20160605,2
66,20160606,1
66,20160607,1
66,20160608,1
66,20160609,2
66,20160610,2
66,20160611,2
66,20160612,2
66,20160613,1
66,20160614,1
66,20160615,1
66,20160616,2
66,20160617,2
66,20160618,2
66,20160619,2
66,20160620,1
66,20160621,1
66,20160622,1
66,20160623,2
66,20160624,2
67,20160329,1
67,20160330,1
67,20160331,1
67,20160401,1
67,20160402,2
67,20160403,2
67,20160404,1
67,20160405,1
67,20160406,1
67,20160407,1
67,20160408,1
67,20160409,2
67,20160410,2
67,20160411,1
67,20160412,1
67,20160413,1
67,20160414,1
67,20160415,1
67,20160416,2
67,20160417,2
67,20160418,1
67,20160419,1
67,20160420,1
67,20160421,1
67,20160422,1
67,20160423,2
67,20160424,2
67,20160425,1
67,20160426,1
67,20160427,1
67,20160428,1
67,20160429,1
67,20160430,2
67,20160501,2
67,20160502,1
67,20160503,1
67,20160504,1
67,20160505,2
67,20160506,1
67,20160507,2
67,20160508,2
67,20160509,1
67,20160510,1
67,20160511,1
67,20160512,1
67,20160513,1
67,20160514,2
67,20160515,2
67,20160516,2
67,20160517,2
67,20160518,1
67,20160519,1
67,20160520,1
67,20160521,2
67,20160522,2
67,20160523,1
67,20160524,1
67,20160525,1
67,20160526,1
67,20160527,1
67,20160528,2
67,20160529,2
67,20160530,1
67,20160531,1
67,20160601,1
67,20160602,1
67,20160603,1
67,20160604,2
67,20160605,2
67,20160606,1
67,20160607,1
67,20160608,1
67,20160609,1
67,20160610,1
67,20160611,2
67,20160612,2
67,20160613,1
67,20160614,1
67,20160615,1
67,20160616,1
67,20160617,1
67,20160618,2
67,20160619,2
67,20160620,1
67,20160621,1
67,20160622,1
67,20160623,1
67,20160624,1
68,20160329,1
68,20160330,2
68,20160331,1
68,20160401,2
68,20160402,2
68,20160403,2
68,20160404,2
68,20160405,1
68,20160406,2
68,20160407,1
68,20160408,2
68,20160409,2
68,20160410,2
68,20160411,2
68,20160412,1
68,20160413,2
68,20160414,1
68,20160415,2
68,20160416,2
68,20160417,2
68,20160418,2
68,20160419,1
68,20160420,2
68,20160421,1
68,20160422,2
68,20160423,2
68,20160424,2
68,20160425,2
68,20160426,1
68,20160427,2
68,20160428,1
68,20160429,2
68,20160430,2
68,20160501,2
68,20160502,2
68,20160503,1
68,20160504,2
68,20160505,2
68,20160506,2
68,20160507,2
68,20160508,2
68,20160509,2
68,20160510,1
68,20160511,2
68,20160512,1
68,20160513,2
68,20160514,2
68,20160515,2
68,20160516,2
68,20160517,2
68,20160518,2
68,20160519,1
68,20160520,2
68,20160521,2
68,20160522,2
68,20160523,2
68,20160524,1
68,20160525,2
68,20160526,1
68,20160527,2
68,20160528,2
68,20160529,2
68,20160530,2
68,20160531,1
68,20160601,2
68,20160602,1
68,20160603,2
68,20160604,2
68,20160605,2
68,20160606,2
68,20160607,1
68,20160608,2
68,20160609,1
68,20160610,2
68,20160611,2
68,20160612,2
68,20160613,2
68,20160614,1
68,20160615,2
68,20160616,1
68,20160617,2
68,20160618,2
68,20160619,2
68,20160620,2
68,20160621,1
68,20160622,2
68,20160623,1
68,20160624,2
69,20160329,2
69,20160330,1
69,20160331,2
69,20160401,1
69,20160402,2
69,20160403,2
69,20160404,2
69,20160405,2
69,20160406,1
69,20160407,2
69,20160408,1
69,20160409,2
69,20160410,2
69,20160411,2
69,20160412,2
69,20160413,1
69,20160414,2
69,20160415,1
69,20160416,2
69,20160417,2
69,20160418,2
69,20160419,2
69,20160420,1
69,20160421,2
69,20160422,1
69,20160423,2
69,20160424,2
69,20160425,2
69,20160426,2
69,20160427,1
69,20160428,2
69,20160429,1
69,20160430,2
69,20160501,2
69,20160502,2
69,20160503,2
69,20160504,1
69,20160505,2
69,20160506,1
69,20160507,2
69,20160508,2
69,20160509,2
69,20160510,2
69,20160511,1
69,20160512,2
69,20160513,1
69,20160514,2
69,20160515,2
69,20160516,2
69,20160517,2
69,20160518,1
69,20160519,2
69,20160520,1
69,20160521,2
69,20160522,2
69,20160523,2
69,20160524,2
69,20160525,1
69,20160526,2
69,20160527,1
69,20160528,2
69,20160529,2
69,20160530,2
69,20160531,2
69,20160601,1
69,20160602,2
69,20160603,1
69,20160604,2
69,20160605,2
69,20160606,2
69,20160607,2
69,20160608,1
69,20160609,2
69,20160610,1
69,20160611,2
69,20160612,2
69,20160613,2
69,20160614,2
69,20160615,1
69,20160616,2
69,20160617,1
69,20160618,2
69,20160619,2
69,20160620,2
69,20160621,2
69,20160622,1
69,20160623,2
69,20160624,1
70,20160329,1
70,20160330,1
70,20160331,1
70,20160401,1
70,20160402,2
70,20160403,2
70,20160404,1
70,20160405,1
70,20160406,1
70,20160407,1
70,20160408,1
70,20160409,2
70,20160410,2
70,20160411,1
70,20160412,1
70,20160413,1
70,20160414,1
70,20160415,1
70,20160416,2
70,20160417,2
70,20160418,1
70,20160419,1
70,20160420,1
70,20160421,1
70,20160422,1
70,20160423,2
70,20160424,2
70,20160425,1
70,20160426,1
70,20160427,1
70,20160428,1
70,20160429,1
70,20160430,2
70,20160501,2
70,20160502,1
70,20160503,1
70,20160504,1
70,20160505,2
70,20160506,1
70,20160507,2
70,20160508,2
70,20160509,1
70,20160510,1
70,20160511,1
70,20160512,1
70,20160513,1
70,20160514,2
70,20160515,2
70,20160516,2
70,20160517,2
70,20160518,1
70,20160519,1
70,20160520,1
70,20160521,2
70,20160522,2
70,20160523,1
70,20160524,1
70,20160525,1
70,20160526,1
70,20160527,1
70,20160528,2
70,20160529,2
70,20160530,1
70,20160531,1
70,20160601,1
70,20160602,1
70,20160603,1
70,20160604,2
70,20160605,2
70,20160606,1
70,20160607,1
70,20160608,1
70,20160609,1
70,20160610,1
70,20160611,2
70,20160612,2
70,20160613,1
70,20160614,1
70,20160615,1
70,20160616,1
70,20160617,1
70,20160618,2
70,20160619,2
70,20160620,1
70,20160621,1
70,20160622,1
70,20160623,1
70,20160624,1
71,20160329,2
71,20160330,2
71,20160331,2
71,20160401,1
71,20160402,2
71,20160403,2
71,20160404,2
71,20160405,2
71,20160406,2
71,20160407,2
71,20160408,1
71,20160409,2
71,20160410,2
71,20160411,2
71,20160412,2
71,20160413,2
71,20160414,2
71,20160415,1
71,20160416,2
71,20160417,2
71,20160418,2
71,20160419,2
71,20160420,2
71,20160421,2
71,20160422,1
71,20160423,2
71,20160424,2
71,20160425,2
71,20160426,2
71,20160427,2
71,20160428,2
71,20160429,1
71,20160430,2
71,20160501,2
71,20160502,2
71,20160503,2
71,20160504,2
71,20160505,2
71,20160506,1
71,20160507,2
71,20160508,2
71,20160509,2
71,20160510,2
71,20160511,2
71,20160512,2
71,20160513,1
71,20160514,2
71,20160515,2
71,20160516,2
71,20160517,2
71,20160518,2
71,20160519,2
71,20160520,1
71,20160521,2
71,20160522,2
71,20160523,2
71,20160524,2
71,20160525,2
71,20160526,2
71,20160527,1
71,20160528,2
71,20160529,2
71,20160530,2
71,20160531,2
71,20160601,2
71,20160602,2
71,20160603,1
71,20160604,2
71,20160605,2
71,20160606,2
71,20160607,2
71,20160608,2
71,20160609,2
71,20160610,1
71,20160611,2
71,20160612,2
71,20160613,2
71,20160614,2
71,20160615,2
71,20160616,2
71,20160617,1
71,20160618,2
71,20160619,2
71,20160620,2
71,20160621,2
71,20160622,2
71,20160623,2
71,20160624,1
72,20160329,2
72,20160330,2
72,20160331,2
72,20160401,2
72,20160402,2
72,20160403,2
72,20160404,2
72,20160405,2
72,20160406,2
72,20160407,2
72,20160408,2
72,20160409,2
72,20160410,2
72,20160411,2
72,20160412,2
72,20160413,2
72,20160414,2
72,20160415,2
72,20160416,2
72,20160417,2
72,20160418,2
72,20160419,2
72,20160420,2
72,20160421,2
72,20160422,2
72,20160423,2
72,20160424,2
72,20160425,2
72,20160426,2
72,20160427,2
72,20160428,2
72,20160429,2
72,20160430,2
72,20160501,2
72,20160502,2
72,20160503,2
72,20160504,2
72,20160505,2
72,20160506,2
72,20160507,2
72,20160508,2
72,20160509,2
72,20160510,2
72,20160511,2
72,20160512,2
72,20160513,2
72,20160514,1
72,20160515,2
72,20160516,2
72,20160517,2
72,20160518,2
72,20160519,2
72,20160520,2
72,20160521,2
72,20160522,2
72,20160523,2
72,20160524,2
72,20160525,2
72,20160526,2
72,20160527,2
72,20160528,2
72,20160529,2
72,20160530,2
72,20160531,2
72,20160601,2
72,20160602,2
72,20160603,2
72,20160604,2
72,20160605,2
72,20160606,2
72,20160607,2
72,20160608,2
72,20160609,2
72,20160610,2
72,20160611,2
72,20160612,2
72,20160613,2
72,20160614,2
72,20160615,2
72,20160616,2
72,20160617,2
72,20160618,2
72,20160619,2
72,20160620,2
72,20160621,2
72,20160622,2
72,20160623,2
72,20160624,2
73,20160329,1
73,20160330,1
73,20160331,1
73,20160401,1
73,20160402,2
73,20160403,2
73,20160404,1
73,20160405,1
73,20160406,1
73,20160407,1
73,20160408,1
73,20160409,2
73,20160410,2
73,20160411,1
73,20160412,1
73,20160413,1
73,20160414,1
73,20160415,1
73,20160416,2
73,20160417,2
73,20160418,1
73,20160419,1
73,20160420,1
73,20160421,1
73,20160422,1
73,20160423,2
73,20160424,2
73,20160425,1
73,20160426,1
73,20160427,1
73,20160428,1
73,20160429,1
73,20160430,2
73,20160501,2
73,20160502,1
73,20160503,1
73,20160504,1
73,20160505,2
73,20160506,1
73,20160507,2
73,20160508,2
73,20160509,1
73,20160510,1
73,20160511,1
73,20160512,1
73,20160513,1
73,20160514,2
73,20160515,2
73,20160516,2
73,20160517,2
73,20160518,1
73,20160519,1
73,20160520,1
73,20160521,2
73,20160522,2
73,20160523,1
73,20160524,1
73,20160525,1
73,20160526,1
73,20160527,1
73,20160528,2
73,20160529,2
73,20160530,1
73,20160531,1
73,20160601,1
73,20160602,1
73,20160603,1
73,20160604,2
73,20160605,2
73,20160606,1
73,20160607,1
73,20160608,1
73,20160609,1
73,20160610,1
73,20160611,2
73,20160612,2
73,20160613,1
73,20160614,1
73,20160615,1
73,20160616,1
73,20160617,1
73,20160618,2
73,20160619,2
73,20160620,1
73,20160621,1
73,20160622,1
73,20160623,1
73,20160624,1
74,20160329,1
74,20160330,1
74,20160331,1
74,20160401,1
74,20160402,2
74,20160403,2
74,20160404,1
74,20160405,1
74,20160406,1
74,20160407,1
74,20160408,1
74,20160409,2
74,20160410,2
74,20160411,1
74,20160412,1
74,20160413,1
74,20160414,1
74,20160415,1
74,20160416,2
74,20160417,2
74,20160418,1
74,20160419,1
74,20160420,1
74,20160421,1
74,20160422,1
74,20160423,2
74,20160424,2
74,20160425,1
74,20160426,1
74,20160427,1
74,20160428,1
74,20160429,1
74,20160430,2
74,20160501,2
74,20160502,1
74,20160503,1
74,20160504,1
74,20160505,2
74,20160506,1
74,20160507,2
74,20160508,2
74,20160509,1
74,20160510,1
74,20160511,1
74,20160512,1
74,20160513,1
74,20160514,2
74,20160515,2
74,20160516,2
74,20160517,2
74,20160518,1
74,20160519,1
74,20160520,1
74,20160521,2
74,20160522,2
74,20160523,1
74,20160524,1
74,20160525,1
74,20160526,1
74,20160527,1
74,20160528,2
74,20160529,2
74,20160530,1
74,20160531,1
74,20160601,1
74,20160602,1
74,20160603,1
74,20160604,2
74,20160605,2
74,20160606,1
74,20160607,1
74,20160608,1
74,20160609,1
74,20160610,1
74,20160611,2
74,20160612,2
74,20160613,1
74,20160614,1
74,20160615,1
74,20160616,1
74,20160617,1
74,20160618,2
74,20160619,2
74,20160620,1
74,20160621,1
74,20160622,1
74,20160623,1
74,20160624,1
48,20160603,2
48,20160604,2
48,20160605,2
48,20160606,2
48,20160607,2
48,20160608,2
48,20160609,2
48,20160610,2
48,20160611,2
48,20160612,2
48,20160613,2
48,20160614,2
48,20160615,2
48,20160616,2
48,20160617,2
48,20160618,2
48,20160619,2
48,20160620,2
48,20160621,2
48,20160622,2
48,20160623,2
48,20160624,2
49,20160329,1
49,20160330,1
49,20160331,2
49,20160401,1
49,20160402,2
49,20160403,2
49,20160404,2
49,20160405,1
49,20160406,1
49,20160407,2
49,20160408,1
49,20160409,2
49,20160410,2
49,20160411,2
49,20160412,1
49,20160413,1
49,20160414,2
49,20160415,1
49,20160416,2
49,20160417,2
49,20160418,2
49,20160419,1
49,20160420,1
49,20160421,2
49,20160422,1
49,20160423,2
49,20160424,2
49,20160425,2
49,20160426,1
49,20160427,1
49,20160428,2
49,20160429,1
49,20160430,2
49,20160501,2
49,20160502,2
49,20160503,1
49,20160504,1
49,20160505,2
49,20160506,1
49,20160507,2
49,20160508,2
49,20160509,2
49,20160510,1
49,20160511,1
49,20160512,2
49,20160513,1
49,20160514,2
49,20160515,2
49,20160516,2
49,20160517,2
49,20160518,1
49,20160519,2
49,20160520,1
49,20160521,2
49,20160522,2
49,20160523,2
49,20160524,1
49,20160525,1
49,20160526,2
49,20160527,1
49,20160528,2
49,20160529,2
49,20160530,2
49,20160531,1
49,20160601,1
49,20160602,2
49,20160603,1
49,20160604,2
49,20160605,2
49,20160606,2
49,20160607,1
49,20160608,1
49,20160609,2
49,20160610,1
49,20160611,2
49,20160612,2
49,20160613,2
49,20160614,1
49,20160615,1
49,20160616,2
49,20160617,1
49,20160618,2
49,20160619,2
49,20160620,2
49,20160621,1
49,20160622,1
49,20160623,2
49,20160624,1
50,20160329,2
50,20160330,2
50,20160331,2
50,20160401,2
50,20160402,2
50,20160403,2
50,20160404,1
50,20160405,2
50,20160406,2
50,20160407,2
50,20160408,2
50,20160409,2
50,20160410,2
50,20160411,1
50,20160412,2
50,20160413,2
50,20160414,2
50,20160415,2
50,20160416,2
50,20160417,2
50,20160418,1
50,20160419,2
50,20160420,2
50,20160421,2
50,20160422,2
50,20160423,2
50,20160424,2
50,20160425,1
50,20160426,2
50,20160427,2
50,20160428,2
50,20160429,2
50,20160430,2
50,20160501,2
50,20160502,1
50,20160503,2
50,20160504,2
50,20160505,2
50,20160506,2
50,20160507,2
50,20160508,2
50,20160509,1
50,20160510,2
50,20160511,2
50,20160512,2
50,20160513,2
50,20160514,2
50,20160515,2
50,20160516,2
50,20160517,2
50,20160518,2
50,20160519,2
50,20160520,2
50,20160521,2
50,20160522,2
50,20160523,1
50,20160524,2
50,20160525,2
50,20160526,2
50,20160527,2
50,20160528,2
50,20160529,2
50,20160530,1
50,20160531,2
50,20160601,2
50,20160602,2
50,20160603,2
50,20160604,2
50,20160605,2
50,20160606,1
50,20160607,2
50,20160608,2
50,20160609,2
50,20160610,2
50,20160611,2
50,20160612,2
50,20160613,1
50,20160614,2
50,20160615,2
50,20160616,2
50,20160617,2
50,20160618,2
50,20160619,2
50,20160620,1
50,20160621,2
50,20160622,2
50,20160623,2
50,20160624,2
51,20160329,1
51,20160330,2
51,20160331,2
51,20160401,2
51,20160402,2
51,20160403,2
51,20160404,2
51,20160405,1
51,20160406,2
51,20160407,2
51,20160408,2
51,20160409,2
51,20160410,2
51,20160411,2
51,20160412,1
51,20160413,2
51,20160414,2
51,20160415,2
51,20160416,2
51,20160417,2
51,20160418,2
51,20160419,1
51,20160420,2
51,20160421,2
51,20160422,2
51,20160423,2
51,20160424,2
51,20160425,2
51,20160426,1
51,20160427,2
51,20160428,2
51,20160429,2
51,20160430,2
51,20160501,2
51,20160502,2
51,20160503,1
51,20160504,2
51,20160505,2
51,20160506,2
51,20160507,2
51,20160508,2
51,20160509,2
51,20160510,1
51,20160511,2
51,20160512,2
51,20160513,2
51,20160514,2
51,20160515,2
51,20160516,2
51,20160517,2
51,20160518,2
51,20160519,2
51,20160520,2
51,20160521,2
51,20160522,2
51,20160523,2
51,20160524,1
51,20160525,2
51,20160526,2
51,20160527,2
51,20160528,2
51,20160529,2
51,20160530,2
51,20160531,1
51,20160601,2
51,20160602,2
51,20160603,2
51,20160604,2
51,20160605,2
51,20160606,2
51,20160607,1
51,20160608,2
51,20160609,2
51,20160610,2
51,20160611,2
51,20160612,2
51,20160613,2
51,20160614,1
51,20160615,2
51,20160616,2
51,20160617,2
51,20160618,2
51,20160619,2
51,20160620,2
51,20160621,1
51,20160622,2
51,20160623,2
51,20160624,2
52,20160329,1
52,20160330,2
52,20160331,2
52,20160401,1
52,20160402,2
52,20160403,2
52,20160404,1
52,20160405,1
52,20160406,2
52,20160407,2
52,20160408,1
52,20160409,2
52,20160410,2
52,20160411,1
52,20160412,1
52,20160413,2
52,20160414,2
52,20160415,1
52,20160416,2
52,20160417,2
52,20160418,1
52,20160419,1
52,20160420,2
52,20160421,2
52,20160422,1
52,20160423,2
52,20160424,2
52,20160425,1
52,20160426,1
52,20160427,2
52,20160428,2
52,20160429,1
52,20160430,2
52,20160501,2
52,20160502,1
52,20160503,1
52,20160504,2
52,20160505,2
52,20160506,1
52,20160507,2
52,20160508,2
52,20160509,1
52,20160510,1
52,20160511,2
52,20160512,2
52,20160513,1
52,20160514,2
52,20160515,2
52,20160516,2
52,20160517,2
52,20160518,2
52,20160519,2
52,20160520,1
52,20160521,2
52,20160522,2
52,20160523,1
52,20160524,1
52,20160525,2
52,20160526,2
52,20160527,1
52,20160528,2
52,20160529,2
52,20160530,1
52,20160531,1
52,20160601,2
52,20160602,2
52,20160603,1
52,20160604,2
52,20160605,2
52,20160606,1
52,20160607,1
52,20160608,2
52,20160609,2
52,20160610,1
52,20160611,2
52,20160612,2
52,20160613,1
52,20160614,1
52,20160615,2
52,20160616,2
52,20160617,1
52,20160618,2
52,20160619,2
52,20160620,1
52,20160621,1
52,20160622,2
52,20160623,2
52,20160624,1
53,20160329,1
53,20160330,2
53,20160331,2
53,20160401,2
53,20160402,2
53,20160403,2
53,20160404,2
53,20160405,1
53,20160406,2
53,20160407,2
53,20160408,2
53,20160409,2
53,20160410,2
53,20160411,2
53,20160412,1
53,20160413,2
53,20160414,2
53,20160415,2
53,20160416,2
53,20160417,2
53,20160418,2
53,20160419,1
53,20160420,2
53,20160421,2
53,20160422,2
53,20160423,2
53,20160424,2
53,20160425,2
53,20160426,1
53,20160427,2
53,20160428,2
53,20160429,2
53,20160430,2
53,20160501,2
53,20160502,2
53,20160503,1
53,20160504,2
53,20160505,2
53,20160506,2
53,20160507,2
53,20160508,2
53,20160509,2
53,20160510,1
53,20160511,2
53,20160512,2
53,20160513,2
53,20160514,2
53,20160515,2
53,20160516,2
53,20160517,2
53,20160518,2
53,20160519,2
53,20160520,2
53,20160521,2
53,20160522,2
53,20160523,2
53,20160524,1
53,20160525,2
53,20160526,2
53,20160527,2
53,20160528,2
53,20160529,2
53,20160530,2
53,20160531,1
53,20160601,2
53,20160602,2
53,20160603,2
53,20160604,2
53,20160605,2
53,20160606,2
53,20160607,1
53,20160608,2
53,20160609,2
53,20160610,2
53,20160611,2
53,20160612,2
53,20160613,2
53,20160614,1
53,20160615,2
53,20160616,2
53,20160617,2
53,20160618,2
53,20160619,2
53,20160620,2
53,20160621,1
53,20160622,2
53,20160623,2
53,20160624,2
54,20160329,1
54,20160330,1
54,20160331,1
54,20160401,1
54,20160402,2
54,20160403,2
54,20160404,1
54,20160405,1
54,20160406,1
54,20160407,1
54,20160408,1
54,20160409,2
54,20160410,2
54,20160411,1
54,20160412,1
54,20160413,1
54,20160414,1
54,20160415,1
54,20160416,2
54,20160417,2
54,20160418,1
54,20160419,1
54,20160420,1
54,20160421,1
54,20160422,1
54,20160423,2
54,20160424,2
54,20160425,1
54,20160426,1
54,20160427,1
54,20160428,1
54,20160429,1
54,20160430,2
54,20160501,2
54,20160502,1
54,20160503,1
54,20160504,1
54,20160505,2
54,20160506,1
54,20160507,2
54,20160508,2
54,20160509,1
54,20160510,1
54,20160511,1
54,20160512,1
54,20160513,1
54,20160514,2
54,20160515,2
54,20160516,2
54,20160517,2
54,20160518,1
54,20160519,1
54,20160520,1
54,20160521,2
54,20160522,2
54,20160523,1
54,20160524,1
54,20160525,1
54,20160526,1
54,20160527,1
54,20160528,2
54,20160529,2
54,20160530,1
54,20160531,1
54,20160601,1
54,20160602,1
54,20160603,1
54,20160604,2
54,20160605,2
54,20160606,1
54,20160607,1
54,20160608,1
54,20160609,1
54,20160610,1
54,20160611,2
54,20160612,2
54,20160613,1
54,20160614,1
54,20160615,1
54,20160616,1
54,20160617,1
54,20160618,2
54,20160619,2
54,20160620,1
54,20160621,1
54,20160622,1
54,20160623,1
54,20160624,1
55,20160329,2
55,20160330,1
55,20160331,2
55,20160401,2
55,20160402,2
55,20160403,2
55,20160404,1
55,20160405,2
55,20160406,1
55,20160407,2
55,20160408,2
55,20160409,2
55,20160410,2
55,20160411,1
55,20160412,2
55,20160413,1
55,20160414,2
55,20160415,2
55,20160416,2
55,20160417,2
55,20160418,1
55,20160419,2
55,20160420,1
55,20160421,2
55,20160422,2
55,20160423,2
55,20160424,2
55,20160425,1
55,20160426,2
55,20160427,1
55,20160428,2
55,20160429,2
55,20160430,2
55,20160501,2
55,20160502,1
55,20160503,2
55,20160504,1
55,20160505,2
55,20160506,2
55,20160507,2
55,20160508,2
55,20160509,1
55,20160510,2
55,20160511,1
55,20160512,2
55,20160513,2
55,20160514,2
55,20160515,2
55,20160516,2
55,20160517,2
55,20160518,1
55,20160519,2
55,20160520,2
55,20160521,2
55,20160522,2
55,20160523,1
55,20160524,2
55,20160525,1
55,20160526,2
55,20160527,2
55,20160528,2
55,20160529,2
55,20160530,1
55,20160531,2
55,20160601,1
55,20160602,2
55,20160603,2
55,20160604,2
55,20160605,2
55,20160606,1
55,20160607,2
55,20160608,1
55,20160609,2
55,20160610,2
55,20160611,2
55,20160612,2
55,20160613,1
55,20160614,2
55,20160615,1
55,20160616,2
55,20160617,2
55,20160618,2
55,20160619,2
55,20160620,1
55,20160621,2
55,20160622,1
55,20160623,2
55,20160624,2
56,20160329,1
56,20160330,1
56,20160331,1
56,20160401,1
56,20160402,2
56,20160403,2
56,20160404,1
56,20160405,1
56,20160406,1
56,20160407,1
56,20160408,1
56,20160409,2
56,20160410,2
56,20160411,1
56,20160412,1
56,20160413,1
56,20160414,1
56,20160415,1
56,20160416,2
56,20160417,2
56,20160418,1
56,20160419,1
56,20160420,1
56,20160421,1
56,20160422,1
56,20160423,2
56,20160424,2
56,20160425,1
56,20160426,1
56,20160427,1
56,20160428,1
56,20160429,1
56,20160430,2
56,20160501,2
56,20160502,1
56,20160503,1
56,20160504,1
56,20160505,2
56,20160506,1
56,20160507,2
56,20160508,2
56,20160509,1
56,20160510,1
56,20160511,1
56,20160512,1
56,20160513,1
56,20160514,2
56,20160515,2
56,20160516,2
56,20160517,2
56,20160518,1
56,20160519,1
56,20160520,1
56,20160521,2
56,20160522,2
56,20160523,1
56,20160524,1
56,20160525,1
56,20160526,1
56,20160527,1
56,20160528,2
56,20160529,2
56,20160530,1
56,20160531,1
56,20160601,1
56,20160602,1
56,20160603,1
56,20160604,2
56,20160605,2
56,20160606,1
56,20160607,1
56,20160608,1
56,20160609,1
56,20160610,1
56,20160611,2
56,20160612,2
56,20160613,1
56,20160614,1
56,20160615,1
56,20160616,1
56,20160617,1
56,20160618,2
56,20160619,2
56,20160620,1
56,20160621,1
56,20160622,1
56,20160623,1
56,20160624,1
57,20160329,1
57,20160330,1
57,20160331,1
57,20160401,2
57,20160402,2
57,20160403,2
57,20160404,2
57,20160405,1
57,20160406,1
57,20160407,1
57,20160408,2
57,20160409,2
57,20160410,2
57,20160411,2
57,20160412,1
57,20160413,1
57,20160414,1
57,20160415,2
57,20160416,2
57,20160417,2
57,20160418,2
57,20160419,1
57,20160420,1
57,20160421,1
57,20160422,2
57,20160423,2
57,20160424,2
57,20160425,2
57,20160426,1
57,20160427,1
57,20160428,1
57,20160429,2
57,20160430,2
57,20160501,2
57,20160502,2
57,20160503,1
57,20160504,1
57,20160505,2
57,20160506,2
57,20160507,2
57,20160508,2
57,20160509,2
57,20160510,1
57,20160511,1
57,20160512,1
57,20160513,2
57,20160514,2
57,20160515,2
57,20160516,2
57,20160517,2
57,20160518,1
57,20160519,1
57,20160520,2
57,20160521,2
57,20160522,2
57,20160523,2
57,20160524,1
57,20160525,1
57,20160526,1
57,20160527,2
57,20160528,2
57,20160529,2
57,20160530,2
57,20160531,1
57,20160601,1
57,20160602,1
57,20160603,2
57,20160604,2
57,20160605,2
57,20160606,2
57,20160607,1
57,20160608,1
57,20160609,1
57,20160610,2
57,20160611,2
57,20160612,2
57,20160613,2
57,20160614,1
57,20160615,1
57,20160616,1
57,20160617,2
57,20160618,2
57,20160619,2
57,20160620,2
57,20160621,1
57,20160622,1
57,20160623,1
57,20160624,2
58,20160329,1
58,20160330,1
58,20160331,2
58,20160401,1
58,20160402,2
58,20160403,2
58,20160404,2
58,20160405,1
58,20160406,1
58,20160407,2
58,20160408,1
58,20160409,2
58,20160410,2
58,20160411,2
58,20160412,1
58,20160413,1
58,20160414,2
58,20160415,1
58,20160416,2
58,20160417,2
58,20160418,2
58,20160419,1
58,20160420,1
58,20160421,2
58,20160422,1
58,20160423,2
58,20160424,2
58,20160425,2
58,20160426,1
58,20160427,1
58,20160428,2
58,20160429,1
58,20160430,2
58,20160501,2
58,20160502,2
58,20160503,1
58,20160504,1
58,20160505,2
58,20160506,1
58,20160507,2
58,20160508,2
58,20160509,2
58,20160510,1
58,20160511,1
58,20160512,2
58,20160513,1
58,20160514,2
58,20160515,2
58,20160516,2
58,20160517,2
58,20160518,1
58,20160519,2
58,20160520,1
58,20160521,2
58,20160522,2
58,20160523,2
58,20160524,1
58,20160525,1
58,20160526,2
58,20160527,1
58,20160528,2
58,20160529,2
58,20160530,2
58,20160531,1
58,20160601,1
58,20160602,2
58,20160603,1
58,20160604,2
58,20160605,2
58,20160606,2
58,20160607,1
58,20160608,1
58,20160609,2
58,20160610,1
58,20160611,2
58,20160612,2
58,20160613,2
58,20160614,1
58,20160615,1
58,20160616,2
58,20160617,1
58,20160618,2
58,20160619,2
58,20160620,2
58,20160621,1
58,20160622,1
58,20160623,2
58,20160624,1
59,20160329,1
59,20160330,1
59,20160331,2
59,20160401,2
59,20160402,2
59,20160403,2
59,20160404,1
59,20160405,1
59,20160406,1
59,20160407,2
59,20160408,2
59,20160409,2
59,20160410,2
59,20160411,1
59,20160412,1
59,20160413,1
59,20160414,2
59,20160415,2
59,20160416,2
59,20160417,2
59,20160418,1
59,20160419,1
59,20160420,1
59,20160421,2
59,20160422,2
59,20160423,2
59,20160424,2
59,20160425,1
59,20160426,1
59,20160427,1
59,20160428,2
59,20160429,2
59,20160430,2
59,20160501,2
59,20160502,1
59,20160503,1
59,20160504,1
59,20160505,2
59,20160506,2
59,20160507,2
59,20160508,2
59,20160509,1
59,20160510,1
59,20160511,1
59,20160512,2
59,20160513,2
59,20160514,2
59,20160515,2
59,20160516,2
59,20160517,2
59,20160518,1
59,20160519,2
59,20160520,2
59,20160521,2
59,20160522,2
59,20160523,1
59,20160524,1
59,20160525,1
59,20160526,2
59,20160527,2
59,20160528,2
59,20160529,2
59,20160530,1
59,20160531,1
59,20160601,1
59,20160602,2
59,20160603,2
59,20160604,2
59,20160605,2
59,20160606,1
59,20160607,1
59,20160608,1
59,20160609,2
59,20160610,2
59,20160611,2
59,20160612,2
59,20160613,1
59,20160614,1
59,20160615,1
59,20160616,2
59,20160617,2
59,20160618,2
59,20160619,2
59,20160620,1
59,20160621,1
59,20160622,1
59,20160623,2
59,20160624,2
60,20160329,1
60,20160330,1
60,20160331,1
60,20160401,1
60,20160402,2
60,20160403,2
60,20160404,1
60,20160405,1
60,20160406,1
60,20160407,1
60,20160408,1
60,20160409,2
60,20160410,2
60,20160411,1
60,20160412,1
60,20160413,1
60,20160414,1
60,20160415,1
60,20160416,2
60,20160417,2
60,20160418,1
60,20160419,1
60,20160420,1
60,20160421,1
60,20160422,1
60,20160423,2
60,20160424,2
60,20160425,1
60,20160426,1
60,20160427,1
60,20160428,1
60,20160429,1
60,20160430,2
60,20160501,2
60,20160502,1
60,20160503,1
60,20160504,1
60,20160505,2
60,20160506,1
60,20160507,2
60,20160508,2
60,20160509,1
60,20160510,1
60,20160511,1
60,20160512,1
60,20160513,1
60,20160514,2
60,20160515,2
60,20160516,2
60,20160517,2
60,20160518,1
60,20160519,1
60,20160520,1
60,20160521,2
60,20160522,2
60,20160523,1
60,20160524,1
60,20160525,1
60,20160526,1
60,20160527,1
60,20160528,2
60,20160529,2
60,20160530,1
60,20160531,1
60,20160601,1
60,20160602,1
60,20160603,1
60,20160604,2
60,20160605,2
60,20160606,1
60,20160607,1
60,20160608,1
60,20160609,1
60,20160610,1
60,20160611,2
60,20160612,2
60,20160613,1
60,20160614,1
60,20160615,1
60,20160616,1
60,20160617,1
60,20160618,2
60,20160619,2
60,20160620,1
60,20160621,1
60,20160622,1
60,20160623,1
60,20160624,1
61,20160329,2
61,20160330,2
61,20160331,2
61,20160401,2
61,20160402,2
61,20160403,2
61,20160404,2
61,20160405,2
61,20160406,2
61,20160407,2
61,20160408,2
61,20160409,2
61,20160410,2
61,20160411,2
61,20160412,2
61,20160413,2
61,20160414,2
61,20160415,2
61,20160416,2
61,20160417,2
61,20160418,2
61,20160419,2
61,20160420,2
61,20160421,2
61,20160422,2
61,20160423,2
61,20160424,2
61,20160425,2
61,20160426,2
61,20160427,2
61,20160428,2
61,20160429,2
61,20160430,2
61,20160501,2
61,20160502,2
61,20160503,2
61,20160504,2
61,20160505,2
61,20160506,2
61,20160507,2
61,20160508,2
61,20160509,2
61,20160510,2
61,20160511,2
61,20160512,2
61,20160513,2
61,20160514,1
61,20160515,2
61,20160516,2
61,20160517,2
61,20160518,2
61,20160519,2
61,20160520,2
61,20160521,2
61,20160522,2
61,20160523,2
61,20160524,2
61,20160525,2
61,20160526,2
61,20160527,2
61,20160528,2
61,20160529,2
61,20160530,2
61,20160531,2
61,20160601,2
61,20160602,2
61,20160603,2
61,20160604,2
61,20160605,2
61,20160606,2
61,20160607,2
61,20160608,2
61,20160609,2
61,20160610,2
61,20160611,2
61,20160612,2
61,20160613,2
61,20160614,2
61,20160615,2
61,20160616,2
61,20160617,2
61,20160618,2
61,20160619,2
61,20160620,2
61,20160621,2
61,20160622,2
61,20160623,2
61,20160624,2
62,20160329,2
62,20160330,2
62,20160331,2
62,20160401,2
62,20160402,2
62,20160403,2
62,20160404,2
62,20160405,2
62,20160406,2
62,20160407,2
62,20160408,2
62,20160409,2
62,20160410,2
62,20160411,2
62,20160412,2
62,20160413,2
62,20160414,2
62,20160415,2
62,20160416,2
62,20160417,2
62,20160418,2
62,20160419,2
62,20160420,2
62,20160421,2
62,20160422,2
62,20160423,2
62,20160424,2
62,20160425,2
62,20160426,2
62,20160427,2
62,20160428,2
62,20160429,2
62,20160430,2
62,20160501,2
62,20160502,2
62,20160503,2
62,20160504,2
62,20160505,2
62,20160506,2
62,20160507,2
62,20160508,2
62,20160509,2
62,20160510,2
62,20160511,2
62,20160512,2
62,20160513,2
62,20160514,2
62,20160515,2
62,20160516,2
62,20160517,1
62,20160518,2
62,20160519,2
62,20160520,2
62,20160521,2
62,20160522,2
62,20160523,2
62,20160524,2
62,20160525,2
62,20160526,2
62,20160527,2
62,20160528,2
62,20160529,2
62,20160530,2
62,20160531,2
62,20160601,2
62,20160602,2
62,20160603,2
62,20160604,2
62,20160605,2
62,20160606,2
62,20160607,2
62,20160608,2
62,20160609,2
62,20160610,2
62,20160611,2
62,20160612,2
62,20160613,2
62,20160614,2
62,20160615,2
62,20160616,2
62,20160617,2
62,20160618,2
62,20160619,2
62,20160620,2
62,20160621,2
62,20160622,2
62,20160623,2
62,20160624,2
63,20160329,2
63,20160330,1
63,20160331,1
63,20160401,2
63,20160402,2
63,20160403,2
63,20160404,1
63,20160405,2
63,20160406,1
63,20160407,1
63,20160408,2
63,20160409,2
63,20160410,2
63,20160411,1
63,20160412,2
63,20160413,1
63,20160414,1
63,20160415,2
63,20160416,2
63,20160417,2
63,20160418,1
63,20160419,2
63,20160420,1
63,20160421,1
63,20160422,2
63,20160423,2
63,20160424,2
63,20160425,1
63,20160426,2
63,20160427,1
63,20160428,1
63,20160429,2
63,20160430,2
63,20160501,2
63,20160502,1
63,20160503,2
63,20160504,1
63,20160505,2
63,20160506,2
63,20160507,2
63,20160508,2
63,20160509,1
63,20160510,2
63,20160511,1
63,20160512,1
63,20160513,2
63,20160514,2
63,20160515,2
63,20160516,2
63,20160517,2
63,20160518,1
63,20160519,1
63,20160520,2
63,20160521,2
63,20160522,2
63,20160523,1
63,20160524,2
63,20160525,1
63,20160526,1
63,20160527,2
63,20160528,2
63,20160529,2
63,20160530,1
63,20160531,2
63,20160601,1
63,20160602,1
63,20160603,2
63,20160604,2
63,20160605,2
63,20160606,1
63,20160607,2
63,20160608,1
63,20160609,1
63,20160610,2
63,20160611,2
63,20160612,2
63,20160613,1
63,20160614,2
63,20160615,1
63,20160616,1
63,20160617,2
63,20160618,2
63,20160619,2
63,20160620,1
63,20160621,2
63,20160622,1
63,20160623,1
63,20160624,2
64,20160329,2
64,20160330,2
64,20160331,2
64,20160401,2
64,20160402,2
64,20160403,2
64,20160404,2
64,20160405,2
64,20160406,2
64,20160407,2
64,20160408,2
64,20160409,2
64,20160410,2
64,20160411,2
64,20160412,2
64,20160413,2
64,20160414,2
64,20160415,2
64,20160416,2
64,20160417,2
64,20160418,2
64,20160419,2
64,20160420,2
64,20160421,2
64,20160422,2
64,20160423,2
64,20160424,2
64,20160425,2
64,20160426,2
64,20160427,2
64,20160428,2
64,20160429,2
64,20160430,2
64,20160501,2
64,20160502,2
64,20160503,2
64,20160504,2
64,20160505,1
64,20160506,2
64,20160507,2
64,20160508,2
64,20160509,2
64,20160510,2
64,20160511,2
64,20160512,2
64,20160513,2
64,20160514,2
64,20160515,2
64,20160516,2
64,20160517,2
64,20160518,2
64,20160519,2
64,20160520,2
64,20160521,2
64,20160522,2
64,20160523,2
64,20160524,2
64,20160525,2
64,20160526,2
64,20160527,2
64,20160528,2
64,20160529,2
64,20160530,2
64,20160531,2
64,20160601,2
64,20160602,2
64,20160603,2
64,20160604,2
64,20160605,2
64,20160606,2
64,20160607,2
64,20160608,2
64,20160609,2
64,20160610,2
64,20160611,2
64,20160612,2
64,20160613,2
64,20160614,2
64,20160615,2
64,20160616,2
64,20160617,2
64,20160618,2
64,20160619,2
64,20160620,2
64,20160621,2
64,20160622,2
64,20160623,2
64,20160624,2
65,20160329,2
65,20160330,2
65,20160331,2
65,20160401,1
65,20160402,2
65,20160403,2
65,20160404,2
65,20160405,2
65,20160406,2
65,20160407,2
65,20160408,1
65,20160409,2
65,20160410,2
65,20160411,2
65,20160412,2
65,20160413,2
65,20160414,2
65,20160415,1
65,20160416,2
65,20160417,2
65,20160418,2
65,20160419,2
65,20160420,2
65,20160421,2
65,20160422,1
65,20160423,2
65,20160424,2
65,20160425,2
65,20160426,2
65,20160427,2
65,20160428,2
65,20160429,1
65,20160430,2
65,20160501,2
65,20160502,2
65,20160503,2
65,20160504,2
65,20160505,2
65,20160506,1
65,20160507,2
65,20160508,2
65,20160509,2
65,20160510,2
65,20160511,2
65,20160512,2
65,20160513,1
65,20160514,2
65,20160515,2
65,20160516,2
65,20160517,2
65,20160518,2
65,20160519,2
65,20160520,1
65,20160521,2
65,20160522,2
65,20160523,2
65,20160524,2
65,20160525,2
65,20160526,2
65,20160527,1
65,20160528,2
65,20160529,2
65,20160530,2
65,20160531,2
65,20160601,2
65,20160602,2
65,20160603,1
65,20160604,2
65,20160605,2
65,20160606,2
65,20160607,2
65,20160608,2
65,20160609,2
65,20160610,1
65,20160611,2
65,20160612,2
65,20160613,2
65,20160614,2
65,20160615,2
65,20160616,2
65,20160617,1
65,20160618,2
65,20160619,2
65,20160620,2
65,20160621,2
65,20160622,2
65,20160623,2
65,20160624,1
66,20160329,1
66,20160330,1
66,20160331,2
66,20160401,2
66,20160402,2
66,20160403,2
66,20160404,1
66,20160405,1
66,20160406,1
66,20160407,2
1,20160329,1
1,20160330,1
1,20160331,1
1,20160401,1
1,20160402,2
1,20160403,2
1,20160404,1
1,20160405,1
1,20160406,1
1,20160407,1
1,20160408,1
1,20160409,2
1,20160410,2
1,20160411,1
1,20160412,1
1,20160413,1
1,20160414,1
1,20160415,1
1,20160416,2
1,20160417,2
1,20160418,1
1,20160419,1
1,20160420,1
1,20160421,1
1,20160422,1
1,20160423,2
1,20160424,2
1,20160425,1
1,20160426,1
1,20160427,1
1,20160428,1
1,20160429,1
1,20160430,2
1,20160501,2
1,20160502,1
1,20160503,1
1,20160504,1
1,20160505,2
1,20160506,1
1,20160507,2
1,20160508,2
1,20160509,1
1,20160510,1
1,20160511,1
1,20160512,1
1,20160513,1
1,20160514,2
1,20160515,2
1,20160516,2
1,20160517,2
1,20160518,1
1,20160519,1
1,20160520,1
1,20160521,2
1,20160522,2
1,20160523,1
1,20160524,1
1,20160525,1
1,20160526,1
1,20160527,1
1,20160528,2
1,20160529,2
1,20160530,1
1,20160531,1
1,20160601,1
1,20160602,1
1,20160603,1
1,20160604,2
1,20160605,2
1,20160606,1
1,20160607,1
1,20160608,1
1,20160609,1
1,20160610,1
1,20160611,2
1,20160612,2
1,20160613,1
1,20160614,1
1,20160615,1
1,20160616,1
1,20160617,1
1,20160618,2
1,20160619,2
1,20160620,1
1,20160621,1
1,20160622,1
1,20160623,1
1,20160624,1
2,20160329,1
2,20160330,2
2,20160331,1
2,20160401,1
2,20160402,2
2,20160403,2
2,20160404,2
2,20160405,1
2,20160406,2
2,20160407,1
2,20160408,1
2,20160409,2
2,20160410,2
2,20160411,2
2,20160412,1
2,20160413,2
2,20160414,1
2,20160415,1
2,20160416,2
2,20160417,2
2,20160418,2
2,20160419,1
2,20160420,2
2,20160421,1
2,20160422,1
2,20160423,2
2,20160424,2
2,20160425,2
2,20160426,1
2,20160427,2
2,20160428,1
2,20160429,1
2,20160430,2
2,20160501,2
2,20160502,2
2,20160503,1
2,20160504,2
2,20160505,2
2,20160506,1
2,20160507,2
2,20160508,2
2,20160509,2
2,20160510,1
2,20160511,2
2,20160512,1
2,20160513,1
2,20160514,2
2,20160515,2
2,20160516,2
2,20160517,2
2,20160518,2
2,20160519,1
2,20160520,1
2,20160521,2
2,20160522,2
2,20160523,2
2,20160524,1
2,20160525,2
2,20160526,1
2,20160527,1
2,20160528,2
2,20160529,2
2,20160530,2
2,20160531,1
2,20160601,2
2,20160602,1
2,20160603,1
2,20160604,2
2,20160605,2
2,20160606,2
2,20160607,1
2,20160608,2
2,20160609,1
2,20160610,1
2,20160611,2
2,20160612,2
2,20160613,2
2,20160614,1
2,20160615,2
2,20160616,1
2,20160617,1
2,20160618,2
2,20160619,2
2,20160620,2
2,20160621,1
2,20160622,2
2,20160623,1
2,20160624,1
3,20160329,2
3,20160330,2
3,20160331,2
3,20160401,2
3,20160402,1
3,20160403,2
3,20160404,2
3,20160405,2
3,20160406,2
3,20160407,2
3,20160408,2
3,20160409,1
3,20160410,2
3,20160411,2
3,20160412,2
3,20160413,2
3,20160414,2
3,20160415,2
3,20160416,1
3,20160417,2
3,20160418,2
3,20160419,2
3,20160420,2
3,20160421,2
3,20160422,2
3,20160423,1
3,20160424,2
3,20160425,2
3,20160426,2
3,20160427,2
3,20160428,2
3,20160429,2
3,20160430,1
3,20160501,2
3,20160502,2
3,20160503,2
3,20160504,2
3,20160505,2
3,20160506,2
3,20160507,1
3,20160508,2
3,20160509,2
3,20160510,2
3,20160511,2
3,20160512,2
3,20160513,2
3,20160514,2
3,20160515,2
3,20160516,2
3,20160517,2
3,20160518,2
3,20160519,2
3,20160520,2
3,20160521,1
3,20160522,2
3,20160523,2
3,20160524,2
3,20160525,2
3,20160526,2
3,20160527,2
3,20160528,1
3,20160529,2
3,20160530,2
3,20160531,2
3,20160601,2
3,20160602,2
3,20160603,2
3,20160604,1
3,20160605,2
3,20160606,2
3,20160607,2
3,20160608,2
3,20160609,2
3,20160610,2
3,20160611,1
3,20160612,2
3,20160613,2
3,20160614,2
3,20160615,2
3,20160616,2
3,20160617,2
3,20160618,1
3,20160619,2
3,20160620,2
3,20160621,2
3,20160622,2
3,20160623,2
3,20160624,2
4,20160329,2
4,20160330,2
4,20160331,2
4,20160401,2
4,20160402,2
4,20160403,1
4,20160404,2
4,20160405,2
4,20160406,2
4,20160407,2
4,20160408,2
4,20160409,2
4,20160410,1
4,20160411,2
4,20160412,2
4,20160413,2
4,20160414,2
4,20160415,2
4,20160416,2
4,20160417,1
4,20160418,2
4,20160419,2
4,20160420,2
4,20160421,2
4,20160422,2
4,20160423,2
4,20160424,1
4,20160425,2
4,20160426,2
4,20160427,2
4,20160428,2
4,20160429,2
4,20160430,2
4,20160501,2
4,20160502,2
4,20160503,2
4,20160504,2
4,20160505,2
4,20160506,2
4,20160507,2
4,20160508,1
4,20160509,2
4,20160510,2
4,20160511,2
4,20160512,2
4,20160513,2
4,20160514,2
4,20160515,2
4,20160516,2
4,20160517,2
4,20160518,2
4,20160519,2
4,20160520,2
4,20160521,2
4,20160522,1
4,20160523,2
4,20160524,2
4,20160525,2
4,20160526,2
4,20160527,2
4,20160528,2
4,20160529,1
4,20160530,2
4,20160531,2
4,20160601,2
4,20160602,2
4,20160603,2
4,20160604,2
4,20160605,1
4,20160606,2
4,20160607,2
4,20160608,2
4,20160609,2
4,20160610,2
4,20160611,2
4,20160612,1
4,20160613,2
4,20160614,2
4,20160615,2
4,20160616,2
4,20160617,2
4,20160618,2
4,20160619,1
4,20160620,2
4,20160621,2
4,20160622,2
4,20160623,2
4,20160624,2
5,20160329,2
5,20160330,2
5,20160331,2
5,20160401,2
5,20160402,2
5,20160403,2
5,20160404,2
5,20160405,2
5,20160406,2
5,20160407,2
5,20160408,2
5,20160409,2
5,20160410,2
5,20160411,2
5,20160412,2
5,20160413,2
5,20160414,2
5,20160415,2
5,20160416,2
5,20160417,2
5,20160418,2
5,20160419,2
5,20160420,2
5,20160421,2
5,20160422,2
5,20160423,2
5,20160424,2
5,20160425,2
5,20160426,2
5,20160427,2
5,20160428,2
5,20160429,2
5,20160430,2
5,20160501,2
5,20160502,2
5,20160503,2
5,20160504,2
5,20160505,1
5,20160506,2
5,20160507,2
5,20160508,2
5,20160509,2
5,20160510,2
5,20160511,2
5,20160512,2
5,20160513,2
5,20160514,2
5,20160515,2
5,20160516,2
5,20160517,2
5,20160518,2
5,20160519,2
5,20160520,2
5,20160521,2
5,20160522,2
5,20160523,2
5,20160524,2
5,20160525,2
5,20160526,2
5,20160527,2
5,20160528,2
5,20160529,2
5,20160530,2
5,20160531,2
5,20160601,2
5,20160602,2
5,20160603,2
5,20160604,2
5,20160605,2
5,20160606,2
5,20160607,2
5,20160608,2
5,20160609,2
5,20160610,2
5,20160611,2
5,20160612,2
5,20160613,2
5,20160614,2
5,20160615,2
5,20160616,2
5,20160617,2
5,20160618,2
5,20160619,2
5,20160620,2
5,20160621,2
5,20160622,2
5,20160623,2
5,20160624,2
6,20160329,2
6,20160330,2
6,20160331,2
6,20160401,2
6,20160402,2
6,20160403,2
6,20160404,2
6,20160405,2
6,20160406,2
6,20160407,2
6,20160408,2
6,20160409,2
6,20160410,2
6,20160411,2
6,20160412,2
6,20160413,2
6,20160414,2
6,20160415,2
6,20160416,2
6,20160417,2
6,20160418,2
6,20160419,2
6,20160420,2
6,20160421,2
6,20160422,2
6,20160423,2
6,20160424,2
6,20160425,2
6,20160426,2
6,20160427,2
6,20160428,2
6,20160429,2
6,20160430,2
6,20160501,2
6,20160502,2
6,20160503,2
6,20160504,2
6,20160505,2
6,20160506,2
6,20160507,2
6,20160508,2
6,20160509,2
6,20160510,2
6,20160511,2
6,20160512,2
6,20160513,2
6,20160514,2
6,20160515,2
6,20160516,2
6,20160517,1
6,20160518,2
6,20160519,2
6,20160520,2
6,20160521,2
6,20160522,2
6,20160523,2
6,20160524,2
6,20160525,2
6,20160526,2
6,20160527,2
6,20160528,2
6,20160529,2
6,20160530,2
6,20160531,2
6,20160601,2
6,20160602,2
6,20160603,2
6,20160604,2
6,20160605,2
6,20160606,2
6,20160607,2
6,20160608,2
6,20160609,2
6,20160610,2
6,20160611,2
6,20160612,2
6,20160613,2
6,20160614,2
6,20160615,2
6,20160616,2
6,20160617,2
6,20160618,2
6,20160619,2
6,20160620,2
6,20160621,2
6,20160622,2
6,20160623,2
6,20160624,2
7,20160329,2
7,20160330,2
7,20160331,2
7,20160401,2
7,20160402,2
7,20160403,2
7,20160404,2
7,20160405,2
7,20160406,2
7,20160407,2
7,20160408,2
7,20160409,2
7,20160410,2
7,20160411,2
7,20160412,2
7,20160413,2
7,20160414,2
7,20160415,2
7,20160416,2
7,20160417,2
7,20160418,2
7,20160419,2
7,20160420,2
7,20160421,2
7,20160422,2
7,20160423,2
7,20160424,2
7,20160425,2
7,20160426,2
7,20160427,2
7,20160428,2
7,20160429,2
7,20160430,2
7,20160501,2
7,20160502,2
7,20160503,2
7,20160504,2
7,20160505,2
7,20160506,2
7,20160507,2
7,20160508,2
7,20160509,2
7,20160510,2
7,20160511,2
7,20160512,2
7,20160513,2
7,20160514,2
7,20160515,1
7,20160516,2
7,20160517,2
7,20160518,2
7,20160519,2
7,20160520,2
7,20160521,2
7,20160522,2
7,20160523,2
7,20160524,2
7,20160525,2
7,20160526,2
7,20160527,2
7,20160528,2
7,20160529,2
7,20160530,2
7,20160531,2
7,20160601,2
7,20160602,2
7,20160603,2
7,20160604,2
7,20160605,2
7,20160606,2
7,20160607,2
7,20160608,2
7,20160609,2
7,20160610,2
7,20160611,2
7,20160612,2
7,20160613,2
7,20160614,2
7,20160615,2
7,20160616,2
7,20160617,2
7,20160618,2
7,20160619,2
7,20160620,2
7,20160621,2
7,20160622,2
7,20160623,2
7,20160624,2
8,20160329,1
8,20160330,1
8,20160331,1
8,20160401,1
8,20160402,2
8,20160403,2
8,20160404,1
8,20160405,1
8,20160406,1
8,20160407,1
8,20160408,1
8,20160409,2
8,20160410,2
8,20160411,1
8,20160412,1
8,20160413,1
8,20160414,1
8,20160415,1
8,20160416,2
8,20160417,2
8,20160418,1
8,20160419,1
8,20160420,1
8,20160421,1
8,20160422,1
8,20160423,2
8,20160424,2
8,20160425,1
8,20160426,1
8,20160427,1
8,20160428,1
8,20160429,1
8,20160430,2
8,20160501,2
8,20160502,1
8,20160503,1
8,20160504,1
8,20160505,2
8,20160506,1
8,20160507,2
8,20160508,2
8,20160509,1
8,20160510,1
8,20160511,1
8,20160512,1
8,20160513,1
8,20160514,2
8,20160515,2
8,20160516,2
8,20160517,2
8,20160518,1
8,20160519,1
8,20160520,1
8,20160521,2
8,20160522,2
8,20160523,1
8,20160524,1
8,20160525,1
8,20160526,1
8,20160527,1
8,20160528,2
8,20160529,2
8,20160530,1
8,20160531,1
8,20160601,1
8,20160602,1
8,20160603,1
8,20160604,2
8,20160605,2
8,20160606,1
8,20160607,1
8,20160608,1
8,20160609,1
8,20160610,1
8,20160611,2
8,20160612,2
8,20160613,1
8,20160614,1
8,20160615,1
8,20160616,1
8,20160617,1
8,20160618,2
8,20160619,2
8,20160620,1
8,20160621,1
8,20160622,1
8,20160623,1
8,20160624,1
9,20160329,2
9,20160330,2
9,20160331,2
9,20160401,2
9,20160402,1
9,20160403,2
9,20160404,2
9,20160405,2
9,20160406,2
9,20160407,2
9,20160408,2
9,20160409,1
9,20160410,2
9,20160411,2
9,20160412,2
9,20160413,2
9,20160414,2
9,20160415,2
9,20160416,1
9,20160417,2
9,20160418,2
9,20160419,2
9,20160420,2
9,20160421,2
9,20160422,2
9,20160423,1
9,20160424,2
9,20160425,2
9,20160426,2
9,20160427,2
9,20160428,2
9,20160429,2
9,20160430,1
9,20160501,2
9,20160502,2
9,20160503,2
9,20160504,2
9,20160505,2
9,20160506,2
9,20160507,1
9,20160508,2
9,20160509,2
9,20160510,2
9,20160511,2
9,20160512,2
9,20160513,2
9,20160514,2
9,20160515,2
9,20160516,2
9,20160517,2
9,20160518,2
9,20160519,2
9,20160520,2
9,20160521,1
9,20160522,2
9,20160523,2
9,20160524,2
9,20160525,2
9,20160526,2
9,20160527,2
9,20160528,1
9,20160529,2
9,20160530,2
9,20160531,2
9,20160601,2
9,20160602,2
9,20160603,2
9,20160604,1
9,20160605,2
9,20160606,2
9,20160607,2
9,20160608,2
9,20160609,2
9,20160610,2
9,20160611,1
9,20160612,2
9,20160613,2
9,20160614,2
9,20160615,2
9,20160616,2
9,20160617,2
9,20160618,1
9,20160619,2
9,20160620,2
9,20160621,2
9,20160622,2
9,20160623,2
9,20160624,2
10,20160329,2
10,20160330,2
10,20160331,2
10,20160401,2
10,20160402,2
10,20160403,2
10,20160404,2
10,20160405,2
10,20160406,2
10,20160407,2
10,20160408,2
10,20160409,2
10,20160410,2
10,20160411,2
10,20160412,2
10,20160413,2
10,20160414,2
10,20160415,2
10,20160416,2
10,20160417,2
10,20160418,2
10,20160419,2
10,20160420,2
10,20160421,2
10,20160422,2
10,20160423,2
10,20160424,2
10,20160425,2
10,20160426,2
10,20160427,2
10,20160428,2
10,20160429,2
10,20160430,2
10,20160501,2
10,20160502,2
10,20160503,2
10,20160504,2
10,20160505,2
10,20160506,2
10,20160507,2
10,20160508,2
10,20160509,2
10,20160510,2
10,20160511,2
10,20160512,2
10,20160513,2
10,20160514,1
10,20160515,2
10,20160516,2
10,20160517,2
10,20160518,2
10,20160519,2
10,20160520,2
10,20160521,2
10,20160522,2
10,20160523,2
10,20160524,2
10,20160525,2
10,20160526,2
10,20160527,2
10,20160528,2
10,20160529,2
10,20160530,2
10,20160531,2
10,20160601,2
10,20160602,2
10,20160603,2
10,20160604,2
10,20160605,2
10,20160606,2
10,20160607,2
10,20160608,2
10,20160609,2
10,20160610,2
10,20160611,2
10,20160612,2
10,20160613,2
10,20160614,2
10,20160615,2
10,20160616,2
10,20160617,2
10,20160618,2
10,20160619,2
10,20160620,2
10,20160621,2
10,20160622,2
10,20160623,2
10,20160624,2
11,20160329,2
11,20160330,2
11,20160331,2
11,20160401,2
11,20160402,1
11,20160403,2
11,20160404,2
11,20160405,2
11,20160406,2
11,20160407,2
11,20160408,2
11,20160409,1
11,20160410,2
11,20160411,2
11,20160412,2
11,20160413,2
11,20160414,2
11,20160415,2
11,20160416,1
11,20160417,2
11,20160418,2
11,20160419,2
11,20160420,2
11,20160421,2
11,20160422,2
11,20160423,1
11,20160424,2
11,20160425,2
11,20160426,2
11,20160427,2
11,20160428,2
11,20160429,2
11,20160430,1
11,20160501,2
11,20160502,2
11,20160503,2
11,20160504,2
11,20160505,2
11,20160506,2
11,20160507,1
11,20160508,2
11,20160509,2
11,20160510,2
11,20160511,2
11,20160512,2
11,20160513,2
11,20160514,2
11,20160515,2
11,20160516,2
11,20160517,2
11,20160518,2
11,20160519,2
11,20160520,2
11,20160521,1
11,20160522,2
11,20160523,2
11,20160524,2
11,20160525,2
11,20160526,2
11,20160527,2
11,20160528,1
11,20160529,2
11,20160530,2
11,20160531,2
11,20160601,2
11,20160602,2
11,20160603,2
11,20160604,1
11,20160605,2
11,20160606,2
11,20160607,2
11,20160608,2
11,20160609,2
11,20160610,2
11,20160611,1
11,20160612,2
11,20160613,2
11,20160614,2
11,20160615,2
11,20160616,2
11,20160617,2
11,20160618,1
11,20160619,2
11,20160620,2
11,20160621,2
11,20160622,2
11,20160623,2
11,20160624,2
12,20160329,2
12,20160330,2
12,20160331,2
12,20160401,2
12,20160402,2
12,20160403,1
12,20160404,2
12,20160405,2
12,20160406,2
12,20160407,2
12,20160408,2
12,20160409,2
12,20160410,1
12,20160411,2
12,20160412,2
12,20160413,2
12,20160414,2
12,20160415,2
12,20160416,2
12,20160417,1
12,20160418,2
12,20160419,2
12,20160420,2
12,20160421,2
12,20160422,2
12,20160423,2
12,20160424,1
12,20160425,2
12,20160426,2
12,20160427,2
12,20160428,2
12,20160429,2
12,20160430,2
12,20160501,2
12,20160502,2
12,20160503,2
12,20160504,2
12,20160505,2
12,20160506,2
12,20160507,2
12,20160508,1
12,20160509,2
12,20160510,2
12,20160511,2
12,20160512,2
12,20160513,2
12,20160514,2
12,20160515,2
12,20160516,2
12,20160517,2
12,20160518,2
12,20160519,2
12,20160520,2
12,20160521,2
12,20160522,1
12,20160523,2
12,20160524,2
12,20160525,2
12,20160526,2
12,20160527,2
12,20160528,2
12,20160529,1
12,20160530,2
12,20160531,2
12,20160601,2
12,20160602,2
12,20160603,2
12,20160604,2
12,20160605,1
12,20160606,2
12,20160607,2
12,20160608,2
12,20160609,2
12,20160610,2
12,20160611,2
12,20160612,1
12,20160613,2
12,20160614,2
12,20160615,2
12,20160616,2
12,20160617,2
12,20160618,2
12,20160619,1
12,20160620,2
12,20160621,2
12,20160622,2
12,20160623,2
12,20160624,2
13,20160329,2
13,20160330,1
13,20160331,1
13,20160401,1
13,20160402,2
13,20160403,2
13,20160404,1
13,20160405,2
13,20160406,1
13,20160407,1
13,20160408,1
13,20160409,2
13,20160410,2
13,20160411,1
13,20160412,2
13,20160413,1
13,20160414,1
13,20160415,1
13,20160416,2
13,20160417,2
13,20160418,1
13,20160419,2
13,20160420,1
13,20160421,1
13,20160422,1
13,20160423,2
13,20160424,2
13,20160425,1
13,20160426,2
13,20160427,1
13,20160428,1
13,20160429,1
13,20160430,2
13,20160501,2
13,20160502,1
13,20160503,2
13,20160504,1
13,20160505,2
13,20160506,1
13,20160507,2
13,20160508,2
13,20160509,1
13,20160510,2
13,20160511,1
13,20160512,1
13,20160513,1
13,20160514,2
13,20160515,2
13,20160516,2
13,20160517,2
13,20160518,1
13,20160519,1
13,20160520,1
13,20160521,2
13,20160522,2
13,20160523,1
13,20160524,2
13,20160525,1
13,20160526,1
13,20160527,1
13,20160528,2
13,20160529,2
13,20160530,1
13,20160531,2
13,20160601,1
13,20160602,1
13,20160603,1
13,20160604,2
13,20160605,2
13,20160606,1
13,20160607,2
13,20160608,1
13,20160609,1
13,20160610,1
13,20160611,2
13,20160612,2
13,20160613,1
13,20160614,2
13,20160615,1
13,20160616,1
13,20160617,1
13,20160618,2
13,20160619,2
13,20160620,1
13,20160621,2
13,20160622,1
13,20160623,1
13,20160624,1
14,20160329,1
14,20160330,1
14,20160331,1
14,20160401,1
14,20160402,2
14,20160403,2
14,20160404,1
14,20160405,1
14,20160406,1
14,20160407,1
14,20160408,1
14,20160409,2
14,20160410,2
14,20160411,1
14,20160412,1
14,20160413,1
14,20160414,1
14,20160415,1
14,20160416,2
14,20160417,2
14,20160418,1
14,20160419,1
14,20160420,1
14,20160421,1
14,20160422,1
14,20160423,2
14,20160424,2
14,20160425,1
14,20160426,1
14,20160427,1
14,20160428,1
14,20160429,1
14,20160430,2
14,20160501,2
14,20160502,1
14,20160503,1
14,20160504,1
14,20160505,2
14,20160506,1
14,20160507,2
14,20160508,2
14,20160509,1
14,20160510,1
14,20160511,1
14,20160512,1
14,20160513,1
14,20160514,2
14,20160515,2
14,20160516,2
14,20160517,2
14,20160518,1
14,20160519,1
14,20160520,1
14,20160521,2
14,20160522,2
14,20160523,1
14,20160524,1
14,20160525,1
14,20160526,1
14,20160527,1
14,20160528,2
14,20160529,2
14,20160530,1
14,20160531,1
14,20160601,1
14,20160602,1
14,20160603,1
14,20160604,2
14,20160605,2
14,20160606,1
14,20160607,1
14,20160608,1
14,20160609,1
14,20160610,1
14,20160611,2
14,20160612,2
14,20160613,1
14,20160614,1
14,20160615,1
14,20160616,1
14,20160617,1
14,20160618,2
14,20160619,2
14,20160620,1
14,20160621,1
14,20160622,1
14,20160623,1
14,20160624,1
15,20160329,1
15,20160330,1
15,20160331,1
15,20160401,1
15,20160402,2
15,20160403,2
15,20160404,1
15,20160405,1
15,20160406,1
15,20160407,1
15,20160408,1
15,20160409,2
15,20160410,2
15,20160411,1
15,20160412,1
15,20160413,1
15,20160414,1
15,20160415,1
15,20160416,2
15,20160417,2
15,20160418,1
15,20160419,1
15,20160420,1
15,20160421,1
15,20160422,1
15,20160423,2
15,20160424,2
15,20160425,1
15,20160426,1
15,20160427,1
15,20160428,1
15,20160429,1
15,20160430,2
15,20160501,2
15,20160502,1
15,20160503,1
15,20160504,1
15,20160505,2
15,20160506,1
15,20160507,2
15,20160508,2
15,20160509,1
15,20160510,1
15,20160511,1
15,20160512,1
15,20160513,1
15,20160514,2
15,20160515,2
15,20160516,2
15,20160517,2
15,20160518,1
15,20160519,1
15,20160520,1
15,20160521,2
15,20160522,2
15,20160523,1
15,20160524,1
15,20160525,1
15,20160526,1
15,20160527,1
15,20160528,2
15,20160529,2
15,20160530,1
15,20160531,1
15,20160601,1
15,20160602,1
15,20160603,1
15,20160604,2
15,20160605,2
15,20160606,1
15,20160607,1
15,20160608,1
15,20160609,1
15,20160610,1
15,20160611,2
15,20160612,2
15,20160613,1
15,20160614,1
15,20160615,1
15,20160616,1
15,20160617,1
15,20160618,2
15,20160619,2
15,20160620,1
15,20160621,1
15,20160622,1
15,20160623,1
15,20160624,1
16,20160329,2
16,20160330,1
16,20160331,2
16,20160401,1
16,20160402,2
16,20160403,2
16,20160404,1
16,20160405,2
16,20160406,1
16,20160407,2
16,20160408,1
16,20160409,2
16,20160410,2
16,20160411,1
16,20160412,2
16,20160413,1
16,20160414,2
16,20160415,1
16,20160416,2
16,20160417,2
16,20160418,1
16,20160419,2
16,20160420,1
16,20160421,2
16,20160422,1
16,20160423,2
16,20160424,2
16,20160425,1
16,20160426,2
16,20160427,1
16,20160428,2
16,20160429,1
16,20160430,2
16,20160501,2
16,20160502,1
16,20160503,2
16,20160504,1
16,20160505,2
16,20160506,1
16,20160507,2
16,20160508,2
16,20160509,1
16,20160510,2
16,20160511,1
16,20160512,2
16,20160513,1
16,20160514,2
16,20160515,2
16,20160516,2
16,20160517,2
16,20160518,1
16,20160519,2
16,20160520,1
16,20160521,2
16,20160522,2
16,20160523,1
16,20160524,2
16,20160525,1
16,20160526,2
16,20160527,1
16,20160528,2
16,20160529,2
16,20160530,1
16,20160531,2
16,20160601,1
16,20160602,2
16,20160603,1
16,20160604,2
16,20160605,2
16,20160606,1
16,20160607,2
16,20160608,1
16,20160609,2
16,20160610,1
16,20160611,2
16,20160612,2
16,20160613,1
16,20160614,2
16,20160615,1
16,20160616,2
16,20160617,1
16,20160618,2
16,20160619,2
16,20160620,1
16,20160621,2
16,20160622,1
16,20160623,2
16,20160624,1
17,20160329,2
17,20160330,2
17,20160331,2
17,20160401,1
17,20160402,2
17,20160403,2
17,20160404,2
17,20160405,2
17,20160406,2
17,20160407,2
17,20160408,1
17,20160409,2
17,20160410,2
17,20160411,2
17,20160412,2
17,20160413,2
17,20160414,2
17,20160415,1
17,20160416,2
17,20160417,2
17,20160418,2
17,20160419,2
17,20160420,2
17,20160421,2
17,20160422,1
17,20160423,2
17,20160424,2
17,20160425,2
17,20160426,2
17,20160427,2
17,20160428,2
17,20160429,1
17,20160430,2
17,20160501,2
17,20160502,2
17,20160503,2
17,20160504,2
17,20160505,2
17,20160506,1
17,20160507,2
17,20160508,2
17,20160509,2
17,20160510,2
17,20160511,2
17,20160512,2
17,20160513,1
17,20160514,2
17,20160515,2
17,20160516,2
17,20160517,2
17,20160518,2
17,20160519,2
17,20160520,1
17,20160521,2
17,20160522,2
17,20160523,2
17,20160524,2
17,20160525,2
17,20160526,2
17,20160527,1
17,20160528,2
17,20160529,2
17,20160530,2
17,20160531,2
17,20160601,2
17,20160602,2
17,20160603,1
17,20160604,2
17,20160605,2
17,20160606,2
17,20160607,2
17,20160608,2
17,20160609,2
17,20160610,1
17,20160611,2
17,20160612,2
17,20160613,2
17,20160614,2
17,20160615,2
17,20160616,2
17,20160617,1
17,20160618,2
17,20160619,2
17,20160620,2
17,20160621,2
17,20160622,2
17,20160623,2
17,20160624,1
18,20160329,1
18,20160330,1
18,20160331,1
18,20160401,2
18,20160402,2
18,20160403,2
18,20160404,1
18,20160405,1
18,20160406,1
18,20160407,1
18,20160408,2
18,20160409,2
18,20160410,2
18,20160411,1
18,20160412,1
18,20160413,1
18,20160414,1
18,20160415,2
18,20160416,2
18,20160417,2
18,20160418,1
18,20160419,1
18,20160420,1
18,20160421,1
18,20160422,2
18,20160423,2
18,20160424,2
18,20160425,1
18,20160426,1
18,20160427,1
18,20160428,1
18,20160429,2
18,20160430,2
18,20160501,2
18,20160502,1
18,20160503,1
18,20160504,1
18,20160505,2
18,20160506,2
18,20160507,2
18,20160508,2
18,20160509,1
18,20160510,1
18,20160511,1
18,20160512,1
18,20160513,2
18,20160514,2
18,20160515,2
18,20160516,2
18,20160517,2
18,20160518,1
18,20160519,1
18,20160520,2
18,20160521,2
18,20160522,2
18,20160523,1
18,20160524,1
18,20160525,1
18,20160526,1
18,20160527,2
18,20160528,2
18,20160529,2
18,20160530,1
18,20160531,1
18,20160601,1
18,20160602,1
18,20160603,2
18,20160604,2
18,20160605,2
18,20160606,1
18,20160607,1
18,20160608,1
18,20160609,1
18,20160610,2
18,20160611,2
18,20160612,2
18,20160613,1
18,20160614,1
18,20160615,1
18,20160616,1
18,20160617,2
18,20160618,2
18,20160619,2
18,20160620,1
18,20160621,1
18,20160622,1
18,20160623,1
18,20160624,2
19,20160329,1
19,20160330,1
19,20160331,1
19,20160401,1
19,20160402,2
19,20160403,2
19,20160404,1
19,20160405,1
19,20160406,1
19,20160407,1
19,20160408,1
19,20160409,2
19,20160410,2
19,20160411,1
19,20160412,1
19,20160413,1
19,20160414,1
19,20160415,1
19,20160416,2
19,20160417,2
19,20160418,1
19,20160419,1
19,20160420,1
19,20160421,1
19,20160422,1
19,20160423,2
19,20160424,2
19,20160425,1
19,20160426,1
19,20160427,1
19,20160428,1
19,20160429,1
19,20160430,2
19,20160501,2
19,20160502,1
19,20160503,1
19,20160504,1
19,20160505,2
19,20160506,1
19,20160507,2
19,20160508,2
19,20160509,1
19,20160510,1
19,20160511,1
19,20160512,1
19,20160513,1
19,20160514,2
19,20160515,2
19,20160516,2
19,20160517,2
19,20160518,1
19,20160519,1
19,20160520,1
19,20160521,2
19,20160522,2
19,20160523,1
19,20160524,1
19,20160525,1
19,20160526,1
19,20160527,1
19,20160528,2
19,20160529,2
19,20160530,1
19,20160531,1
19,20160601,1
19,20160602,1
19,20160603,1
19,20160604,2
19,20160605,2
19,20160606,1
19,20160607,1
19,20160608,1
19,20160609,1
19,20160610,1
19,20160611,2
19,20160612,2
19,20160613,1
19,20160614,1
19,20160615,1
19,20160616,1
19,20160617,1
19,20160618,2
19,20160619,2
19,20160620,1
19,20160621,1
19,20160622,1
19,20160623,1
19,20160624,1
20,20160329,1
20,20160330,1
20,20160331,1
20,20160401,1
20,20160402,2
20,20160403,2
20,20160404,1
20,20160405,1
20,20160406,1
20,20160407,1
20,20160408,1
20,20160409,2
20,20160410,2
20,20160411,1
20,20160412,1
20,20160413,1
20,20160414,1
20,20160415,1
20,20160416,2
20,20160417,2
20,20160418,1
20,20160419,1
20,20160420,1
20,20160421,1
20,20160422,1
20,20160423,2
20,20160424,2
20,20160425,1
20,20160426,1
20,20160427,1
20,20160428,1
20,20160429,1
20,20160430,2
20,20160501,2
20,20160502,1
20,20160503,1
20,20160504,1
20,20160505,2
20,20160506,1
20,20160507,2
20,20160508,2
20,20160509,1
20,20160510,1
20,20160511,1
20,20160512,1
20,20160513,1
20,20160514,2
20,20160515,2
20,20160516,2
20,20160517,2
20,20160518,1
20,20160519,1
20,20160520,1
20,20160521,2
20,20160522,2
20,20160523,1
20,20160524,1
20,20160525,1
20,20160526,1
20,20160527,1
20,20160528,2
20,20160529,2
20,20160530,1
20,20160531,1
20,20160601,1
20,20160602,1
20,20160603,1
20,20160604,2
20,20160605,2
20,20160606,1
20,20160607,1
20,20160608,1
20,20160609,1
20,20160610,1
20,20160611,2
20,20160612,2
20,20160613,1
20,20160614,1
20,20160615,1
20,20160616,1
20,20160617,1
20,20160618,2
20,20160619,2
20,20160620,1
20,20160621,1
20,20160622,1
20,20160623,1
20,20160624,1
21,20160329,1
21,20160330,2
21,20160331,1
21,20160401,1
21,20160402,2
21,20160403,2
21,20160404,1
21,20160405,1
21,20160406,2
21,20160407,1
21,20160408,1
21,20160409,2
21,20160410,2
21,20160411,1
21,20160412,1
21,20160413,2
21,20160414,1
21,20160415,1
21,20160416,2
21,20160417,2
21,20160418,1
21,20160419,1
21,20160420,2
21,20160421,1
21,20160422,1
21,20160423,2
21,20160424,2
21,20160425,1
21,20160426,1
21,20160427,2
21,20160428,1
21,20160429,1
21,20160430,2
21,20160501,2
21,20160502,1
21,20160503,1
21,20160504,2
21,20160505,2
21,20160506,1
21,20160507,2
21,20160508,2
21,20160509,1
21,20160510,1
21,20160511,2
21,20160512,1
21,20160513,1
21,20160514,2
21,20160515,2
21,20160516,2
21,20160517,2
21,20160518,2
21,20160519,1
21,20160520,1
21,20160521,2
21,20160522,2
21,20160523,1
21,20160524,1
21,20160525,2
21,20160526,1
21,20160527,1
21,20160528,2
21,20160529,2
21,20160530,1
21,20160531,1
21,20160601,2
21,20160602,1
21,20160603,1
21,20160604,2
21,20160605,2
21,20160606,1
21,20160607,1
21,20160608,2
21,20160609,1
21,20160610,1
21,20160611,2
21,20160612,2
21,20160613,1
21,20160614,1
21,20160615,2
21,20160616,1
21,20160617,1
21,20160618,2
21,20160619,2
21,20160620,1
21,20160621,1
21,20160622,2
21,20160623,1
21,20160624,1
22,20160329,1
22,20160330,2
22,20160331,2
22,20160401,1
22,20160402,2
22,20160403,2
22,20160404,2
22,20160405,1
22,20160406,2
22,20160407,2
22,20160408,1
22,20160409,2
22,20160410,2
22,20160411,2
22,20160412,1
22,20160413,2
22,20160414,2
22,20160415,1
22,20160416,2
22,20160417,2
22,20160418,2
22,20160419,1
22,20160420,2
22,20160421,2
22,20160422,1
22,20160423,2
22,20160424,2
22,20160425,2
22,20160426,1
22,20160427,2
22,20160428,2
22,20160429,1
22,20160430,2
22,20160501,2
22,20160502,2
22,20160503,1
22,20160504,2
22,20160505,2
22,20160506,1
22,20160507,2
22,20160508,2
22,20160509,2
22,20160510,1
22,20160511,2
22,20160512,2
22,20160513,1
22,20160514,2
22,20160515,2
22,20160516,2
22,20160517,2
22,20160518,2
22,20160519,2
22,20160520,1
22,20160521,2
22,20160522,2
22,20160523,2
22,20160524,1
22,20160525,2
22,20160526,2
22,20160527,1
22,20160528,2
22,20160529,2
22,20160530,2
22,20160531,1
22,20160601,2
22,20160602,2
22,20160603,1
22,20160604,2
22,20160605,2
22,20160606,2
22,20160607,1
22,20160608,2
22,20160609,2
22,20160610,1
22,20160611,2
22,20160612,2
22,20160613,2
22,20160614,1
22,20160615,2
22,20160616,2
22,20160617,1
22,20160618,2
22,20160619,2
22,20160620,2
22,20160621,1
22,20160622,2
22,20160623,2
22,20160624,1
23,20160329,1
23,20160330,1
23,20160331,1
23,20160401,1
23,20160402,2
23,20160403,2
23,20160404,1
23,20160405,1
23,20160406,1
23,20160407,1
23,20160408,1
23,20160409,2
23,20160410,2
23,20160411,1
23,20160412,1
23,20160413,1
23,20160414,1
23,20160415,1
23,20160416,2
23,20160417,2
23,20160418,1
23,20160419,1
23,20160420,1
23,20160421,1
23,20160422,1
23,20160423,2
23,20160424,2
23,20160425,1
23,20160426,1
23,20160427,1
23,20160428,1
23,20160429,1
23,20160430,2
23,20160501,2
23,20160502,1
23,20160503,1
23,20160504,1
23,20160505,2
23,20160506,1
23,20160507,2
23,20160508,2
23,20160509,1
23,20160510,1
23,20160511,1
23,20160512,1
23,20160513,1
23,20160514,2
23,20160515,2
23,20160516,2
23,20160517,2
23,20160518,1
23,20160519,1
23,20160520,1
23,20160521,2
23,20160522,2
23,20160523,1
23,20160524,1
23,20160525,1
23,20160526,1
23,20160527,1
23,20160528,2
23,20160529,2
23,20160530,1
23,20160531,1
23,20160601,1
23,20160602,1
23,20160603,1
23,20160604,2
23,20160605,2
23,20160606,1
23,20160607,1
23,20160608,1
23,20160609,1
23,20160610,1
23,20160611,2
23,20160612,2
23,20160613,1
23,20160614,1
23,20160615,1
23,20160616,1
23,20160617,1
23,20160618,2
23,20160619,2
23,20160620,1
23,20160621,1
23,20160622,1
23,20160623,1
23,20160624,1
24,20160329,1
24,20160330,2
24,20160331,2
24,20160401,1
24,20160402,2
24,20160403,2
24,20160404,2
24,20160405,1
24,20160406,2
24,20160407,2
24,20160408,1
24,20160409,2
24,20160410,2
24,20160411,2
24,20160412,1
24,20160413,2
24,20160414,2
24,20160415,1
24,20160416,2
24,20160417,2
24,20160418,2
24,20160419,1
24,20160420,2
24,20160421,2
24,20160422,1
24,20160423,2
24,20160424,2
24,20160425,2
24,20160426,1
24,20160427,2
24,20160428,2
24,20160429,1
24,20160430,2
24,20160501,2
24,20160502,2
24,20160503,1
24,20160504,2
24,20160505,2
24,20160506,1
24,20160507,2
24,20160508,2
24,20160509,2
24,20160510,1
24,20160511,2
24,20160512,2
24,20160513,1
24,20160514,2
24,20160515,2
24,20160516,2
24,20160517,2
24,20160518,2
24,20160519,2
24,20160520,1
24,20160521,2
24,20160522,2
24,20160523,2
24,20160524,1
24,20160525,2
24,20160526,2
24,20160527,1
24,20160528,2
24,20160529,2
24,20160530,2
24,20160531,1
24,20160601,2
24,20160602,2
24,20160603,1
24,20160604,2
24,20160605,2
24,20160606,2
24,20160607,1
24,20160608,2
24,20160609,2
24,20160610,1
24,20160611,2
24,20160612,2
24,20160613,2
24,20160614,1
24,20160615,2
24,20160616,2
24,20160617,1
24,20160618,2
24,20160619,2
24,20160620,2
24,20160621,1
24,20160622,2
24,20160623,2
24,20160624,1
25,20160329,2
25,20160330,1
25,20160331,2
25,20160401,2
25,20160402,2
25,20160403,2
25,20160404,2
25,20160405,2
25,20160406,1
25,20160407,2
25,20160408,2
25,20160409,2
25,20160410,2
25,20160411,2
25,20160412,2
25,20160413,1
25,20160414,2
25,20160415,2
25,20160416,2
25,20160417,2
25,20160418,2
25,20160419,2
25,20160420,1
25,20160421,2
25,20160422,2
25,20160423,2
25,20160424,2
25,20160425,2
25,20160426,2
25,20160427,1
25,20160428,2
25,20160429,2
25,20160430,2
25,20160501,2
25,20160502,2
25,20160503,2
25,20160504,1
25,20160505,2
25,20160506,2
25,20160507,2
25,20160508,2
25,20160509,2
25,20160510,2
25,20160511,1
25,20160512,2
25,20160513,2
25,20160514,2
25,20160515,2
25,20160516,2
25,20160517,2
25,20160518,1
25,20160519,2
25,20160520,2
25,20160521,2
25,20160522,2
25,20160523,2
25,20160524,2
25,20160525,1
25,20160526,2
25,20160527,2
25,20160528,2
25,20160529,2
25,20160530,2
25,20160531,2
25,20160601,1
25,20160602,2
25,20160603,2
25,20160604,2
25,20160605,2
25,20160606,2
25,20160607,2
25,20160608,1
25,20160609,2
25,20160610,2
25,20160611,2
25,20160612,2
25,20160613,2
25,20160614,2
25,20160615,1
25,20160616,2
25,20160617,2
25,20160618,2
25,20160619,2
25,20160620,2
25,20160621,2
25,20160622,1
25,20160623,2
25,20160624,2
26,20160329,1
26,20160330,2
26,20160331,1
26,20160401,2
26,20160402,2
26,20160403,2
26,20160404,2
26,20160405,1
26,20160406,2
26,20160407,1
26,20160408,2
26,20160409,2
26,20160410,2
26,20160411,2
26,20160412,1
26,20160413,2
26,20160414,1
26,20160415,2
26,20160416,2
26,20160417,2
26,20160418,2
26,20160419,1
26,20160420,2
26,20160421,1
26,20160422,2
26,20160423,2
26,20160424,2
26,20160425,2
26,20160426,1
26,20160427,2
26,20160428,1
26,20160429,2
26,20160430,2
26,20160501,2
26,20160502,2
26,20160503,1
26,20160504,2
26,20160505,2
26,20160506,2
26,20160507,2
26,20160508,2
26,20160509,2
26,20160510,1
26,20160511,2
26,20160512,1
26,20160513,2
26,20160514,2
26,20160515,2
26,20160516,2
26,20160517,2
26,20160518,2
26,20160519,1
26,20160520,2
26,20160521,2
26,20160522,2
26,20160523,2
26,20160524,1
26,20160525,2
26,20160526,1
26,20160527,2
26,20160528,2
26,20160529,2
26,20160530,2
26,20160531,1
26,20160601,2
26,20160602,1
26,20160603,2
26,20160604,2
26,20160605,2
26,20160606,2
26,20160607,1
26,20160608,2
26,20160609,1
26,20160610,2
26,20160611,2
26,20160612,2
26,20160613,2
26,20160614,1
26,20160615,2
26,20160616,1
26,20160617,2
26,20160618,2
26,20160619,2
26,20160620,2
26,20160621,1
26,20160622,2
26,20160623,1
26,20160624,2
27,20160329,1
27,20160330,2
27,20160331,1
27,20160401,2
27,20160402,2
27,20160403,2
27,20160404,1
27,20160405,1
27,20160406,2
27,20160407,1
27,20160408,2
27,20160409,2
27,20160410,2
27,20160411,1
27,20160412,1
27,20160413,2
27,20160414,1
27,20160415,2
27,20160416,2
27,20160417,2
27,20160418,1
27,20160419,1
27,20160420,2
27,20160421,1
27,20160422,2
27,20160423,2
27,20160424,2
27,20160425,1
27,20160426,1
27,20160427,2
27,20160428,1
27,20160429,2
27,20160430,2
27,20160501,2
27,20160502,1
27,20160503,1
27,20160504,2
27,20160505,2
27,20160506,2
27,20160507,2
27,20160508,2
27,20160509,1
27,20160510,1
27,20160511,2
27,20160512,1
27,20160513,2
27,20160514,2
27,20160515,2
27,20160516,2
27,20160517,2
27,20160518,2
27,20160519,1
27,20160520,2
27,20160521,2
27,20160522,2
27,20160523,1
27,20160524,1
27,20160525,2
27,20160526,1
27,20160527,2
27,20160528,2
27,20160529,2
27,20160530,1
27,20160531,1
27,20160601,2
27,20160602,1
27,20160603,2
27,20160604,2
27,20160605,2
27,20160606,1
27,20160607,1
27,20160608,2
27,20160609,1
27,20160610,2
27,20160611,2
27,20160612,2
27,20160613,1
27,20160614,1
27,20160615,2
27,20160616,1
27,20160617,2
27,20160618,2
27,20160619,2
27,20160620,1
27,20160621,1
27,20160622,2
27,20160623,1
27,20160624,2
28,20160329,2
28,20160330,2
28,20160331,1
28,20160401,2
28,20160402,2
28,20160403,2
28,20160404,2
28,20160405,2
28,20160406,2
28,20160407,1
28,20160408,2
28,20160409,2
28,20160410,2
28,20160411,2
28,20160412,2
28,20160413,2
28,20160414,1
28,20160415,2
28,20160416,2
28,20160417,2
28,20160418,2
28,20160419,2
28,20160420,2
28,20160421,1
28,20160422,2
28,20160423,2
28,20160424,2
28,20160425,2
28,20160426,2
28,20160427,2
28,20160428,1
28,20160429,2
28,20160430,2
28,20160501,2
28,20160502,2
28,20160503,2
28,20160504,2
28,20160505,2
28,20160506,2
28,20160507,2
28,20160508,2
28,20160509,2
28,20160510,2
28,20160511,2
28,20160512,1
28,20160513,2
28,20160514,2
28,20160515,2
28,20160516,2
28,20160517,2
28,20160518,2
28,20160519,1
28,20160520,2
28,20160521,2
28,20160522,2
28,20160523,2
28,20160524,2
28,20160525,2
28,20160526,1
28,20160527,2
28,20160528,2
28,20160529,2
28,20160530,2
28,20160531,2
28,20160601,2
28,20160602,1
28,20160603,2
28,20160604,2
28,20160605,2
28,20160606,2
28,20160607,2
28,20160608,2
28,20160609,1
28,20160610,2
28,20160611,2
28,20160612,2
28,20160613,2
28,20160614,2
28,20160615,2
28,20160616,1
28,20160617,2
28,20160618,2
28,20160619,2
28,20160620,2
28,20160621,2
28,20160622,2
28,20160623,1
28,20160624,2
29,20160329,2
29,20160330,2
29,20160331,2
29,20160401,2
29,20160402,2
29,20160403,2
29,20160404,2
29,20160405,2
29,20160406,2
29,20160407,2
29,20160408,2
29,20160409,2
29,20160410,2
29,20160411,2
29,20160412,2
29,20160413,2
29,20160414,2
29,20160415,2
29,20160416,2
29,20160417,2
29,20160418,2
29,20160419,2
29,20160420,2
29,20160421,2
29,20160422,2
29,20160423,2
29,20160424,2
29,20160425,2
29,20160426,2
29,20160427,2
29,20160428,2
29,20160429,2
29,20160430,2
29,20160501,1
29,20160502,2
29,20160503,2
29,20160504,2
29,20160505,2
29,20160506,2
29,20160507,2
29,20160508,2
29,20160509,2
29,20160510,2
29,20160511,2
29,20160512,2
29,20160513,2
29,20160514,2
29,20160515,2
29,20160516,2
29,20160517,2
29,20160518,2
29,20160519,2
29,20160520,2
29,20160521,2
29,20160522,2
29,20160523,2
29,20160524,2
29,20160525,2
29,20160526,2
29,20160527,2
29,20160528,2
29,20160529,2
29,20160530,2
29,20160531,2
29,20160601,2
29,20160602,2
29,20160603,2
29,20160604,2
29,20160605,2
29,20160606,2
29,20160607,2
29,20160608,2
29,20160609,2
29,20160610,2
29,20160611,2
29,20160612,2
29,20160613,2
29,20160614,2
29,20160615,2
29,20160616,2
29,20160617,2
29,20160618,2
29,20160619,2
29,20160620,2
29,20160621,2
29,20160622,2
29,20160623,2
29,20160624,2
30,20160329,2
30,20160330,1
30,20160331,2
30,20160401,2
30,20160402,2
30,20160403,2
30,20160404,1
30,20160405,2
30,20160406,1
30,20160407,2
30,20160408,2
30,20160409,2
30,20160410,2
30,20160411,1
30,20160412,2
30,20160413,1
30,20160414,2
30,20160415,2
30,20160416,2
30,20160417,2
30,20160418,1
30,20160419,2
30,20160420,1
30,20160421,2
30,20160422,2
30,20160423,2
30,20160424,2
30,20160425,1
30,20160426,2
30,20160427,1
30,20160428,2
30,20160429,2
30,20160430,2
30,20160501,2
30,20160502,1
30,20160503,2
30,20160504,1
30,20160505,2
30,20160506,2
30,20160507,2
30,20160508,2
30,20160509,1
30,20160510,2
30,20160511,1
30,20160512,2
30,20160513,2
30,20160514,2
30,20160515,2
30,20160516,2
30,20160517,2
30,20160518,1
30,20160519,2
30,20160520,2
30,20160521,2
30,20160522,2
30,20160523,1
30,20160524,2
30,20160525,1
30,20160526,2
30,20160527,2
30,20160528,2
30,20160529,2
30,20160530,1
30,20160531,2
30,20160601,1
30,20160602,2
30,20160603,2
30,20160604,2
30,20160605,2
30,20160606,1
30,20160607,2
30,20160608,1
30,20160609,2
30,20160610,2
30,20160611,2
30,20160612,2
30,20160613,1
30,20160614,2
30,20160615,1
30,20160616,2
30,20160617,2
30,20160618,2
30,20160619,2
30,20160620,1
30,20160621,2
30,20160622,1
30,20160623,2
30,20160624,2
31,20160329,2
31,20160330,1
31,20160331,2
31,20160401,2
31,20160402,2
31,20160403,2
31,20160404,2
31,20160405,2
31,20160406,1
31,20160407,2
31,20160408,2
31,20160409,2
31,20160410,2
31,20160411,2
31,20160412,2
31,20160413,1
31,20160414,2
31,20160415,2
31,20160416,2
31,20160417,2
31,20160418,2
31,20160419,2
31,20160420,1
31,20160421,2
31,20160422,2
31,20160423,2
31,20160424,2
31,20160425,2
31,20160426,2
31,20160427,1
31,20160428,2
31,20160429,2
31,20160430,2
31,20160501,2
31,20160502,2
31,20160503,2
31,20160504,1
31,20160505,2
31,20160506,2
31,20160507,2
31,20160508,2
31,20160509,2
31,20160510,2
31,20160511,1
31,20160512,2
31,20160513,2
31,20160514,2
31,20160515,2
31,20160516,2
31,20160517,2
31,20160518,1
31,20160519,2
31,20160520,2
31,20160521,2
31,20160522,2
31,20160523,2
31,20160524,2
31,20160525,1
31,20160526,2
31,20160527,2
31,20160528,2
31,20160529,2
31,20160530,2
31,20160531,2
31,20160601,1
31,20160602,2
31,20160603,2
31,20160604,2
31,20160605,2
31,20160606,2
31,20160607,2
31,20160608,1
31,20160609,2
31,20160610,2
31,20160611,2
31,20160612,2
31,20160613,2
31,20160614,2
31,20160615,1
31,20160616,2
31,20160617,2
31,20160618,2
31,20160619,2
31,20160620,2
31,20160621,2
31,20160622,1
31,20160623,2
31,20160624,2
32,20160329,2
32,20160330,2
32,20160331,2
32,20160401,2
32,20160402,2
32,20160403,2
32,20160404,2
32,20160405,2
32,20160406,2
32,20160407,2
32,20160408,2
32,20160409,2
32,20160410,2
32,20160411,2
32,20160412,2
32,20160413,2
32,20160414,2
32,20160415,2
32,20160416,2
32,20160417,2
32,20160418,2
32,20160419,2
32,20160420,2
32,20160421,2
32,20160422,2
32,20160423,2
32,20160424,2
32,20160425,2
32,20160426,2
32,20160427,2
32,20160428,2
32,20160429,2
32,20160430,2
32,20160501,2
32,20160502,2
32,20160503,2
32,20160504,2
32,20160505,2
32,20160506,2
32,20160507,2
32,20160508,2
32,20160509,2
32,20160510,2
32,20160511,2
32,20160512,2
32,20160513,2
32,20160514,2
32,20160515,2
32,20160516,1
32,20160517,2
32,20160518,2
32,20160519,2
32,20160520,2
32,20160521,2
32,20160522,2
32,20160523,2
32,20160524,2
32,20160525,2
32,20160526,2
32,20160527,2
32,20160528,2
32,20160529,2
32,20160530,2
32,20160531,2
32,20160601,2
32,20160602,2
32,20160603,2
32,20160604,2
32,20160605,2
32,20160606,2
32,20160607,2
32,20160608,2
32,20160609,2
32,20160610,2
32,20160611,2
32,20160612,2
32,20160613,2
32,20160614,2
32,20160615,2
32,20160616,2
32,20160617,2
32,20160618,2
32,20160619,2
32,20160620,2
32,20160621,2
32,20160622,2
32,20160623,2
32,20160624,2
33,20160329,2
33,20160330,2
33,20160331,2
33,20160401,2
33,20160402,2
33,20160403,2
33,20160404,2
33,20160405,2
33,20160406,2
33,20160407,2
33,20160408,2
33,20160409,2
33,20160410,2
33,20160411,2
33,20160412,2
33,20160413,2
33,20160414,2
33,20160415,2
33,20160416,2
33,20160417,2
33,20160418,2
33,20160419,2
33,20160420,2
33,20160421,2
33,20160422,2
33,20160423,2
33,20160424,2
33,20160425,2
33,20160426,2
33,20160427,2
33,20160428,2
33,20160429,2
33,20160430,2
33,20160501,2
33,20160502,2
33,20160503,2
33,20160504,2
33,20160505,2
33,20160506,2
33,20160507,2
33,20160508,2
33,20160509,2
33,20160510,2
33,20160511,2
33,20160512,2
33,20160513,2
33,20160514,2
33,20160515,1
33,20160516,2
33,20160517,2
33,20160518,2
33,20160519,2
33,20160520,2
33,20160521,2
33,20160522,2
33,20160523,2
33,20160524,2
33,20160525,2
33,20160526,2
33,20160527,2
33,20160528,2
33,20160529,2
33,20160530,2
33,20160531,2
33,20160601,2
33,20160602,2
33,20160603,2
33,20160604,2
33,20160605,2
33,20160606,2
33,20160607,2
33,20160608,2
33,20160609,2
33,20160610,2
33,20160611,2
33,20160612,2
33,20160613,2
33,20160614,2
33,20160615,2
33,20160616,2
33,20160617,2
33,20160618,2
33,20160619,2
33,20160620,2
33,20160621,2
33,20160622,2
33,20160623,2
33,20160624,2
34,20160329,2
34,20160330,2
34,20160331,2
34,20160401,2
34,20160402,1
34,20160403,2
34,20160404,2
34,20160405,2
34,20160406,2
34,20160407,2
34,20160408,2
34,20160409,1
34,20160410,2
34,20160411,2
34,20160412,2
34,20160413,2
34,20160414,2
34,20160415,2
34,20160416,1
34,20160417,2
34,20160418,2
34,20160419,2
34,20160420,2
34,20160421,2
34,20160422,2
34,20160423,1
34,20160424,2
34,20160425,2
34,20160426,2
34,20160427,2
34,20160428,2
34,20160429,2
34,20160430,1
34,20160501,2
34,20160502,2
34,20160503,2
34,20160504,2
34,20160505,2
34,20160506,2
34,20160507,1
34,20160508,2
34,20160509,2
34,20160510,2
34,20160511,2
34,20160512,2
34,20160513,2
34,20160514,2
34,20160515,2
34,20160516,2
34,20160517,2
34,20160518,2
34,20160519,2
34,20160520,2
34,20160521,1
34,20160522,2
34,20160523,2
34,20160524,2
34,20160525,2
34,20160526,2
34,20160527,2
34,20160528,1
34,20160529,2
34,20160530,2
34,20160531,2
34,20160601,2
34,20160602,2
34,20160603,2
34,20160604,1
34,20160605,2
34,20160606,2
34,20160607,2
34,20160608,2
34,20160609,2
34,20160610,2
34,20160611,1
34,20160612,2
34,20160613,2
34,20160614,2
34,20160615,2
34,20160616,2
34,20160617,2
34,20160618,1
34,20160619,2
34,20160620,2
34,20160621,2
34,20160622,2
34,20160623,2
34,20160624,2
35,20160329,1
35,20160330,2
35,20160331,1
35,20160401,2
35,20160402,2
35,20160403,2
35,20160404,1
35,20160405,1
35,20160406,2
35,20160407,1
35,20160408,2
35,20160409,2
35,20160410,2
35,20160411,1
35,20160412,1
35,20160413,2
35,20160414,1
35,20160415,2
35,20160416,2
35,20160417,2
35,20160418,1
35,20160419,1
35,20160420,2
35,20160421,1
35,20160422,2
35,20160423,2
35,20160424,2
35,20160425,1
35,20160426,1
35,20160427,2
35,20160428,1
35,20160429,2
35,20160430,2
35,20160501,2
35,20160502,1
35,20160503,1
35,20160504,2
35,20160505,2
35,20160506,2
35,20160507,2
35,20160508,2
35,20160509,1
35,20160510,1
35,20160511,2
35,20160512,1
35,20160513,2
35,20160514,2
35,20160515,2
35,20160516,2
35,20160517,2
35,20160518,2
35,20160519,1
35,20160520,2
35,20160521,2
35,20160522,2
35,20160523,1
35,20160524,1
35,20160525,2
35,20160526,1
35,20160527,2
35,20160528,2
35,20160529,2
35,20160530,1
35,20160531,1
35,20160601,2
35,20160602,1
35,20160603,2
35,20160604,2
35,20160605,2
35,20160606,1
35,20160607,1
35,20160608,2
35,20160609,1
35,20160610,2
35,20160611,2
35,20160612,2
35,20160613,1
35,20160614,1
35,20160615,2
35,20160616,1
35,20160617,2
35,20160618,2
35,20160619,2
35,20160620,1
35,20160621,1
35,20160622,2
35,20160623,1
35,20160624,2
36,20160329,2
36,20160330,1
36,20160331,2
36,20160401,1
36,20160402,2
36,20160403,2
36,20160404,1
36,20160405,2
36,20160406,1
36,20160407,2
36,20160408,1
36,20160409,2
36,20160410,2
36,20160411,1
36,20160412,2
36,20160413,1
36,20160414,2
36,20160415,1
36,20160416,2
36,20160417,2
36,20160418,1
36,20160419,2
36,20160420,1
36,20160421,2
36,20160422,1
36,20160423,2
36,20160424,2
36,20160425,1
36,20160426,2
36,20160427,1
36,20160428,2
36,20160429,1
36,20160430,2
36,20160501,2
36,20160502,1
36,20160503,2
36,20160504,1
36,20160505,2
36,20160506,1
36,20160507,2
36,20160508,2
36,20160509,1
36,20160510,2
36,20160511,1
36,20160512,2
36,20160513,1
36,20160514,2
36,20160515,2
36,20160516,2
36,20160517,2
36,20160518,1
36,20160519,2
36,20160520,1
36,20160521,2
36,20160522,2
36,20160523,1
36,20160524,2
36,20160525,1
36,20160526,2
36,20160527,1
36,20160528,2
36,20160529,2
36,20160530,1
36,20160531,2
36,20160601,1
36,20160602,2
36,20160603,1
36,20160604,2
36,20160605,2
36,20160606,1
36,20160607,2
36,20160608,1
36,20160609,2
36,20160610,1
36,20160611,2
36,20160612,2
36,20160613,1
36,20160614,2
36,20160615,1
36,20160616,2
36,20160617,1
36,20160618,2
36,20160619,2
36,20160620,1
36,20160621,2
36,20160622,1
36,20160623,2
36,20160624,1
37,20160329,1
37,20160330,2
37,20160331,1
37,20160401,1
37,20160402,2
37,20160403,2
37,20160404,2
37,20160405,1
37,20160406,2
37,20160407,1
37,20160408,1
37,20160409,2
37,20160410,2
37,20160411,2
37,20160412,1
37,20160413,2
37,20160414,1
37,20160415,1
37,20160416,2
37,20160417,2
37,20160418,2
37,20160419,1
37,20160420,2
37,20160421,1
37,20160422,1
37,20160423,2
37,20160424,2
37,20160425,2
37,20160426,1
37,20160427,2
37,20160428,1
37,20160429,1
37,20160430,2
37,20160501,2
37,20160502,2
37,20160503,1
37,20160504,2
37,20160505,2
37,20160506,1
37,20160507,2
37,20160508,2
37,20160509,2
37,20160510,1
37,20160511,2
37,20160512,1
37,20160513,1
37,20160514,2
37,20160515,2
37,20160516,2
37,20160517,2
37,20160518,2
37,20160519,1
37,20160520,1
37,20160521,2
37,20160522,2
37,20160523,2
37,20160524,1
37,20160525,2
37,20160526,1
37,20160527,1
37,20160528,2
37,20160529,2
37,20160530,2
37,20160531,1
37,20160601,2
37,20160602,1
37,20160603,1
37,20160604,2
37,20160605,2
37,20160606,2
37,20160607,1
37,20160608,2
37,20160609,1
37,20160610,1
37,20160611,2
37,20160612,2
37,20160613,2
37,20160614,1
37,20160615,2
37,20160616,1
37,20160617,1
37,20160618,2
37,20160619,2
37,20160620,2
37,20160621,1
37,20160622,2
37,20160623,1
37,20160624,1
38,20160329,1
38,20160330,1
38,20160331,1
38,20160401,1
38,20160402,2
38,20160403,2
38,20160404,1
38,20160405,1
38,20160406,1
38,20160407,1
38,20160408,1
38,20160409,2
38,20160410,2
38,20160411,1
38,20160412,1
38,20160413,1
38,20160414,1
38,20160415,1
38,20160416,2
38,20160417,2
38,20160418,1
38,20160419,1
38,20160420,1
38,20160421,1
38,20160422,1
38,20160423,2
38,20160424,2
38,20160425,1
38,20160426,1
38,20160427,1
38,20160428,1
38,20160429,1
38,20160430,2
38,20160501,2
38,20160502,1
38,20160503,1
38,20160504,1
38,20160505,2
38,20160506,1
38,20160507,2
38,20160508,2
38,20160509,1
38,20160510,1
38,20160511,1
38,20160512,1
38,20160513,1
38,20160514,2
38,20160515,2
38,20160516,2
38,20160517,2
38,20160518,1
38,20160519,1
38,20160520,1
38,20160521,2
38,20160522,2
38,20160523,1
38,20160524,1
38,20160525,1
38,20160526,1
38,20160527,1
38,20160528,2
38,20160529,2
38,20160530,1
38,20160531,1
38,20160601,1
38,20160602,1
38,20160603,1
38,20160604,2
38,20160605,2
38,20160606,1
38,20160607,1
38,20160608,1
38,20160609,1
38,20160610,1
38,20160611,2
38,20160612,2
38,20160613,1
38,20160614,1
38,20160615,1
38,20160616,1
38,20160617,1
38,20160618,2
38,20160619,2
38,20160620,1
38,20160621,1
38,20160622,1
38,20160623,1
38,20160624,1
39,20160329,2
39,20160330,2
39,20160331,2
39,20160401,2
39,20160402,2
39,20160403,2
39,20160404,2
39,20160405,2
39,20160406,2
39,20160407,2
39,20160408,2
39,20160409,2
39,20160410,2
39,20160411,2
39,20160412,2
39,20160413,2
39,20160414,2
39,20160415,2
39,20160416,2
39,20160417,2
39,20160418,2
39,20160419,2
39,20160420,2
39,20160421,2
39,20160422,2
39,20160423,2
39,20160424,2
39,20160425,2
39,20160426,2
39,20160427,2
39,20160428,2
39,20160429,2
39,20160430,2
39,20160501,2
39,20160502,2
39,20160503,2
39,20160504,2
39,20160505,2
39,20160506,2
39,20160507,2
39,20160508,2
39,20160509,2
39,20160510,2
39,20160511,2
39,20160512,2
39,20160513,2
39,20160514,2
39,20160515,2
39,20160516,2
39,20160517,1
39,20160518,2
39,20160519,2
39,20160520,2
39,20160521,2
39,20160522,2
39,20160523,2
39,20160524,2
39,20160525,2
39,20160526,2
39,20160527,2
39,20160528,2
39,20160529,2
39,20160530,2
39,20160531,2
39,20160601,2
39,20160602,2
39,20160603,2
39,20160604,2
39,20160605,2
39,20160606,2
39,20160607,2
39,20160608,2
39,20160609,2
39,20160610,2
39,20160611,2
39,20160612,2
39,20160613,2
39,20160614,2
39,20160615,2
39,20160616,2
39,20160617,2
39,20160618,2
39,20160619,2
39,20160620,2
39,20160621,2
39,20160622,2
39,20160623,2
39,20160624,2
40,20160329,2
40,20160330,2
40,20160331,1
40,20160401,2
40,20160402,2
40,20160403,2
40,20160404,2
40,20160405,2
40,20160406,2
40,20160407,1
40,20160408,2
40,20160409,2
40,20160410,2
40,20160411,2
40,20160412,2
40,20160413,2
40,20160414,1
40,20160415,2
40,20160416,2
40,20160417,2
40,20160418,2
40,20160419,2
40,20160420,2
40,20160421,1
40,20160422,2
40,20160423,2
40,20160424,2
40,20160425,2
40,20160426,2
40,20160427,2
40,20160428,1
40,20160429,2
40,20160430,2
40,20160501,2
40,20160502,2
40,20160503,2
40,20160504,2
40,20160505,2
40,20160506,2
40,20160507,2
40,20160508,2
40,20160509,2
40,20160510,2
40,20160511,2
40,20160512,1
40,20160513,2
40,20160514,2
40,20160515,2
40,20160516,2
40,20160517,2
40,20160518,2
40,20160519,1
40,20160520,2
40,20160521,2
40,20160522,2
40,20160523,2
40,20160524,2
40,20160525,2
40,20160526,1
40,20160527,2
40,20160528,2
40,20160529,2
40,20160530,2
40,20160531,2
40,20160601,2
40,20160602,1
40,20160603,2
40,20160604,2
40,20160605,2
40,20160606,2
40,20160607,2
40,20160608,2
40,20160609,1
40,20160610,2
40,20160611,2
40,20160612,2
40,20160613,2
40,20160614,2
40,20160615,2
40,20160616,1
40,20160617,2
40,20160618,2
40,20160619,2
40,20160620,2
40,20160621,2
40,20160622,2
40,20160623,1
40,20160624,2
41,20160329,2
41,20160330,2
41,20160331,2
41,20160401,2
41,20160402,2
41,20160403,2
41,20160404,2
41,20160405,2
41,20160406,2
41,20160407,2
41,20160408,2
41,20160409,2
41,20160410,2
41,20160411,2
41,20160412,2
41,20160413,2
41,20160414,2
41,20160415,2
41,20160416,2
41,20160417,2
41,20160418,2
41,20160419,2
41,20160420,2
41,20160421,2
41,20160422,2
41,20160423,2
41,20160424,2
41,20160425,2
41,20160426,2
41,20160427,2
41,20160428,2
41,20160429,2
41,20160430,2
41,20160501,1
41,20160502,2
41,20160503,2
41,20160504,2
41,20160505,2
41,20160506,2
41,20160507,2
41,20160508,2
41,20160509,2
41,20160510,2
41,20160511,2
41,20160512,2
41,20160513,2
41,20160514,2
41,20160515,2
41,20160516,2
41,20160517,2
41,20160518,2
41,20160519,2
41,20160520,2
41,20160521,2
41,20160522,2
41,20160523,2
41,20160524,2
41,20160525,2
41,20160526,2
41,20160527,2
41,20160528,2
41,20160529,2
41,20160530,2
41,20160531,2
41,20160601,2
41,20160602,2
41,20160603,2
41,20160604,2
41,20160605,2
41,20160606,2
41,20160607,2
41,20160608,2
41,20160609,2
41,20160610,2
41,20160611,2
41,20160612,2
41,20160613,2
41,20160614,2
41,20160615,2
41,20160616,2
41,20160617,2
41,20160618,2
41,20160619,2
41,20160620,2
41,20160621,2
41,20160622,2
41,20160623,2
41,20160624,2
42,20160329,2
42,20160330,2
42,20160331,1
42,20160401,2
42,20160402,2
42,20160403,2
42,20160404,2
42,20160405,2
42,20160406,2
42,20160407,1
42,20160408,2
42,20160409,2
42,20160410,2
42,20160411,2
42,20160412,2
42,20160413,2
42,20160414,1
42,20160415,2
42,20160416,2
42,20160417,2
42,20160418,2
42,20160419,2
42,20160420,2
42,20160421,1
42,20160422,2
42,20160423,2
42,20160424,2
42,20160425,2
42,20160426,2
42,20160427,2
42,20160428,1
42,20160429,2
42,20160430,2
42,20160501,2
42,20160502,2
42,20160503,2
42,20160504,2
42,20160505,2
42,20160506,2
42,20160507,2
42,20160508,2
42,20160509,2
42,20160510,2
42,20160511,2
42,20160512,1
42,20160513,2
42,20160514,2
42,20160515,2
42,20160516,2
42,20160517,2
42,20160518,2
42,20160519,1
42,20160520,2
42,20160521,2
42,20160522,2
42,20160523,2
42,20160524,2
42,20160525,2
42,20160526,1
42,20160527,2
42,20160528,2
42,20160529,2
42,20160530,2
42,20160531,2
42,20160601,2
42,20160602,1
42,20160603,2
42,20160604,2
42,20160605,2
42,20160606,2
42,20160607,2
42,20160608,2
42,20160609,1
42,20160610,2
42,20160611,2
42,20160612,2
42,20160613,2
42,20160614,2
42,20160615,2
42,20160616,1
42,20160617,2
42,20160618,2
42,20160619,2
42,20160620,2
42,20160621,2
42,20160622,2
42,20160623,1
42,20160624,2
43,20160329,1
43,20160330,1
43,20160331,1
43,20160401,1
43,20160402,2
43,20160403,2
43,20160404,1
43,20160405,1
43,20160406,1
43,20160407,1
43,20160408,1
43,20160409,2
43,20160410,2
43,20160411,1
43,20160412,1
43,20160413,1
43,20160414,1
43,20160415,1
43,20160416,2
43,20160417,2
43,20160418,1
43,20160419,1
43,20160420,1
43,20160421,1
43,20160422,1
43,20160423,2
43,20160424,2
43,20160425,1
43,20160426,1
43,20160427,1
43,20160428,1
43,20160429,1
43,20160430,2
43,20160501,2
43,20160502,1
43,20160503,1
43,20160504,1
43,20160505,2
43,20160506,1
43,20160507,2
43,20160508,2
43,20160509,1
43,20160510,1
43,20160511,1
43,20160512,1
43,20160513,1
43,20160514,2
43,20160515,2
43,20160516,2
43,20160517,2
43,20160518,1
43,20160519,1
43,20160520,1
43,20160521,2
43,20160522,2
43,20160523,1
43,20160524,1
43,20160525,1
43,20160526,1
43,20160527,1
43,20160528,2
43,20160529,2
43,20160530,1
43,20160531,1
43,20160601,1
43,20160602,1
43,20160603,1
43,20160604,2
43,20160605,2
43,20160606,1
43,20160607,1
43,20160608,1
43,20160609,1
43,20160610,1
43,20160611,2
43,20160612,2
43,20160613,1
43,20160614,1
43,20160615,1
43,20160616,1
43,20160617,1
43,20160618,2
43,20160619,2
43,20160620,1
43,20160621,1
43,20160622,1
43,20160623,1
43,20160624,1
44,20160329,2
44,20160330,2
44,20160331,2
44,20160401,1
44,20160402,2
44,20160403,2
44,20160404,1
44,20160405,2
44,20160406,2
44,20160407,2
44,20160408,1
44,20160409,2
44,20160410,2
44,20160411,1
44,20160412,2
44,20160413,2
44,20160414,2
44,20160415,1
44,20160416,2
44,20160417,2
44,20160418,1
44,20160419,2
44,20160420,2
44,20160421,2
44,20160422,1
44,20160423,2
44,20160424,2
44,20160425,1
44,20160426,2
44,20160427,2
44,20160428,2
44,20160429,1
44,20160430,2
44,20160501,2
44,20160502,1
44,20160503,2
44,20160504,2
44,20160505,2
44,20160506,1
44,20160507,2
44,20160508,2
44,20160509,1
44,20160510,2
44,20160511,2
44,20160512,2
44,20160513,1
44,20160514,2
44,20160515,2
44,20160516,2
44,20160517,2
44,20160518,2
44,20160519,2
44,20160520,1
44,20160521,2
44,20160522,2
44,20160523,1
44,20160524,2
44,20160525,2
44,20160526,2
44,20160527,1
44,20160528,2
44,20160529,2
44,20160530,1
44,20160531,2
44,20160601,2
44,20160602,2
44,20160603,1
44,20160604,2
44,20160605,2
44,20160606,1
44,20160607,2
44,20160608,2
44,20160609,2
44,20160610,1
44,20160611,2
44,20160612,2
44,20160613,1
44,20160614,2
44,20160615,2
44,20160616,2
44,20160617,1
44,20160618,2
44,20160619,2
44,20160620,1
44,20160621,2
44,20160622,2
44,20160623,2
44,20160624,1
45,20160329,1
45,20160330,1
45,20160331,1
45,20160401,1
45,20160402,2
45,20160403,2
45,20160404,1
45,20160405,1
45,20160406,1
45,20160407,1
45,20160408,1
45,20160409,2
45,20160410,2
45,20160411,1
45,20160412,1
45,20160413,1
45,20160414,1
45,20160415,1
45,20160416,2
45,20160417,2
45,20160418,1
45,20160419,1
45,20160420,1
45,20160421,1
45,20160422,1
45,20160423,2
45,20160424,2
45,20160425,1
45,20160426,1
45,20160427,1
45,20160428,1
45,20160429,1
45,20160430,2
45,20160501,2
45,20160502,1
45,20160503,1
45,20160504,1
45,20160505,2
45,20160506,1
45,20160507,2
45,20160508,2
45,20160509,1
45,20160510,1
45,20160511,1
45,20160512,1
45,20160513,1
45,20160514,2
45,20160515,2
45,20160516,2
45,20160517,2
45,20160518,1
45,20160519,1
45,20160520,1
45,20160521,2
45,20160522,2
45,20160523,1
45,20160524,1
45,20160525,1
45,20160526,1
45,20160527,1
45,20160528,2
45,20160529,2
45,20160530,1
45,20160531,1
45,20160601,1
45,20160602,1
45,20160603,1
45,20160604,2
45,20160605,2
45,20160606,1
45,20160607,1
45,20160608,1
45,20160609,1
45,20160610,1
45,20160611,2
45,20160612,2
45,20160613,1
45,20160614,1
45,20160615,1
45,20160616,1
45,20160617,1
45,20160618,2
45,20160619,2
45,20160620,1
45,20160621,1
45,20160622,1
45,20160623,1
45,20160624,1
46,20160329,2
46,20160330,2
46,20160331,1
46,20160401,2
46,20160402,2
46,20160403,2
46,20160404,1
46,20160405,2
46,20160406,2
46,20160407,1
46,20160408,2
46,20160409,2
46,20160410,2
46,20160411,1
46,20160412,2
46,20160413,2
46,20160414,1
46,20160415,2
46,20160416,2
46,20160417,2
46,20160418,1
46,20160419,2
46,20160420,2
46,20160421,1
46,20160422,2
46,20160423,2
46,20160424,2
46,20160425,1
46,20160426,2
46,20160427,2
46,20160428,1
46,20160429,2
46,20160430,2
46,20160501,2
46,20160502,1
46,20160503,2
46,20160504,2
46,20160505,2
46,20160506,2
46,20160507,2
46,20160508,2
46,20160509,1
46,20160510,2
46,20160511,2
46,20160512,1
46,20160513,2
46,20160514,2
46,20160515,2
46,20160516,2
46,20160517,2
46,20160518,2
46,20160519,1
46,20160520,2
46,20160521,2
46,20160522,2
46,20160523,1
46,20160524,2
46,20160525,2
46,20160526,1
46,20160527,2
46,20160528,2
46,20160529,2
46,20160530,1
46,20160531,2
46,20160601,2
46,20160602,1
46,20160603,2
46,20160604,2
46,20160605,2
46,20160606,1
46,20160607,2
46,20160608,2
46,20160609,1
46,20160610,2
46,20160611,2
46,20160612,2
46,20160613,1
46,20160614,2
46,20160615,2
46,20160616,1
46,20160617,2
46,20160618,2
46,20160619,2
46,20160620,1
46,20160621,2
46,20160622,2
46,20160623,1
46,20160624,2
47,20160329,1
47,20160330,1
47,20160331,1
47,20160401,2
47,20160402,2
47,20160403,2
47,20160404,1
47,20160405,1
47,20160406,1
47,20160407,1
47,20160408,2
47,20160409,2
47,20160410,2
47,20160411,1
47,20160412,1
47,20160413,1
47,20160414,1
47,20160415,2
47,20160416,2
47,20160417,2
47,20160418,1
47,20160419,1
47,20160420,1
47,20160421,1
47,20160422,2
47,20160423,2
47,20160424,2
47,20160425,1
47,20160426,1
47,20160427,1
47,20160428,1
47,20160429,2
47,20160430,2
47,20160501,2
47,20160502,1
47,20160503,1
47,20160504,1
47,20160505,2
47,20160506,2
47,20160507,2
47,20160508,2
47,20160509,1
47,20160510,1
47,20160511,1
47,20160512,1
47,20160513,2
47,20160514,2
47,20160515,2
47,20160516,2
47,20160517,2
47,20160518,1
47,20160519,1
47,20160520,2
47,20160521,2
47,20160522,2
47,20160523,1
47,20160524,1
47,20160525,1
47,20160526,1
47,20160527,2
47,20160528,2
47,20160529,2
47,20160530,1
47,20160531,1
47,20160601,1
47,20160602,1
47,20160603,2
47,20160604,2
47,20160605,2
47,20160606,1
47,20160607,1
47,20160608,1
47,20160609,1
47,20160610,2
47,20160611,2
47,20160612,2
47,20160613,1
47,20160614,1
47,20160615,1
47,20160616,1
47,20160617,2
47,20160618,2
47,20160619,2
47,20160620,1
47,20160621,1
47,20160622,1
47,20160623,1
47,20160624,2
48,20160329,2
48,20160330,2
48,20160331,2
48,20160401,2
48,20160402,2
48,20160403,2
48,20160404,2
48,20160405,2
48,20160406,2
48,20160407,2
48,20160408,2
48,20160409,2
48,20160410,2
48,20160411,2
48,20160412,2
48,20160413,2
48,20160414,2
48,20160415,2
48,20160416,2
48,20160417,2
48,20160418,2
48,20160419,2
48,20160420,2
48,20160421,2
48,20160422,2
48,20160423,2
48,20160424,2
48,20160425,2
48,20160426,2
48,20160427,2
48,20160428,2
48,20160429,2
48,20160430,2
48,20160501,2
48,20160502,2
48,20160503,2
48,20160504,2
48,20160505,2
48,20160506,2
48,20160507,2
48,20160508,2
48,20160509,2
48,20160510,2
48,20160511,2
48,20160512,2
48,20160513,2
48,20160514,2
48,20160515,2
48,20160516,1
48,20160517,2
48,20160518,2
48,20160519,2
48,20160520,2
48,20160521,2
48,20160522,2
48,20160523,2
48,20160524,2
48,20160525,2
48,20160526,2
48,20160527,2
48,20160528,2
48,20160529,2
48,20160530,2
48,20160531,2
48,20160601,2
48,20160602,2
