1 0.00019146084625694046
2 0.00019146084625694046
3 0.0003829216925138809
4 0.0003829216925138809
5 0.00019146084625694046
6 0.0003829216925138809
7 0.0003829216925138809
8 0.0003829216925138809
9 0.0003829216925138809
10 0.0003829216925138809
11 0.0003829216925138809
12 0.0003829216925138809
13 0.0003829216925138809
14 0.0003829216925138809
15 0.0005743825387708214
16 0.0005743825387708214
17 0.0005743825387708214
18 0.0005743825387708214
19 0.0003829216925138809
20 0.0005743825387708214
21 0.0005743825387708214
22 0.0005743825387708214
23 0.0005743825387708214
24 0.0007658433850277618
25 0.0007658433850277618
26 0.0007658433850277618
27 0.0007658433850277618
28 0.0009573042312847023
29 0.0007658433850277618
30 0.0007658433850277618
31 0.0007658433850277618
32 0.0005743825387708214
33 0.0005743825387708214
34 0.0003829216925138809
35 0.0005743825387708214
36 0.0005743825387708214
37 0.0007658433850277618
38 0.0007658433850277618
39 0.0007658433850277618
40 0.0009573042312847023
41 0.0009573042312847023
42 0.0009573042312847023
43 0.0011487650775416428
44 0.0015316867700555237
45 0.0015316867700555237
46 0.0017231476163124641
47 0.0015316867700555237
48 0.0015316867700555237
49 0.0013402259237985832
50 0.0015316867700555237
51 0.0015316867700555237
52 0.0015316867700555237
53 0.0017231476163124641
54 0.0017231476163124641
55 0.0017231476163124641
56 0.002106069308826345
57 0.0019146084625694046
58 0.0015316867700555237
59 0.0015316867700555237
60 0.0015316867700555237
61 0.0015316867700555237
62 0.0015316867700555237
63 0.0015316867700555237
64 0.0013402259237985832
65 0.0013402259237985832
66 0.0011487650775416428
67 0.0011487650775416428
68 0.0011487650775416428
69 0.0011487650775416428
70 0.0011487650775416428
71 0.0011487650775416428
72 0.0011487650775416428
73 0.0011487650775416428
74 0.0011487650775416428
75 0.0011487650775416428
76 0.0011487650775416428
77 0.0013402259237985832
78 0.0013402259237985832
79 0.0013402259237985832
80 0.0011487650775416428
81 0.0005743825387708214
82 0.0007658433850277618
83 0.0009573042312847023
84 0.0007658433850277618
85 0.0009573042312847023
86 0.0009573042312847023
87 0.0009573042312847023
88 0.0011487650775416428
89 0.0009573042312847023
90 0.0005743825387708214
91 0.0007658433850277618
92 0.0005743825387708214
93 0.0007658433850277618
94 0.0007658433850277618
95 0.0007658433850277618
96 0.0007658433850277618
97 0.0007658433850277618
98 0.0005743825387708214
99 0.0007658433850277618
100 0.0009573042312847023
101 0.0009573042312847023
102 0.0011487650775416428
103 0.0015316867700555237
104 0.0015316867700555237
105 0.0015316867700555237
106 0.0015316867700555237
107 0.0011487650775416428
108 0.0011487650775416428
109 0.0013402259237985832
110 0.0013402259237985832
111 0.0011487650775416428
112 0.0011487650775416428
113 0.0013402259237985832
114 0.0013402259237985832
115 0.0017231476163124641
116 0.0015316867700555237
117 0.0015316867700555237
118 0.0019146084625694046
119 0.0019146084625694046
120 0.002106069308826345
121 0.002488991001340226
122 0.002488991001340226
123 0.002488991001340226
124 0.002488991001340226
125 0.002106069308826345
126 0.002106069308826345
127 0.0022975301550832855
128 0.002106069308826345
129 0.002106069308826345
130 0.0019146084625694046
131 0.0019146084625694046
132 0.0017231476163124641
133 0.0015316867700555237
134 0.0017231476163124641
135 0.002106069308826345
136 0.002106069308826345
137 0.002106069308826345
138 0.002106069308826345
139 0.0022975301550832855
140 0.0022975301550832855
141 0.0022975301550832855
142 0.0022975301550832855
143 0.002488991001340226
144 0.0022975301550832855
145 0.0022975301550832855
146 0.002106069308826345
147 0.002106069308826345
148 0.002106069308826345
149 0.002488991001340226
150 0.002488991001340226
151 0.002488991001340226
152 0.002488991001340226
153 0.0022975301550832855
154 0.002488991001340226
155 0.002488991001340226
156 0.0022975301550832855
157 0.002106069308826345
158 0.002106069308826345
159 0.0019146084625694046
160 0.002106069308826345
161 0.002106069308826345
162 0.002106069308826345
163 0.002488991001340226
164 0.0022975301550832855
165 0.002106069308826345
166 0.002871912693854107
167 0.0026804518475971664
168 0.002871912693854107
169 0.002871912693854107
170 0.002871912693854107
171 0.002871912693854107
172 0.002871912693854107
173 0.002488991001340226
174 0.002488991001340226
175 0.002871912693854107
176 0.0026804518475971664
177 0.0026804518475971664
178 0.002871912693854107
179 0.0026804518475971664
180 0.002871912693854107
181 0.002871912693854107
182 0.0030633735401110473
183 0.002871912693854107
184 0.0026804518475971664
185 0.002488991001340226
186 0.0026804518475971664
187 0.002488991001340226
188 0.0022975301550832855
189 0.002871912693854107
190 0.002871912693854107
191 0.003254834386367988
192 0.0034462952326249283
193 0.0034462952326249283
194 0.003254834386367988
195 0.0034462952326249283
196 0.0034462952326249283
197 0.0034462952326249283
198 0.003254834386367988
199 0.0034462952326249283
200 0.003829216925138809
201 0.0036377560788818687
202 0.0036377560788818687
203 0.0036377560788818687
204 0.0036377560788818687
205 0.0036377560788818687
206 0.0034462952326249283
207 0.0036377560788818687
208 0.003829216925138809
209 0.00402067777139575
210 0.0044035994639096306
211 0.00421213861765269
212 0.00402067777139575
213 0.00421213861765269
214 0.00402067777139575
215 0.0044035994639096306
216 0.0044035994639096306
217 0.004977982002680452
218 0.005169442848937392
219 0.005169442848937392
220 0.0047865211564235115
221 0.005169442848937392
222 0.005360903695194333
223 0.004977982002680452
224 0.004977982002680452
225 0.004595060310166571
226 0.004595060310166571
227 0.004977982002680452
228 0.004977982002680452
229 0.005169442848937392
230 0.005360903695194333
231 0.005552364541451273
232 0.005552364541451273
233 0.005743825387708214
234 0.005743825387708214
235 0.006126747080222095
236 0.006126747080222095
237 0.005743825387708214
238 0.005552364541451273
239 0.005552364541451273
240 0.005360903695194333
241 0.005552364541451273
242 0.005360903695194333
243 0.005169442848937392
244 0.004977982002680452
245 0.005743825387708214
246 0.005360903695194333
247 0.004977982002680452
248 0.005360903695194333
249 0.005360903695194333
250 0.004977982002680452
251 0.0047865211564235115
252 0.004595060310166571
253 0.005169442848937392
254 0.005169442848937392
255 0.005169442848937392
256 0.004595060310166571
257 0.005552364541451273
258 0.005935286233965154
259 0.006126747080222095
260 0.007084051311506797
261 0.0068925904652498565
262 0.007466973004020678
263 0.007466973004020678
264 0.0072755121577637374
265 0.007849894696534559
266 0.00861573808156232
267 0.008998659774076202
268 0.009190120620333142
269 0.009381581466590082
270 0.008998659774076202
271 0.009190120620333142
272 0.009190120620333142
273 0.009573042312847023
274 0.011104729082902547
275 0.011487650775416428
276 0.01244495500670113
277 0.013019337545471951
278 0.013402259237985832
279 0.013785180930499713
280 0.013593720084242773
281 0.014742485161784415
282 0.013976641776756654
283 0.014168102623013594
284 0.014359563469270534
285 0.015125406854298296
286 0.014933946008041356
287 0.015316867700555237
288 0.015125406854298296
289 0.014551024315527475
290 0.015699789393069118
291 0.016082711085583
292 0.015891250239326058
293 0.015699789393069118
294 0.01627417193183994
295 0.01646563277809688
296 0.01684855447061076
297 0.0170400153168677
298 0.0170400153168677
299 0.01684855447061076
300 0.01723147616312464
301 0.0170400153168677
302 0.017997319548152403
303 0.018763162933180165
304 0.019337545471950986
305 0.019337545471950986
306 0.02029484970323569
307 0.02067777139574957
308 0.020103388856978748
309 0.02086923224200651
310 0.021826536473291212
311 0.022017997319548153
312 0.022783840704575915
313 0.023549684089603676
314 0.023166762397089796
315 0.023741144935860617
316 0.023358223243346736
317 0.023932605782117557
318 0.023741144935860617
319 0.022975301550832855
320 0.023166762397089796
321 0.023166762397089796
322 0.02469844916714532
323 0.026038675090943902
324 0.026995979322228605
325 0.027187440168485545
326 0.02929350947731189
327 0.02967643116982577
328 0.030059352862339652
329 0.02910204863105495
330 0.02986789201608271
331 0.030633735401110473
332 0.03197396132490905
333 0.03254834386367988
334 0.032739804709936815
335 0.03388856978747846
336 0.03446295232624928
337 0.0350373348650201
338 0.034845874018763164
339 0.03580317825004786
340 0.03637756078881869
341 0.03752632586636033
342 0.03676048248133257
343 0.0350373348650201
344 0.03580317825004786
345 0.03542025655753398
346 0.0340800306337354
347 0.034845874018763164
348 0.03388856978747846
349 0.0350373348650201
350 0.035611717403790925
351 0.03810070840513115
352 0.03867509094390197
353 0.037334865020103386
354 0.03676048248133257
355 0.03790924755887421
356 0.040206777713957496
357 0.03963239517518667
358 0.04001531686770055
359 0.04039823856021443
360 0.041547003637756076
361 0.04250430786904078
362 0.04288722956155466
363 0.044418916331610186
364 0.045759142255408766
365 0.04709936817920735
366 0.04671644648669347
367 0.04709936817920735
368 0.04671644648669347
369 0.047865211564235115
370 0.04709936817920735
371 0.04690790733295041
372 0.04729082902546429
373 0.047482289871721234
374 0.04843959410300593
375 0.047482289871721234
376 0.04671644648669347
377 0.04690790733295041
378 0.04518475971663795
379 0.04671644648669347
380 0.04671644648669347
381 0.04901397664177676
382 0.05073712425808922
383 0.05188588933563086
384 0.05150296764311698
385 0.052077350181887805
386 0.053034654413172504
387 0.05399195864445721
388 0.05399195864445721
389 0.054183419490714146
390 0.056289488799540495
391 0.058012636415852956
392 0.058395558108366837
393 0.05935286233965154
394 0.05896994064713766
395 0.05896994064713766
396 0.05858701895462378
397 0.05973578403216542
398 0.060118705724679304
399 0.061841853340991765
400 0.0639479226498181
401 0.06643691365115834
402 0.06739421788244304
403 0.06777713957495692
404 0.06835152211372775
405 0.06892590465249857
406 0.06873444380624162
407 0.06873444380624162
408 0.06911736549875551
409 0.06854298295998468
410 0.0681600612674708
411 0.0681600612674708
412 0.07179781734635267
413 0.07179781734635267
414 0.07313804327015125
415 0.07237219988512349
416 0.07447826919394984
417 0.07371242580892208
418 0.07447826919394984
419 0.0742868083476929
420 0.07505265173272066
421 0.07773310358031782
422 0.07849894696534558
423 0.07888186865785947
424 0.07964771204288723
425 0.07983917288914417
426 0.08251962473674133
427 0.0832854681217691
428 0.08462569404556768
429 0.08558299827685238
430 0.0842427723530538
431 0.08232816389048439
432 0.08309400727551215
433 0.08405131150679686
434 0.08539153743059544
435 0.0861573808156232
436 0.08654030250813709
437 0.08692322420065096
438 0.08788052843193567
439 0.0874976067394218
440 0.08845491097070649
441 0.08788052843193567
442 0.08539153743059544
443 0.08558299827685238
444 0.08768906758567872
445 0.09017805858701895
446 0.09209266704958836
447 0.0941987363584147
448 0.09324143212713
449 0.09324143212713
450 0.0922841278958453
451 0.09151828451081753
452 0.09209266704958836
453 0.09458165805092858
454 0.09496457974344247
455 0.09553896228221329
456 0.09496457974344247
457 0.09802795328355352
458 0.09668772735975494
459 0.09994256174612291
460 0.10147424851617844
461 0.10281447443997703
462 0.10147424851617844
463 0.09764503159103963
464 0.09841087497606739
465 0.1003254834386368
466 0.10166570936243538
467 0.10281447443997703
468 0.10243155274746314
469 0.10415470036377561
470 0.10453762205628948
471 0.10606930882634501
472 0.10434616121003255
473 0.10434616121003255
474 0.10434616121003255
475 0.10626076967260195
476 0.10664369136511584
477 0.1074095347501436
478 0.1102814474439977
479 0.11257897759908099
480 0.11104729082902547
481 0.11430212521539346
482 0.11066436913651158
483 0.11238751675282405
484 0.11372774267662263
485 0.11583381198544898
486 0.11583381198544898
487 0.11755695960176143
488 0.11947156806433085
489 0.1183228029867892
490 0.12004595060310166
491 0.12100325483438637
492 0.122152019911928
493 0.12234348075818495
494 0.12578977599080987
495 0.12617269768332376
496 0.1282787669921501
497 0.13287382730231667
498 0.13172506222477504
499 0.134979896611143
500 0.13612866168868468
501 0.13708596591996935
502 0.13976641776756654
503 0.1401493394600804
504 0.14302125215393452
505 0.14091518284510818
506 0.13957495692130958
507 0.14225540876890677
508 0.14493586061650393
509 0.14742485161784416
510 0.15125406854298296
511 0.15623205054566341
512 0.16082711085582999
513 0.15891250239326057
514 0.16025272831705917
515 0.1636990235496841
516 0.1656136320122535
517 0.1688684663986215
518 0.16867700555236453
519 0.1723147616312464
520 0.17403790924755888
521 0.17614397855638522
522 0.17997319548152402
523 0.18246218648286425
524 0.18648286425426
525 0.19280107218073905
526 0.19777905418341948
527 0.20218265364732912
528 0.20716063565000958
529 0.20524602718744017
530 0.20926670495883593
531 0.2115642351139192
532 0.21539345203905802
533 0.21903120811793989
534 0.22075435573425234
535 0.22152019911928011
536 0.2234348075818495
537 0.22554087689067587
538 0.22688110281447443
539 0.22917863296955773
540 0.2324334673559257
541 0.23358223243346735
542 0.2337736932797243
543 0.23741144935860617
544 0.2408577445912311
545 0.24449550067011297
546 0.2450698832088838
547 0.24641010913268235
548 0.24736741336396706
549 0.24794179590273788
550 0.2557916905992724
551 0.2557916905992724
552 0.2594294466781543
553 0.26498181121960557
554 0.2678537239134597
555 0.27225732337736935
556 0.27819260961133446
557 0.28336205246027185
558 0.28240474822898715
559 0.28987172123300786
560 0.29599846831322996
561 0.295807007466973
562 0.2977216159295424
563 0.30078498946965343
564 0.29848745931457016
565 0.30365690216350755
566 0.3067202757036186
567 0.3080605016274172
568 0.31495309209266703
569 0.315144552938924
570 0.3203139957878614
571 0.32490905609802795
572 0.331227264024507
573 0.327972429638139
574 0.32912119471568063
575 0.3306528814857362
576 0.331227264024507
577 0.33371625502584723
578 0.3333333333333333
579 0.32950411640819455
580 0.3325674899483056
581 0.3340991767183611
582 0.33582232433467357
583 0.3423319931074095
584 0.3450124449550067
585 0.3448209841087498
586 0.3457782883400345
587 0.34807581849511776
588 0.3497989661114302
589 0.3475014359563469
590 0.3526708788052843
591 0.3555427914991384
592 0.3587976258855064
593 0.3720084242772353
594 0.3775607888186866
595 0.3834960750526517
596 0.3854106835152211
597 0.3903886655179016
598 0.3909630480566724
599 0.38847405705533217
600 0.3932605782117557
601 0.3913459697491863
602 0.3984300210606931
603 0.39900440359946393
604 0.39919586444572086
605 0.4070457591422554
606 0.4076201416810262
607 0.4093432892973387
608 0.411640819452422
609 0.41566149722381773
610 0.4231284702278384
611 0.4250430786904078
612 0.4248516178441509
613 0.42523453953666474
614 0.43174420830940075
615 0.4365307294658242
616 0.4328929733869424
617 0.4353819643882826
618 0.43767949454336585
619 0.43882825962090755
620 0.44514646754738657
621 0.45548535324526135
622 0.45739996170783076
623 0.4600804135554279
624 0.46429255217308063
625 0.469461995022018
626 0.4746314378709554
627 0.47501435956346927
628 0.4794179590273789
629 0.48190695002871914
630 0.4826727934137469
631 0.4826727934137469
632 0.48631054949262875
633 0.48803369710894123
634 0.488799540493969
635 0.488608079647712
636 0.4937775224966494
637 0.48956538387899673
638 0.49339460080413555
639 0.4939689833429064
640 0.492054374880337
641 0.49588359180547575
642 0.4926287574191078
643 0.501627417193184
644 0.5000957304231285
645 0.5006701129618993
646 0.5067968600421214
647 0.5052651732720659
648 0.5106260769672601
649 0.5115833811985449
650 0.5121577637373157
651 0.5142638330461421
652 0.511200459506031
653 0.5104346161210033
654 0.5117748420448018
655 0.5156040589699407
656 0.5179015891250239
657 0.517710128278767
658 0.5213478843576489
659 0.5213478843576489
660 0.5267087880528432
661 0.524219797051503
662 0.5291977790541834
663 0.5278575531303848
664 0.53379283936435
665 0.5362818303656902
666 0.5358989086731764
667 0.5389622822132873
668 0.5418341949071415
669 0.5443231859084817
670 0.5445146467547387
671 0.5418341949071415
672 0.540111047290829
673 0.5374305954432319
674 0.540111047290829
675 0.5456634118322803
676 0.5393452039058013
677 0.540111047290829
678 0.5368562129044611
679 0.5368562129044611
680 0.5353245261344055
681 0.5376220562894888
682 0.5447061076009956
683 0.546812176909822
684 0.5448975684472526
685 0.5512157763737315
686 0.5515986980662455
687 0.5535133065288148
688 0.5577254451464676
689 0.55944859276278
690 0.5644265747654604
691 0.5596400536090369
692 0.5613632012253494
693 0.5651924181504883
694 0.565958261535516
695 0.5665326440742868
696 0.566149722381773
697 0.5648094964579743
698 0.5655753398430021
699 0.5728508520007658
700 0.5736166953857936
