1 0.0011487650775416428
2 0.0011487650775416428
3 0.0022975301550832855
4 0.0030633735401110473
5 0.0036377560788818687
6 0.005169442848937392
7 0.006318207926479035
8 0.0068925904652498565
9 0.0068925904652498565
10 0.007658433850277618
11 0.009381581466590082
12 0.010338885697874785
13 0.01263641585295807
14 0.015316867700555237
15 0.01723147616312464
16 0.019146084625694046
17 0.021635075627034272
18 0.022783840704575915
19 0.02488991001340226
20 0.027378901014742486
21 0.02929350947731189
22 0.030250813708596593
23 0.03369710894122152
24 0.035994639096304806
25 0.039058012636415854
26 0.04135554279149914
27 0.04250430786904078
28 0.043270151254068544
29 0.045376220562894885
30 0.04633352479417959
31 0.04977982002680452
32 0.049971280873061456
33 0.051694428489373924
34 0.05399195864445721
35 0.05648094964579743
36 0.05782117556959602
37 0.05992724487842236
38 0.060118705724679304
39 0.06509668772735976
40 0.06739421788244304
41 0.0700746697300402
42 0.07409534750143595
43 0.07696726019529006
44 0.07849894696534558
45 0.08385985066053991
46 0.0874976067394218
47 0.08845491097070649
48 0.09017805858701895
49 0.09209266704958836
50 0.0941987363584147
51 0.09458165805092858
52 0.09592188397472717
53 0.09726210989852575
54 0.10051694428489374
55 0.10109132682366456
56 0.10492054374880337
57 0.10798391728891442
58 0.11181313421405323
59 0.11372774267662263
60 0.11755695960176143
61 0.11793988129427532
62 0.12196055906567108
63 0.12310932414321271
64 0.12521539345203905
65 0.12770438445337928
66 0.12808730614589317
67 0.1315336013785181
68 0.13555427914991383
69 0.1367030442274555
70 0.14091518284510818
71 0.14397855638521923
72 0.14646754738655945
73 0.14589316484778864
74 0.1495309209266705
75 0.1533601378518093
76 0.1566149722381773
77 0.1585295807007467
78 0.15604058969940648
79 0.15891250239326057
80 0.15814665900823283
81 0.16389048439594103
82 0.1684855447061076
83 0.1726976833237603
84 0.17346352670878806
85 0.17671836109515604
86 0.18112196055906568
87 0.1816963430978365
88 0.18150488225157954
89 0.18475971663794755
90 0.18820601187057248
91 0.19146084625694046
92 0.1935669155657668
93 0.19012062033314187
94 0.19529006318207925
95 0.19911928010721808
96 0.20218265364732912
97 0.205820409726211
98 0.2086923224200651
99 0.21175569596017615
100 0.21194715680643308
101 0.21577637373157188
102 0.218648286425426
103 0.22515795519816198
104 0.22611525942944669
105 0.22515795519816198
106 0.22726402450698832
107 0.2270725636607314
108 0.23109324143212712
109 0.22937009381581466
110 0.23205054566341182
111 0.2324334673559257
112 0.234730997511009
113 0.23875167528240474
114 0.24066628374497415
115 0.23875167528240474
116 0.24181504882251578
117 0.24238943136128663
118 0.24411257897759908
119 0.2469844916714532
120 0.24717595251771013
121 0.25157955198161974
122 0.257323377369328
123 0.25866360329312654
124 0.26134405514072373
125 0.26345012444955007
126 0.26421596783457785
127 0.2645988895270917
128 0.2674708022209458
129 0.2674708022209458
130 0.27034271491479994
131 0.273214627608654
132 0.2726402450698832
133 0.27283170591614014
134 0.27723530538004976
135 0.28451081753781354
136 0.28623396515412597
137 0.28968026038675093
138 0.2900631820792648
139 0.29082902546429257
140 0.29082902546429257
141 0.2919777905418342
142 0.2948497032356883
143 0.2963813900057438
144 0.2998276852383688
145 0.302316676239709
146 0.30538004977982003
147 0.3071031973961325
148 0.3076775799349033
149 0.31074095347501435
150 0.31686770055523644
151 0.3208883783266322
152 0.3237602910204863
153 0.3226115259429447
154 0.32165422171165997
155 0.32433467355925716
156 0.3254834386367988
157 0.3254834386367988
158 0.3296955772544515
159 0.3296955772544515
160 0.331227264024507
161 0.3318016465632778
162 0.337545471950986
163 0.34080030633735403
164 0.3398430021060693
165 0.3455868274937775
166 0.3501818878039441
167 0.34807581849511776
168 0.3475014359563469
169 0.35745739996170783
170 0.3597549301167911
171 0.35898908673176333
172 0.3595634692705342
173 0.3591805475780203
174 0.35841470419299254
175 0.35937200842427725
176 0.35860616503924947
177 0.36186099942561745
178 0.36549875550449934
179 0.3677962856595826
180 0.37085965919969366
181 0.3739230327398047
182 0.3766034845874019
183 0.38407045759142255
184 0.38407045759142255
185 0.3852192226689642
186 0.38694237028527667
187 0.38923990044035994
188 0.3852192226689642
189 0.3833046142063948
190 0.3854106835152211
191 0.3905801263641585
192 0.3924947348267279
193 0.39192035228795713
194 0.39440934328929733
195 0.3949837258280682
196 0.39536664752058204
197 0.39632395175186674
198 0.4022592379858319
199 0.40149339460080413
200 0.40264215967834577
201 0.40532261152594296
202 0.40493968983342904
203 0.40264215967834577
204 0.4022592379858319
205 0.4066628374497415
206 0.4057055332184568
207 0.4022592379858319
208 0.40111047290829027
209 0.40245069883208884
210 0.4055140723721999
211 0.408385985066054
212 0.405131150679686
213 0.408385985066054
214 0.41106643691365113
215 0.4070457591422554
216 0.41010913268236643
217 0.4112578977599081
218 0.41240666283744976
219 0.414704192992533
220 0.4135554279149914
221 0.4064713766034846
222 0.408385985066054
223 0.41049205437488034
224 0.41298104537622055
225 0.4141298104537622
226 0.4221711659965537
227 0.42102240091901205
228 0.4233199310740953
229 0.427723530538005
230 0.4286808347692897
231 0.43346735592571317
232 0.43423319931074095
233 0.4338502776182271
234 0.4409343289297339
235 0.443614780777331
236 0.44380624162358795
237 0.44323185908481716
238 0.44304039823856023
239 0.44495500670112964
240 0.4453379283936435
241 0.4531878230901781
242 0.45108175378135174
243 0.45223051885889337
244 0.4529963622439211
245 0.4547195098602336
246 0.4575914225540877
247 0.4591231093241432
248 0.4591231093241432
249 0.46256940455676815
250 0.46352670878805285
251 0.462952326249282
252 0.46161210032548344
253 0.4627608654030251
254 0.4673559257131917
255 0.4708022209458166
256 0.47118514263833045
257 0.4732912119471568
258 0.4688876124832472
259 0.4717595251771013
260 0.47405705533218456
261 0.47750335056480947
262 0.47635458548726783
263 0.4805667241049205
264 0.479035037334865
265 0.48439594103005934
266 0.48363009764503156
267 0.4815240283362052
268 0.4859276278001149
269 0.4868849320313996
270 0.48994830557151064
271 0.4912885314953092
272 0.49952134788435765
273 0.4989469653455868
274 0.5031591039632395
275 0.5033505648094965
276 0.5020103388856979
277 0.5058395558108367
278 0.5083285468121769
279 0.514646754738656
280 0.5182845108175378
281 0.5156040589699407
282 0.5159869806624545
283 0.5171357457399962
284 0.5205820409726211
285 0.523836875358989
286 0.5200076584338503
287 0.5211564235113919
288 0.5219222668964196
289 0.5223051885889336
290 0.5221137277426766
291 0.5221137277426766
292 0.5259429446678154
293 0.5259429446678154
294 0.5257514838215585
295 0.5326440742868084
296 0.5345586827493778
297 0.5362818303656902
298 0.5341757610568638
299 0.5326440742868084
300 0.5286233965154126
301 0.5297721615929543
302 0.5316867700555237
303 0.5291977790541834
304 0.5320696917480375
305 0.5341757610568638
306 0.5360903695194332
307 0.5368562129044611
308 0.5364732912119472
309 0.5385793605207735
310 0.5364732912119472
311 0.5418341949071415
312 0.546429255217308
313 0.5512157763737315
314 0.5439402642159679
315 0.5403025081370859
316 0.5422171165996553
317 0.5471950986023358
318 0.5477694811411067
319 0.5489182462186483
320 0.5493011679111621
321 0.5470036377560789
322 0.5491097070649053
323 0.553130384836301
324 0.5573425234539536
325 0.5640436530729466
326 0.5640436530729466
327 0.5671070266130577
328 0.5653838789967451
329 0.5663411832280298
330 0.562703427149148
331 0.566149722381773
332 0.5634692705341757
333 0.5642351139192036
334 0.5646180356117174
335 0.5717020869232242
336 0.5674899483055715
337 0.5676814091518284
338 0.5665326440742868
339 0.5671070266130577
340 0.565958261535516
341 0.5642351139192036
342 0.562894887995405
343 0.5600229753015509
344 0.5619375837641203
345 0.5646180356117174
346 0.5653838789967451
347 0.5646180356117174
348 0.5613632012253494
349 0.5613632012253494
350 0.5682557916905993
351 0.565958261535516
352 0.5690216350756271
353 0.5724679303082519
354 0.5778288340034463
355 0.5805092858510434
356 0.5843385027761823
357 0.5839555810836684
358 0.5839555810836684
359 0.5870189546237794
360 0.5874018763162934
361 0.5914225540876891
362 0.5931457017040015
363 0.5906567107026613
364 0.5939115450890293
365 0.5935286233965155
366 0.6000382921692514
367 0.6008041355542791
368 0.5992724487842236
369 0.5958261535515987
370 0.5969749186291403
371 0.6031016657093624
372 0.6021443614780777
373 0.6000382921692514
374 0.5960176143978556
375 0.6006126747080222
376 0.6027187440168486
377 0.6000382921692514
378 0.604441891633161
379 0.6075052651732721
380 0.6067394217882442
381 0.6023358223243347
382 0.6073138043270151
383 0.6105686387133831
384 0.6147807773310358
385 0.6157380815623205
386 0.6136320122534942
387 0.6128661688684663
388 0.6188014551024316
389 0.6235879762588551
390 0.6247367413363967
391 0.6247367413363967
392 0.6199502201799731
393 0.6214819069500287
394 0.6209075244112578
395 0.6216733677962857
396 0.6203331418724871
397 0.6214819069500287
398 0.6165039249473483
399 0.6184185334099177
400 0.6180356117174038
401 0.620524602718744
402 0.6180356117174038
403 0.614014933946008
404 0.623970897951369
405 0.6245452804901398
406 0.6278001148765078
407 0.6297147233390772
408 0.6308634884166188
409 0.6243538196438828
410 0.6193758376412024
411 0.6168868466398622
412 0.6232050545663412
413 0.623970897951369
414 0.6245452804901398
415 0.6228221328738273
416 0.6285659582615355
417 0.6316293318016466
418 0.6323951751866743
419 0.6320122534941605
420 0.6337354011104729
421 0.6345012444955007
422 0.6339268619567299
423 0.6350756270342715
424 0.6389048439594103
425 0.639862148190695
426 0.6373731571893547
427 0.6387133831131534
428 0.6327780968791882
429 0.6354585487267854
430 0.6392877656519241
431 0.6341183228029867
432 0.6377560788818687
433 0.6316293318016466
434 0.6387133831131534
435 0.6402450698832088
436 0.6429255217308061
437 0.649243729657285
438 0.6477120428872296
439 0.6536473291211947
440 0.6498181121960559
441 0.6509668772735976
442 0.6544131725062224
443 0.6488608079647712
444 0.6465632778096879
445 0.6457974344246602
446 0.6488608079647712
447 0.6482864254260003
448 0.6532644074286809
449 0.6503924947348267
450 0.6486693471185143
451 0.6544131725062224
452 0.652881485736167
453 0.6546046333524794
454 0.6553704767375071
455 0.6572850852000766
456 0.6572850852000766
457 0.6532644074286809
458 0.6607313804327015
459 0.6616886846639862
460 0.6590082328163891
461 0.6632203714340418
462 0.6666666666666666
463 0.6716446486693471
464 0.6733677962856596
465 0.672219031208118
466 0.6771970132107984
467 0.6748994830557151
468 0.6724104920543749
469 0.6699215010530346
470 0.6739421788244304
471 0.6739421788244304
472 0.6735592571319166
473 0.6773884740570554
474 0.6773884740570554
475 0.6743251005169443
476 0.6758567872869998
477 0.678537239134597
478 0.6773884740570554
479 0.6758567872869998
480 0.675282404748229
481 0.675090943901972
482 0.6712617269768333
483 0.6726019529006318
484 0.6689641968217499
485 0.6739421788244304
486 0.6731763354394027
487 0.6708788052843193
488 0.6710702661305763
489 0.6697300402067777
490 0.675090943901972
491 0.6775799349033123
492 0.6737507179781734
493 0.6760482481332567
494 0.6771970132107984
495 0.6768140915182845
496 0.6712617269768333
497 0.675090943901972
498 0.6783457782883401
499 0.6771970132107984
500 0.6756653264407428
501 0.6781543174420831
502 0.6827493777522496
503 0.6852383687535899
504 0.6781543174420831
505 0.6771970132107984
506 0.6842810645223052
507 0.684855447061076
508 0.6823664560597358
509 0.687918820601187
510 0.6888761248324717
511 0.684663986214819
512 0.678537239134597
513 0.6800689259046525
514 0.6796860042121387
515 0.6812176909821941
516 0.6838981428297913
517 0.6838981428297913
518 0.6894505073712426
519 0.6894505073712426
520 0.6940455676814091
521 0.6984491671453188
522 0.691365115833812
523 0.6888761248324717
524 0.6883017422937009
525 0.6863871338311315
526 0.6886846639862149
527 0.6883017422937009
528 0.6927053417576106
529 0.6888761248324717
530 0.688110281447444
531 0.691365115833812
532 0.691173654987555
533 0.6840896036760482
534 0.684855447061076
535 0.6909821941412981
536 0.6886846639862149
537 0.6907907332950411
538 0.6892590465249856
539 0.691173654987555
540 0.6936626459888953
541 0.687918820601187
542 0.6844725253685622
543 0.6835152211372775
544 0.6806433084434234
545 0.6810262301359372
546 0.6829408385985066
547 0.6823664560597358
548 0.678728699980854
549 0.6758567872869998
550 0.6779628565958261
551 0.6873444380624162
552 0.6842810645223052
553 0.6852383687535899
554 0.6821749952134788
555 0.6861956729848746
556 0.6869615163699023
557 0.6888761248324717
558 0.6875358989086732
559 0.684855447061076
560 0.6884932031399579
561 0.6884932031399579
562 0.6854298295998469
563 0.684663986214819
564 0.6904078116025273
565 0.687918820601187
566 0.6808347692896802
567 0.6779628565958261
568 0.6794945433658817
569 0.6829408385985066
570 0.6861956729848746
571 0.6865785946773885
572 0.684663986214819
573 0.6810262301359372
574 0.6819835343672219
575 0.6814091518284511
576 0.6796860042121387
577 0.6819835343672219
578 0.6779628565958261
579 0.6806433084434234
580 0.6771970132107984
581 0.672027570361861
582 0.671836109515604
583 0.6716446486693471
584 0.6695385793605207
585 0.6697300402067777
586 0.6775799349033123
587 0.6791116216733678
588 0.6850469079073329
589 0.6873444380624162
590 0.6794945433658817
591 0.6823664560597358
592 0.6798774650583955
593 0.6840896036760482
594 0.6804518475971664
595 0.6791116216733678
596 0.6747080222094581
597 0.6770055523645414
598 0.6794945433658817
599 0.6773884740570554
600 0.6739421788244304
601 0.678728699980854
602 0.6756653264407428
603 0.6762397089795137
604 0.675282404748229
605 0.6760482481332567
606 0.675090943901972
607 0.6768140915182845
608 0.6716446486693471
609 0.6748994830557151
610 0.6768140915182845
611 0.6748994830557151
612 0.6783457782883401
613 0.6791116216733678
614 0.675090943901972
615 0.6771970132107984
616 0.6800689259046525
617 0.6739421788244304
618 0.6773884740570554
619 0.6789201608271108
620 0.6747080222094581
621 0.6806433084434234
622 0.6840896036760482
623 0.6840896036760482
624 0.6867700555236455
625 0.6798774650583955
626 0.6819835343672219
627 0.6837066819835343
628 0.684663986214819
629 0.6927053417576106
630 0.69461995022018
631 0.6921309592188397
632 0.6961516369902355
633 0.6925138809113536
634 0.6942370285276661
635 0.6904078116025273
636 0.691173654987555
637 0.6886846639862149
638 0.6863871338311315
639 0.6917480375263259
640 0.6902163507562703
641 0.6865785946773885
642 0.691365115833812
643 0.6902163507562703
644 0.6894505073712426
645 0.6971089412215202
646 0.6923224200650967
647 0.6904078116025273
648 0.687918820601187
649 0.6884932031399579
650 0.6940455676814091
651 0.6932797242963814
652 0.6950028719126938
653 0.6967260195290064
654 0.6973004020677771
655 0.6898334290637564
656 0.6934711851426383
657 0.6967260195290064
658 0.6992150105303465
659 0.6953857936052077
660 0.6961516369902355
661 0.6928968026038675
662 0.6982577062990618
663 0.7022783840704576
664 0.7015125406854298
665 0.7034271491479992
666 0.7007466973004021
667 0.6961516369902355
668 0.6900248899100134
669 0.6902163507562703
670 0.6934711851426383
671 0.6942370285276661
672 0.6907907332950411
673 0.6957687152977217
674 0.7003637756078882
675 0.6997893930691174
676 0.6917480375263259
677 0.6950028719126938
678 0.6883017422937009
679 0.6905992724487843
680 0.6925138809113536
681 0.697874784606548
682 0.6953857936052077
683 0.6938541068351523
684 0.6896419682174996
685 0.6884932031399579
686 0.6883017422937009
687 0.6884932031399579
688 0.6852383687535899
689 0.6812176909821941
690 0.6856212904461038
691 0.6867700555236455
692 0.6902163507562703
693 0.6934711851426383
694 0.6976833237602911
695 0.6969174803752632
696 0.6967260195290064
697 0.6974918629140341
698 0.6999808539153743
699 0.6976833237602911
700 0.6973004020677771
