1 0.0007658433850277618
2 0.0017231476163124641
3 0.002106069308826345
4 0.0026804518475971664
5 0.003254834386367988
6 0.0044035994639096306
7 0.004977982002680452
8 0.005935286233965154
9 0.00861573808156232
10 0.011104729082902547
11 0.013593720084242773
12 0.014168102623013594
13 0.015508328546812177
14 0.01723147616312464
15 0.022400919012062034
16 0.02565575339843002
17 0.02852766609228413
18 0.030250813708596593
19 0.03446295232624928
20 0.03752632586636033
21 0.041164081945242195
22 0.044610377177867123
23 0.04671644648669347
24 0.0501627417193184
25 0.054183419490714146
26 0.05705533218456826
27 0.05896994064713766
28 0.06165039249473483
29 0.06452230518858894
30 0.06643691365115834
31 0.06681983534367222
32 0.06701129618992915
33 0.07313804327015125
34 0.0762014168102623
35 0.08098793796668581
36 0.08232816389048439
37 0.08405131150679686
38 0.08673176335439403
39 0.08673176335439403
40 0.08768906758567872
41 0.08692322420065096
42 0.0874976067394218
43 0.08941221520199119
44 0.09017805858701895
45 0.09075244112578977
46 0.09439019720467165
47 0.09592188397472717
48 0.09917671836109515
49 0.10166570936243538
50 0.1064522305188589
51 0.10606930882634501
52 0.109324143212713
53 0.11277043844533793
54 0.11698257706299062
55 0.11851426383304614
56 0.11947156806433085
57 0.12062033314187248
58 0.12176909821941413
59 0.12387516752824047
60 0.12808730614589317
61 0.13000191460846258
62 0.13363967068734445
63 0.1363201225349416
64 0.13823473099751102
65 0.14129810453762207
66 0.14531878230901782
67 0.1462760865403025
68 0.14742485161784416
69 0.15201991192801073
70 0.15259429446678155
71 0.15872104154700364
72 0.1600612674708022
73 0.16255025847214244
74 0.16255025847214244
75 0.16312464101091326
76 0.16542217116599656
77 0.16867700555236453
78 0.17059161401493395
79 0.1732720658625311
80 0.1784415087114685
81 0.18227072563660732
82 0.1820792647903504
83 0.18322802986789202
84 0.18284510817537813
85 0.18897185525560023
86 0.19471568064330844
87 0.19758759333716255
88 0.19892781926096115
89 0.2044801838024124
90 0.20524602718744017
91 0.20486310549492628
92 0.20658625311123874
93 0.21003254834386367
94 0.21405322611525943
95 0.21367030442274554
96 0.2138617652690025
97 0.21788244304039825
98 0.22209458165805093
99 0.22286042504307868
100 0.22305188588933564
101 0.22975301550832855
102 0.231476163124641
103 0.23741144935860617
104 0.23741144935860617
105 0.23779437105112006
106 0.23970897951368944
107 0.24200650966877274
108 0.2427723530538005
109 0.24200650966877274
110 0.24219797051502967
111 0.24583572659391154
112 0.24928202182653647
113 0.2548343863679877
114 0.2556002297530155
115 0.2607696726019529
116 0.26517327206586255
117 0.2714914799923416
118 0.2758950794562512
119 0.2768523836875359
120 0.2785755313038484
121 0.2814474439977025
122 0.2841278958452996
123 0.2858510434616121
124 0.2881485736166954
125 0.29408385985066055
126 0.29331801646563277
127 0.29312655561937584
128 0.2942753206969175
129 0.2944667815431744
130 0.2937009381581467
131 0.29848745931457016
132 0.295807007466973
133 0.2973386942370285
134 0.30021060693088264
135 0.30174229370093814
136 0.3069117365498755
137 0.3128470227838407
138 0.3128470227838407
139 0.3139957878613823
140 0.3174420830940073
141 0.32242006509668775
142 0.32050545663411834
143 0.32069691748037527
144 0.3203139957878614
145 0.32203714340417383
146 0.3203139957878614
147 0.32318590848171547
148 0.3254834386367988
149 0.32663220371434043
150 0.32835535133065286
151 0.32931265556193756
152 0.3308443423319931
153 0.33371625502584723
154 0.33907715872104155
155 0.337736932797243
156 0.33658816771970135
157 0.34252345395366646
158 0.3446295232624928
159 0.3484587401876316
160 0.35133065288148574
161 0.3484587401876316
162 0.3565000957304231
163 0.356883017422937
164 0.35515986980662456
165 0.3605207735018189
166 0.3607122343480758
167 0.36454145127321463
168 0.3658816771970132
169 0.3639670687344438
170 0.3614780777331036
171 0.360137851809305
172 0.35669155657668006
173 0.360137851809305
174 0.3605207735018189
175 0.3653072946582424
176 0.37277426766226307
177 0.36932797242963816
178 0.3695194332758951
179 0.37085965919969366
180 0.3739230327398047
181 0.37258280681600614
182 0.37641202374114496
183 0.3783266322037143
184 0.379283936434999
185 0.37354011104729085
186 0.37545471950986026
187 0.37966685812751294
188 0.3838789967451656
189 0.38923990044035994
190 0.38579360520773504
191 0.38598506605399197
192 0.3833046142063948
193 0.38502776182270726
194 0.3854106835152211
195 0.3880911353628183
196 0.3909630480566724
197 0.3900057438253877
198 0.3900057438253877
199 0.38923990044035994
200 0.3898142829791308
201 0.3942178824430404
202 0.39862148190695
203 0.3976641776756653
204 0.39823856021443615
205 0.4037909247558874
206 0.40340800306337354
207 0.40608845491097073
208 0.4125981236837067
209 0.41106643691365113
210 0.40972621098985257
211 0.40627991575722766
212 0.40532261152594296
213 0.4057055332184568
214 0.4057055332184568
215 0.4099176718361095
216 0.4041738464484013
217 0.4055140723721999
218 0.41144935860616505
219 0.41393834960750525
220 0.4106835152211373
221 0.4131725062224775
222 0.41661880145510244
223 0.4141298104537622
224 0.4183419490714149
225 0.4141298104537622
226 0.41432127130001917
227 0.41949071414895656
228 0.4164273406088455
229 0.4150871146850469
230 0.4160444189163316
231 0.41910779245644264
232 0.4198736358414704
233 0.42044801838024126
234 0.42370285276660924
235 0.4223626268428106
236 0.4215967834577829
237 0.4225540876890676
238 0.42561746122917865
239 0.4286808347692897
240 0.42561746122917865
241 0.4273406088454911
242 0.4260003829216925
243 0.4258089220754356
244 0.4279149913842619
245 0.4286808347692897
246 0.4258089220754356
247 0.4284893739230327
248 0.4273406088454911
249 0.4282979130767758
250 0.43155274746314376
251 0.4344246601569979
252 0.43155274746314376
253 0.43346735592571317
254 0.43844533792839363
255 0.43863679877465056
256 0.4349990426957687
257 0.434041738464484
258 0.43251005169442847
259 0.43767949454336585
260 0.4415087114685047
261 0.437296572850852
262 0.43882825962090755
263 0.43767949454336585
264 0.43270151254068545
265 0.43155274746314376
266 0.4363392686195673
267 0.43863679877465056
268 0.44323185908481716
269 0.4445720850086157
270 0.44591231093241435
271 0.4426574765460463
272 0.4482098410874976
273 0.45127321462760867
274 0.45739996170783076
275 0.4551024315527475
276 0.4610377177867126
277 0.4637181696343098
278 0.4619950220179973
279 0.4633352479417959
280 0.46601569978939306
281 0.46448401301933756
282 0.4633352479417959
283 0.4627608654030251
284 0.4675473865594486
285 0.46831322994447633
286 0.4688876124832472
287 0.4729082902546429
288 0.46544131725062227
289 0.4618035611717404
290 0.46429255217308063
291 0.4681217690982194
292 0.46505839555810835
293 0.4671644648669347
294 0.46697300402067776
295 0.47252536856212907
296 0.47022783840704574
297 0.4698449167145319
298 0.47156806433084436
299 0.47731188971855254
300 0.4784606547960942
301 0.475971663794754
302 0.4761631246410109
303 0.4732912119471568
304 0.4771204288722956
305 0.4813325674899483
306 0.48343863679877463
307 0.48631054949262875
308 0.48803369710894123
309 0.4870763928776565
310 0.49147999234156614
311 0.492054374880337
312 0.48803369710894123
313 0.4926287574191078
314 0.48994830557151064
315 0.4884166188014551
316 0.48726785372391346
317 0.4901397664177676
318 0.49530920926670496
319 0.4947348267279341
320 0.49875550449932987
321 0.4956921309592188
322 0.49684089603676046
323 0.49511774842044803
324 0.49511774842044803
325 0.4972238177292744
326 0.49779820026804517
327 0.4993298870381007
328 0.5031591039632395
329 0.5037334865020103
330 0.504882251579552
331 0.5110089986597741
332 0.5089029293509477
333 0.504499329887038
334 0.5069883208883783
335 0.5129236071223435
336 0.5156040589699407
337 0.5156040589699407
338 0.5171357457399962
339 0.520964962665135
340 0.5200076584338503
341 0.5230710319739613
342 0.5244112578977599
343 0.5269002488991001
344 0.5284319356691557
345 0.5270917097453571
346 0.5228795711277043
347 0.524219797051503
348 0.5249856404365307
349 0.5276660922841279
350 0.5221137277426766
351 0.5251771012827877
352 0.5249856404365307
353 0.527283170591614
354 0.5251771012827877
355 0.527283170591614
356 0.520964962665135
357 0.5234539536664752
358 0.5288148573616696
359 0.5255600229753016
360 0.5282404748228987
361 0.5326440742868084
362 0.5347501435956347
363 0.5372391345969749
364 0.5328355351330653
365 0.530538004977982
366 0.5366647520582041
367 0.5364732912119472
368 0.5370476737507179
369 0.5387708213670305
370 0.5427914991384262
371 0.543557342523454
372 0.543365881677197
373 0.5458548726785373
374 0.5519816197587594
375 0.5502584721424468
376 0.553130384836301
377 0.5548535324526135
378 0.5581083668389815
379 0.562703427149148
380 0.5623205054566341
381 0.5646180356117174
382 0.5680643308443424
383 0.5640436530729466
384 0.5632778096879189
385 0.5655753398430021
386 0.565958261535516
387 0.5667241049205437
388 0.5699789393069118
389 0.575531303848363
390 0.5726593911545089
391 0.5749569213095922
392 0.5699789393069118
393 0.5665326440742868
394 0.5695960176143978
395 0.569404556768141
396 0.5669155657668007
397 0.5690216350756271
398 0.5651924181504883
399 0.566149722381773
400 0.5671070266130577
401 0.5646180356117174
402 0.5651924181504883
403 0.5642351139192036
404 0.5663411832280298
405 0.5678728699980854
406 0.5738081562320505
407 0.5739996170783075
408 0.5738081562320505
409 0.5738081562320505
410 0.5768715297721616
411 0.5801263641585296
412 0.5795519816197587
413 0.5828068160061267
414 0.5799349033122726
415 0.5751483821558492
416 0.5751483821558492
417 0.5738081562320505
418 0.582040972621099
419 0.5793605207735019
420 0.575339843002106
421 0.5805092858510434
422 0.5839555810836684
423 0.5803178250047866
424 0.578786138234731
425 0.5799349033122726
426 0.5747654604633352
427 0.5797434424660157
428 0.5810836683898143
429 0.5776373731571893
430 0.5814665900823281
431 0.5862531112387517
432 0.5914225540876891
433 0.5931457017040015
434 0.5931457017040015
435 0.5933371625502585
436 0.5969749186291403
437 0.6006126747080222
438 0.598123683706682
439 0.6032931265556194
440 0.6071223434807582
441 0.6086540302508137
442 0.6040589699406471
443 0.6057821175569597
444 0.6130576297147233
445 0.6105686387133831
446 0.6122917863296956
447 0.6143978556385219
448 0.6163124641010913
449 0.6155466207160636
450 0.6182270725636607
451 0.6210989852575148
452 0.6253111238751675
453 0.6251196630289105
454 0.6316293318016466
455 0.6299061841853341
456 0.6325866360329313
457 0.6316293318016466
458 0.6293318016465633
459 0.6310549492628758
460 0.6325866360329313
461 0.6281830365690216
462 0.6337354011104729
463 0.6360329312655562
464 0.6358414704192993
465 0.6385219222668964
466 0.6362243921118131
467 0.6387133831131534
468 0.6402450698832088
469 0.6392877656519241
470 0.6423511391920352
471 0.6417767566532644
472 0.6389048439594103
473 0.6383304614206394
474 0.6467547386559449
475 0.6471376603484588
476 0.6549875550449933
477 0.6496266513497989
478 0.6496266513497989
479 0.6471376603484588
480 0.6490522688110282
481 0.6465632778096879
482 0.643116982577063
483 0.6480949645797435
484 0.6469461995022018
485 0.643116982577063
486 0.6486693471185143
487 0.6572850852000766
488 0.6618801455102431
489 0.6555619375837641
490 0.6511583381198545
491 0.6450315910396324
492 0.6456059735784032
493 0.6480949645797435
494 0.6408194524219797
495 0.6415852958070075
496 0.6423511391920352
497 0.6459888952709171
498 0.6484778862722573
499 0.6509668772735976
500 0.6452230518858894
501 0.6479035037334865
502 0.6467547386559449
503 0.6425426000382922
504 0.6415852958070075
505 0.6452230518858894
506 0.6482864254260003
507 0.6530729465824239
508 0.65269002488991
509 0.6551790158912503
510 0.6498181121960559
511 0.6488608079647712
512 0.6567107026613057
513 0.6536473291211947
514 0.6534558682749377
515 0.6553704767375071
516 0.662454528049014
517 0.6609228412789585
518 0.6515412598123683
519 0.6567107026613057
520 0.6614972238177292
521 0.6580509285851044
522 0.6505839555810836
523 0.6507754164273406
524 0.65269002488991
525 0.6519241815048823
526 0.655753398430021
527 0.6572850852000766
528 0.6536473291211947
529 0.652498564043653
530 0.6580509285851044
531 0.6578594677388474
532 0.6628374497415278
533 0.6643691365115834
534 0.6664752058204098
535 0.6676239708979513
536 0.6699215010530346
537 0.6666666666666666
538 0.6657093624353819
539 0.6731763354394027
540 0.6668581275129236
541 0.6662837449741528
542 0.6714531878230902
543 0.6775799349033123
544 0.6706873444380624
545 0.6697300402067777
546 0.6724104920543749
547 0.6664752058204098
548 0.6639862148190695
549 0.6664752058204098
550 0.6670495883591806
551 0.6701129618992916
552 0.672027570361861
553 0.6704958835918055
554 0.6800689259046525
555 0.6804518475971664
556 0.6775799349033123
557 0.6812176909821941
558 0.6766226306720275
559 0.6777713957495692
560 0.6735592571319166
561 0.678537239134597
562 0.675090943901972
563 0.6762397089795137
564 0.6814091518284511
565 0.6808347692896802
566 0.6779628565958261
567 0.6768140915182845
568 0.6766226306720275
569 0.678728699980854
570 0.6741336396706873
571 0.671836109515604
572 0.6737507179781734
573 0.6817920735209649
574 0.6825579169059928
575 0.6802603867509094
576 0.6829408385985066
577 0.6856212904461038
578 0.6852383687535899
579 0.6844725253685622
580 0.6840896036760482
581 0.6877273597549302
582 0.691173654987555
583 0.6917480375263259
584 0.691365115833812
585 0.6942370285276661
586 0.691365115833812
587 0.6869615163699023
588 0.6821749952134788
589 0.6812176909821941
590 0.6833237602910205
591 0.688110281447444
592 0.6890675856787287
593 0.6902163507562703
594 0.6900248899100134
595 0.6905992724487843
596 0.6898334290637564
597 0.6904078116025273
598 0.6890675856787287
599 0.6867700555236455
600 0.6873444380624162
601 0.6873444380624162
602 0.6812176909821941
603 0.6806433084434234
604 0.6712617269768333
605 0.6802603867509094
606 0.6798774650583955
607 0.6825579169059928
608 0.6852383687535899
609 0.6854298295998469
610 0.684663986214819
611 0.6852383687535899
612 0.6856212904461038
613 0.6858127512923607
614 0.6838981428297913
615 0.6810262301359372
616 0.6810262301359372
617 0.6794945433658817
618 0.6823664560597358
619 0.6840896036760482
620 0.684663986214819
621 0.6793030825196248
622 0.6871529772161593
623 0.6894505073712426
624 0.6838981428297913
625 0.6827493777522496
626 0.6789201608271108
627 0.6854298295998469
628 0.6867700555236455
629 0.6858127512923607
630 0.6860042121386176
631 0.6823664560597358
632 0.6823664560597358
633 0.6905992724487843
634 0.6890675856787287
635 0.6923224200650967
636 0.694811411066437
637 0.6936626459888953
638 0.6951943327589508
639 0.6905992724487843
640 0.6894505073712426
641 0.6928968026038675
642 0.6940455676814091
643 0.6925138809113536
644 0.6927053417576106
645 0.6921309592188397
646 0.6904078116025273
647 0.6873444380624162
648 0.6902163507562703
649 0.697874784606548
650 0.7005552364541451
651 0.7030442274554853
652 0.7030442274554853
653 0.7045759142255409
654 0.7034271491479992
655 0.6984491671453188
656 0.691365115833812
657 0.6884932031399579
658 0.6877273597549302
659 0.6869615163699023
660 0.6856212904461038
661 0.6844725253685622
662 0.6900248899100134
663 0.6900248899100134
664 0.6950028719126938
665 0.6919394983725828
666 0.6892590465249856
667 0.6850469079073329
668 0.6930882634501244
669 0.69461995022018
670 0.69461995022018
671 0.6963430978364924
672 0.6928968026038675
673 0.6907907332950411
674 0.6909821941412981
675 0.6917480375263259
676 0.6953857936052077
677 0.691365115833812
678 0.6971089412215202
679 0.697874784606548
680 0.6955772544514647
681 0.691365115833812
682 0.6905992724487843
683 0.6905992724487843
684 0.6927053417576106
685 0.6953857936052077
686 0.6967260195290064
687 0.6988320888378327
688 0.6940455676814091
689 0.6963430978364924
690 0.7007466973004021
691 0.7011296189929159
692 0.7070649052268811
693 0.7024698449167145
694 0.704192992533027
695 0.7043844533792839
696 0.7099368179207353
697 0.7087880528431936
698 0.7087880528431936
699 0.7087880528431936
700 0.7093624353819644
