1 0.0005743825387708214
2 0.0005743825387708214
3 0.0019146084625694046
4 0.0034462952326249283
5 0.004595060310166571
6 0.0047865211564235115
7 0.005935286233965154
8 0.0068925904652498565
9 0.0080413555427915
10 0.009190120620333142
11 0.011104729082902547
12 0.011870572467930308
13 0.013019337545471951
14 0.014168102623013594
15 0.015316867700555237
16 0.01646563277809688
17 0.019911928010721808
18 0.022592379858318974
19 0.02527283170591614
20 0.028144744399770247
21 0.02910204863105495
22 0.02967643116982577
23 0.031782500478652116
24 0.03446295232624928
25 0.036951943327589505
26 0.03963239517518667
27 0.04097262109898526
28 0.04192992533026996
29 0.044993298870381004
30 0.04843959410300593
31 0.049971280873061456
32 0.05494926287574191
33 0.058395558108366837
34 0.06069308826345012
35 0.06471376603484587
36 0.06662837449741528
37 0.06854298295998468
38 0.07275512157763737
39 0.0742868083476929
40 0.07543557342523453
41 0.07735018188780395
42 0.0800306337354011
43 0.0813708596591997
44 0.08385985066053991
45 0.08309400727551215
46 0.08577445912310933
47 0.0871146850469079
48 0.09247558874210224
49 0.09649626651349799
50 0.0974535707447827
51 0.09955964005360904
52 0.10147424851617844
53 0.10204863105494927
54 0.10434616121003255
55 0.10702661305762971
56 0.10626076967260195
57 0.10894122152019912
58 0.11104729082902547
59 0.11391920352287957
60 0.1164081945242198
61 0.11525942944667815
62 0.11659965537047674
63 0.12100325483438637
64 0.122152019911928
65 0.1234922458357266
66 0.1273214627608654
67 0.12885314953092092
68 0.12981045376220562
69 0.13115067968600422
70 0.13268236645605974
71 0.13459697491862915
72 0.13842619184376795
73 0.14187248707639288
74 0.1434041738464484
75 0.14933946008041354
76 0.15278575531303848
77 0.15795519816197587
78 0.15967834577828835
79 0.1617844150871147
80 0.1665709362435382
81 0.17040015316867702
82 0.17346352670878806
83 0.17786712617269768
84 0.1813134214053226
85 0.18341949071414895
86 0.18724870763928778
87 0.18897185525560023
88 0.19126938541068353
89 0.1949071414895654
90 0.1996936626459889
91 0.20333141872487076
92 0.20601187057246792
93 0.21137277426766227
94 0.21462760865403024
95 0.21654221711659966
96 0.21807390388665518
97 0.21979705150296763
98 0.2238177292743634
99 0.22611525942944669
100 0.23339077158721042
101 0.23702852766609228
102 0.2395175186674325
103 0.2427723530538005
104 0.2399004403599464
105 0.2446869615163699
106 0.2494734826727934
107 0.2546429255217308
108 0.25349416044418915
109 0.2546429255217308
110 0.257323377369328
111 0.2598123683706682
112 0.2594294466781543
113 0.26134405514072373
114 0.2645988895270917
115 0.266896419682175
116 0.27283170591614014
117 0.2739804709936818
118 0.2802986789201608
119 0.2822132873827302
120 0.2839364349990427
121 0.2810645223051886
122 0.28451081753781354
123 0.2873827302316676
124 0.28508520007658433
125 0.28604250430786904
126 0.2900631820792648
127 0.29504116408194525
128 0.29695577254451466
129 0.29925330269959793
130 0.29944476354585486
131 0.30212521539345205
132 0.3032739804709937
133 0.30825196247367415
134 0.3128470227838407
135 0.31208117939881297
136 0.3139957878613823
137 0.31591039632395174
138 0.32146276086540304
139 0.3212713000191461
140 0.3176335439402642
141 0.3166762397089795
142 0.3180164656327781
143 0.3218456825579169
144 0.3264407428680835
145 0.3254834386367988
146 0.32854681217690984
147 0.3316101857170209
148 0.33467355925713194
149 0.33907715872104155
150 0.3398430021060693
151 0.3459697491862914
152 0.34616121003254835
153 0.3446295232624928
154 0.34520390580126364
155 0.34730997511009
156 0.3438636798774651
157 0.34807581849511776
158 0.3520964962665135
159 0.35420256557533986
160 0.3520964962665135
161 0.3524794179590274
162 0.3582232433467356
163 0.35860616503924947
164 0.3607122343480758
165 0.360137851809305
166 0.3639670687344438
167 0.3653072946582424
168 0.3649243729657285
169 0.36128661688684666
170 0.36454145127321463
171 0.3677962856595826
172 0.36894505073712425
173 0.37258280681600614
174 0.3733486502010339
175 0.37181696343097836
176 0.3737315718935478
177 0.37545471950986026
178 0.37085965919969366
179 0.3723913459697492
180 0.37162550258472143
181 0.37354011104729085
182 0.37794371051120046
183 0.37775224966494353
184 0.37890101474248516
185 0.38253877082136706
186 0.382730231667624
187 0.3833046142063948
188 0.38694237028527667
189 0.3854106835152211
190 0.3888569787478461
191 0.38598506605399197
192 0.3913459697491863
193 0.39402642159678347
194 0.3967068734443806
195 0.39900440359946393
196 0.3993873252919778
197 0.3980470993681792
198 0.3974727168294084
199 0.4013019337545472
200 0.39977024698449165
201 0.3968983342906376
202 0.3980470993681792
203 0.40168485544706106
204 0.40168485544706106
205 0.4028336205246027
206 0.40608845491097073
207 0.4108749760673942
208 0.4150871146850469
209 0.4127895845299636
210 0.4160444189163316
211 0.4152785755313039
212 0.4215967834577829
213 0.42389431361286617
214 0.42657476546046336
215 0.42887229561554663
216 0.4311698257706299
217 0.4286808347692897
218 0.4273406088454911
219 0.42906375646180356
220 0.4321271300019146
221 0.4363392686195673
222 0.4374880336971089
223 0.43940264215967834
224 0.43767949454336585
225 0.4390197204671645
226 0.4417001723147616
227 0.43882825962090755
228 0.4428489373923033
229 0.44552938923990043
230 0.45127321462760867
231 0.4482098410874976
232 0.4472525368562129
233 0.44591231093241435
234 0.44993298870381004
235 0.4516561363201225
236 0.4552938923990044
237 0.46065479609419874
238 0.4558682749377752
239 0.4551024315527475
240 0.4595060310166571
241 0.45893164847788626
242 0.4610377177867126
243 0.45644265747654605
244 0.45893164847788626
245 0.4600804135554279
246 0.4652498564043653
247 0.4648669347118514
248 0.46620716063565
249 0.4637181696343098
250 0.45835726593911547
251 0.46161210032548344
252 0.46218648286425423
253 0.4704192992533027
254 0.4723339077158721
255 0.4700363775607888
256 0.4673559257131917
257 0.4673559257131917
258 0.46505839555810835
259 0.46429255217308063
260 0.46084625694045567
261 0.46065479609419874
262 0.46697300402067776
263 0.4671644648669347
264 0.46678154317442083
265 0.46831322994447633
266 0.46831322994447633
267 0.4675473865594486
268 0.4723339077158721
269 0.469461995022018
270 0.47022783840704574
271 0.4732912119471568
272 0.4723339077158721
273 0.4746314378709554
274 0.47578020294849704
275 0.47673750717978175
276 0.4788435764886081
277 0.47673750717978175
278 0.47635458548726783
279 0.4794179590273789
280 0.47769481141106646
281 0.479035037334865
282 0.48382155849128855
283 0.48535324526134405
284 0.48535324526134405
285 0.48822515795519816
286 0.48975684472525366
287 0.49243729657285085
288 0.4910970706490523
289 0.4910970706490523
290 0.4884166188014551
291 0.4842044801838024
292 0.49052268811028144
293 0.4955006701129619
294 0.5010530346544132
295 0.5052651732720659
296 0.5033505648094965
297 0.5075627034271492
298 0.511391920352288
299 0.5129236071223435
300 0.5123492245835727
301 0.5186674325100517
302 0.5219222668964196
303 0.5213478843576489
304 0.5217308060501628
305 0.5270917097453571
306 0.5257514838215585
307 0.5228795711277043
308 0.5213478843576489
309 0.5217308060501628
310 0.5246027187440169
311 0.5251771012827877
312 0.5318782309017805
313 0.5332184568255792
314 0.5332184568255792
315 0.5355159869806625
316 0.5376220562894888
317 0.5389622822132873
318 0.5347501435956347
319 0.5362818303656902
320 0.5368562129044611
321 0.5376220562894888
322 0.5357074478269194
323 0.5406854298295999
324 0.5387708213670305
325 0.5393452039058013
326 0.5441317250622247
327 0.5454719509860234
328 0.5460463335247941
329 0.5462377943710511
330 0.546812176909822
331 0.5473865594485927
332 0.5504499329887038
333 0.553130384836301
334 0.5537047673750718
335 0.5538962282213288
336 0.5533218456825579
337 0.5523645414512732
338 0.5558108366838982
339 0.5590656710702662
340 0.5636607313804327
341 0.5644265747654604
342 0.5665326440742868
343 0.5699789393069118
344 0.5676814091518284
345 0.5682557916905993
346 0.5690216350756271
347 0.562511966302891
348 0.5648094964579743
349 0.5636607313804327
350 0.5674899483055715
351 0.5690216350756271
352 0.5688301742293701
353 0.5713191652307104
354 0.569213095921884
355 0.5682557916905993
356 0.5728508520007658
357 0.5762971472333908
358 0.5770629906184185
359 0.575339843002106
360 0.5718935477694811
361 0.5720850086157381
362 0.5757227646946199
363 0.5761056863871339
364 0.5768715297721616
365 0.575339843002106
366 0.5776373731571893
367 0.5824238943136129
368 0.5862531112387517
369 0.58510434616121
370 0.5860616503924947
371 0.5856787286999808
372 0.5893164847788627
373 0.581849511774842
374 0.5824238943136129
375 0.5812751292360713
376 0.5870189546237794
377 0.585295807007467
378 0.5937200842427723
379 0.5971663794753973
380 0.6000382921692514
381 0.5994639096304806
382 0.6019529006318208
383 0.598123683706682
384 0.5967834577828834
385 0.5975493011679112
386 0.5977407620141681
387 0.5939115450890293
388 0.5967834577828834
389 0.594868849320314
390 0.6019529006318208
391 0.6036760482481333
392 0.6038675090943902
393 0.598123683706682
394 0.5925713191652308
395 0.5952517710128279
396 0.5952517710128279
397 0.5964005360903695
398 0.5985066053991959
399 0.6061650392494735
400 0.6025272831705916
401 0.604441891633161
402 0.6094198736358415
403 0.6111430212521539
404 0.6099942561746123
405 0.6059735784032165
406 0.614206394792265
407 0.6161210032548344
408 0.6186099942561746
409 0.620716063565001
410 0.6191843767949454
411 0.6188014551024316
412 0.6209075244112578
413 0.6203331418724871
414 0.6226306720275704
415 0.6241623587976259
416 0.6226306720275704
417 0.623779437105112
418 0.6233965154125981
419 0.620716063565001
420 0.6209075244112578
421 0.620524602718744
422 0.6232050545663412
423 0.6226306720275704
424 0.620524602718744
425 0.6134405514072372
426 0.617461229178633
427 0.6214819069500287
428 0.6214819069500287
429 0.6222477503350565
430 0.6216733677962857
431 0.623970897951369
432 0.6224392111813134
433 0.6245452804901398
434 0.6322037143404173
435 0.6345012444955007
436 0.6339268619567299
437 0.6308634884166188
438 0.6297147233390772
439 0.6325866360329313
440 0.6318207926479035
441 0.633352479417959
442 0.6304805667241049
443 0.6339268619567299
444 0.6369902354968409
445 0.6412023741144935
446 0.6408194524219797
447 0.640053609036952
448 0.6427340608845491
449 0.6442657476546046
450 0.6436913651158338
451 0.6442657476546046
452 0.6463718169634309
453 0.6473291211947156
454 0.6502010338885698
455 0.6502010338885698
456 0.6547960941987364
457 0.6500095730423129
458 0.6507754164273406
459 0.6515412598123683
460 0.6496266513497989
461 0.6507754164273406
462 0.6553704767375071
463 0.655753398430021
464 0.6515412598123683
465 0.6507754164273406
466 0.6459888952709171
467 0.6482864254260003
468 0.6523071031973962
469 0.655944859276278
470 0.6569021635075627
471 0.652881485736167
472 0.6549875550449933
473 0.6536473291211947
474 0.659391154508903
475 0.6595826153551598
476 0.6603484587401877
477 0.6653264407428681
478 0.6649435190503542
479 0.6605399195864445
480 0.6645605973578403
481 0.6634118322802987
482 0.6622630672027571
483 0.6618801455102431
484 0.6572850852000766
485 0.6590082328163891
486 0.655753398430021
487 0.6555619375837641
488 0.65269002488991
489 0.6507754164273406
490 0.6538387899674517
491 0.6620716063565001
492 0.6590082328163891
493 0.6576680068925904
494 0.6584338502776182
495 0.6576680068925904
496 0.6639862148190695
497 0.6649435190503542
498 0.6659008232816389
499 0.6708788052843193
500 0.6668581275129236
501 0.6651349798966112
502 0.6710702661305763
503 0.6748994830557151
504 0.6727934137468887
505 0.678537239134597
506 0.6731763354394027
507 0.6727934137468887
508 0.6729848745931457
509 0.6716446486693471
510 0.675090943901972
511 0.6691556576680069
512 0.6691556576680069
513 0.6680068925904652
514 0.6681983534367222
515 0.6666666666666666
516 0.6697300402067777
517 0.6670495883591806
518 0.6674325100516945
519 0.6697300402067777
520 0.6737507179781734
521 0.6710702661305763
522 0.675282404748229
523 0.6737507179781734
524 0.672219031208118
525 0.6726019529006318
526 0.675090943901972
527 0.6770055523645414
528 0.6773884740570554
529 0.6773884740570554
530 0.6770055523645414
531 0.6777713957495692
532 0.6760482481332567
533 0.6764311698257707
534 0.6812176909821941
535 0.6812176909821941
536 0.6800689259046525
537 0.6748994830557151
538 0.6798774650583955
539 0.678537239134597
540 0.6775799349033123
541 0.6745165613632013
542 0.671836109515604
543 0.6739421788244304
544 0.6739421788244304
545 0.6796860042121387
546 0.6791116216733678
547 0.6816006126747081
548 0.6796860042121387
549 0.6819835343672219
550 0.6867700555236455
551 0.6863871338311315
552 0.6835152211372775
553 0.678728699980854
554 0.6773884740570554
555 0.6704958835918055
556 0.6764311698257707
557 0.6798774650583955
558 0.6825579169059928
559 0.6798774650583955
560 0.6821749952134788
561 0.6837066819835343
562 0.6888761248324717
563 0.6925138809113536
564 0.6925138809113536
565 0.6927053417576106
566 0.6921309592188397
567 0.6909821941412981
568 0.6888761248324717
569 0.6860042121386176
570 0.6798774650583955
571 0.6712617269768333
572 0.6735592571319166
573 0.6764311698257707
574 0.6812176909821941
575 0.6758567872869998
576 0.6764311698257707
577 0.6806433084434234
578 0.6854298295998469
579 0.6867700555236455
580 0.6829408385985066
581 0.6796860042121387
582 0.6789201608271108
583 0.6781543174420831
584 0.6768140915182845
585 0.6777713957495692
586 0.6768140915182845
587 0.6731763354394027
588 0.675473865594486
589 0.6802603867509094
590 0.6775799349033123
591 0.6812176909821941
592 0.6808347692896802
593 0.6779628565958261
594 0.6816006126747081
595 0.6819835343672219
596 0.6831322994447635
597 0.6794945433658817
598 0.6821749952134788
599 0.6860042121386176
600 0.6840896036760482
601 0.6852383687535899
602 0.684663986214819
603 0.6829408385985066
604 0.6865785946773885
605 0.6921309592188397
606 0.6974918629140341
607 0.6969174803752632
608 0.6905992724487843
609 0.6917480375263259
610 0.6909821941412981
611 0.6900248899100134
612 0.6823664560597358
613 0.688110281447444
614 0.6886846639862149
615 0.6904078116025273
616 0.6898334290637564
617 0.6921309592188397
618 0.6932797242963814
619 0.6936626459888953
620 0.6990235496840896
621 0.6973004020677771
622 0.6955772544514647
623 0.6921309592188397
624 0.6921309592188397
625 0.6927053417576106
626 0.6971089412215202
627 0.6982577062990618
628 0.6896419682174996
629 0.6921309592188397
630 0.6950028719126938
631 0.6890675856787287
632 0.691173654987555
633 0.6925138809113536
634 0.6932797242963814
635 0.6969174803752632
636 0.6957687152977217
637 0.6938541068351523
638 0.6951943327589508
639 0.6990235496840896
640 0.6963430978364924
641 0.6938541068351523
642 0.6867700555236455
643 0.6919394983725828
644 0.6905992724487843
645 0.6894505073712426
646 0.691365115833812
647 0.6928968026038675
648 0.694811411066437
649 0.6955772544514647
650 0.6976833237602911
651 0.6936626459888953
652 0.6940455676814091
653 0.694428489373923
654 0.694811411066437
655 0.6982577062990618
656 0.7066819835343672
657 0.7059161401493395
658 0.7018954623779438
659 0.7024698449167145
660 0.7022783840704576
661 0.7084051311506797
662 0.707256366073138
663 0.7003637756078882
664 0.6980662454528049
665 0.6994064713766035
666 0.6980662454528049
667 0.6994064713766035
668 0.7026613057629715
669 0.697874784606548
670 0.6984491671453188
671 0.6974918629140341
672 0.7003637756078882
673 0.6976833237602911
674 0.7017040015316868
675 0.7003637756078882
676 0.6950028719126938
677 0.6896419682174996
678 0.6812176909821941
679 0.6825579169059928
680 0.6802603867509094
681 0.6819835343672219
682 0.6850469079073329
683 0.6865785946773885
684 0.6900248899100134
685 0.704192992533027
686 0.7022783840704576
687 0.7003637756078882
688 0.697874784606548
689 0.6980662454528049
690 0.7005552364541451
691 0.6957687152977217
692 0.6955772544514647
693 0.6988320888378327
694 0.6994064713766035
695 0.6963430978364924
696 0.6965345586827494
697 0.6980662454528049
698 0.6961516369902355
699 0.69461995022018
700 0.6942370285276661
