1 0.00019146084625694046
2 0.00019146084625694046
3 0.00019146084625694046
4 0.00019146084625694046
5 0.00019146084625694046
6 0.00019146084625694046
7 0.00019146084625694046
8 0.00019146084625694046
9 0.00019146084625694046
10 0.00019146084625694046
11 0.00019146084625694046
12 0.00019146084625694046
13 0.00019146084625694046
14 0.00019146084625694046
15 0.00019146084625694046
16 0.00019146084625694046
17 0.00019146084625694046
18 0.00019146084625694046
19 0.00019146084625694046
20 0.00019146084625694046
21 0.00019146084625694046
22 0.00019146084625694046
23 0.00019146084625694046
24 0.00019146084625694046
25 0.00019146084625694046
26 0.00019146084625694046
27 0.0003829216925138809
28 0.0003829216925138809
29 0.00019146084625694046
30 0.00019146084625694046
31 0.0003829216925138809
32 0.0009573042312847023
33 0.0007658433850277618
34 0.0007658433850277618
35 0.0009573042312847023
36 0.0007658433850277618
37 0.0007658433850277618
38 0.0013402259237985832
39 0.0013402259237985832
40 0.0017231476163124641
41 0.0019146084625694046
42 0.0022975301550832855
43 0.0026804518475971664
44 0.002488991001340226
45 0.002488991001340226
46 0.0026804518475971664
47 0.002871912693854107
48 0.002488991001340226
49 0.0026804518475971664
50 0.0030633735401110473
51 0.0036377560788818687
52 0.0034462952326249283
53 0.00402067777139575
54 0.0044035994639096306
55 0.004595060310166571
56 0.0047865211564235115
57 0.0047865211564235115
58 0.0047865211564235115
59 0.005169442848937392
60 0.005169442848937392
61 0.004977982002680452
62 0.005169442848937392
63 0.005552364541451273
64 0.005935286233965154
65 0.006318207926479035
66 0.0068925904652498565
67 0.0072755121577637374
68 0.007084051311506797
69 0.006701129618992916
70 0.0072755121577637374
71 0.0080413555427915
72 0.00823281638904844
73 0.008807198927819261
74 0.008998659774076202
75 0.008998659774076202
76 0.009381581466590082
77 0.009381581466590082
78 0.009764503159103963
79 0.009381581466590082
80 0.009381581466590082
81 0.009573042312847023
82 0.010530346544131725
83 0.011487650775416428
84 0.011296189929159487
85 0.010721807390388666
86 0.012062033314187249
87 0.01263641585295807
88 0.012062033314187249
89 0.011487650775416428
90 0.011679111621673368
91 0.011487650775416428
92 0.011870572467930308
93 0.012062033314187249
94 0.012062033314187249
95 0.01225349416044419
96 0.011870572467930308
97 0.012062033314187249
98 0.01282787669921501
99 0.01225349416044419
100 0.01244495500670113
101 0.01263641585295807
102 0.01282787669921501
103 0.013785180930499713
104 0.013402259237985832
105 0.013976641776756654
106 0.013593720084242773
107 0.013402259237985832
108 0.013593720084242773
109 0.013785180930499713
110 0.013785180930499713
111 0.013785180930499713
112 0.014168102623013594
113 0.014168102623013594
114 0.015125406854298296
115 0.014933946008041356
116 0.014933946008041356
117 0.015125406854298296
118 0.015125406854298296
119 0.014933946008041356
120 0.016082711085583
121 0.016082711085583
122 0.01684855447061076
123 0.01684855447061076
124 0.01684855447061076
125 0.01627417193183994
126 0.015891250239326058
127 0.016082711085583
128 0.015699789393069118
129 0.014933946008041356
130 0.014742485161784415
131 0.014742485161784415
132 0.015508328546812177
133 0.014742485161784415
134 0.015125406854298296
135 0.015125406854298296
136 0.016082711085583
137 0.015508328546812177
138 0.014933946008041356
139 0.014551024315527475
140 0.015316867700555237
141 0.015891250239326058
142 0.01627417193183994
143 0.01665709362435382
144 0.01646563277809688
145 0.015891250239326058
146 0.015316867700555237
147 0.015508328546812177
148 0.015316867700555237
149 0.015699789393069118
150 0.015316867700555237
151 0.014742485161784415
152 0.014359563469270534
153 0.014359563469270534
154 0.014742485161784415
155 0.014742485161784415
156 0.014551024315527475
157 0.014551024315527475
158 0.013402259237985832
159 0.013785180930499713
160 0.013785180930499713
161 0.013210798391728892
162 0.014359563469270534
163 0.014359563469270534
164 0.015125406854298296
165 0.015316867700555237
166 0.015508328546812177
167 0.015316867700555237
168 0.014933946008041356
169 0.014933946008041356
170 0.015699789393069118
171 0.015508328546812177
172 0.014742485161784415
173 0.014933946008041356
174 0.013976641776756654
175 0.013593720084242773
176 0.013402259237985832
177 0.014168102623013594
178 0.013593720084242773
179 0.013785180930499713
180 0.014742485161784415
181 0.014551024315527475
182 0.014551024315527475
183 0.014551024315527475
184 0.015316867700555237
185 0.015508328546812177
186 0.014742485161784415
187 0.013976641776756654
188 0.014168102623013594
189 0.014551024315527475
190 0.013976641776756654
191 0.013785180930499713
192 0.014551024315527475
193 0.014933946008041356
194 0.015316867700555237
195 0.015125406854298296
196 0.015125406854298296
197 0.014359563469270534
198 0.014359563469270534
199 0.014933946008041356
200 0.015125406854298296
201 0.015125406854298296
202 0.015316867700555237
203 0.015316867700555237
204 0.015125406854298296
205 0.015316867700555237
206 0.015125406854298296
207 0.014168102623013594
208 0.014168102623013594
209 0.014168102623013594
210 0.014933946008041356
211 0.015508328546812177
212 0.016082711085583
213 0.015316867700555237
214 0.014551024315527475
215 0.014933946008041356
216 0.014168102623013594
217 0.014168102623013594
218 0.014168102623013594
219 0.014933946008041356
220 0.014933946008041356
221 0.014742485161784415
222 0.014359563469270534
223 0.014551024315527475
224 0.014168102623013594
225 0.013976641776756654
226 0.014359563469270534
227 0.015508328546812177
228 0.015508328546812177
229 0.015891250239326058
230 0.016082711085583
231 0.015125406854298296
232 0.014933946008041356
233 0.015891250239326058
234 0.015316867700555237
235 0.015316867700555237
236 0.01627417193183994
237 0.01665709362435382
238 0.01665709362435382
239 0.015699789393069118
240 0.015316867700555237
241 0.014933946008041356
242 0.014933946008041356
243 0.014933946008041356
244 0.015125406854298296
245 0.015508328546812177
246 0.015699789393069118
247 0.015125406854298296
248 0.014359563469270534
249 0.014742485161784415
250 0.013976641776756654
251 0.014359563469270534
252 0.014551024315527475
253 0.014933946008041356
254 0.015891250239326058
255 0.015891250239326058
256 0.015891250239326058
257 0.015508328546812177
258 0.015891250239326058
259 0.015316867700555237
260 0.015508328546812177
261 0.016082711085583
262 0.01627417193183994
263 0.01665709362435382
264 0.015891250239326058
265 0.015125406854298296
266 0.015699789393069118
267 0.015699789393069118
268 0.014359563469270534
269 0.013976641776756654
270 0.014168102623013594
271 0.015125406854298296
272 0.015125406854298296
273 0.015891250239326058
274 0.01627417193183994
275 0.015891250239326058
276 0.015891250239326058
277 0.016082711085583
278 0.015699789393069118
279 0.015699789393069118
280 0.016082711085583
281 0.01627417193183994
282 0.015891250239326058
283 0.016082711085583
284 0.01627417193183994
285 0.015699789393069118
286 0.01665709362435382
287 0.01627417193183994
288 0.015508328546812177
289 0.014933946008041356
290 0.014359563469270534
291 0.014168102623013594
292 0.014359563469270534
293 0.013785180930499713
294 0.014359563469270534
295 0.013210798391728892
296 0.01282787669921501
297 0.013019337545471951
298 0.01225349416044419
299 0.01263641585295807
300 0.01282787669921501
301 0.01282787669921501
302 0.01263641585295807
303 0.01282787669921501
304 0.01244495500670113
305 0.011679111621673368
306 0.01282787669921501
307 0.01282787669921501
308 0.013019337545471951
309 0.013210798391728892
310 0.01225349416044419
311 0.01225349416044419
312 0.01225349416044419
313 0.011679111621673368
314 0.011870572467930308
315 0.01263641585295807
316 0.013402259237985832
317 0.013593720084242773
318 0.013593720084242773
319 0.013402259237985832
320 0.013402259237985832
321 0.013785180930499713
322 0.013976641776756654
323 0.014551024315527475
324 0.014168102623013594
325 0.013785180930499713
326 0.013785180930499713
327 0.013593720084242773
328 0.013210798391728892
329 0.013976641776756654
330 0.013593720084242773
331 0.013976641776756654
332 0.013785180930499713
333 0.013785180930499713
334 0.013785180930499713
335 0.014168102623013594
336 0.013976641776756654
337 0.014742485161784415
338 0.014359563469270534
339 0.013785180930499713
340 0.01282787669921501
341 0.013210798391728892
342 0.013593720084242773
343 0.013019337545471951
344 0.01282787669921501
345 0.01282787669921501
346 0.01282787669921501
347 0.01225349416044419
348 0.012062033314187249
349 0.011679111621673368
350 0.01225349416044419
351 0.01244495500670113
352 0.01282787669921501
353 0.01282787669921501
354 0.013019337545471951
355 0.01263641585295807
356 0.01263641585295807
357 0.012062033314187249
358 0.012062033314187249
359 0.012062033314187249
360 0.012062033314187249
361 0.011296189929159487
362 0.011870572467930308
363 0.011487650775416428
364 0.011487650775416428
365 0.011870572467930308
366 0.012062033314187249
367 0.011870572467930308
368 0.011870572467930308
369 0.011487650775416428
370 0.011679111621673368
371 0.01225349416044419
372 0.01244495500670113
373 0.013019337545471951
374 0.013210798391728892
375 0.013210798391728892
376 0.013593720084242773
377 0.013593720084242773
378 0.01282787669921501
379 0.01263641585295807
380 0.01263641585295807
381 0.01263641585295807
382 0.01244495500670113
383 0.013210798391728892
384 0.01282787669921501
385 0.013019337545471951
386 0.013593720084242773
387 0.013976641776756654
388 0.014551024315527475
389 0.014742485161784415
390 0.014551024315527475
391 0.014551024315527475
392 0.014742485161784415
393 0.014933946008041356
394 0.014933946008041356
395 0.015125406854298296
396 0.014742485161784415
397 0.014933946008041356
398 0.014551024315527475
399 0.013402259237985832
400 0.013019337545471951
401 0.01282787669921501
402 0.01282787669921501
403 0.013019337545471951
404 0.01225349416044419
405 0.011870572467930308
406 0.01225349416044419
407 0.013019337545471951
408 0.013210798391728892
409 0.013402259237985832
410 0.013593720084242773
411 0.013593720084242773
412 0.01282787669921501
413 0.01263641585295807
414 0.01282787669921501
415 0.01282787669921501
416 0.01282787669921501
417 0.013402259237985832
418 0.014168102623013594
419 0.015125406854298296
420 0.015508328546812177
421 0.015508328546812177
422 0.01627417193183994
423 0.01627417193183994
424 0.01627417193183994
425 0.015891250239326058
426 0.015508328546812177
427 0.015316867700555237
428 0.015316867700555237
429 0.015125406854298296
430 0.014933946008041356
431 0.015316867700555237
432 0.015125406854298296
433 0.015508328546812177
434 0.016082711085583
435 0.016082711085583
436 0.015891250239326058
437 0.01627417193183994
438 0.015891250239326058
439 0.014933946008041356
440 0.014551024315527475
441 0.013976641776756654
442 0.014551024315527475
443 0.014168102623013594
444 0.014168102623013594
445 0.015316867700555237
446 0.015316867700555237
447 0.015699789393069118
448 0.015699789393069118
449 0.016082711085583
450 0.015891250239326058
451 0.015699789393069118
452 0.015508328546812177
453 0.015508328546812177
454 0.015316867700555237
455 0.015508328546812177
456 0.015125406854298296
457 0.014742485161784415
458 0.015125406854298296
459 0.015125406854298296
460 0.015508328546812177
461 0.015699789393069118
462 0.015125406854298296
463 0.015125406854298296
464 0.015125406854298296
465 0.014742485161784415
466 0.014359563469270534
467 0.014359563469270534
468 0.014933946008041356
469 0.014742485161784415
470 0.014742485161784415
471 0.015316867700555237
472 0.015891250239326058
473 0.016082711085583
474 0.015699789393069118
475 0.015125406854298296
476 0.014933946008041356
477 0.014933946008041356
478 0.014168102623013594
479 0.013976641776756654
480 0.014551024315527475
481 0.014551024315527475
482 0.015125406854298296
483 0.015508328546812177
484 0.015699789393069118
485 0.015508328546812177
486 0.014933946008041356
487 0.013976641776756654
488 0.013593720084242773
489 0.014168102623013594
490 0.015125406854298296
491 0.015508328546812177
492 0.015316867700555237
493 0.015508328546812177
494 0.015891250239326058
495 0.016082711085583
496 0.015699789393069118
497 0.014742485161784415
498 0.014933946008041356
499 0.014359563469270534
500 0.014933946008041356
501 0.015699789393069118
502 0.015508328546812177
503 0.015508328546812177
504 0.014551024315527475
505 0.015699789393069118
506 0.015508328546812177
507 0.015699789393069118
508 0.015699789393069118
509 0.015699789393069118
510 0.015891250239326058
511 0.015125406854298296
512 0.014742485161784415
513 0.014168102623013594
514 0.013785180930499713
515 0.014168102623013594
516 0.013785180930499713
517 0.013593720084242773
518 0.013593720084242773
519 0.01282787669921501
520 0.013402259237985832
521 0.013593720084242773
522 0.013976641776756654
523 0.014551024315527475
524 0.013976641776756654
525 0.014359563469270534
526 0.014168102623013594
527 0.013976641776756654
528 0.013976641776756654
529 0.014742485161784415
530 0.015316867700555237
531 0.015891250239326058
532 0.015891250239326058
533 0.015699789393069118
534 0.015508328546812177
535 0.015699789393069118
536 0.015508328546812177
537 0.015316867700555237
538 0.015316867700555237
539 0.013785180930499713
540 0.014168102623013594
541 0.014933946008041356
542 0.014168102623013594
543 0.014742485161784415
544 0.014933946008041356
545 0.015508328546812177
546 0.015508328546812177
547 0.015316867700555237
548 0.015508328546812177
549 0.015508328546812177
550 0.015125406854298296
551 0.015508328546812177
552 0.015891250239326058
553 0.015891250239326058
554 0.015125406854298296
555 0.014933946008041356
556 0.014359563469270534
557 0.013785180930499713
558 0.013593720084242773
559 0.013593720084242773
560 0.013593720084242773
561 0.013976641776756654
562 0.013210798391728892
563 0.013402259237985832
564 0.013593720084242773
565 0.014359563469270534
566 0.014933946008041356
567 0.015125406854298296
568 0.015891250239326058
569 0.015699789393069118
570 0.015891250239326058
571 0.015508328546812177
572 0.015699789393069118
573 0.015316867700555237
574 0.015316867700555237
575 0.014168102623013594
576 0.013019337545471951
577 0.01282787669921501
578 0.01225349416044419
579 0.01263641585295807
580 0.01282787669921501
581 0.01263641585295807
582 0.01282787669921501
583 0.01244495500670113
584 0.01282787669921501
585 0.01225349416044419
586 0.011487650775416428
587 0.011679111621673368
588 0.011487650775416428
589 0.01282787669921501
590 0.01244495500670113
591 0.01244495500670113
592 0.01225349416044419
593 0.013210798391728892
594 0.014168102623013594
595 0.013976641776756654
596 0.014168102623013594
597 0.014551024315527475
598 0.014742485161784415
599 0.014742485161784415
600 0.014742485161784415
601 0.015125406854298296
602 0.015125406854298296
603 0.014933946008041356
604 0.015125406854298296
605 0.014742485161784415
606 0.014742485161784415
607 0.014551024315527475
608 0.015508328546812177
609 0.015508328546812177
610 0.015316867700555237
611 0.015699789393069118
612 0.01646563277809688
613 0.015891250239326058
614 0.015699789393069118
615 0.015508328546812177
616 0.015125406854298296
617 0.015316867700555237
618 0.015699789393069118
619 0.016082711085583
620 0.015891250239326058
621 0.016082711085583
622 0.015891250239326058
623 0.015891250239326058
624 0.01684855447061076
625 0.01684855447061076
626 0.018188780394409344
627 0.01684855447061076
628 0.01627417193183994
629 0.015316867700555237
630 0.015508328546812177
631 0.015316867700555237
632 0.013976641776756654
633 0.014551024315527475
634 0.014742485161784415
635 0.015125406854298296
636 0.015508328546812177
637 0.015891250239326058
638 0.01627417193183994
639 0.016082711085583
640 0.01627417193183994
641 0.01627417193183994
642 0.0170400153168677
643 0.01665709362435382
644 0.01665709362435382
645 0.01684855447061076
646 0.01723147616312464
647 0.01627417193183994
648 0.01646563277809688
649 0.01627417193183994
650 0.015891250239326058
651 0.016082711085583
652 0.015508328546812177
653 0.015699789393069118
654 0.015125406854298296
655 0.014742485161784415
656 0.014742485161784415
657 0.014359563469270534
658 0.014933946008041356
659 0.015316867700555237
660 0.014359563469270534
661 0.014168102623013594
662 0.014359563469270534
663 0.013976641776756654
664 0.014551024315527475
665 0.014742485161784415
666 0.014359563469270534
667 0.013402259237985832
668 0.013785180930499713
669 0.013402259237985832
670 0.014168102623013594
671 0.013785180930499713
672 0.013976641776756654
673 0.013402259237985832
674 0.013593720084242773
675 0.013402259237985832
676 0.013210798391728892
677 0.013593720084242773
678 0.013019337545471951
679 0.013402259237985832
680 0.013402259237985832
681 0.013976641776756654
682 0.014359563469270534
683 0.014551024315527475
684 0.014359563469270534
685 0.014933946008041356
686 0.014742485161784415
687 0.014551024315527475
688 0.014933946008041356
689 0.014168102623013594
690 0.014933946008041356
691 0.013976641776756654
692 0.013976641776756654
693 0.014359563469270534
694 0.013593720084242773
695 0.014168102623013594
696 0.014359563469270534
697 0.014742485161784415
698 0.014168102623013594
699 0.013976641776756654
700 0.013785180930499713
