1 0.0005743825387708214
2 0.0009573042312847023
3 0.0011487650775416428
4 0.0013402259237985832
5 0.0017231476163124641
6 0.002106069308826345
7 0.003829216925138809
8 0.0044035994639096306
9 0.005552364541451273
10 0.007658433850277618
11 0.009190120620333142
12 0.011487650775416428
13 0.013210798391728892
14 0.016082711085583
15 0.018188780394409344
16 0.02125215393452039
17 0.023166762397089796
18 0.025847214244686962
19 0.027187440168485545
20 0.02852766609228413
21 0.03159103963239517
22 0.03427149147999234
23 0.03637756078881869
24 0.03963239517518667
25 0.04288722956155466
26 0.044035994639096306
27 0.04939689833429064
28 0.05131150679686004
29 0.053034654413172504
30 0.05571510626076967
31 0.058012636415852956
32 0.060501627417193185
33 0.061841853340991765
34 0.06567107026613057
35 0.06643691365115834
36 0.07026613057629714
37 0.07409534750143595
38 0.07447826919394984
39 0.07754164273406089
40 0.07869040781160253
41 0.07926479035037334
42 0.08213670304422746
43 0.08558299827685238
44 0.08673176335439403
45 0.08960367604824813
46 0.08979513689450508
47 0.09285851043461613
48 0.09687918820601187
49 0.1003254834386368
50 0.10338885697874785
51 0.10779245644265747
52 0.10989852575148382
53 0.11238751675282405
54 0.11564235113919204
55 0.11947156806433085
56 0.12368370668198353
57 0.1296189929159487
58 0.13134214053226115
59 0.13363967068734445
60 0.13612866168868468
61 0.13804327015125406
62 0.14091518284510818
63 0.1401493394600804
64 0.14187248707639288
65 0.14608462569404557
66 0.1524028336205246
67 0.15182845108175377
68 0.15374305954432319
69 0.15546620716063564
70 0.15967834577828835
71 0.16082711085582999
72 0.1600612674708022
73 0.16446486693471185
74 0.16637947539728126
75 0.1675282404748229
76 0.17020869232242006
77 0.16905992724487842
78 0.17040015316867702
79 0.17308060501627417
80 0.17384644840130192
81 0.17403790924755888
82 0.18016465632778098
83 0.1797817346352671
84 0.18284510817537813
85 0.18724870763928778
86 0.18858893356308634
87 0.19069500287191268
88 0.19682174995213478
89 0.19471568064330844
90 0.19701321079839174
91 0.20275703618609994
92 0.20754355734252344
93 0.20984108749760674
94 0.2111813134214053
95 0.2125215393452039
96 0.21577637373157188
97 0.21596783457782884
98 0.21596783457782884
99 0.2205628948879954
100 0.22171165996553704
101 0.22496649435190502
102 0.22898717212330078
103 0.23205054566341182
104 0.23587976258855065
105 0.23607122343480758
106 0.23817729274363392
107 0.23836875358989087
108 0.24219797051502967
109 0.2427723530538005
110 0.24487842236262683
111 0.24794179590273788
112 0.25253685621290445
113 0.2546429255217308
114 0.2523453953666475
115 0.2521539345203906
116 0.2592379858318974
117 0.2619184376794945
118 0.26498181121960557
119 0.2691939498372583
120 0.2688110281447444
121 0.27053417576105687
122 0.2688110281447444
123 0.26842810645223053
124 0.26670495883591805
125 0.26957687152977217
126 0.27206586253111237
127 0.27570361860999426
128 0.27723530538004976
129 0.2793413746888761
130 0.28183036569021636
131 0.28623396515412597
132 0.2856595826153552
133 0.2900631820792648
134 0.28987172123300786
135 0.2900631820792648
136 0.2942753206969175
137 0.29848745931457016
138 0.30021060693088264
139 0.3044227455485353
140 0.3080605016274172
141 0.3094007275512158
142 0.3095921883974727
143 0.31074095347501435
144 0.3113153360137852
145 0.315144552938924
146 0.315144552938924
147 0.32069691748037527
148 0.3203139957878614
149 0.3262492820218265
150 0.3264407428680835
151 0.32758950794562514
152 0.32912119471568063
153 0.33295041164081945
154 0.33390771587210416
155 0.33448209841087495
156 0.3392686195672985
157 0.3394600804135554
158 0.34080030633735403
159 0.3450124449550067
160 0.3459697491862914
161 0.3421405322611526
162 0.3421405322611526
163 0.34156614972238175
164 0.34348075818495116
165 0.3475014359563469
166 0.3530538004977982
167 0.3553513306528815
168 0.357074478269194
169 0.36186099942561745
170 0.3649243729657285
171 0.36645605973578405
172 0.3672219031208118
173 0.3677962856595826
174 0.36607313804327013
175 0.37277426766226307
176 0.37066819835343673
177 0.3723913459697492
178 0.37430595443231857
179 0.3739230327398047
180 0.3781351713574574
181 0.38062416235879765
182 0.38062416235879765
183 0.382730231667624
184 0.38732529197779053
185 0.3880911353628183
186 0.3924947348267279
187 0.3949837258280682
188 0.39996170783074864
189 0.4009190120620333
190 0.401876316293318
191 0.3974727168294084
192 0.3978556385219223
193 0.40149339460080413
194 0.40340800306337354
195 0.39919586444572086
196 0.4005360903695194
197 0.402067777139575
198 0.40493968983342904
199 0.4076201416810262
200 0.4099176718361095
201 0.40857744591231093
202 0.4112578977599081
203 0.4122152019911928
204 0.4141298104537622
205 0.4221711659965537
206 0.4225540876890676
207 0.42293700938158146
208 0.4248516178441509
209 0.42657476546046336
210 0.4282979130767758
211 0.4282979130767758
212 0.42619184376794944
213 0.42561746122917865
214 0.42906375646180356
215 0.4311698257706299
216 0.43327589507945624
217 0.43327589507945624
218 0.43614780777331036
219 0.43710511200459506
220 0.4355734252345395
221 0.43863679877465056
222 0.43940264215967834
223 0.43940264215967834
224 0.43423319931074095
225 0.43097836492437297
226 0.4353819643882826
227 0.44131725062224775
228 0.4417001723147616
229 0.4424660156997894
230 0.447061076009956
231 0.44744399770246984
232 0.44840130193375455
233 0.45089029293509475
234 0.45127321462760867
235 0.4551024315527475
236 0.4602718744016849
237 0.4602718744016849
238 0.4587401876316293
239 0.456634118322803
240 0.4524219797051503
241 0.4556768140915183
242 0.4529963622439211
243 0.45644265747654605
244 0.45739996170783076
245 0.45988895270917096
246 0.4600804135554279
247 0.4618035611717404
248 0.4604633352479418
249 0.46218648286425423
250 0.45988895270917096
251 0.4602718744016849
252 0.4648669347118514
253 0.46678154317442083
254 0.46678154317442083
255 0.4690790733295041
256 0.4719509860233582
257 0.47118514263833045
258 0.4713766034845874
259 0.4742485161784415
260 0.4690790733295041
261 0.4719509860233582
262 0.4736741336396707
263 0.47061076009955966
264 0.47118514263833045
265 0.4761631246410109
266 0.47635458548726783
267 0.4778862722573234
268 0.4780777331035803
269 0.47769481141106646
270 0.4815240283362052
271 0.4842044801838024
272 0.48477886272257326
273 0.4798008807198928
274 0.4840130193375455
275 0.4803752632586636
276 0.4840130193375455
277 0.48286425426000384
278 0.482289871721233
279 0.48631054949262875
280 0.48439594103005934
281 0.4866934711851426
282 0.48286425426000384
283 0.4817154891824622
284 0.48535324526134405
285 0.48094964579743443
286 0.48477886272257326
287 0.48573616695385796
288 0.48899100134022594
289 0.48803369710894123
290 0.49167145318782307
291 0.49186291403408006
292 0.4922458357265939
293 0.49147999234156614
294 0.4910970706490523
295 0.48535324526134405
296 0.48286425426000384
297 0.48343863679877463
298 0.4901397664177676
299 0.48726785372391346
300 0.4859276278001149
301 0.49147999234156614
302 0.49511774842044803
303 0.48726785372391346
304 0.49435190503542026
305 0.498372582806816
306 0.49952134788435765
307 0.5037334865020103
308 0.5087114685046908
309 0.5096687727359754
310 0.504882251579552
311 0.5089029293509477
312 0.5110089986597741
313 0.5096687727359754
314 0.507945625119663
315 0.5102431552747463
316 0.50813708596592
317 0.514455293892399
318 0.514646754738656
319 0.5134979896611143
320 0.5157955198161975
321 0.5186674325100517
322 0.5194332758950795
323 0.5196247367413364
324 0.5175186674325101
325 0.517710128278767
326 0.517710128278767
327 0.5188588933563086
328 0.5161784415087115
329 0.5217308060501628
330 0.5215393452039058
331 0.5186674325100517
332 0.5169442848937392
333 0.5213478843576489
334 0.5267087880528432
335 0.5263258663603293
336 0.523836875358989
337 0.5244112578977599
338 0.5282404748228987
339 0.5318782309017805
340 0.5339843002106069
341 0.5357074478269194
342 0.5351330652881485
343 0.5334099176718361
344 0.5347501435956347
345 0.5336013785180931
346 0.5330269959793222
347 0.5374305954432319
348 0.5366647520582041
349 0.5378135171357458
350 0.5376220562894888
351 0.5416427340608846
352 0.5448975684472526
353 0.5427914991384262
354 0.5456634118322803
355 0.5493011679111621
356 0.553130384836301
357 0.5517901589125024
358 0.5512157763737315
359 0.5514072372199885
360 0.5491097070649053
361 0.553130384836301
362 0.556193758376412
363 0.5609802795328356
364 0.5569596017614398
365 0.556193758376412
366 0.5619375837641203
367 0.569404556768141
368 0.5695960176143978
369 0.5699789393069118
370 0.5709362435381964
371 0.5630863488416619
372 0.562511966302891
373 0.5669155657668007
374 0.5682557916905993
375 0.5707447826919395
376 0.5703618609994257
377 0.5669155657668007
378 0.5711277043844534
379 0.5718935477694811
380 0.5730423128470228
381 0.5684472525368562
382 0.5730423128470228
383 0.5770629906184185
384 0.5849128853149531
385 0.5862531112387517
386 0.5887421022400919
387 0.5954432318590848
388 0.5954432318590848
389 0.5908481715489182
390 0.5864445720850087
391 0.5870189546237794
392 0.58510434616121
393 0.5856787286999808
394 0.5829982768523837
395 0.5833811985448976
396 0.5826153551598698
397 0.58510434616121
398 0.585295807007467
399 0.5960176143978556
400 0.594677388474057
401 0.5958261535515987
402 0.6015699789393069
403 0.6000382921692514
404 0.5998468313229944
405 0.5983151445529389
406 0.6006126747080222
407 0.6023358223243347
408 0.6000382921692514
409 0.6002297530155083
410 0.6023358223243347
411 0.597932222860425
412 0.6017614397855638
413 0.6015699789393069
414 0.6008041355542791
415 0.6067394217882442
416 0.6071223434807582
417 0.604633352479418
418 0.604824813325675
419 0.601187057246793
420 0.601187057246793
421 0.5964005360903695
422 0.6031016657093624
423 0.6034845874018763
424 0.6063565000957304
425 0.6078881868657859
426 0.6075052651732721
427 0.6084625694045568
428 0.6122917863296956
429 0.6098027953283554
430 0.6080796477120429
431 0.6124832471759525
432 0.6151636990235497
433 0.6111430212521539
434 0.6178441508711469
435 0.6224392111813134
436 0.6201416810262301
437 0.623970897951369
438 0.6262684281064522
439 0.6270342714914799
440 0.6266513497989661
441 0.6279915757227647
442 0.6310549492628758
443 0.630289105877848
444 0.6377560788818687
445 0.636798774650584
446 0.6345012444955007
447 0.636798774650584
448 0.6369902354968409
449 0.6352670878805284
450 0.630289105877848
451 0.6377560788818687
452 0.6369902354968409
453 0.6396706873444381
454 0.6356500095730423
455 0.6404365307294658
456 0.6415852958070075
457 0.6429255217308061
458 0.6465632778096879
459 0.6433084434233199
460 0.6429255217308061
461 0.6413938349607505
462 0.6440742868083477
463 0.6412023741144935
464 0.6446486693471185
465 0.6486693471185143
466 0.6480949645797435
467 0.6434999042695768
468 0.6438828259620908
469 0.6467547386559449
470 0.6498181121960559
471 0.6496266513497989
472 0.6469461995022018
473 0.6423511391920352
474 0.6471376603484588
475 0.652881485736167
476 0.6498181121960559
477 0.6515412598123683
478 0.6567107026613057
479 0.655944859276278
480 0.656136320122535
481 0.6595826153551598
482 0.6614972238177292
483 0.6578594677388474
484 0.6605399195864445
485 0.6605399195864445
486 0.662454528049014
487 0.6590082328163891
488 0.6540302508137086
489 0.6588167719701321
490 0.6574765460463335
491 0.6572850852000766
492 0.6574765460463335
493 0.6599655370476738
494 0.6613057629714724
495 0.6546046333524794
496 0.6530729465824239
497 0.6586253111238751
498 0.6670495883591806
499 0.6659008232816389
500 0.6614972238177292
501 0.6595826153551598
502 0.6609228412789585
503 0.6590082328163891
504 0.6578594677388474
505 0.659199693662646
506 0.6576680068925904
507 0.6586253111238751
508 0.6595826153551598
509 0.6614972238177292
510 0.6601569978939307
511 0.6626459888952709
512 0.665517901589125
513 0.6639862148190695
514 0.6628374497415278
515 0.6647520582040972
516 0.6574765460463335
517 0.6632203714340418
518 0.6605399195864445
519 0.659199693662646
520 0.6563277809687919
521 0.6547960941987364
522 0.6569021635075627
523 0.6553704767375071
524 0.6609228412789585
525 0.6569021635075627
526 0.6532644074286809
527 0.649243729657285
528 0.6496266513497989
529 0.6475205820409726
530 0.6536473291211947
531 0.6551790158912503
532 0.652498564043653
533 0.6549875550449933
534 0.6578594677388474
535 0.6590082328163891
536 0.6653264407428681
537 0.668772735975493
538 0.6659008232816389
539 0.6582423894313613
540 0.6613057629714724
541 0.6569021635075627
542 0.6563277809687919
543 0.6609228412789585
544 0.6683898142829792
545 0.6620716063565001
546 0.6651349798966112
547 0.6607313804327015
548 0.6597740762014168
549 0.6582423894313613
550 0.6549875550449933
551 0.6584338502776182
552 0.662454528049014
553 0.6613057629714724
554 0.6639862148190695
555 0.6660922841278959
556 0.6647520582040972
557 0.6672410492054375
558 0.6691556576680069
559 0.6716446486693471
560 0.6771970132107984
561 0.6770055523645414
562 0.6773884740570554
563 0.6783457782883401
564 0.6833237602910205
565 0.6844725253685622
566 0.6812176909821941
567 0.6827493777522496
568 0.6825579169059928
569 0.6840896036760482
570 0.6724104920543749
571 0.6706873444380624
572 0.6712617269768333
573 0.6768140915182845
574 0.678537239134597
575 0.6796860042121387
576 0.6758567872869998
577 0.6764311698257707
578 0.672027570361861
579 0.6764311698257707
580 0.6777713957495692
581 0.675090943901972
582 0.6760482481332567
583 0.6775799349033123
584 0.6804518475971664
585 0.678537239134597
586 0.6758567872869998
587 0.6777713957495692
588 0.6810262301359372
589 0.6806433084434234
590 0.6860042121386176
591 0.6890675856787287
592 0.6858127512923607
593 0.6835152211372775
594 0.6842810645223052
595 0.6835152211372775
596 0.6783457782883401
597 0.6762397089795137
598 0.6779628565958261
599 0.6817920735209649
600 0.6837066819835343
601 0.6756653264407428
602 0.6829408385985066
603 0.6869615163699023
604 0.6886846639862149
605 0.6900248899100134
606 0.691173654987555
607 0.691556576680069
608 0.6921309592188397
609 0.6969174803752632
610 0.694428489373923
611 0.6927053417576106
612 0.6898334290637564
613 0.6942370285276661
614 0.6936626459888953
615 0.6928968026038675
616 0.6957687152977217
617 0.6875358989086732
618 0.6863871338311315
619 0.6861956729848746
620 0.6877273597549302
621 0.6898334290637564
622 0.6917480375263259
623 0.6967260195290064
624 0.6930882634501244
625 0.6892590465249856
626 0.6838981428297913
627 0.6854298295998469
628 0.6806433084434234
629 0.6793030825196248
630 0.6762397089795137
631 0.6777713957495692
632 0.675090943901972
633 0.6745165613632013
634 0.6814091518284511
635 0.6816006126747081
636 0.6840896036760482
637 0.6842810645223052
638 0.6833237602910205
639 0.6837066819835343
640 0.6875358989086732
641 0.6873444380624162
642 0.6873444380624162
643 0.6871529772161593
644 0.6896419682174996
645 0.6950028719126938
646 0.6932797242963814
647 0.6969174803752632
648 0.7028527666092285
649 0.704192992533027
650 0.7057246793030825
651 0.704192992533027
652 0.7017040015316868
653 0.6994064713766035
654 0.7017040015316868
655 0.6995979322228604
656 0.6986406279915757
657 0.7005552364541451
658 0.6938541068351523
659 0.6928968026038675
660 0.6917480375263259
661 0.6860042121386176
662 0.6783457782883401
663 0.678728699980854
664 0.6791116216733678
665 0.6806433084434234
666 0.6827493777522496
667 0.6838981428297913
668 0.6860042121386176
669 0.6875358989086732
670 0.6856212904461038
671 0.684855447061076
672 0.6886846639862149
673 0.691365115833812
674 0.6886846639862149
675 0.6905992724487843
676 0.6892590465249856
677 0.6850469079073329
678 0.6831322994447635
679 0.6856212904461038
680 0.6840896036760482
681 0.6821749952134788
682 0.6816006126747081
683 0.6789201608271108
684 0.6812176909821941
685 0.6771970132107984
686 0.684663986214819
687 0.6856212904461038
688 0.694428489373923
689 0.6917480375263259
690 0.6959601761439785
691 0.6950028719126938
692 0.6994064713766035
693 0.691365115833812
694 0.6940455676814091
695 0.6997893930691174
696 0.700938158146659
697 0.7030442274554853
698 0.7032356883017423
699 0.6976833237602911
700 0.6951943327589508
