1 0.0007658433850277618
2 0.0009573042312847023
3 0.0009573042312847023
4 0.0017231476163124641
5 0.0030633735401110473
6 0.0047865211564235115
7 0.005552364541451273
8 0.0068925904652498565
9 0.007849894696534559
10 0.009573042312847023
11 0.010147424851617844
12 0.01225349416044419
13 0.015125406854298296
14 0.0170400153168677
15 0.02067777139574957
16 0.022400919012062034
17 0.023549684089603676
18 0.026613057629714724
19 0.02948497032356883
20 0.033122726402450696
21 0.03676048248133257
22 0.03886655179015891
23 0.043653072946582425
24 0.04595060310166571
25 0.048822515795519814
26 0.05188588933563086
27 0.053034654413172504
28 0.05456634118322803
29 0.05686387133831131
30 0.057629714723339075
31 0.060884549109707066
32 0.06413938349607505
33 0.06586253111238752
34 0.06930882634501244
35 0.0714148956538388
36 0.07562703427149148
37 0.07773310358031782
38 0.0813708596591997
39 0.0832854681217691
40 0.08596591996936627
41 0.08654030250813709
42 0.08826345012444956
43 0.08979513689450508
44 0.0903695194332759
45 0.08979513689450508
46 0.09266704958835918
47 0.09630480566724105
48 0.0961133448209841
49 0.09994256174612291
50 0.10300593528623396
51 0.10683515221137277
52 0.1064522305188589
53 0.10913268236645605
54 0.1121960559065671
55 0.11066436913651158
56 0.11296189929159486
57 0.11621673367796286
58 0.11947156806433085
59 0.12234348075818495
60 0.12406662837449742
61 0.12655561937583765
62 0.13172506222477504
63 0.13249090560980278
64 0.13363967068734445
65 0.13459697491862915
66 0.13651158338119854
67 0.13823473099751102
68 0.14263833046142063
69 0.14474439977024697
70 0.14608462569404557
71 0.14972238177292743
72 0.15450890292935096
73 0.15795519816197587
74 0.16101857170208692
75 0.1661880145510243
76 0.1694428489373923
77 0.1749952134788436
78 0.17805858701895463
79 0.1797817346352671
80 0.18112196055906568
81 0.18648286425426
82 0.18954623779437105
83 0.19031208117939882
84 0.1939498372582807
85 0.19605590656710703
86 0.19911928010721808
87 0.20179973195481524
88 0.20045950603101664
89 0.20179973195481524
90 0.2035228795711277
91 0.2063947922649818
92 0.21213861765269001
93 0.21635075627034273
94 0.22132873827302316
95 0.22554087689067587
96 0.22783840704575914
97 0.2309017805858702
98 0.23224200650966878
99 0.23492245835726594
100 0.23913459697491862
101 0.24315527474631438
102 0.24411257897759908
103 0.24545280490139768
104 0.2513880911353628
105 0.25291977790541836
106 0.25387708213670307
107 0.2531112387516753
108 0.25789775990809877
109 0.2584721424468696
110 0.25866360329312654
111 0.260386750909439
112 0.25962090752441125
113 0.2628757419107792
114 0.26000382921692516
115 0.26325866360329314
116 0.2680451847597166
117 0.27015125406854296
118 0.27283170591614014
119 0.27551215776373733
120 0.27895845299636224
121 0.27723530538004976
122 0.2802986789201608
123 0.2801072180739039
124 0.2812559831514455
125 0.2810645223051886
126 0.2820218265364733
127 0.28891441700172316
128 0.29044610377177865
129 0.295807007466973
130 0.292743633926862
131 0.2937009381581467
132 0.2996362243921118
133 0.30538004977982003
134 0.30633735401110473
135 0.3067202757036186
136 0.3076775799349033
137 0.311889718552556
138 0.3122726402450699
139 0.3174420830940073
140 0.3185908481715489
141 0.31725062224775036
142 0.3191652307103197
143 0.3212713000191461
144 0.3254834386367988
145 0.32203714340417383
146 0.32242006509668775
147 0.32682366456059736
148 0.32912119471568063
149 0.3270151254068543
150 0.3260578211755696
151 0.33371625502584723
152 0.3388856978747846
153 0.3436722190312081
154 0.3446295232624928
155 0.3457782883400345
156 0.34865020103388855
157 0.3499904269576872
158 0.3530538004977982
159 0.3526708788052843
160 0.35496840896036763
161 0.35611717403790927
162 0.36032931265556195
163 0.360137851809305
164 0.363392686195673
165 0.3658816771970132
166 0.36454145127321463
167 0.36224392111813136
168 0.36645605973578405
169 0.3676048248133257
170 0.37411449358606164
171 0.3775607888186866
172 0.38253877082136706
173 0.38732529197779053
174 0.38847405705533217
175 0.38770821367030445
176 0.38751675282404746
177 0.38751675282404746
178 0.3917288914417002
179 0.39211181313421406
180 0.39211181313421406
181 0.3968983342906376
182 0.39900440359946393
183 0.3980470993681792
184 0.3965154125981237
185 0.39440934328929733
186 0.3917288914417002
187 0.392303273980471
188 0.39287765651924184
189 0.39536664752058204
190 0.3968983342906376
191 0.3965154125981237
192 0.39900440359946393
193 0.4035994639096305
194 0.40072755121577636
195 0.4009190120620333
196 0.39996170783074864
197 0.39728125598315145
198 0.3967068734443806
199 0.3970897951368945
200 0.3978556385219223
201 0.39862148190695
202 0.39823856021443615
203 0.40245069883208884
204 0.4091518284510818
205 0.40723721998851237
206 0.4103005935286234
207 0.41106643691365113
208 0.408385985066054
209 0.4135554279149914
210 0.41298104537622055
211 0.4135554279149914
212 0.4145127321462761
213 0.41853340991767185
214 0.41757610568638714
215 0.41949071414895656
216 0.4217882443040398
217 0.4233199310740953
218 0.4260003829216925
219 0.4273406088454911
220 0.42523453953666474
221 0.424468696151637
222 0.427723530538005
223 0.43002106069308826
224 0.4294466781543174
225 0.4286808347692897
226 0.42906375646180356
227 0.43270151254068545
228 0.4367221903120812
229 0.43806241623587977
230 0.437296572850852
231 0.4357648860807965
232 0.4401684855447061
233 0.4349990426957687
234 0.4357648860807965
235 0.4367221903120812
236 0.44055140723721997
237 0.443614780777331
238 0.44304039823856023
239 0.446869615163699
240 0.4485927627800115
241 0.4506988320888378
242 0.4514646754738656
243 0.45012444955006703
244 0.4478269193949837
245 0.4487842236262684
246 0.447061076009956
247 0.44935860616503925
248 0.44840130193375455
249 0.45203905801263644
250 0.45031591039632396
251 0.45089029293509475
252 0.45376220562894887
253 0.456634118322803
254 0.4551024315527475
255 0.4558682749377752
256 0.4547195098602336
257 0.45127321462760867
258 0.4541451273214628
259 0.4549109707064905
260 0.4556768140915183
261 0.4552938923990044
262 0.4585487267853724
263 0.4656327780968792
264 0.4646754738655945
265 0.46639862148190697
266 0.4673559257131917
267 0.4708022209458166
268 0.4729082902546429
269 0.4755887421022401
270 0.47578020294849704
271 0.4752058204097262
272 0.4769289680260387
273 0.4784606547960942
274 0.4817154891824622
275 0.48343863679877463
276 0.482289871721233
277 0.48477886272257326
278 0.48382155849128855
279 0.48535324526134405
280 0.4851617844150871
281 0.4865020103388857
282 0.4851617844150871
283 0.48094964579743443
284 0.48382155849128855
285 0.48726785372391346
286 0.4832471759525177
287 0.4876507754164273
288 0.485544706107601
289 0.488799540493969
290 0.49511774842044803
291 0.49167145318782307
292 0.4937775224966494
293 0.49071414895653837
294 0.4893739230327398
295 0.488608079647712
296 0.4903312272640245
297 0.49167145318782307
298 0.4937775224966494
299 0.492054374880337
300 0.4939689833429064
301 0.49760673942178824
302 0.5020103388856979
303 0.5058395558108367
304 0.5039249473482673
305 0.5020103388856979
306 0.5025847214244687
307 0.5012444955006701
308 0.501627417193184
309 0.49952134788435765
310 0.504690790733295
311 0.5100516944284894
312 0.507945625119663
313 0.5085200076584339
314 0.5102431552747463
315 0.5142638330461421
316 0.5159869806624545
317 0.5161784415087115
318 0.5167528240474822
319 0.5171357457399962
320 0.520773501818878
321 0.5223051885889336
322 0.5221137277426766
323 0.524219797051503
324 0.5253685621290446
325 0.530538004977982
326 0.5276660922841279
327 0.5246027187440169
328 0.5301550832854681
329 0.5299636224392111
330 0.5326440742868084
331 0.5314953092092667
332 0.5270917097453571
333 0.5259429446678154
334 0.5257514838215585
335 0.530538004977982
336 0.5276660922841279
337 0.5253685621290446
338 0.5290063182079264
339 0.5334099176718361
340 0.5387708213670305
341 0.5404939689833429
342 0.540111047290829
343 0.5437488033697109
344 0.5414512732146276
345 0.5427914991384262
346 0.5395366647520582
347 0.5381964388282596
348 0.5418341949071415
349 0.540111047290829
350 0.5418341949071415
351 0.5454719509860234
352 0.539919586444572
353 0.5406854298295999
354 0.5403025081370859
355 0.5426000382921693
356 0.5454719509860234
357 0.5477694811411067
358 0.5473865594485927
359 0.5494926287574191
360 0.5515986980662455
361 0.5527474631437871
362 0.549875550449933
363 0.5550449932988704
364 0.5535133065288148
365 0.5567681409151829
366 0.5554279149913842
367 0.5563852192226689
368 0.5590656710702662
369 0.5600229753015509
370 0.5607888186865786
371 0.562894887995405
372 0.565766800689259
373 0.5697874784606548
374 0.5715106260769672
375 0.5682557916905993
376 0.5695960176143978
377 0.5705533218456825
378 0.5709362435381964
379 0.5730423128470228
380 0.5713191652307104
381 0.5730423128470228
382 0.5720850086157381
383 0.5757227646946199
384 0.5776373731571893
385 0.5808922075435573
386 0.578786138234731
387 0.5814665900823281
388 0.5866360329312655
389 0.5795519816197587
390 0.5782117556959602
391 0.5764886080796477
392 0.5803178250047866
393 0.5824238943136129
394 0.5766800689259046
395 0.5808922075435573
396 0.5839555810836684
397 0.5893164847788627
398 0.5881677197013211
399 0.5900823281638905
400 0.5939115450890293
401 0.5958261535515987
402 0.5942944667815432
403 0.594868849320314
404 0.5956346927053418
405 0.5958261535515987
406 0.5935286233965155
407 0.5935286233965155
408 0.594868849320314
409 0.5964005360903695
410 0.6017614397855638
411 0.6075052651732721
412 0.6099942561746123
413 0.6038675090943902
414 0.6004212138617653
415 0.6050162741719318
416 0.6055906567107027
417 0.6052077350181888
418 0.6122917863296956
419 0.6151636990235497
420 0.6121003254834386
421 0.6111430212521539
422 0.6134405514072372
423 0.613823473099751
424 0.614014933946008
425 0.6040589699406471
426 0.6059735784032165
427 0.6071223434807582
428 0.607696726019529
429 0.5996553704767376
430 0.5988895270917097
431 0.6008041355542791
432 0.6032931265556194
433 0.5988895270917097
434 0.5986980662454529
435 0.597932222860425
436 0.5994639096304806
437 0.6009955964005361
438 0.6015699789393069
439 0.6040589699406471
440 0.6115259429446678
441 0.6101857170208692
442 0.6071223434807582
443 0.6088454910970706
444 0.6105686387133831
445 0.6006126747080222
446 0.6015699789393069
447 0.6008041355542791
448 0.5985066053991959
449 0.6002297530155083
450 0.6036760482481333
451 0.6015699789393069
452 0.6027187440168486
453 0.6021443614780777
454 0.6075052651732721
455 0.6143978556385219
456 0.6099942561746123
457 0.6092284127895845
458 0.610951560405897
459 0.614014933946008
460 0.6157380815623205
461 0.6170783074861191
462 0.6170783074861191
463 0.6251196630289105
464 0.6262684281064522
465 0.623779437105112
466 0.6197587593337163
467 0.6201416810262301
468 0.620524602718744
469 0.6189929159486884
470 0.6253111238751675
471 0.6253111238751675
472 0.6274171931839939
473 0.6270342714914799
474 0.6310549492628758
475 0.6323951751866743
476 0.6283744974152786
477 0.6308634884166188
478 0.6356500095730423
479 0.6390963048056673
480 0.6450315910396324
481 0.6396706873444381
482 0.640053609036952
483 0.6396706873444381
484 0.6404365307294658
485 0.6346927053417576
486 0.6272257323377369
487 0.6245452804901398
488 0.6299061841853341
489 0.6222477503350565
490 0.6228221328738273
491 0.6243538196438828
492 0.623779437105112
493 0.6258855064139384
494 0.6253111238751675
495 0.6268428106452231
496 0.6312464101091326
497 0.633161018571702
498 0.6318207926479035
499 0.6348841661880146
500 0.6327780968791882
501 0.6352670878805284
502 0.6390963048056673
503 0.6423511391920352
504 0.6406279915757228
505 0.6417767566532644
506 0.640053609036952
507 0.6396706873444381
508 0.6394792264981811
509 0.6429255217308061
510 0.6442657476546046
511 0.6465632778096879
512 0.6438828259620908
513 0.6459888952709171
514 0.6509668772735976
515 0.6482864254260003
516 0.6530729465824239
517 0.6553704767375071
518 0.656136320122535
519 0.6565192418150488
520 0.6565192418150488
521 0.6555619375837641
522 0.655944859276278
523 0.6586253111238751
524 0.6549875550449933
525 0.65269002488991
526 0.6509668772735976
527 0.6538387899674517
528 0.6513497989661114
529 0.655753398430021
530 0.6553704767375071
531 0.6521156423511392
532 0.6563277809687919
533 0.6523071031973962
534 0.6465632778096879
535 0.6442657476546046
536 0.6467547386559449
537 0.6465632778096879
538 0.6475205820409726
539 0.6500095730423129
540 0.6413938349607505
541 0.6461803561171741
542 0.6549875550449933
543 0.6519241815048823
544 0.6519241815048823
545 0.6530729465824239
546 0.6517327206586253
547 0.6511583381198545
548 0.6532644074286809
549 0.6565192418150488
550 0.6603484587401877
551 0.6622630672027571
552 0.6616886846639862
553 0.6613057629714724
554 0.6599655370476738
555 0.6595826153551598
556 0.6605399195864445
557 0.6603484587401877
558 0.6599655370476738
559 0.6639862148190695
560 0.6634118322802987
561 0.6611143021252154
562 0.6639862148190695
563 0.6634118322802987
564 0.6666666666666666
565 0.6670495883591806
566 0.671836109515604
567 0.6683898142829792
568 0.6689641968217499
569 0.6681983534367222
570 0.6697300402067777
571 0.6649435190503542
572 0.6662837449741528
573 0.6733677962856596
574 0.6775799349033123
575 0.6733677962856596
576 0.6680068925904652
577 0.6672410492054375
578 0.6678154317442083
579 0.6643691365115834
580 0.6614972238177292
581 0.6645605973578403
582 0.672219031208118
583 0.6672410492054375
584 0.6741336396706873
585 0.6697300402067777
586 0.6674325100516945
587 0.6697300402067777
588 0.6731763354394027
589 0.6683898142829792
590 0.6639862148190695
591 0.6637947539728125
592 0.6626459888952709
593 0.6628374497415278
594 0.6620716063565001
595 0.6697300402067777
596 0.6706873444380624
597 0.6714531878230902
598 0.6748994830557151
599 0.6706873444380624
600 0.675473865594486
601 0.6712617269768333
602 0.6704958835918055
603 0.6712617269768333
604 0.6737507179781734
605 0.675090943901972
606 0.6789201608271108
607 0.6831322994447635
608 0.6863871338311315
609 0.6794945433658817
610 0.6773884740570554
611 0.6775799349033123
612 0.6735592571319166
613 0.6735592571319166
614 0.6724104920543749
615 0.6701129618992916
616 0.6796860042121387
617 0.6802603867509094
618 0.6760482481332567
619 0.678728699980854
620 0.6771970132107984
621 0.6766226306720275
622 0.6793030825196248
623 0.6806433084434234
624 0.678728699980854
625 0.6835152211372775
626 0.6837066819835343
627 0.6802603867509094
628 0.6775799349033123
629 0.6770055523645414
630 0.6796860042121387
631 0.6768140915182845
632 0.6758567872869998
633 0.6770055523645414
634 0.6771970132107984
635 0.6773884740570554
636 0.6758567872869998
637 0.6806433084434234
638 0.6827493777522496
639 0.6863871338311315
640 0.6852383687535899
641 0.6833237602910205
642 0.6812176909821941
643 0.6877273597549302
644 0.6877273597549302
645 0.6860042121386176
646 0.6860042121386176
647 0.6858127512923607
648 0.6825579169059928
649 0.6771970132107984
650 0.6729848745931457
651 0.6714531878230902
652 0.6758567872869998
653 0.6794945433658817
654 0.6804518475971664
655 0.684855447061076
656 0.6840896036760482
657 0.6777713957495692
658 0.6863871338311315
659 0.6863871338311315
660 0.6833237602910205
661 0.6838981428297913
662 0.6825579169059928
663 0.6867700555236455
664 0.6844725253685622
665 0.6779628565958261
666 0.6775799349033123
667 0.6779628565958261
668 0.6781543174420831
669 0.6802603867509094
670 0.6833237602910205
671 0.6783457782883401
672 0.6816006126747081
673 0.6766226306720275
674 0.6764311698257707
675 0.675473865594486
676 0.675090943901972
677 0.675473865594486
678 0.6716446486693471
679 0.6777713957495692
680 0.6814091518284511
681 0.6800689259046525
682 0.6835152211372775
683 0.6779628565958261
684 0.6798774650583955
685 0.6794945433658817
686 0.6825579169059928
687 0.678728699980854
688 0.684855447061076
689 0.6860042121386176
690 0.6871529772161593
691 0.6867700555236455
692 0.6852383687535899
693 0.6867700555236455
694 0.6821749952134788
695 0.6844725253685622
696 0.6877273597549302
697 0.6837066819835343
698 0.6871529772161593
699 0.6863871338311315
700 0.684663986214819
