1 0.0007658433850277618
2 0.0007658433850277618
3 0.0007658433850277618
4 0.0011487650775416428
5 0.0015316867700555237
6 0.0017231476163124641
7 0.002106069308826345
8 0.002871912693854107
9 0.00421213861765269
10 0.005552364541451273
11 0.005935286233965154
12 0.007466973004020678
13 0.009955964005360904
14 0.011487650775416428
15 0.01263641585295807
16 0.014742485161784415
17 0.01723147616312464
18 0.018954623779437105
19 0.022400919012062034
20 0.0250813708596592
21 0.028336205246027188
22 0.02967643116982577
23 0.032165422171166
24 0.03465441317250622
25 0.03714340417384645
26 0.03963239517518667
27 0.041547003637756076
28 0.044418916331610186
29 0.04614206394792265
30 0.049205437488033694
31 0.05073712425808922
32 0.05150296764311698
33 0.053034654413172504
34 0.053417576105686385
35 0.05514072372199885
36 0.058012636415852956
37 0.060501627417193185
38 0.061841853340991765
39 0.06299061841853341
40 0.06605399195864446
41 0.06930882634501244
42 0.07294658242389432
43 0.07371242580892208
44 0.07639287765651924
45 0.08079647712042887
46 0.08175378135171357
47 0.08539153743059544
48 0.08596591996936627
49 0.08845491097070649
50 0.09017805858701895
51 0.09304997128087306
52 0.09553896228221329
53 0.09649626651349799
54 0.09764503159103963
55 0.09860233582232433
56 0.0993681792073521
57 0.1003254834386368
58 0.1012827876699215
59 0.10300593528623396
60 0.10281447443997703
61 0.10396323951751867
62 0.10664369136511584
63 0.10760099559640053
64 0.1102814474439977
65 0.11296189929159486
66 0.11238751675282405
67 0.11162167336779628
68 0.11334482098410875
69 0.11372774267662263
70 0.11698257706299062
71 0.12081179398812943
72 0.12387516752824047
73 0.12578977599080987
74 0.12578977599080987
75 0.1278958452996362
76 0.13249090560980278
77 0.13172506222477504
78 0.13325674899483056
79 0.13191652307103197
80 0.13363967068734445
81 0.13804327015125406
82 0.1424468696151637
83 0.14570170400153168
84 0.14646754738655945
85 0.14589316484778864
86 0.1495309209266705
87 0.15029676431169825
88 0.15067968600421214
89 0.15374305954432319
90 0.15489182462186482
91 0.1547003637756079
92 0.15738081562320505
93 0.15929542408577446
94 0.16121003254834387
95 0.16197587593337162
96 0.16350756270342715
97 0.16905992724487842
98 0.16905992724487842
99 0.17040015316867702
100 0.17135745739996172
101 0.17116599655370476
102 0.17442083094007277
103 0.17729274363392686
104 0.17997319548152402
105 0.1816963430978365
106 0.18571702086923225
107 0.18322802986789202
108 0.18648286425426
109 0.19107792456442657
110 0.1922266896419682
111 0.1922266896419682
112 0.1926096113344821
113 0.1949071414895654
114 0.1949071414895654
115 0.19950220179973197
116 0.20199119280107217
117 0.20620333141872488
118 0.21003254834386367
119 0.21711659965537047
120 0.21883974727168293
121 0.22247750335056482
122 0.22554087689067587
123 0.22630672027570362
124 0.2295615546620716
125 0.22783840704575914
126 0.23013593720084244
127 0.23128470227838407
128 0.23262492820218264
129 0.234730997511009
130 0.23224200650966878
131 0.23511391920352287
132 0.23587976258855065
133 0.23836875358989087
134 0.24028336205246026
135 0.24258089220754356
136 0.24258089220754356
137 0.24124066628374496
138 0.2427723530538005
139 0.24545280490139768
140 0.2460271874401685
141 0.2469844916714532
142 0.25196247367413366
143 0.2546429255217308
144 0.257323377369328
145 0.26325866360329314
146 0.26517327206586255
147 0.26498181121960557
148 0.2672793413746889
149 0.2678537239134597
150 0.2674708022209458
151 0.27225732337736935
152 0.27110855829982766
153 0.269959793222286
154 0.273214627608654
155 0.2724487842236263
156 0.27570361860999426
157 0.27838407045759145
158 0.2802986789201608
159 0.2801072180739039
160 0.28183036569021636
161 0.2812559831514455
162 0.282979130767758
163 0.2866168868466399
164 0.2887229561554662
165 0.29216925138809113
166 0.29695577254451466
167 0.2963813900057438
168 0.29944476354585486
169 0.3009764503159104
170 0.29829599846831323
171 0.29944476354585486
172 0.30116791116216735
173 0.3057629714723339
174 0.3061458931648478
175 0.3076775799349033
176 0.3109324143212713
177 0.31169825770629905
178 0.3103580317825005
179 0.3138043270151254
180 0.3189737698640628
181 0.32222860425043076
182 0.3226115259429447
183 0.3251005169442849
184 0.32854681217690984
185 0.3333333333333333
186 0.3316101857170209
187 0.3325674899483056
188 0.33467355925713194
189 0.337545471950986
190 0.3392686195672985
191 0.3402259237985832
192 0.34080030633735403
193 0.3398430021060693
194 0.33639670687344436
195 0.3402259237985832
196 0.34060884549109705
197 0.3430978364924373
198 0.3463526708788053
199 0.344055140723722
200 0.34884166188014554
201 0.35228795711277044
202 0.34884166188014554
203 0.35573425234539535
204 0.3526708788052843
205 0.3553513306528815
206 0.3605207735018189
207 0.363392686195673
208 0.36281830365690215
209 0.3614780777331036
210 0.35745739996170783
211 0.3591805475780203
212 0.3605207735018189
213 0.36281830365690215
214 0.36473291211947156
215 0.36607313804327013
216 0.3676048248133257
217 0.36741336396706875
218 0.369710894122152
219 0.37085965919969366
220 0.37085965919969366
221 0.37085965919969366
222 0.3733486502010339
223 0.37698640627991575
224 0.38215584912885314
225 0.3852192226689642
226 0.38311315336013785
227 0.38579360520773504
228 0.3880911353628183
229 0.3871338311315336
230 0.39192035228795713
231 0.3896228221328738
232 0.39440934328929733
233 0.39996170783074864
234 0.3980470993681792
235 0.4009190120620333
236 0.39996170783074864
237 0.3993873252919778
238 0.4045567681409152
239 0.4057055332184568
240 0.40589699406471375
241 0.40685429829599845
242 0.40857744591231093
243 0.40589699406471375
244 0.40589699406471375
245 0.41298104537622055
246 0.41489565383878996
247 0.41681026230135937
248 0.4160444189163316
249 0.4208309400727551
250 0.4215967834577829
251 0.4183419490714149
252 0.4173846448401302
253 0.41929925330269957
254 0.41949071414895656
255 0.42197970515029676
256 0.421213861765269
257 0.42542600038292167
258 0.4284893739230327
259 0.4302125215393452
260 0.4260003829216925
261 0.42427723530538003
262 0.42542600038292167
263 0.42466015699789394
264 0.43002106069308826
265 0.43174420830940075
266 0.43346735592571317
267 0.43519050354202565
268 0.4355734252345395
269 0.43710511200459506
270 0.43863679877465056
271 0.4417001723147616
272 0.44476354585487266
273 0.44418916331610186
274 0.4415087114685047
275 0.4428489373923033
276 0.44131725062224775
277 0.4407428680834769
278 0.44380624162358795
279 0.4505073712425809
280 0.44323185908481716
281 0.44591231093241435
282 0.44380624162358795
283 0.4461037717786713
284 0.4476354585487268
285 0.44572085008615736
286 0.4516561363201225
287 0.45605973578403214
288 0.4539536664752058
289 0.45012444955006703
290 0.45223051885889337
291 0.4491671453187823
292 0.44667815431744207
293 0.45184759716637946
294 0.45376220562894887
295 0.45223051885889337
296 0.453379283936435
297 0.4539536664752058
298 0.45797434424660155
299 0.45835726593911547
300 0.46084625694045567
301 0.46314378709553894
302 0.4618035611717404
303 0.46256940455676815
304 0.4619950220179973
305 0.46620716063565
306 0.4656327780968792
307 0.4652498564043653
308 0.4646754738655945
309 0.47386559448592763
310 0.4744399770246984
311 0.4771204288722956
312 0.48248133256748993
313 0.4832471759525177
314 0.4826727934137469
315 0.4807581849511775
316 0.48018380241240666
317 0.4815240283362052
318 0.48248133256748993
319 0.4849703235688302
320 0.4832471759525177
321 0.48114110664369136
322 0.48114110664369136
323 0.48286425426000384
324 0.4849703235688302
325 0.485544706107601
326 0.4866934711851426
327 0.488608079647712
328 0.492054374880337
329 0.4928202182653647
330 0.49339460080413555
331 0.4928202182653647
332 0.4928202182653647
333 0.4964579743442466
334 0.49798966111430215
335 0.4964579743442466
336 0.5006701129618993
337 0.4991384261918438
338 0.501627417193184
339 0.4999042695768715
340 0.49760673942178824
341 0.5004786521156424
342 0.5008615738081562
343 0.5023932605782118
344 0.49779820026804517
345 0.5004786521156424
346 0.5039249473482673
347 0.5131150679686004
348 0.5125406854298296
349 0.5173272065862531
350 0.5157955198161975
351 0.5165613632012254
352 0.5167528240474822
353 0.514646754738656
354 0.5163699023549684
355 0.5200076584338503
356 0.5203905801263642
357 0.5188588933563086
358 0.5251771012827877
359 0.5265173272065863
360 0.5291977790541834
361 0.5314953092092667
362 0.5318782309017805
363 0.5351330652881485
364 0.5288148573616696
365 0.5290063182079264
366 0.5332184568255792
367 0.5366647520582041
368 0.5406854298295999
369 0.5395366647520582
370 0.5439402642159679
371 0.5448975684472526
372 0.5450890292935094
373 0.5426000382921693
374 0.5395366647520582
375 0.5387708213670305
376 0.5406854298295999
377 0.5378135171357458
378 0.5412598123683706
379 0.5454719509860234
380 0.5487267853723914
381 0.5448975684472526
382 0.546812176909822
383 0.5473865594485927
384 0.5537047673750718
385 0.5550449932988704
386 0.5538962282213288
387 0.5491097070649053
388 0.5460463335247941
389 0.5517901589125024
390 0.5535133065288148
391 0.5525560022975301
392 0.5533218456825579
393 0.5523645414512732
394 0.5552364541451273
395 0.5552364541451273
396 0.5590656710702662
397 0.556193758376412
398 0.5590656710702662
399 0.5607888186865786
400 0.559257131916523
401 0.5623205054566341
402 0.5588742102240092
403 0.5537047673750718
404 0.5602144361478077
405 0.5613632012253494
406 0.5617461229178633
407 0.5642351139192036
408 0.5736166953857936
409 0.5720850086157381
410 0.575531303848363
411 0.5751483821558492
412 0.5741910779245645
413 0.5726593911545089
414 0.5741910779245645
415 0.5805092858510434
416 0.5810836683898143
417 0.581849511774842
418 0.5799349033122726
419 0.5807007466973004
420 0.5812751292360713
421 0.582040972621099
422 0.5814665900823281
423 0.5816580509285851
424 0.5845299636224393
425 0.5868274937775225
426 0.582040972621099
427 0.5860616503924947
428 0.585295807007467
429 0.5906567107026613
430 0.5956346927053418
431 0.5952517710128279
432 0.5910396323951752
433 0.5914225540876891
434 0.5954432318590848
435 0.5971663794753973
436 0.5967834577828834
437 0.5910396323951752
438 0.5875933371625502
439 0.5902737890101474
440 0.5952517710128279
441 0.5919969366264599
442 0.5975493011679112
443 0.5927627800114876
444 0.6015699789393069
445 0.5962090752441126
446 0.5937200842427723
447 0.5956346927053418
448 0.5956346927053418
449 0.6025272831705916
450 0.6029102048631055
451 0.5994639096304806
452 0.5992724487842236
453 0.5986980662454529
454 0.6034845874018763
455 0.6040589699406471
456 0.6059735784032165
457 0.604441891633161
458 0.6073138043270151
459 0.6036760482481333
460 0.610951560405897
461 0.6117174037909248
462 0.6170783074861191
463 0.6149722381772927
464 0.6191843767949454
465 0.6159295424085774
466 0.6157380815623205
467 0.6122917863296956
468 0.6159295424085774
469 0.617269768332376
470 0.6197587593337163
471 0.6243538196438828
472 0.6232050545663412
473 0.6243538196438828
474 0.6262684281064522
475 0.6249282021826537
476 0.6218648286425426
477 0.6233965154125981
478 0.623779437105112
479 0.6256940455676814
480 0.6308634884166188
481 0.6251196630289105
482 0.6253111238751675
483 0.6283744974152786
484 0.6293318016465633
485 0.6337354011104729
486 0.633543940264216
487 0.6297147233390772
488 0.6337354011104729
489 0.6293318016465633
490 0.6278001148765078
491 0.6297147233390772
492 0.6339268619567299
493 0.6310549492628758
494 0.6348841661880146
495 0.6387133831131534
496 0.6352670878805284
497 0.6389048439594103
498 0.6329695577254452
499 0.6339268619567299
500 0.6310549492628758
501 0.6274171931839939
502 0.6295232624928202
503 0.6314378709553896
504 0.6256940455676814
505 0.6255025847214245
506 0.6325866360329313
507 0.630289105877848
508 0.6341183228029867
509 0.6373731571893547
510 0.6337354011104729
511 0.6362243921118131
512 0.6358414704192993
513 0.6356500095730423
514 0.6348841661880146
515 0.6274171931839939
516 0.6289488799540494
517 0.6291403408003063
518 0.6352670878805284
519 0.6345012444955007
520 0.6354585487267854
521 0.639862148190695
522 0.6354585487267854
523 0.6364158529580701
524 0.6419682174995214
525 0.6392877656519241
526 0.6373731571893547
527 0.6369902354968409
528 0.6283744974152786
529 0.6293318016465633
530 0.6358414704192993
531 0.6348841661880146
532 0.6389048439594103
533 0.633543940264216
534 0.6350756270342715
535 0.6369902354968409
536 0.6446486693471185
537 0.6475205820409726
538 0.6546046333524794
539 0.6498181121960559
540 0.6534558682749377
541 0.6475205820409726
542 0.6475205820409726
543 0.6423511391920352
544 0.6488608079647712
545 0.6563277809687919
546 0.6553704767375071
547 0.6578594677388474
548 0.6570936243538197
549 0.6536473291211947
550 0.6534558682749377
551 0.6523071031973962
552 0.6580509285851044
553 0.6574765460463335
554 0.6576680068925904
555 0.6588167719701321
556 0.6614972238177292
557 0.6590082328163891
558 0.6607313804327015
559 0.6605399195864445
560 0.6603484587401877
561 0.6603484587401877
562 0.659199693662646
563 0.6637947539728125
564 0.6676239708979513
565 0.665517901589125
566 0.6649435190503542
567 0.6597740762014168
568 0.6616886846639862
569 0.6664752058204098
570 0.6660922841278959
571 0.6708788052843193
572 0.6706873444380624
573 0.6699215010530346
574 0.6708788052843193
575 0.6716446486693471
576 0.6741336396706873
577 0.6770055523645414
578 0.678728699980854
579 0.6775799349033123
580 0.6831322994447635
581 0.6861956729848746
582 0.6852383687535899
583 0.6825579169059928
584 0.6835152211372775
585 0.6861956729848746
586 0.684663986214819
587 0.6907907332950411
588 0.6875358989086732
589 0.6816006126747081
590 0.6827493777522496
591 0.6867700555236455
592 0.6810262301359372
593 0.6827493777522496
594 0.6779628565958261
595 0.6781543174420831
596 0.6748994830557151
597 0.6764311698257707
598 0.6739421788244304
599 0.6810262301359372
600 0.678728699980854
601 0.6808347692896802
602 0.6819835343672219
603 0.6852383687535899
604 0.6840896036760482
605 0.6775799349033123
606 0.675282404748229
607 0.6806433084434234
608 0.6861956729848746
609 0.6865785946773885
610 0.6844725253685622
611 0.6802603867509094
612 0.6831322994447635
613 0.6865785946773885
614 0.6860042121386176
615 0.6861956729848746
616 0.6919394983725828
617 0.6921309592188397
618 0.694428489373923
619 0.6896419682174996
620 0.6873444380624162
621 0.6907907332950411
622 0.6940455676814091
623 0.6930882634501244
624 0.6938541068351523
625 0.6957687152977217
626 0.6873444380624162
627 0.6898334290637564
628 0.6867700555236455
629 0.694811411066437
630 0.6923224200650967
631 0.6871529772161593
632 0.6863871338311315
633 0.684855447061076
634 0.6900248899100134
635 0.6936626459888953
636 0.6936626459888953
637 0.6907907332950411
638 0.6894505073712426
639 0.6877273597549302
640 0.6892590465249856
641 0.6850469079073329
642 0.6840896036760482
643 0.684663986214819
644 0.6829408385985066
645 0.6800689259046525
646 0.6821749952134788
647 0.6869615163699023
648 0.6860042121386176
649 0.6865785946773885
650 0.6840896036760482
651 0.6835152211372775
652 0.6800689259046525
653 0.6777713957495692
654 0.6777713957495692
655 0.6804518475971664
656 0.6791116216733678
657 0.6789201608271108
658 0.6798774650583955
659 0.6764311698257707
660 0.6817920735209649
661 0.6837066819835343
662 0.6842810645223052
663 0.6930882634501244
664 0.6923224200650967
665 0.688110281447444
666 0.6875358989086732
667 0.6844725253685622
668 0.6898334290637564
669 0.6856212904461038
670 0.6900248899100134
671 0.6856212904461038
672 0.6890675856787287
673 0.6883017422937009
674 0.6907907332950411
675 0.6905992724487843
676 0.6934711851426383
677 0.691556576680069
678 0.6898334290637564
679 0.6961516369902355
680 0.6973004020677771
681 0.6984491671453188
682 0.6963430978364924
683 0.7020869232242006
684 0.704192992533027
685 0.6997893930691174
686 0.7001723147616312
687 0.7011296189929159
688 0.7064905226881103
689 0.7032356883017423
690 0.7076392877656519
691 0.7013210798391729
692 0.7017040015316868
693 0.7015125406854298
694 0.7005552364541451
695 0.6974918629140341
696 0.6994064713766035
697 0.700938158146659
698 0.7013210798391729
699 0.7017040015316868
700 0.7020869232242006
