1 0.00019146084625694046
2 0.00019146084625694046
3 0.00019146084625694046
4 0.00019146084625694046
5 0.00019146084625694046
6 0.00019146084625694046
7 0.00019146084625694046
8 0.00019146084625694046
9 0.00019146084625694046
10 0.00019146084625694046
11 0.00019146084625694046
12 0.00019146084625694046
13 0.0003829216925138809
14 0.0003829216925138809
15 0.0003829216925138809
16 0.0003829216925138809
17 0.0003829216925138809
18 0.0003829216925138809
19 0.0003829216925138809
20 0.0003829216925138809
21 0.00019146084625694046
22 0.00019146084625694046
23 0.00019146084625694046
24 0.0009573042312847023
25 0.0009573042312847023
26 0.0011487650775416428
27 0.0011487650775416428
28 0.0007658433850277618
29 0.0009573042312847023
30 0.0009573042312847023
31 0.0009573042312847023
32 0.0009573042312847023
33 0.0013402259237985832
34 0.0011487650775416428
35 0.0013402259237985832
36 0.0013402259237985832
37 0.0017231476163124641
38 0.0015316867700555237
39 0.0017231476163124641
40 0.0017231476163124641
41 0.0017231476163124641
42 0.0015316867700555237
43 0.0019146084625694046
44 0.0017231476163124641
45 0.0019146084625694046
46 0.002488991001340226
47 0.002488991001340226
48 0.002871912693854107
49 0.0030633735401110473
50 0.002871912693854107
51 0.003254834386367988
52 0.003254834386367988
53 0.0036377560788818687
54 0.0034462952326249283
55 0.0034462952326249283
56 0.0030633735401110473
57 0.0036377560788818687
58 0.0034462952326249283
59 0.003829216925138809
60 0.003829216925138809
61 0.00402067777139575
62 0.00402067777139575
63 0.003829216925138809
64 0.003829216925138809
65 0.00402067777139575
66 0.0034462952326249283
67 0.0036377560788818687
68 0.0044035994639096306
69 0.0044035994639096306
70 0.0044035994639096306
71 0.004595060310166571
72 0.0044035994639096306
73 0.004595060310166571
74 0.005169442848937392
75 0.004595060310166571
76 0.004595060310166571
77 0.005360903695194333
78 0.005360903695194333
79 0.005360903695194333
80 0.006318207926479035
81 0.0068925904652498565
82 0.007084051311506797
83 0.007658433850277618
84 0.008807198927819261
85 0.00842427723530538
86 0.00842427723530538
87 0.008998659774076202
88 0.009764503159103963
89 0.010913268236645606
90 0.010338885697874785
91 0.011296189929159487
92 0.011679111621673368
93 0.012062033314187249
94 0.01225349416044419
95 0.01244495500670113
96 0.01263641585295807
97 0.01263641585295807
98 0.013402259237985832
99 0.013593720084242773
100 0.014359563469270534
101 0.014551024315527475
102 0.013785180930499713
103 0.014551024315527475
104 0.015316867700555237
105 0.014742485161784415
106 0.015508328546812177
107 0.014551024315527475
108 0.015316867700555237
109 0.014742485161784415
110 0.015125406854298296
111 0.014551024315527475
112 0.014168102623013594
113 0.014168102623013594
114 0.013019337545471951
115 0.013402259237985832
116 0.013402259237985832
117 0.013210798391728892
118 0.013019337545471951
119 0.013785180930499713
120 0.013593720084242773
121 0.013785180930499713
122 0.013210798391728892
123 0.014168102623013594
124 0.014933946008041356
125 0.013976641776756654
126 0.013402259237985832
127 0.013976641776756654
128 0.013976641776756654
129 0.013785180930499713
130 0.013402259237985832
131 0.013976641776756654
132 0.014359563469270534
133 0.013976641776756654
134 0.014551024315527475
135 0.014359563469270534
136 0.013976641776756654
137 0.014359563469270534
138 0.014359563469270534
139 0.014742485161784415
140 0.015125406854298296
141 0.015316867700555237
142 0.015699789393069118
143 0.015699789393069118
144 0.015316867700555237
145 0.015508328546812177
146 0.015125406854298296
147 0.015125406854298296
148 0.015508328546812177
149 0.015699789393069118
150 0.015125406854298296
151 0.014933946008041356
152 0.015125406854298296
153 0.014551024315527475
154 0.013210798391728892
155 0.01282787669921501
156 0.013019337545471951
157 0.013210798391728892
158 0.013019337545471951
159 0.013210798391728892
160 0.013593720084242773
161 0.013976641776756654
162 0.014168102623013594
163 0.014933946008041356
164 0.015891250239326058
165 0.01627417193183994
166 0.015316867700555237
167 0.015699789393069118
168 0.016082711085583
169 0.015891250239326058
170 0.015508328546812177
171 0.015316867700555237
172 0.015125406854298296
173 0.015125406854298296
174 0.014359563469270534
175 0.015316867700555237
176 0.015699789393069118
177 0.016082711085583
178 0.015699789393069118
179 0.015125406854298296
180 0.015891250239326058
181 0.015508328546812177
182 0.015891250239326058
183 0.015508328546812177
184 0.015891250239326058
185 0.015125406854298296
186 0.014933946008041356
187 0.015125406854298296
188 0.015316867700555237
189 0.015316867700555237
190 0.015699789393069118
191 0.015699789393069118
192 0.015125406854298296
193 0.014742485161784415
194 0.015508328546812177
195 0.015316867700555237
196 0.015125406854298296
197 0.015699789393069118
198 0.014933946008041356
199 0.015125406854298296
200 0.015125406854298296
201 0.015316867700555237
202 0.015125406854298296
203 0.015699789393069118
204 0.015508328546812177
205 0.015699789393069118
206 0.015316867700555237
207 0.015125406854298296
208 0.014742485161784415
209 0.015316867700555237
210 0.014933946008041356
211 0.015125406854298296
212 0.014359563469270534
213 0.013976641776756654
214 0.014359563469270534
215 0.014742485161784415
216 0.014551024315527475
217 0.014168102623013594
218 0.014359563469270534
219 0.014359563469270534
220 0.014933946008041356
221 0.015316867700555237
222 0.015508328546812177
223 0.015699789393069118
224 0.015508328546812177
225 0.015316867700555237
226 0.015699789393069118
227 0.016082711085583
228 0.015891250239326058
229 0.015891250239326058
230 0.01646563277809688
231 0.015891250239326058
232 0.016082711085583
233 0.016082711085583
234 0.016082711085583
235 0.015316867700555237
236 0.015125406854298296
237 0.015508328546812177
238 0.014742485161784415
239 0.013976641776756654
240 0.013976641776756654
241 0.013976641776756654
242 0.014168102623013594
243 0.014168102623013594
244 0.014168102623013594
245 0.013593720084242773
246 0.013593720084242773
247 0.013976641776756654
248 0.014742485161784415
249 0.015316867700555237
250 0.015316867700555237
251 0.015699789393069118
252 0.015508328546812177
253 0.014933946008041356
254 0.014359563469270534
255 0.013785180930499713
256 0.013210798391728892
257 0.013976641776756654
258 0.014359563469270534
259 0.013402259237985832
260 0.013402259237985832
261 0.013785180930499713
262 0.014359563469270534
263 0.014933946008041356
264 0.014168102623013594
265 0.014551024315527475
266 0.015508328546812177
267 0.015125406854298296
268 0.015508328546812177
269 0.015508328546812177
270 0.015508328546812177
271 0.015699789393069118
272 0.015316867700555237
273 0.015125406854298296
274 0.014933946008041356
275 0.014168102623013594
276 0.014168102623013594
277 0.014359563469270534
278 0.015125406854298296
279 0.015125406854298296
280 0.014933946008041356
281 0.014933946008041356
282 0.013976641776756654
283 0.014359563469270534
284 0.014742485161784415
285 0.014168102623013594
286 0.013785180930499713
287 0.013976641776756654
288 0.014359563469270534
289 0.014359563469270534
290 0.014359563469270534
291 0.014168102623013594
292 0.014168102623013594
293 0.013785180930499713
294 0.014168102623013594
295 0.015316867700555237
296 0.014359563469270534
297 0.015316867700555237
298 0.015891250239326058
299 0.01627417193183994
300 0.015891250239326058
301 0.01665709362435382
302 0.016082711085583
303 0.015508328546812177
304 0.015508328546812177
305 0.015891250239326058
306 0.01627417193183994
307 0.015699789393069118
308 0.015316867700555237
309 0.015125406854298296
310 0.014551024315527475
311 0.014742485161784415
312 0.015316867700555237
313 0.014933946008041356
314 0.015125406854298296
315 0.014742485161784415
316 0.014933946008041356
317 0.014933946008041356
318 0.015508328546812177
319 0.016082711085583
320 0.015891250239326058
321 0.01627417193183994
322 0.01665709362435382
323 0.015508328546812177
324 0.01646563277809688
325 0.01646563277809688
326 0.016082711085583
327 0.016082711085583
328 0.015699789393069118
329 0.015699789393069118
330 0.015508328546812177
331 0.015699789393069118
332 0.01627417193183994
333 0.01627417193183994
334 0.015316867700555237
335 0.015699789393069118
336 0.015508328546812177
337 0.015508328546812177
338 0.015891250239326058
339 0.015508328546812177
340 0.014933946008041356
341 0.015316867700555237
342 0.015508328546812177
343 0.014933946008041356
344 0.014742485161784415
345 0.014933946008041356
346 0.014551024315527475
347 0.013976641776756654
348 0.013593720084242773
349 0.014742485161784415
350 0.015125406854298296
351 0.014933946008041356
352 0.014742485161784415
353 0.014359563469270534
354 0.014933946008041356
355 0.015125406854298296
356 0.013976641776756654
357 0.014551024315527475
358 0.014168102623013594
359 0.014359563469270534
360 0.014551024315527475
361 0.013593720084242773
362 0.013976641776756654
363 0.014742485161784415
364 0.013785180930499713
365 0.014359563469270534
366 0.013976641776756654
367 0.014551024315527475
368 0.013785180930499713
369 0.013593720084242773
370 0.013976641776756654
371 0.014359563469270534
372 0.014359563469270534
373 0.014168102623013594
374 0.013976641776756654
375 0.014359563469270534
376 0.014933946008041356
377 0.013976641776756654
378 0.014551024315527475
379 0.014551024315527475
380 0.014551024315527475
381 0.015125406854298296
382 0.015316867700555237
383 0.016082711085583
384 0.01627417193183994
385 0.015699789393069118
386 0.014742485161784415
387 0.014551024315527475
388 0.013593720084242773
389 0.013593720084242773
390 0.013976641776756654
391 0.01282787669921501
392 0.01244495500670113
393 0.013019337545471951
394 0.013402259237985832
395 0.013402259237985832
396 0.013785180930499713
397 0.013785180930499713
398 0.014933946008041356
399 0.014742485161784415
400 0.013593720084242773
401 0.013785180930499713
402 0.013785180930499713
403 0.014359563469270534
404 0.014168102623013594
405 0.013785180930499713
406 0.013976641776756654
407 0.013976641776756654
408 0.013593720084242773
409 0.013210798391728892
410 0.013210798391728892
411 0.013019337545471951
412 0.013593720084242773
413 0.013593720084242773
414 0.014168102623013594
415 0.014933946008041356
416 0.014551024315527475
417 0.014359563469270534
418 0.014168102623013594
419 0.014168102623013594
420 0.014168102623013594
421 0.014742485161784415
422 0.014551024315527475
423 0.014742485161784415
424 0.015891250239326058
425 0.016082711085583
426 0.016082711085583
427 0.01627417193183994
428 0.015891250239326058
429 0.014933946008041356
430 0.015125406854298296
431 0.014933946008041356
432 0.015125406854298296
433 0.015125406854298296
434 0.015125406854298296
435 0.014551024315527475
436 0.014933946008041356
437 0.015508328546812177
438 0.015125406854298296
439 0.015891250239326058
440 0.015891250239326058
441 0.015316867700555237
442 0.01627417193183994
443 0.0170400153168677
444 0.01627417193183994
445 0.015891250239326058
446 0.015699789393069118
447 0.015891250239326058
448 0.016082711085583
449 0.01627417193183994
450 0.016082711085583
451 0.015508328546812177
452 0.015316867700555237
453 0.015125406854298296
454 0.014742485161784415
455 0.014551024315527475
456 0.014551024315527475
457 0.015508328546812177
458 0.014551024315527475
459 0.014933946008041356
460 0.014933946008041356
461 0.014168102623013594
462 0.013593720084242773
463 0.013976641776756654
464 0.014551024315527475
465 0.015316867700555237
466 0.015508328546812177
467 0.015316867700555237
468 0.015316867700555237
469 0.015125406854298296
470 0.014933946008041356
471 0.014551024315527475
472 0.014742485161784415
473 0.015316867700555237
474 0.015316867700555237
475 0.014742485161784415
476 0.016082711085583
477 0.016082711085583
478 0.01627417193183994
479 0.015891250239326058
480 0.01627417193183994
481 0.015891250239326058
482 0.015125406854298296
483 0.015125406854298296
484 0.014933946008041356
485 0.015125406854298296
486 0.015699789393069118
487 0.015508328546812177
488 0.015891250239326058
489 0.015125406854298296
490 0.015508328546812177
491 0.014933946008041356
492 0.015699789393069118
493 0.015891250239326058
494 0.01627417193183994
495 0.016082711085583
496 0.014359563469270534
497 0.014933946008041356
498 0.014551024315527475
499 0.014742485161784415
500 0.013976641776756654
501 0.013593720084242773
502 0.013210798391728892
503 0.013210798391728892
504 0.013210798391728892
505 0.013402259237985832
506 0.013210798391728892
507 0.013210798391728892
508 0.013210798391728892
509 0.013019337545471951
510 0.013210798391728892
511 0.013976641776756654
512 0.013402259237985832
513 0.013785180930499713
514 0.014359563469270534
515 0.015316867700555237
516 0.015125406854298296
517 0.014359563469270534
518 0.014359563469270534
519 0.014551024315527475
520 0.013402259237985832
521 0.013210798391728892
522 0.013593720084242773
523 0.013593720084242773
524 0.013785180930499713
525 0.013210798391728892
526 0.013593720084242773
527 0.013210798391728892
528 0.013210798391728892
529 0.01282787669921501
530 0.01225349416044419
531 0.01225349416044419
532 0.012062033314187249
533 0.011296189929159487
534 0.011679111621673368
535 0.011870572467930308
536 0.012062033314187249
537 0.012062033314187249
538 0.01225349416044419
539 0.01225349416044419
540 0.011870572467930308
541 0.012062033314187249
542 0.012062033314187249
543 0.01225349416044419
544 0.01244495500670113
545 0.011679111621673368
546 0.012062033314187249
547 0.012062033314187249
548 0.012062033314187249
549 0.011679111621673368
550 0.011296189929159487
551 0.012062033314187249
552 0.012062033314187249
553 0.011679111621673368
554 0.012062033314187249
555 0.012062033314187249
556 0.01244495500670113
557 0.01244495500670113
558 0.01263641585295807
559 0.01225349416044419
560 0.01244495500670113
561 0.01282787669921501
562 0.01263641585295807
563 0.01244495500670113
564 0.01244495500670113
565 0.013402259237985832
566 0.013019337545471951
567 0.01282787669921501
568 0.013019337545471951
569 0.013210798391728892
570 0.013785180930499713
571 0.013593720084242773
572 0.013402259237985832
573 0.01263641585295807
574 0.012062033314187249
575 0.01244495500670113
576 0.011870572467930308
577 0.011870572467930308
578 0.011487650775416428
579 0.01282787669921501
580 0.01263641585295807
581 0.013210798391728892
582 0.013019337545471951
583 0.013210798391728892
584 0.013785180930499713
585 0.013019337545471951
586 0.01244495500670113
587 0.013210798391728892
588 0.014168102623013594
589 0.015125406854298296
590 0.014742485161784415
591 0.014359563469270534
592 0.014168102623013594
593 0.013402259237985832
594 0.013593720084242773
595 0.014359563469270534
596 0.014742485161784415
597 0.014168102623013594
598 0.014168102623013594
599 0.015125406854298296
600 0.015508328546812177
601 0.015316867700555237
602 0.015699789393069118
603 0.014359563469270534
604 0.013976641776756654
605 0.014933946008041356
606 0.014551024315527475
607 0.014551024315527475
608 0.015125406854298296
609 0.014742485161784415
610 0.014359563469270534
611 0.014359563469270534
612 0.014551024315527475
613 0.013976641776756654
614 0.014742485161784415
615 0.015125406854298296
616 0.014933946008041356
617 0.014168102623013594
618 0.013976641776756654
619 0.014551024315527475
620 0.014933946008041356
621 0.014359563469270534
622 0.014168102623013594
623 0.014742485161784415
624 0.014551024315527475
625 0.014359563469270534
626 0.013593720084242773
627 0.013210798391728892
628 0.013785180930499713
629 0.013976641776756654
630 0.013976641776756654
631 0.014168102623013594
632 0.014742485161784415
633 0.014742485161784415
634 0.014551024315527475
635 0.014551024315527475
636 0.014359563469270534
637 0.014168102623013594
638 0.014742485161784415
639 0.014933946008041356
640 0.014551024315527475
641 0.014359563469270534
642 0.015316867700555237
643 0.014742485161784415
644 0.015508328546812177
645 0.014933946008041356
646 0.014742485161784415
647 0.014742485161784415
648 0.015125406854298296
649 0.014168102623013594
650 0.014359563469270534
651 0.013976641776756654
652 0.014742485161784415
653 0.014933946008041356
654 0.014168102623013594
655 0.014359563469270534
656 0.013976641776756654
657 0.013785180930499713
658 0.014168102623013594
659 0.014168102623013594
660 0.014168102623013594
661 0.014742485161784415
662 0.014742485161784415
663 0.014742485161784415
664 0.015125406854298296
665 0.015508328546812177
666 0.015316867700555237
667 0.015891250239326058
668 0.015891250239326058
669 0.015891250239326058
670 0.016082711085583
671 0.01723147616312464
672 0.01646563277809688
673 0.01646563277809688
674 0.01684855447061076
675 0.01665709362435382
676 0.016082711085583
677 0.01627417193183994
678 0.015891250239326058
679 0.015316867700555237
680 0.014933946008041356
681 0.014551024315527475
682 0.014551024315527475
683 0.015316867700555237
684 0.014933946008041356
685 0.015316867700555237
686 0.015125406854298296
687 0.014359563469270534
688 0.014359563469270534
689 0.013976641776756654
690 0.014168102623013594
691 0.014933946008041356
692 0.015316867700555237
693 0.015125406854298296
694 0.015125406854298296
695 0.015125406854298296
696 0.014551024315527475
697 0.014551024315527475
698 0.014168102623013594
699 0.013785180930499713
700 0.014359563469270534
