1 0.0003829216925138809
2 0.0003829216925138809
3 0.0003829216925138809
4 0.0003829216925138809
5 0.0005743825387708214
6 0.0005743825387708214
7 0.0005743825387708214
8 0.0005743825387708214
9 0.0005743825387708214
10 0.0003829216925138809
11 0.0005743825387708214
12 0.0005743825387708214
13 0.0003829216925138809
14 0.0003829216925138809
15 0.0003829216925138809
16 0.0003829216925138809
17 0.0003829216925138809
18 0.0003829216925138809
19 0.0003829216925138809
20 0.0003829216925138809
21 0.0003829216925138809
22 0.0005743825387708214
23 0.0005743825387708214
24 0.0005743825387708214
25 0.0005743825387708214
26 0.0011487650775416428
27 0.0011487650775416428
28 0.0009573042312847023
29 0.0007658433850277618
30 0.0009573042312847023
31 0.0011487650775416428
32 0.0011487650775416428
33 0.0009573042312847023
34 0.0009573042312847023
35 0.0009573042312847023
36 0.0009573042312847023
37 0.0009573042312847023
38 0.0007658433850277618
39 0.0007658433850277618
40 0.0007658433850277618
41 0.0007658433850277618
42 0.0007658433850277618
43 0.0007658433850277618
44 0.0009573042312847023
45 0.0009573042312847023
46 0.0009573042312847023
47 0.0011487650775416428
48 0.0011487650775416428
49 0.0011487650775416428
50 0.0009573042312847023
51 0.0009573042312847023
52 0.0009573042312847023
53 0.0009573042312847023
54 0.0009573042312847023
55 0.0011487650775416428
56 0.0007658433850277618
57 0.0007658433850277618
58 0.0007658433850277618
59 0.0005743825387708214
60 0.0005743825387708214
61 0.0007658433850277618
62 0.0007658433850277618
63 0.0007658433850277618
64 0.0007658433850277618
65 0.0011487650775416428
66 0.0011487650775416428
67 0.0011487650775416428
68 0.0013402259237985832
69 0.0013402259237985832
70 0.0013402259237985832
71 0.0013402259237985832
72 0.0013402259237985832
73 0.0011487650775416428
74 0.0011487650775416428
75 0.0011487650775416428
76 0.0013402259237985832
77 0.0013402259237985832
78 0.0013402259237985832
79 0.0011487650775416428
80 0.0009573042312847023
81 0.0009573042312847023
82 0.0009573042312847023
83 0.0009573042312847023
84 0.0011487650775416428
85 0.0015316867700555237
86 0.0017231476163124641
87 0.0017231476163124641
88 0.002106069308826345
89 0.002106069308826345
90 0.002106069308826345
91 0.0022975301550832855
92 0.0026804518475971664
93 0.002488991001340226
94 0.002488991001340226
95 0.002488991001340226
96 0.002871912693854107
97 0.0030633735401110473
98 0.002871912693854107
99 0.0030633735401110473
100 0.003254834386367988
101 0.003254834386367988
102 0.0034462952326249283
103 0.0036377560788818687
104 0.003829216925138809
105 0.00402067777139575
106 0.003829216925138809
107 0.00402067777139575
108 0.00402067777139575
109 0.00402067777139575
110 0.003829216925138809
111 0.003829216925138809
112 0.00402067777139575
113 0.004977982002680452
114 0.0044035994639096306
115 0.0047865211564235115
116 0.0044035994639096306
117 0.0044035994639096306
118 0.004595060310166571
119 0.005169442848937392
120 0.005169442848937392
121 0.005169442848937392
122 0.005169442848937392
123 0.005360903695194333
124 0.005360903695194333
125 0.005743825387708214
126 0.005743825387708214
127 0.005743825387708214
128 0.005935286233965154
129 0.005169442848937392
130 0.005743825387708214
131 0.005935286233965154
132 0.006318207926479035
133 0.006701129618992916
134 0.006701129618992916
135 0.006318207926479035
136 0.005935286233965154
137 0.006126747080222095
138 0.006701129618992916
139 0.007084051311506797
140 0.007658433850277618
141 0.007466973004020678
142 0.007084051311506797
143 0.007084051311506797
144 0.006701129618992916
145 0.007084051311506797
146 0.007084051311506797
147 0.0068925904652498565
148 0.0068925904652498565
149 0.006509668772735976
150 0.0068925904652498565
151 0.006509668772735976
152 0.006318207926479035
153 0.006509668772735976
154 0.007658433850277618
155 0.007849894696534559
156 0.007849894696534559
157 0.007658433850277618
158 0.007466973004020678
159 0.007849894696534559
160 0.007084051311506797
161 0.007084051311506797
162 0.0068925904652498565
163 0.0072755121577637374
164 0.007658433850277618
165 0.007466973004020678
166 0.007466973004020678
167 0.007466973004020678
168 0.00842427723530538
169 0.009764503159103963
170 0.009764503159103963
171 0.008807198927819261
172 0.009190120620333142
173 0.00842427723530538
174 0.008998659774076202
175 0.009190120620333142
176 0.008998659774076202
177 0.009190120620333142
178 0.009381581466590082
179 0.009764503159103963
180 0.010147424851617844
181 0.010913268236645606
182 0.011104729082902547
183 0.011104729082902547
184 0.010721807390388666
185 0.009955964005360904
186 0.010338885697874785
187 0.009764503159103963
188 0.010147424851617844
189 0.010338885697874785
190 0.009573042312847023
191 0.009573042312847023
192 0.009381581466590082
193 0.009955964005360904
194 0.010338885697874785
195 0.010530346544131725
196 0.010338885697874785
197 0.011296189929159487
198 0.011487650775416428
199 0.011487650775416428
200 0.011296189929159487
201 0.011104729082902547
202 0.011296189929159487
203 0.011104729082902547
204 0.011296189929159487
205 0.011104729082902547
206 0.010913268236645606
207 0.010530346544131725
208 0.010530346544131725
209 0.010721807390388666
210 0.010721807390388666
211 0.010721807390388666
212 0.010530346544131725
213 0.010147424851617844
214 0.010147424851617844
215 0.010530346544131725
216 0.011296189929159487
217 0.010530346544131725
218 0.010721807390388666
219 0.010721807390388666
220 0.011104729082902547
221 0.011296189929159487
222 0.010721807390388666
223 0.010913268236645606
224 0.011487650775416428
225 0.011679111621673368
226 0.010530346544131725
227 0.010913268236645606
228 0.010913268236645606
229 0.011104729082902547
230 0.011296189929159487
231 0.010721807390388666
232 0.011296189929159487
233 0.011104729082902547
234 0.010913268236645606
235 0.011104729082902547
236 0.011679111621673368
237 0.01263641585295807
238 0.01282787669921501
239 0.01244495500670113
240 0.011487650775416428
241 0.011296189929159487
242 0.01244495500670113
243 0.011679111621673368
244 0.011679111621673368
245 0.01244495500670113
246 0.01225349416044419
247 0.01244495500670113
248 0.013019337545471951
249 0.013019337545471951
250 0.013593720084242773
251 0.013593720084242773
252 0.013593720084242773
253 0.013402259237985832
254 0.013210798391728892
255 0.014551024315527475
256 0.015316867700555237
257 0.015125406854298296
258 0.015316867700555237
259 0.015699789393069118
260 0.015316867700555237
261 0.014742485161784415
262 0.015699789393069118
263 0.015508328546812177
264 0.01627417193183994
265 0.01665709362435382
266 0.01665709362435382
267 0.01684855447061076
268 0.01665709362435382
269 0.01684855447061076
270 0.015891250239326058
271 0.015891250239326058
272 0.015508328546812177
273 0.01627417193183994
274 0.01723147616312464
275 0.017422937009381582
276 0.017422937009381582
277 0.0170400153168677
278 0.017422937009381582
279 0.017422937009381582
280 0.017614397855638522
281 0.017997319548152403
282 0.017614397855638522
283 0.01684855447061076
284 0.01723147616312464
285 0.017997319548152403
286 0.017997319548152403
287 0.017805858701895463
288 0.01723147616312464
289 0.01723147616312464
290 0.01684855447061076
291 0.016082711085583
292 0.01684855447061076
293 0.01684855447061076
294 0.0170400153168677
295 0.017997319548152403
296 0.017805858701895463
297 0.017614397855638522
298 0.017805858701895463
299 0.019337545471950986
300 0.019720467164464867
301 0.019720467164464867
302 0.019911928010721808
303 0.019529006318207927
304 0.019146084625694046
305 0.018763162933180165
306 0.018188780394409344
307 0.017805858701895463
308 0.018380241240666284
309 0.017805858701895463
310 0.017614397855638522
311 0.018571702086923225
312 0.018571702086923225
313 0.019337545471950986
314 0.02029484970323569
315 0.02048631054949263
316 0.02029484970323569
317 0.02029484970323569
318 0.02086923224200651
319 0.02106069308826345
320 0.02144361478077733
321 0.02048631054949263
322 0.02029484970323569
323 0.02086923224200651
324 0.019720467164464867
325 0.02048631054949263
326 0.020103388856978748
327 0.02029484970323569
328 0.018763162933180165
329 0.019146084625694046
330 0.019146084625694046
331 0.018763162933180165
332 0.019337545471950986
333 0.02125215393452039
334 0.021635075627034272
335 0.02067777139574957
336 0.022017997319548153
337 0.022209458165805093
338 0.02106069308826345
339 0.019720467164464867
340 0.018571702086923225
341 0.018380241240666284
342 0.019146084625694046
343 0.019529006318207927
344 0.019720467164464867
345 0.019529006318207927
346 0.019337545471950986
347 0.019146084625694046
348 0.019911928010721808
349 0.019337545471950986
350 0.018763162933180165
351 0.018954623779437105
352 0.020103388856978748
353 0.019720467164464867
354 0.019529006318207927
355 0.019720467164464867
356 0.019146084625694046
357 0.018954623779437105
358 0.019720467164464867
359 0.02048631054949263
360 0.021635075627034272
361 0.022592379858318974
362 0.021635075627034272
363 0.022209458165805093
364 0.02067777139574957
365 0.02144361478077733
366 0.021635075627034272
367 0.02144361478077733
368 0.022400919012062034
369 0.022783840704575915
370 0.023549684089603676
371 0.02450698832088838
372 0.02450698832088838
373 0.02527283170591614
374 0.02469844916714532
375 0.0250813708596592
376 0.02546429255217308
377 0.02546429255217308
378 0.02546429255217308
379 0.026038675090943902
380 0.026230135937200843
381 0.026804518475971664
382 0.026421596783457783
383 0.026421596783457783
384 0.026804518475971664
385 0.027570361860999426
386 0.02852766609228413
387 0.02891058778479801
388 0.02871912693854107
389 0.028144744399770247
390 0.027187440168485545
391 0.026995979322228605
392 0.026804518475971664
393 0.028144744399770247
394 0.027187440168485545
395 0.02852766609228413
396 0.028144744399770247
397 0.030059352862339652
398 0.030059352862339652
399 0.031016657093624354
400 0.030442274554853533
401 0.030250813708596593
402 0.030250813708596593
403 0.030059352862339652
404 0.02986789201608271
405 0.02948497032356883
406 0.02967643116982577
407 0.02948497032356883
408 0.031016657093624354
409 0.030633735401110473
410 0.031016657093624354
411 0.030059352862339652
412 0.031208117939881295
413 0.031399578786138235
414 0.03159103963239517
415 0.032165422171166
416 0.03293126555619376
417 0.03350564809496458
418 0.03293126555619376
419 0.03254834386367988
420 0.033122726402450696
421 0.0340800306337354
422 0.03388856978747846
423 0.03254834386367988
424 0.03369710894122152
425 0.035228795711277044
426 0.035228795711277044
427 0.03580317825004786
428 0.03618609994256174
429 0.035994639096304806
430 0.03542025655753398
431 0.03580317825004786
432 0.03580317825004786
433 0.035228795711277044
434 0.03618609994256174
435 0.035994639096304806
436 0.036951943327589505
437 0.03752632586636033
438 0.03790924755887421
439 0.03963239517518667
440 0.03963239517518667
441 0.03886655179015891
442 0.03963239517518667
443 0.04097262109898526
444 0.039823856021443615
445 0.040206777713957496
446 0.040781160252728314
447 0.04135554279149914
448 0.044035994639096306
449 0.044993298870381004
450 0.043653072946582425
451 0.04250430786904078
452 0.043270151254068544
453 0.04346161210032548
454 0.044418916331610186
455 0.04422745548535324
456 0.04556768140915183
457 0.045376220562894885
458 0.044993298870381004
459 0.04614206394792265
460 0.04729082902546429
461 0.04690790733295041
462 0.045759142255408766
463 0.04652498564043653
464 0.04671644648669347
465 0.04671644648669347
466 0.04690790733295041
467 0.04633352479417959
468 0.04671644648669347
469 0.04729082902546429
470 0.04729082902546429
471 0.04709936817920735
472 0.047865211564235115
473 0.048822515795519814
474 0.05054566341183228
475 0.05035420256557534
476 0.05054566341183228
477 0.049588359180547575
478 0.05035420256557534
479 0.049588359180547575
480 0.049205437488033694
481 0.049588359180547575
482 0.05035420256557534
483 0.05073712425808922
484 0.05131150679686004
485 0.05035420256557534
486 0.05035420256557534
487 0.05073712425808922
488 0.049588359180547575
489 0.05092858510434616
490 0.05150296764311698
491 0.05073712425808922
492 0.05226881102814474
493 0.05150296764311698
494 0.0511200459506031
495 0.05188588933563086
496 0.052460271874401686
497 0.052460271874401686
498 0.05399195864445721
499 0.055906567107026614
500 0.05571510626076967
501 0.05552364541451273
502 0.05494926287574191
503 0.05514072372199885
504 0.056289488799540495
505 0.05571510626076967
506 0.058395558108366837
507 0.05877847980088072
508 0.057629714723339075
509 0.05782117556959602
510 0.058012636415852956
511 0.057629714723339075
512 0.05858701895462378
513 0.060501627417193185
514 0.060884549109707066
515 0.06031016657093624
516 0.06069308826345012
517 0.05992724487842236
518 0.061458931648477884
519 0.06203331418724871
520 0.0639479226498181
521 0.06490522688110281
522 0.06375646180356118
523 0.06413938349607505
524 0.06356500095730423
525 0.06509668772735976
526 0.06452230518858894
527 0.06337354011104729
528 0.06337354011104729
529 0.06739421788244304
530 0.06681983534367222
531 0.06586253111238752
532 0.06739421788244304
533 0.06605399195864446
534 0.0652881485736167
535 0.0672027570361861
536 0.06605399195864446
537 0.06624545280490139
538 0.06662837449741528
539 0.06758567872869999
540 0.06796860042121386
541 0.06643691365115834
542 0.06586253111238752
543 0.0652881485736167
544 0.06777713957495692
545 0.06758567872869999
546 0.06969174803752633
547 0.06969174803752633
548 0.06988320888378327
549 0.07084051311506796
550 0.07256366073138043
551 0.07237219988512349
552 0.07122343480758185
553 0.0710319739613249
554 0.07198927819260961
555 0.07218073903886656
556 0.07352096496266514
557 0.07352096496266514
558 0.07371242580892208
559 0.07447826919394984
560 0.07505265173272066
561 0.07409534750143595
562 0.07466973004020677
563 0.07543557342523453
564 0.07466973004020677
565 0.0762014168102623
566 0.07600995596400537
567 0.07792456442657476
568 0.07849894696534558
569 0.07830748611908865
570 0.07926479035037334
571 0.07907332950411641
572 0.08175378135171357
573 0.08309400727551215
574 0.08213670304422746
575 0.08041355542791499
576 0.08041355542791499
577 0.07926479035037334
578 0.08041355542791499
579 0.08194524219797052
580 0.08194524219797052
581 0.08309400727551215
582 0.08098793796668581
583 0.08194524219797052
584 0.08156232050545663
585 0.08213670304422746
586 0.08194524219797052
587 0.08156232050545663
588 0.08385985066053991
589 0.08462569404556768
590 0.08443423319931075
591 0.0842427723530538
592 0.08500861573808156
593 0.08366838981428298
594 0.0842427723530538
595 0.0842427723530538
596 0.08500861573808156
597 0.0842427723530538
598 0.08558299827685238
599 0.0861573808156232
600 0.08845491097070649
601 0.08845491097070649
602 0.09151828451081753
603 0.09113536281830366
604 0.09094390197204671
605 0.09266704958835918
606 0.09190120620333142
607 0.09075244112578977
608 0.09170974535707448
609 0.0941987363584147
610 0.09515604058969941
611 0.09439019720467165
612 0.09477311889718552
613 0.09439019720467165
614 0.09324143212713
615 0.0961133448209841
616 0.09726210989852575
617 0.09726210989852575
618 0.09726210989852575
619 0.09534750143595634
620 0.09553896228221329
621 0.09592188397472717
622 0.09515604058969941
623 0.09668772735975494
624 0.09630480566724105
625 0.09764503159103963
626 0.09687918820601187
627 0.0961133448209841
628 0.0974535707447827
629 0.09400727551215776
630 0.09783649243729657
631 0.09860233582232433
632 0.1003254834386368
633 0.10147424851617844
634 0.10051694428489374
635 0.10089986597740762
636 0.10243155274746314
637 0.10262301359372009
638 0.10377177867126172
639 0.10434616121003255
640 0.10185717020869232
641 0.09898525751483822
642 0.10109132682366456
643 0.1012827876699215
644 0.10147424851617844
645 0.10243155274746314
646 0.09975110089986598
647 0.09764503159103963
648 0.09879379666858128
649 0.10243155274746314
650 0.10530346544131725
651 0.10530346544131725
652 0.10568638713383113
653 0.10626076967260195
654 0.11008998659774076
655 0.10894122152019912
656 0.10855829982768524
657 0.11181313421405323
658 0.11238751675282405
659 0.1121960559065671
660 0.11468504690790733
661 0.11717403790924756
662 0.12023741144935861
663 0.12330078498946966
664 0.12368370668198353
665 0.12770438445337928
666 0.1273214627608654
667 0.12981045376220562
668 0.13268236645605974
669 0.1344055140723722
670 0.13325674899483056
671 0.13555427914991383
672 0.13823473099751102
673 0.1424468696151637
674 0.14665900823281638
675 0.14780777331035802
676 0.15010530346544132
677 0.15221137277426766
678 0.1499138426191844
679 0.15106260769672603
680 0.15393452039058012
681 0.15738081562320505
682 0.16389048439594103
683 0.16676239708979515
684 0.167145318782309
685 0.16963430978364924
686 0.17480375263258663
687 0.1784415087114685
688 0.17710128278766993
689 0.17767566532644075
690 0.18054757802029486
691 0.18341949071414895
692 0.1887803944093433
693 0.19433275895079458
694 0.19797051502967644
695 0.20141681026230135
696 0.20428872295615547
697 0.20486310549492628
698 0.20467164464866935
699 0.20984108749760674
700 0.21233007849894697
