1 0.0003829216925138809
2 0.0005743825387708214
3 0.0022975301550832855
4 0.002488991001340226
5 0.0036377560788818687
6 0.004977982002680452
7 0.006126747080222095
8 0.00861573808156232
9 0.010530346544131725
10 0.01225349416044419
11 0.01282787669921501
12 0.014933946008041356
13 0.01665709362435382
14 0.017997319548152403
15 0.019529006318207927
16 0.022017997319548153
17 0.022975301550832855
18 0.026804518475971664
19 0.02852766609228413
20 0.032356883017422934
21 0.0350373348650201
22 0.03714340417384645
23 0.03886655179015891
24 0.04135554279149914
25 0.04346161210032548
26 0.044610377177867123
27 0.044418916331610186
28 0.04614206394792265
29 0.04556768140915183
30 0.04939689833429064
31 0.05131150679686004
32 0.05475780202948497
33 0.05648094964579743
34 0.058395558108366837
35 0.06203331418724871
36 0.06318207926479034
37 0.06758567872869999
38 0.06758567872869999
39 0.07084051311506796
40 0.07179781734635267
41 0.07390388665517901
42 0.07658433850277618
43 0.07773310358031782
44 0.08175378135171357
45 0.08481715489182462
46 0.08539153743059544
47 0.08558299827685238
48 0.08634884166188014
49 0.08960367604824813
50 0.0922841278958453
51 0.09381581466590082
52 0.09381581466590082
53 0.09764503159103963
54 0.09783649243729657
55 0.1012827876699215
56 0.10243155274746314
57 0.10511200459506032
58 0.1064522305188589
59 0.10989852575148382
60 0.11123875167528241
61 0.11487650775416428
62 0.11698257706299062
63 0.1173654987555045
64 0.1183228029867892
65 0.11851426383304614
66 0.11813134214053227
67 0.12464101091326824
68 0.12483247175952518
69 0.12693854106835153
70 0.12751292360712235
71 0.1296189929159487
72 0.13306528814857363
73 0.13229944476354585
74 0.13383113153360138
75 0.13708596591996935
76 0.14091518284510818
77 0.14417001723147616
78 0.14742485161784416
79 0.14742485161784416
80 0.1499138426191844
81 0.15087114685046907
82 0.15259429446678155
83 0.15776373731571894
84 0.15929542408577446
85 0.16121003254834387
86 0.16695385793605208
87 0.16905992724487842
88 0.17059161401493395
89 0.17308060501627417
90 0.17633543940264215
91 0.1803561171740379
92 0.18284510817537813
93 0.18380241240666284
94 0.1860999425617461
95 0.18705724679303082
96 0.1874401684855447
97 0.19050354202565575
98 0.19280107218073905
99 0.19624736741336396
100 0.19797051502967644
101 0.20122534941604442
102 0.20294849703235687
103 0.19777905418341948
104 0.19605590656710703
105 0.19797051502967644
106 0.202565575339843
107 0.2067777139574957
108 0.20926670495883593
109 0.21213861765269001
110 0.2182653647329121
111 0.218648286425426
112 0.22113727742676623
113 0.22075435573425234
114 0.22400919012062034
115 0.22688110281447443
116 0.23071031973961326
117 0.23358223243346735
118 0.234730997511009
119 0.23319931074095349
120 0.2376029102048631
121 0.24047482289871722
122 0.24392111813134215
123 0.2437296572850852
124 0.24392111813134215
125 0.24487842236262683
126 0.24851617844150872
127 0.25349416044418915
128 0.2557916905992724
129 0.2559831514455294
130 0.2594294466781543
131 0.26249282021826537
132 0.26230135937200844
133 0.263641585295807
134 0.2672793413746889
135 0.2655561937583764
136 0.2682366456059736
137 0.269959793222286
138 0.2714914799923416
139 0.2735975493011679
140 0.27800114876507753
141 0.27838407045759145
142 0.2812559831514455
143 0.2854681217690982
144 0.28278766992150106
145 0.28604250430786904
146 0.2902546429255217
147 0.292552173080605
148 0.29753015508328545
149 0.29848745931457016
150 0.30403982385602146
151 0.30786904078116023
152 0.3080605016274172
153 0.31246410109132683
154 0.31457017040015317
155 0.3132299444763546
156 0.315144552938924
157 0.31878230901780585
158 0.3193566915565767
159 0.3226115259429447
160 0.32203714340417383
161 0.3245261344055141
162 0.32663220371434043
163 0.3296955772544515
164 0.3314187248707639
165 0.32931265556193756
166 0.3323760291020486
167 0.3318016465632778
168 0.33543940264215966
169 0.3423319931074095
170 0.34520390580126364
171 0.34960750526517326
172 0.3465441317250622
173 0.35573425234539535
174 0.3597549301167911
175 0.3624353819643883
176 0.3651158338119854
177 0.36607313804327013
178 0.366647520582041
179 0.36549875550449934
180 0.36569021635075627
181 0.3685621290446104
182 0.3676048248133257
183 0.36607313804327013
184 0.36703044227455484
185 0.36932797242963816
186 0.3723913459697492
187 0.37085965919969366
188 0.36894505073712425
189 0.36798774650583954
190 0.37085965919969366
191 0.3723913459697492
192 0.37296572850852
193 0.37449741527857555
194 0.3748803369710894
195 0.37277426766226307
196 0.3758376412023741
197 0.3785180930499713
198 0.3823473099751101
199 0.389048439594103
200 0.38502776182270726
201 0.3888569787478461
202 0.3917288914417002
203 0.3932605782117557
204 0.39268619567298485
205 0.39306911736549877
206 0.3942178824430404
207 0.39460080413555426
208 0.3965154125981237
209 0.4005360903695194
210 0.4028336205246027
211 0.4064713766034846
212 0.4030250813708597
213 0.4005360903695194
214 0.4080030633735401
215 0.4093432892973387
216 0.4103005935286234
217 0.4118322802986789
218 0.41336396706873446
219 0.41661880145510244
220 0.41757610568638714
221 0.41910779245644264
222 0.427723530538005
223 0.4302125215393452
224 0.43097836492437297
225 0.43270151254068545
226 0.4349990426957687
227 0.4411257897759908
228 0.4399770246984492
229 0.43844533792839363
230 0.4374880336971089
231 0.43691365115833813
232 0.4417001723147616
233 0.4374880336971089
234 0.4355734252345395
235 0.4392111813134214
236 0.4420830940072755
237 0.44323185908481716
238 0.4453379283936435
239 0.4443806241623588
240 0.447061076009956
241 0.4482098410874976
242 0.44648669347118514
243 0.447061076009956
244 0.44935860616503925
245 0.45357074478269194
246 0.4568255791690599
247 0.45816580509285854
248 0.4568255791690599
249 0.4587401876316293
250 0.45797434424660155
251 0.46084625694045567
252 0.46639862148190697
253 0.46620716063565
254 0.4685046907907333
255 0.46601569978939306
256 0.46965345586827495
257 0.4673559257131917
258 0.47539728125598313
259 0.47865211564235116
260 0.4803752632586636
261 0.4830557151062608
262 0.48956538387899673
263 0.4876507754164273
264 0.4876507754164273
265 0.49435190503542026
266 0.4955006701129619
267 0.49626651349798967
268 0.49875550449932987
269 0.4972238177292744
270 0.4974152785755313
271 0.5022017997319548
272 0.504690790733295
273 0.5069883208883783
274 0.5058395558108367
275 0.501627417193184
276 0.5023932605782118
277 0.5012444955006701
278 0.5050737124258089
279 0.5052651732720659
280 0.5131150679686004
281 0.5134979896611143
282 0.5117748420448018
283 0.5096687727359754
284 0.5096687727359754
285 0.5102431552747463
286 0.5152211372774268
287 0.5198161975875933
288 0.5180930499712809
289 0.5194332758950795
290 0.5234539536664752
291 0.5230710319739613
292 0.5293892399004404
293 0.5278575531303848
294 0.5301550832854681
295 0.530729465824239
296 0.5378135171357458
297 0.5358989086731764
298 0.5362818303656902
299 0.5364732912119472
300 0.5341757610568638
301 0.5393452039058013
302 0.5420256557533984
303 0.5450890292935094
304 0.5479609419873636
305 0.5447061076009956
306 0.543557342523454
307 0.5483438636798774
308 0.5504499329887038
309 0.5487267853723914
310 0.5525560022975301
311 0.5510243155274747
312 0.5529389239900441
313 0.5579169059927245
314 0.5590656710702662
315 0.5640436530729466
316 0.5607888186865786
317 0.5634692705341757
318 0.5663411832280298
319 0.5653838789967451
320 0.5651924181504883
321 0.569213095921884
322 0.5688301742293701
323 0.5718935477694811
324 0.5699789393069118
325 0.5711277043844534
326 0.5711277043844534
327 0.569404556768141
328 0.5663411832280298
329 0.5671070266130577
330 0.562703427149148
331 0.5678728699980854
332 0.5667241049205437
333 0.5621290446103772
334 0.5646180356117174
335 0.5676814091518284
336 0.5751483821558492
337 0.5747654604633352
338 0.5778288340034463
339 0.5797434424660157
340 0.578786138234731
341 0.5776373731571893
342 0.5808922075435573
343 0.5828068160061267
344 0.5808922075435573
345 0.5872104154700364
346 0.5843385027761823
347 0.5837641202374114
348 0.5837641202374114
349 0.5898908673176335
350 0.5906567107026613
351 0.597932222860425
352 0.598123683706682
353 0.5950603101665709
354 0.5964005360903695
355 0.5983151445529389
356 0.597932222860425
357 0.5990809879379667
358 0.5952517710128279
359 0.5950603101665709
360 0.6025272831705916
361 0.60137851809305
362 0.6008041355542791
363 0.5994639096304806
364 0.594868849320314
365 0.5990809879379667
366 0.6000382921692514
367 0.601187057246793
368 0.6034845874018763
369 0.604824813325675
370 0.6065479609419874
371 0.6111430212521539
372 0.6096113344820984
373 0.6111430212521539
374 0.6113344820984109
375 0.6132490905609803
376 0.6119088646371817
377 0.6065479609419874
378 0.6134405514072372
379 0.6149722381772927
380 0.614206394792265
381 0.6145893164847789
382 0.617461229178633
383 0.6228221328738273
384 0.6276086540302508
385 0.6233965154125981
386 0.6216733677962857
387 0.6176526900248899
388 0.6209075244112578
389 0.6289488799540494
390 0.6285659582615355
391 0.6249282021826537
392 0.6209075244112578
393 0.6262684281064522
394 0.6270342714914799
395 0.6278001148765078
396 0.6345012444955007
397 0.6318207926479035
398 0.6339268619567299
399 0.630289105877848
400 0.6278001148765078
401 0.6325866360329313
402 0.6379475397281256
403 0.640053609036952
404 0.636798774650584
405 0.6364158529580701
406 0.6350756270342715
407 0.636607313804327
408 0.6345012444955007
409 0.6314378709553896
410 0.6375646180356117
411 0.6381390005743826
412 0.6402450698832088
413 0.6425426000382922
414 0.643116982577063
415 0.6406279915757228
416 0.6392877656519241
417 0.6394792264981811
418 0.639862148190695
419 0.6394792264981811
420 0.6381390005743826
421 0.6417767566532644
422 0.6419682174995214
423 0.6389048439594103
424 0.6389048439594103
425 0.6379475397281256
426 0.6379475397281256
427 0.6371816963430978
428 0.6412023741144935
429 0.6444572085008615
430 0.649243729657285
431 0.6479035037334865
432 0.6484778862722573
433 0.6502010338885698
434 0.6507754164273406
435 0.6477120428872296
436 0.6498181121960559
437 0.6521156423511392
438 0.6507754164273406
439 0.6538387899674517
440 0.6569021635075627
441 0.6572850852000766
442 0.6549875550449933
443 0.6609228412789585
444 0.6607313804327015
445 0.6570936243538197
446 0.6547960941987364
447 0.6590082328163891
448 0.6605399195864445
449 0.6614972238177292
450 0.6570936243538197
451 0.6538387899674517
452 0.6509668772735976
453 0.6563277809687919
454 0.6580509285851044
455 0.6580509285851044
456 0.662454528049014
457 0.6664752058204098
458 0.6683898142829792
459 0.6726019529006318
460 0.6706873444380624
461 0.6680068925904652
462 0.6639862148190695
463 0.6733677962856596
464 0.6737507179781734
465 0.6760482481332567
466 0.675473865594486
467 0.6789201608271108
468 0.6814091518284511
469 0.6794945433658817
470 0.6745165613632013
471 0.6770055523645414
472 0.6819835343672219
473 0.684663986214819
474 0.688110281447444
475 0.6852383687535899
476 0.6860042121386176
477 0.6890675856787287
478 0.691173654987555
479 0.6928968026038675
480 0.6904078116025273
481 0.7018954623779438
482 0.6976833237602911
483 0.6971089412215202
484 0.6965345586827494
485 0.6902163507562703
486 0.6919394983725828
487 0.6925138809113536
488 0.7003637756078882
489 0.7043844533792839
490 0.7066819835343672
491 0.6984491671453188
492 0.6971089412215202
493 0.6950028719126938
494 0.6951943327589508
495 0.6898334290637564
496 0.687918820601187
497 0.6909821941412981
498 0.6957687152977217
499 0.6953857936052077
500 0.6877273597549302
501 0.6837066819835343
502 0.6800689259046525
503 0.688110281447444
504 0.6936626459888953
505 0.6919394983725828
506 0.6875358989086732
507 0.6907907332950411
508 0.6890675856787287
509 0.6894505073712426
510 0.6959601761439785
511 0.6953857936052077
512 0.691556576680069
513 0.6852383687535899
514 0.688110281447444
515 0.6869615163699023
516 0.6873444380624162
517 0.691173654987555
518 0.6930882634501244
519 0.6961516369902355
520 0.6984491671453188
521 0.7015125406854298
522 0.6955772544514647
523 0.6936626459888953
524 0.6961516369902355
525 0.6938541068351523
526 0.694428489373923
527 0.6928968026038675
528 0.6925138809113536
529 0.6928968026038675
530 0.6971089412215202
531 0.6940455676814091
532 0.6936626459888953
533 0.6890675856787287
534 0.6959601761439785
535 0.6953857936052077
536 0.7001723147616312
537 0.6992150105303465
538 0.7018954623779438
539 0.6988320888378327
540 0.7017040015316868
541 0.7066819835343672
542 0.7085965919969366
543 0.7089795136894506
544 0.7038100708405132
545 0.713766034845874
546 0.7116599655370477
547 0.7152977216159295
548 0.710702661305763
549 0.7057246793030825
550 0.7078307486119089
551 0.7149147999234157
552 0.7172123300784989
553 0.7124258089220754
554 0.7187440168485545
555 0.7122343480758185
556 0.7126172697683324
557 0.7175952517710128
558 0.7084051311506797
559 0.7095538962282213
560 0.7110855829982768
561 0.714148956538388
562 0.7108941221520199
563 0.7095538962282213
564 0.7047673750717978
565 0.7038100708405132
566 0.7057246793030825
567 0.7011296189929159
568 0.7003637756078882
569 0.697874784606548
570 0.6997893930691174
571 0.7030442274554853
572 0.704192992533027
573 0.7024698449167145
574 0.710511200459506
575 0.7066819835343672
576 0.7017040015316868
577 0.7036186099942562
578 0.6976833237602911
579 0.7022783840704576
580 0.7028527666092285
581 0.7080222094581659
582 0.7066819835343672
583 0.7085965919969366
584 0.7082136703044227
585 0.7116599655370477
586 0.7032356883017423
587 0.7020869232242006
588 0.7043844533792839
589 0.704192992533027
590 0.710702661305763
591 0.7135745739996171
592 0.7133831131533601
593 0.7130001914608463
594 0.7130001914608463
595 0.707447826919395
596 0.7103197396132491
597 0.70400153168677
598 0.7097453570744783
599 0.710702661305763
600 0.7091709745357074
601 0.7110855829982768
602 0.7124258089220754
603 0.7131916523071032
604 0.7103197396132491
605 0.7068734443806242
606 0.7049588359180547
607 0.707256366073138
608 0.7051502967643117
609 0.7030442274554853
610 0.7018954623779438
611 0.7030442274554853
612 0.7068734443806242
613 0.7126172697683324
614 0.7116599655370477
615 0.7080222094581659
616 0.7045759142255409
617 0.7020869232242006
618 0.6992150105303465
619 0.6969174803752632
620 0.6967260195290064
621 0.697874784606548
622 0.6999808539153743
623 0.6980662454528049
624 0.6995979322228604
625 0.7038100708405132
626 0.7089795136894506
627 0.7076392877656519
628 0.707256366073138
629 0.7047673750717978
630 0.7001723147616312
631 0.6959601761439785
632 0.6963430978364924
633 0.69461995022018
634 0.6961516369902355
635 0.6974918629140341
636 0.6917480375263259
637 0.6959601761439785
638 0.6959601761439785
639 0.6961516369902355
640 0.6965345586827494
641 0.7026613057629715
642 0.7032356883017423
643 0.6982577062990618
644 0.6930882634501244
645 0.6967260195290064
646 0.6984491671453188
647 0.6955772544514647
648 0.7020869232242006
649 0.6973004020677771
650 0.7043844533792839
651 0.7062990618418533
652 0.7099368179207353
653 0.7110855829982768
654 0.7062990618418533
655 0.7154891824621865
656 0.7147233390771587
657 0.7154891824621865
658 0.7124258089220754
659 0.7164464866934712
660 0.7191269385410684
661 0.7223817729274363
662 0.7227646946199502
663 0.7242963813900057
664 0.7260195290063182
665 0.7198927819260961
666 0.7185525560022975
667 0.7183610951560406
668 0.7195098602335822
669 0.7189354776948114
670 0.7189354776948114
671 0.7124258089220754
672 0.7066819835343672
673 0.7059161401493395
674 0.707256366073138
675 0.7055332184568256
676 0.7043844533792839
677 0.6999808539153743
678 0.6995979322228604
679 0.6997893930691174
680 0.7030442274554853
681 0.6997893930691174
682 0.707256366073138
683 0.7036186099942562
684 0.7066819835343672
685 0.7064905226881103
686 0.714148956538388
687 0.714148956538388
688 0.7156806433084434
689 0.7162550258472142
690 0.7108941221520199
691 0.7110855829982768
692 0.7114685046907907
693 0.7091709745357074
694 0.710702661305763
695 0.7078307486119089
696 0.7095538962282213
697 0.7099368179207353
698 0.7080222094581659
699 0.7108941221520199
700 0.7128087306145893
