1 0.0007658433850277618
2 0.0009573042312847023
3 0.0015316867700555237
4 0.0022975301550832855
5 0.002488991001340226
6 0.0030633735401110473
7 0.00402067777139575
8 0.004977982002680452
9 0.005935286233965154
10 0.006701129618992916
11 0.007658433850277618
12 0.009764503159103963
13 0.01282787669921501
14 0.015891250239326058
15 0.01665709362435382
16 0.018188780394409344
17 0.02029484970323569
18 0.023166762397089796
19 0.02469844916714532
20 0.026421596783457783
21 0.02852766609228413
22 0.02948497032356883
23 0.031399578786138235
24 0.03369710894122152
25 0.035994639096304806
26 0.03867509094390197
27 0.03963239517518667
28 0.044035994639096306
29 0.04709936817920735
30 0.05035420256557534
31 0.05322611525942945
32 0.056289488799540495
33 0.0591614014933946
34 0.061458931648477884
35 0.0672027570361861
36 0.0710319739613249
37 0.07294658242389432
38 0.0752441125789776
39 0.07658433850277618
40 0.0800306337354011
41 0.08251962473674133
42 0.08558299827685238
43 0.08979513689450508
44 0.09113536281830366
45 0.0922841278958453
46 0.09573042312847023
47 0.09917671836109515
48 0.10070840513115067
49 0.10147424851617844
50 0.10492054374880337
51 0.10817537813517136
52 0.11085582998276852
53 0.11085582998276852
54 0.1164081945242198
55 0.11813134214053227
56 0.12062033314187248
57 0.12559831514455294
58 0.12502393260578212
59 0.1282787669921501
60 0.1301933754547195
61 0.13172506222477504
62 0.1334482098410875
63 0.13804327015125406
64 0.1405322611525943
65 0.14397855638521923
66 0.1481906950028719
67 0.1476163124641011
68 0.15087114685046907
69 0.15278575531303848
70 0.15489182462186482
71 0.15489182462186482
72 0.15776373731571894
73 0.1623587976258855
74 0.1627417193183994
75 0.16791116216733679
76 0.1688684663986215
77 0.17346352670878806
78 0.1765269002488991
79 0.17690982194141297
80 0.1765269002488991
81 0.17748420448018382
82 0.1797817346352671
83 0.1836109515604059
84 0.18858893356308634
85 0.18916331610185716
86 0.19012062033314187
87 0.19414129810453762
88 0.19624736741336396
89 0.1996936626459889
90 0.199310740953475
91 0.19950220179973197
92 0.20237411449358605
93 0.20390580126364158
94 0.20811793988129426
95 0.21041547003637756
96 0.21022400919012063
97 0.21175569596017615
98 0.2138617652690025
99 0.21424468696151636
100 0.2176909821941413
101 0.2182653647329121
102 0.22190312081179397
103 0.2196055906567107
104 0.21979705150296763
105 0.2176909821941413
106 0.218648286425426
107 0.22113727742676623
108 0.2247750335056481
109 0.22860425043078691
110 0.23453953666475205
111 0.2372199885123492
112 0.2366456059735784
113 0.23932605782117558
114 0.2408577445912311
115 0.2466015699789393
116 0.2533026995979322
117 0.25617461229178634
118 0.2575148382155849
119 0.25770629906184184
120 0.2601952900631821
121 0.2630672027570362
122 0.26345012444955007
123 0.26574765460463334
124 0.266896419682175
125 0.27053417576105687
126 0.27053417576105687
127 0.26938541068351524
128 0.26957687152977217
129 0.2697683323760291
130 0.2714914799923416
131 0.2778096879188206
132 0.27895845299636224
133 0.2795328355351331
134 0.28278766992150106
135 0.282979130767758
136 0.28508520007658433
137 0.2881485736166954
138 0.2915948688493203
139 0.29140340800306336
140 0.2929350947731189
141 0.29561554662071604
142 0.299061841853341
143 0.3009764503159104
144 0.3038483630097645
145 0.3076775799349033
146 0.31112387516752826
147 0.3141872487076393
148 0.315144552938924
149 0.3138043270151254
150 0.31533601378518095
151 0.3164847788627226
152 0.3174420830940073
153 0.31878230901780585
154 0.32165422171165997
155 0.32663220371434043
156 0.3270151254068543
157 0.3254834386367988
158 0.3264407428680835
159 0.3273980470993682
160 0.3273980470993682
161 0.3281638904843959
162 0.32912119471568063
163 0.3314187248707639
164 0.32778096879188207
165 0.32854681217690984
166 0.33199310740953475
167 0.33448209841087495
168 0.3379283936434999
169 0.337736932797243
170 0.34003446295232626
171 0.34271491479992344
172 0.3450124449550067
173 0.34884166188014554
174 0.34903312272640247
175 0.34788435764886083
176 0.34865020103388855
177 0.3499904269576872
178 0.34960750526517326
179 0.3509477311889719
180 0.3545854872678537
181 0.3580317825004787
182 0.35994639096304804
183 0.35898908673176333
184 0.3578403216542217
185 0.36454145127321463
186 0.3624353819643883
187 0.36454145127321463
188 0.36569021635075627
189 0.3687535898908673
190 0.36817920735209647
191 0.369710894122152
192 0.37602910204863105
193 0.3739230327398047
194 0.3739230327398047
195 0.3758376412023741
196 0.37794371051120046
197 0.3773693279724296
198 0.37870955389622823
199 0.3785180930499713
200 0.379475397281256
201 0.3771778671261727
202 0.3781351713574574
203 0.3766034845874019
204 0.3733486502010339
205 0.37985831897376987
206 0.379283936434999
207 0.38139000574382537
208 0.3846448401301934
209 0.38215584912885314
210 0.3854106835152211
211 0.3878996745165614
212 0.3900057438253877
213 0.39115450890292935
214 0.39402642159678347
215 0.39555810836683897
216 0.3961324909056098
217 0.39823856021443615
218 0.39996170783074864
219 0.39862148190695
220 0.39862148190695
221 0.40245069883208884
222 0.40436530729465825
223 0.408385985066054
224 0.4074286808347693
225 0.4076201416810262
226 0.40857744591231093
227 0.4106835152211373
228 0.4070457591422554
229 0.4022592379858319
230 0.41049205437488034
231 0.4125981236837067
232 0.41566149722381773
233 0.4189163316101857
234 0.4196821749952135
235 0.4183419490714149
236 0.4225540876890676
237 0.42389431361286617
238 0.4273406088454911
239 0.42542600038292167
240 0.4231284702278384
241 0.4273406088454911
242 0.4292552173080605
243 0.4279149913842619
244 0.4282979130767758
245 0.42714914799923415
246 0.43078690407811604
247 0.43327589507945624
248 0.4311698257706299
249 0.4294466781543174
250 0.43155274746314376
251 0.43002106069308826
252 0.42906375646180356
253 0.43423319931074095
254 0.43595634692705343
255 0.4374880336971089
256 0.4374880336971089
257 0.43710511200459506
258 0.43710511200459506
259 0.4445720850086157
260 0.4443806241623588
261 0.45012444955006703
262 0.4539536664752058
263 0.45031591039632396
264 0.447061076009956
265 0.4453379283936435
266 0.44840130193375455
267 0.4506988320888378
268 0.453379283936435
269 0.45835726593911547
270 0.46065479609419874
271 0.46084625694045567
272 0.4619950220179973
273 0.4587401876316293
274 0.4614206394792265
275 0.46448401301933756
276 0.4614206394792265
277 0.4614206394792265
278 0.462952326249282
279 0.4627608654030251
280 0.4627608654030251
281 0.4671644648669347
282 0.4673559257131917
283 0.4673559257131917
284 0.4704192992533027
285 0.4742485161784415
286 0.47156806433084436
287 0.4752058204097262
288 0.472716829408386
289 0.4704192992533027
290 0.47501435956346927
291 0.4742485161784415
292 0.4765460463335248
293 0.4765460463335248
294 0.47750335056480947
295 0.4769289680260387
296 0.47826919394983725
297 0.4805667241049205
298 0.48094964579743443
299 0.4805667241049205
300 0.47865211564235116
301 0.47769481141106646
302 0.48190695002871914
303 0.48248133256748993
304 0.48363009764503156
305 0.48363009764503156
306 0.48535324526134405
307 0.4859276278001149
308 0.4930116791116217
309 0.49530920926670496
310 0.4955006701129619
311 0.4949262875741911
312 0.5012444955006701
313 0.5025847214244687
314 0.5060310166570936
315 0.5089029293509477
316 0.5098602335822324
317 0.5134979896611143
318 0.5142638330461421
319 0.5117748420448018
320 0.5108175378135171
321 0.5106260769672601
322 0.5173272065862531
323 0.5175186674325101
324 0.5142638330461421
325 0.5098602335822324
326 0.5119663028910588
327 0.5163699023549684
328 0.5196247367413364
329 0.5224966494351905
330 0.5175186674325101
331 0.5161784415087115
332 0.524028336205246
333 0.5226881102814475
334 0.5257514838215585
335 0.5280490139766417
336 0.530729465824239
337 0.5259429446678154
338 0.5290063182079264
339 0.5334099176718361
340 0.5318782309017805
341 0.527283170591614
342 0.5280490139766417
343 0.5291977790541834
344 0.5297721615929543
345 0.5322611525942945
346 0.5362818303656902
347 0.5349416044418916
348 0.5412598123683706
349 0.5471950986023358
350 0.5521730806050162
351 0.5525560022975301
352 0.5521730806050162
353 0.55006701129619
354 0.5473865594485927
355 0.5422171165996553
356 0.540111047290829
357 0.5374305954432319
358 0.540111047290829
359 0.5393452039058013
360 0.5376220562894888
361 0.5362818303656902
362 0.5355159869806625
363 0.53379283936435
364 0.5351330652881485
365 0.53379283936435
366 0.5362818303656902
367 0.539919586444572
368 0.5460463335247941
369 0.543557342523454
370 0.5412598123683706
371 0.5355159869806625
372 0.5362818303656902
373 0.5349416044418916
374 0.5404939689833429
375 0.5387708213670305
376 0.5427914991384262
377 0.5416427340608846
378 0.5370476737507179
379 0.5372391345969749
380 0.5395366647520582
381 0.5422171165996553
382 0.5406854298295999
383 0.5387708213670305
384 0.5372391345969749
385 0.5420256557533984
386 0.5445146467547387
387 0.543557342523454
388 0.5454719509860234
389 0.5422171165996553
390 0.5448975684472526
391 0.5420256557533984
392 0.5454719509860234
393 0.5439402642159679
394 0.5437488033697109
395 0.5426000382921693
396 0.5441317250622247
397 0.5475780202948497
398 0.5517901589125024
399 0.5546620716063565
400 0.5558108366838982
401 0.5567681409151829
402 0.5586827493777522
403 0.559257131916523
404 0.562703427149148
405 0.5644265747654604
406 0.5611717403790925
407 0.5642351139192036
408 0.569404556768141
409 0.5676814091518284
410 0.5680643308443424
411 0.5651924181504883
412 0.5671070266130577
413 0.5617461229178633
414 0.5634692705341757
415 0.5720850086157381
416 0.5697874784606548
417 0.5728508520007658
418 0.5749569213095922
419 0.5803178250047866
420 0.5812751292360713
421 0.5807007466973004
422 0.5831897376986406
423 0.5782117556959602
424 0.5801263641585296
425 0.5810836683898143
426 0.5829982768523837
427 0.5887421022400919
428 0.5881677197013211
429 0.5918054757802029
430 0.594868849320314
431 0.5975493011679112
432 0.6029102048631055
433 0.6055906567107027
434 0.604441891633161
435 0.6040589699406471
436 0.6061650392494735
437 0.6052077350181888
438 0.6034845874018763
439 0.6059735784032165
440 0.6055906567107027
441 0.6122917863296956
442 0.6157380815623205
443 0.6182270725636607
444 0.6176526900248899
445 0.6182270725636607
446 0.6165039249473483
447 0.6212904461037718
448 0.6184185334099177
449 0.6209075244112578
450 0.6235879762588551
451 0.6222477503350565
452 0.6230135937200842
453 0.6130576297147233
454 0.6153551598698066
455 0.6165039249473483
456 0.6209075244112578
457 0.6253111238751675
458 0.620524602718744
459 0.6224392111813134
460 0.6230135937200842
461 0.6304805667241049
462 0.6327780968791882
463 0.6345012444955007
464 0.6390963048056673
465 0.6404365307294658
466 0.6469461995022018
467 0.6477120428872296
468 0.6463718169634309
469 0.6469461995022018
470 0.6479035037334865
471 0.6465632778096879
472 0.6410109132682367
473 0.6389048439594103
474 0.633161018571702
475 0.6278001148765078
476 0.6348841661880146
477 0.6396706873444381
478 0.6339268619567299
479 0.6394792264981811
480 0.6425426000382922
481 0.6415852958070075
482 0.6394792264981811
483 0.6394792264981811
484 0.6440742868083477
485 0.643116982577063
486 0.6448401301933755
487 0.6440742868083477
488 0.6438828259620908
489 0.6436913651158338
490 0.6450315910396324
491 0.6461803561171741
492 0.6452230518858894
493 0.6461803561171741
494 0.6484778862722573
495 0.6465632778096879
496 0.6450315910396324
497 0.6450315910396324
498 0.6452230518858894
499 0.6396706873444381
500 0.6421596783457783
501 0.6475205820409726
502 0.6477120428872296
503 0.6517327206586253
504 0.6484778862722573
505 0.6498181121960559
506 0.652498564043653
507 0.6459888952709171
508 0.6454145127321462
509 0.6486693471185143
510 0.6452230518858894
511 0.6467547386559449
512 0.6454145127321462
513 0.6482864254260003
514 0.6473291211947156
515 0.6454145127321462
516 0.6469461995022018
517 0.6515412598123683
518 0.6475205820409726
519 0.6490522688110282
520 0.6507754164273406
521 0.649243729657285
522 0.6553704767375071
523 0.6595826153551598
524 0.659391154508903
525 0.6586253111238751
526 0.6659008232816389
527 0.6653264407428681
528 0.6689641968217499
529 0.6614972238177292
530 0.6622630672027571
531 0.6586253111238751
532 0.6580509285851044
533 0.6586253111238751
534 0.6532644074286809
535 0.6574765460463335
536 0.6551790158912503
537 0.6542217116599656
538 0.6569021635075627
539 0.6565192418150488
540 0.6547960941987364
541 0.6588167719701321
542 0.6569021635075627
543 0.6469461995022018
544 0.6553704767375071
545 0.6555619375837641
546 0.6563277809687919
547 0.6544131725062224
548 0.6544131725062224
549 0.655753398430021
550 0.6580509285851044
551 0.6551790158912503
552 0.6574765460463335
553 0.659391154508903
554 0.6603484587401877
555 0.6647520582040972
556 0.668772735975493
557 0.6662837449741528
558 0.6636032931265556
559 0.6664752058204098
560 0.6636032931265556
561 0.6672410492054375
562 0.6703044227455486
563 0.6735592571319166
564 0.6777713957495692
565 0.6714531878230902
566 0.6636032931265556
567 0.6555619375837641
568 0.6580509285851044
569 0.6607313804327015
570 0.6645605973578403
571 0.6703044227455486
572 0.6672410492054375
573 0.668581275129236
574 0.6699215010530346
575 0.672027570361861
576 0.6756653264407428
577 0.675282404748229
578 0.6747080222094581
579 0.6793030825196248
580 0.6745165613632013
581 0.672219031208118
582 0.675282404748229
583 0.675090943901972
584 0.6741336396706873
585 0.6729848745931457
586 0.6703044227455486
587 0.6674325100516945
588 0.6670495883591806
589 0.668772735975493
590 0.6660922841278959
591 0.6639862148190695
592 0.6662837449741528
593 0.6716446486693471
594 0.6699215010530346
595 0.6714531878230902
596 0.6727934137468887
597 0.6748994830557151
598 0.675282404748229
599 0.6747080222094581
600 0.672219031208118
601 0.6756653264407428
602 0.675473865594486
603 0.6775799349033123
604 0.672027570361861
605 0.675473865594486
606 0.6764311698257707
607 0.675473865594486
608 0.6733677962856596
609 0.672027570361861
610 0.675282404748229
611 0.6760482481332567
612 0.6748994830557151
613 0.6771970132107984
614 0.675473865594486
615 0.6745165613632013
616 0.6706873444380624
617 0.6704958835918055
618 0.6708788052843193
619 0.668772735975493
620 0.6681983534367222
621 0.6737507179781734
622 0.6726019529006318
623 0.6729848745931457
624 0.6678154317442083
625 0.6674325100516945
626 0.6697300402067777
627 0.6729848745931457
628 0.675282404748229
629 0.6777713957495692
630 0.6733677962856596
631 0.671836109515604
632 0.6758567872869998
633 0.6726019529006318
634 0.6775799349033123
635 0.6775799349033123
636 0.6770055523645414
637 0.6783457782883401
638 0.6806433084434234
639 0.6798774650583955
640 0.6821749952134788
641 0.6793030825196248
642 0.6789201608271108
643 0.6793030825196248
644 0.6831322994447635
645 0.687918820601187
646 0.6877273597549302
647 0.688110281447444
648 0.6865785946773885
649 0.6871529772161593
650 0.6877273597549302
651 0.684855447061076
652 0.6871529772161593
653 0.6850469079073329
654 0.6858127512923607
655 0.6861956729848746
656 0.6863871338311315
657 0.6888761248324717
658 0.6837066819835343
659 0.6812176909821941
660 0.6806433084434234
661 0.6838981428297913
662 0.6833237602910205
663 0.6873444380624162
664 0.6842810645223052
665 0.6806433084434234
666 0.6840896036760482
667 0.6817920735209649
668 0.684663986214819
669 0.6875358989086732
670 0.687918820601187
671 0.6896419682174996
672 0.6919394983725828
673 0.6950028719126938
674 0.6883017422937009
675 0.691173654987555
676 0.6877273597549302
677 0.6838981428297913
678 0.6883017422937009
679 0.6875358989086732
680 0.687918820601187
681 0.6837066819835343
682 0.6883017422937009
683 0.6900248899100134
684 0.6907907332950411
685 0.6934711851426383
686 0.6950028719126938
687 0.7018954623779438
688 0.6974918629140341
689 0.6994064713766035
690 0.7017040015316868
691 0.7007466973004021
692 0.697874784606548
693 0.6957687152977217
694 0.6909821941412981
695 0.6925138809113536
696 0.6892590465249856
697 0.691365115833812
698 0.6909821941412981
699 0.6917480375263259
700 0.6957687152977217
