1 0.00019146084625694046
2 0.00019146084625694046
3 0.0003829216925138809
4 0.0003829216925138809
5 0.0003829216925138809
6 0.0005743825387708214
7 0.0005743825387708214
8 0.0005743825387708214
9 0.0003829216925138809
10 0.0005743825387708214
11 0.0007658433850277618
12 0.0007658433850277618
13 0.0009573042312847023
14 0.0011487650775416428
15 0.0015316867700555237
16 0.0013402259237985832
17 0.0011487650775416428
18 0.0009573042312847023
19 0.0009573042312847023
20 0.0011487650775416428
21 0.0011487650775416428
22 0.0011487650775416428
23 0.0009573042312847023
24 0.0009573042312847023
25 0.0013402259237985832
26 0.0013402259237985832
27 0.0011487650775416428
28 0.0009573042312847023
29 0.0009573042312847023
30 0.0009573042312847023
31 0.0009573042312847023
32 0.0011487650775416428
33 0.0011487650775416428
34 0.0011487650775416428
35 0.0011487650775416428
36 0.0011487650775416428
37 0.0007658433850277618
38 0.0007658433850277618
39 0.0007658433850277618
40 0.0007658433850277618
41 0.0009573042312847023
42 0.0009573042312847023
43 0.0009573042312847023
44 0.0011487650775416428
45 0.0015316867700555237
46 0.0015316867700555237
47 0.0017231476163124641
48 0.002106069308826345
49 0.0022975301550832855
50 0.002871912693854107
51 0.002871912693854107
52 0.0026804518475971664
53 0.002871912693854107
54 0.002488991001340226
55 0.002488991001340226
56 0.0019146084625694046
57 0.0022975301550832855
58 0.0022975301550832855
59 0.0022975301550832855
60 0.0022975301550832855
61 0.002488991001340226
62 0.002871912693854107
63 0.0034462952326249283
64 0.0034462952326249283
65 0.0036377560788818687
66 0.0036377560788818687
67 0.003829216925138809
68 0.003829216925138809
69 0.003829216925138809
70 0.0036377560788818687
71 0.0036377560788818687
72 0.003254834386367988
73 0.003254834386367988
74 0.0034462952326249283
75 0.003254834386367988
76 0.003254834386367988
77 0.003254834386367988
78 0.0026804518475971664
79 0.003254834386367988
80 0.0030633735401110473
81 0.0030633735401110473
82 0.0030633735401110473
83 0.0026804518475971664
84 0.0026804518475971664
85 0.0026804518475971664
86 0.002488991001340226
87 0.002488991001340226
88 0.002871912693854107
89 0.002871912693854107
90 0.0026804518475971664
91 0.0022975301550832855
92 0.002488991001340226
93 0.0026804518475971664
94 0.0022975301550832855
95 0.002488991001340226
96 0.0026804518475971664
97 0.0026804518475971664
98 0.0030633735401110473
99 0.0026804518475971664
100 0.003254834386367988
101 0.0034462952326249283
102 0.003829216925138809
103 0.0036377560788818687
104 0.00421213861765269
105 0.00421213861765269
106 0.00402067777139575
107 0.00421213861765269
108 0.00421213861765269
109 0.0044035994639096306
110 0.00421213861765269
111 0.0044035994639096306
112 0.004595060310166571
113 0.005169442848937392
114 0.005552364541451273
115 0.005935286233965154
116 0.006318207926479035
117 0.0068925904652498565
118 0.007084051311506797
119 0.0068925904652498565
120 0.0072755121577637374
121 0.007084051311506797
122 0.0072755121577637374
123 0.0068925904652498565
124 0.006318207926479035
125 0.006318207926479035
126 0.005935286233965154
127 0.006318207926479035
128 0.006318207926479035
129 0.006126747080222095
130 0.006509668772735976
131 0.0068925904652498565
132 0.007466973004020678
133 0.007466973004020678
134 0.0080413555427915
135 0.007849894696534559
136 0.007849894696534559
137 0.0080413555427915
138 0.00861573808156232
139 0.00823281638904844
140 0.00842427723530538
141 0.00861573808156232
142 0.0080413555427915
143 0.008998659774076202
144 0.009573042312847023
145 0.009764503159103963
146 0.010147424851617844
147 0.009955964005360904
148 0.010147424851617844
149 0.009955964005360904
150 0.010338885697874785
151 0.010530346544131725
152 0.011104729082902547
153 0.011104729082902547
154 0.011487650775416428
155 0.011487650775416428
156 0.011296189929159487
157 0.011487650775416428
158 0.012062033314187249
159 0.011870572467930308
160 0.01225349416044419
161 0.012062033314187249
162 0.011679111621673368
163 0.012062033314187249
164 0.011679111621673368
165 0.011870572467930308
166 0.012062033314187249
167 0.01225349416044419
168 0.012062033314187249
169 0.013019337545471951
170 0.013593720084242773
171 0.013019337545471951
172 0.013210798391728892
173 0.013210798391728892
174 0.013402259237985832
175 0.013785180930499713
176 0.013976641776756654
177 0.013976641776756654
178 0.013210798391728892
179 0.013402259237985832
180 0.013976641776756654
181 0.013593720084242773
182 0.013976641776756654
183 0.014168102623013594
184 0.014742485161784415
185 0.015125406854298296
186 0.01646563277809688
187 0.01646563277809688
188 0.017805858701895463
189 0.018380241240666284
190 0.018763162933180165
191 0.019529006318207927
192 0.019720467164464867
193 0.020103388856978748
194 0.02086923224200651
195 0.019720467164464867
196 0.02029484970323569
197 0.02029484970323569
198 0.02048631054949263
199 0.02106069308826345
200 0.021635075627034272
201 0.022975301550832855
202 0.022975301550832855
203 0.02450698832088838
204 0.026613057629714724
205 0.026613057629714724
206 0.027761822707256367
207 0.02891058778479801
208 0.02948497032356883
209 0.02967643116982577
210 0.030633735401110473
211 0.030825196247367414
212 0.031399578786138235
213 0.032356883017422934
214 0.032165422171166
215 0.03293126555619376
216 0.0340800306337354
217 0.03465441317250622
218 0.035611717403790925
219 0.036951943327589505
220 0.03752632586636033
221 0.03810070840513115
222 0.039440934328929735
223 0.039823856021443615
224 0.041164081945242195
225 0.04135554279149914
226 0.04269576871529772
227 0.04422745548535324
228 0.045376220562894885
229 0.043653072946582425
230 0.04384453379283936
231 0.044993298870381004
232 0.04690790733295041
233 0.04767375071797817
234 0.04939689833429064
235 0.049971280873061456
236 0.04977982002680452
237 0.05073712425808922
238 0.05265173272065862
239 0.053417576105686385
240 0.05475780202948497
241 0.056289488799540495
242 0.05705533218456826
243 0.05609802795328355
244 0.05858701895462378
245 0.05954432318590848
246 0.06241623587976259
247 0.064330844342332
248 0.06471376603484587
249 0.06662837449741528
250 0.06777713957495692
251 0.0700746697300402
252 0.07122343480758185
253 0.07160635650009572
254 0.07562703427149148
255 0.07849894696534558
256 0.08175378135171357
257 0.0842427723530538
258 0.08941221520199119
259 0.09285851043461613
260 0.09534750143595634
261 0.09955964005360904
262 0.10185717020869232
263 0.10453762205628948
264 0.10913268236645605
265 0.11047290829025465
266 0.11181313421405323
267 0.11391920352287957
268 0.11506796860042122
269 0.11889718552556003
270 0.122152019911928
271 0.12713000191460846
272 0.13325674899483056
273 0.13842619184376795
274 0.1437870955389623
275 0.14531878230901782
276 0.14685046907907334
277 0.15125406854298296
278 0.1533601378518093
279 0.15891250239326057
280 0.15986980662454528
281 0.16408194524219796
282 0.1698257706299062
283 0.17154891824621865
284 0.1723147616312464
285 0.173654987555045
286 0.17480375263258663
287 0.17901589125023934
288 0.18303656902163506
289 0.19107792456442657
290 0.1931839938732529
291 0.19739613249090562
292 0.19950220179973197
293 0.20007658433850278
294 0.2044801838024124
295 0.2067777139574957
296 0.21041547003637756
297 0.21577637373157188
298 0.21788244304039825
299 0.2205628948879954
300 0.2247750335056481
301 0.2266896419682175
302 0.22937009381581466
303 0.23205054566341182
304 0.23415661497223816
305 0.23645414512732146
306 0.23932605782117558
307 0.2395175186674325
308 0.24066628374497415
309 0.24066628374497415
310 0.24009190120620333
311 0.2427723530538005
312 0.2456442657476546
313 0.25291977790541836
314 0.25636607313804327
315 0.2533026995979322
316 0.2592379858318974
317 0.2626842810645223
318 0.26134405514072373
319 0.26230135937200844
320 0.2626842810645223
321 0.26345012444955007
322 0.2659391154508903
323 0.2653647329121195
324 0.26325866360329314
325 0.2665134979896611
326 0.26613057629714726
327 0.2670878805284319
328 0.26766226306720275
329 0.2688110281447444
330 0.2707256366073138
331 0.2743633926861957
332 0.2793413746888761
333 0.2804901397664178
334 0.28278766992150106
335 0.28451081753781354
336 0.2864254260003829
337 0.28853149530920924
338 0.2919777905418342
339 0.29465824238943134
340 0.2986789201608271
341 0.30040206777713957
342 0.30021060693088264
343 0.3048056672410492
344 0.3090178058587019
345 0.3080605016274172
346 0.3094007275512158
347 0.308634884166188
348 0.30997511008998657
349 0.3084434233199311
350 0.3095921883974727
351 0.3157189354776948
352 0.3122726402450699
353 0.31457017040015317
354 0.31686770055523644
355 0.3226115259429447
356 0.32299444763545854
357 0.32242006509668775
358 0.32663220371434043
359 0.3254834386367988
360 0.32490905609802795
361 0.32395175186674324
362 0.32433467355925716
363 0.32758950794562514
364 0.32950411640819455
365 0.33543940264215966
366 0.33658816771970135
367 0.3369710894122152
368 0.33716255025847214
369 0.3369710894122152
370 0.3360137851809305
371 0.33735401110472907
372 0.33563086348841664
373 0.3396515412598124
374 0.34424660156997894
375 0.3411832280298679
376 0.3446295232624928
377 0.34730997511009
378 0.3509477311889719
379 0.3453953666475206
380 0.3482672793413747
381 0.35420256557533986
382 0.35611717403790927
383 0.3582232433467356
384 0.36128661688684666
385 0.36128661688684666
386 0.36473291211947156
387 0.36473291211947156
388 0.36990235496840895
389 0.36607313804327013
390 0.3672219031208118
391 0.36549875550449934
392 0.36645605973578405
393 0.36645605973578405
394 0.36645605973578405
395 0.3685621290446104
396 0.37085965919969366
397 0.37028527666092287
398 0.37296572850852
399 0.36990235496840895
400 0.37411449358606164
401 0.3808156232050546
402 0.3773693279724296
403 0.37890101474248516
404 0.37602910204863105
405 0.38043270151254066
406 0.3854106835152211
407 0.382730231667624
408 0.3863679877465058
409 0.3888569787478461
410 0.3909630480566724
411 0.389048439594103
412 0.392303273980471
413 0.3915374305954432
414 0.39306911736549877
415 0.3993873252919778
416 0.39900440359946393
417 0.4028336205246027
418 0.4041738464484013
419 0.4099176718361095
420 0.4089603676048248
421 0.40857744591231093
422 0.40876890675856786
423 0.40493968983342904
424 0.40608845491097073
425 0.40857744591231093
426 0.4064713766034846
427 0.40398238560214433
428 0.40340800306337354
429 0.4009190120620333
430 0.4009190120620333
431 0.4081945242197971
432 0.40857744591231093
433 0.4099176718361095
434 0.408385985066054
435 0.40972621098985257
436 0.41298104537622055
437 0.4173846448401302
438 0.4170017231476163
439 0.42102240091901205
440 0.4187248707639288
441 0.42274554853532453
442 0.4248516178441509
443 0.42389431361286617
444 0.4198736358414704
445 0.42006509668772735
446 0.42006509668772735
447 0.4225540876890676
448 0.424468696151637
449 0.42466015699789394
450 0.42906375646180356
451 0.43423319931074095
452 0.4365307294658242
453 0.4363392686195673
454 0.4390197204671645
455 0.43787095538962284
456 0.43595634692705343
457 0.43844533792839363
458 0.437296572850852
459 0.43787095538962284
460 0.43940264215967834
461 0.4453379283936435
462 0.4472525368562129
463 0.4575914225540877
464 0.4562511966302891
465 0.4618035611717404
466 0.4585487267853724
467 0.46084625694045567
468 0.4612291786329696
469 0.46065479609419874
470 0.45548535324526135
471 0.4547195098602336
472 0.4556768140915183
473 0.4524219797051503
474 0.45261344055140723
475 0.4556768140915183
476 0.4591231093241432
477 0.45835726593911547
478 0.46314378709553894
479 0.4671644648669347
480 0.46927053417576103
481 0.4704192992533027
482 0.4708022209458166
483 0.47156806433084436
484 0.47214244686961515
485 0.4734826727934138
486 0.472716829408386
487 0.47731188971855254
488 0.4742485161784415
489 0.4788435764886081
490 0.48190695002871914
491 0.4868849320313996
492 0.4870763928776565
493 0.4849703235688302
494 0.4807581849511775
495 0.48248133256748993
496 0.4815240283362052
497 0.4817154891824622
498 0.4849703235688302
499 0.48477886272257326
500 0.48477886272257326
501 0.48343863679877463
502 0.4842044801838024
503 0.4865020103388857
504 0.48726785372391346
505 0.48918246218648287
506 0.48899100134022594
507 0.4928202182653647
508 0.49760673942178824
509 0.4964579743442466
510 0.49511774842044803
511 0.49530920926670496
512 0.4999042695768715
513 0.5054566341183228
514 0.5131150679686004
515 0.5180930499712809
516 0.5169442848937392
517 0.5142638330461421
518 0.5133065288148574
519 0.5138809113536282
520 0.5173272065862531
521 0.5171357457399962
522 0.5173272065862531
523 0.5192418150488225
524 0.5217308060501628
525 0.520964962665135
526 0.5219222668964196
527 0.5251771012827877
528 0.5303465441317251
529 0.5313038483630098
530 0.5345586827493778
531 0.5395366647520582
532 0.5403025081370859
533 0.5381964388282596
534 0.5320696917480375
535 0.5282404748228987
536 0.5347501435956347
537 0.5370476737507179
538 0.5385793605207735
539 0.5362818303656902
540 0.5355159869806625
541 0.5387708213670305
542 0.5355159869806625
543 0.5424085774459123
544 0.5447061076009956
545 0.5475780202948497
546 0.5475780202948497
547 0.5458548726785373
548 0.5473865594485927
549 0.546620716063565
550 0.55006701129619
551 0.5560022975301551
552 0.5565766800689259
553 0.5611717403790925
554 0.5590656710702662
555 0.5575339843002106
556 0.5588742102240092
557 0.5605973578403216
558 0.5596400536090369
559 0.5604058969940647
560 0.5636607313804327
561 0.565766800689259
562 0.562511966302891
563 0.5650009573042313
564 0.5672984874593145
565 0.5630863488416619
566 0.5682557916905993
567 0.5667241049205437
568 0.5667241049205437
569 0.5669155657668007
570 0.5703618609994257
571 0.5722764694619951
572 0.5757227646946199
573 0.5759142255408769
574 0.5816580509285851
575 0.5805092858510434
576 0.5795519816197587
577 0.5816580509285851
578 0.5839555810836684
579 0.588550641393835
580 0.585487267853724
581 0.5868274937775225
582 0.5849128853149531
583 0.5868274937775225
584 0.5933371625502585
585 0.5914225540876891
586 0.5933371625502585
587 0.5918054757802029
588 0.5902737890101474
589 0.5937200842427723
590 0.5965919969366265
591 0.5952517710128279
592 0.5971663794753973
593 0.6006126747080222
594 0.6015699789393069
595 0.6038675090943902
596 0.6029102048631055
597 0.6050162741719318
598 0.6057821175569597
599 0.6084625694045568
600 0.6119088646371817
601 0.6121003254834386
602 0.6098027953283554
603 0.6082711085582998
604 0.6111430212521539
605 0.6115259429446678
606 0.6134405514072372
607 0.6103771778671262
608 0.6132490905609803
609 0.6090369519433276
610 0.6111430212521539
611 0.6099942561746123
612 0.6017614397855638
613 0.6071223434807582
614 0.6084625694045568
615 0.613823473099751
616 0.614206394792265
617 0.6163124641010913
618 0.6117174037909248
619 0.6159295424085774
620 0.6145893164847789
621 0.614206394792265
622 0.614206394792265
623 0.6128661688684663
624 0.6157380815623205
625 0.613823473099751
626 0.6163124641010913
627 0.6149722381772927
628 0.6151636990235497
629 0.6155466207160636
630 0.6159295424085774
631 0.6165039249473483
632 0.6176526900248899
633 0.6218648286425426
634 0.6209075244112578
635 0.6165039249473483
636 0.6159295424085774
637 0.6220562894887995
638 0.623970897951369
639 0.6249282021826537
640 0.6253111238751675
641 0.6184185334099177
642 0.6163124641010913
643 0.6134405514072372
644 0.6193758376412024
645 0.6178441508711469
646 0.6197587593337163
647 0.6245452804901398
648 0.6235879762588551
649 0.6278001148765078
650 0.6281830365690216
651 0.6327780968791882
652 0.6375646180356117
653 0.6337354011104729
654 0.6358414704192993
655 0.6352670878805284
656 0.6373731571893547
657 0.6417767566532644
658 0.639862148190695
659 0.6429255217308061
660 0.6434999042695768
661 0.6429255217308061
662 0.6509668772735976
663 0.6502010338885698
664 0.6503924947348267
665 0.6513497989661114
666 0.6519241815048823
667 0.6530729465824239
668 0.6567107026613057
669 0.6517327206586253
670 0.649435190503542
671 0.6496266513497989
672 0.6532644074286809
673 0.6607313804327015
674 0.6613057629714724
675 0.655753398430021
676 0.6634118322802987
677 0.6651349798966112
678 0.6637947539728125
679 0.6563277809687919
680 0.6590082328163891
681 0.6618801455102431
682 0.6597740762014168
683 0.6569021635075627
684 0.6580509285851044
685 0.6555619375837641
686 0.6580509285851044
687 0.6572850852000766
688 0.6603484587401877
689 0.6630289105877848
690 0.6595826153551598
691 0.6603484587401877
692 0.6595826153551598
693 0.659391154508903
694 0.6578594677388474
695 0.6555619375837641
696 0.6503924947348267
697 0.652498564043653
698 0.649435190503542
699 0.6509668772735976
700 0.6530729465824239
