1 0.0003829216925138809
2 0.0003829216925138809
3 0.0003829216925138809
4 0.0003829216925138809
5 0.0003829216925138809
6 0.0003829216925138809
7 0.0005743825387708214
8 0.0009573042312847023
9 0.0007658433850277618
10 0.0007658433850277618
11 0.0009573042312847023
12 0.0007658433850277618
13 0.0009573042312847023
14 0.0011487650775416428
15 0.0009573042312847023
16 0.0011487650775416428
17 0.0013402259237985832
18 0.0011487650775416428
19 0.0013402259237985832
20 0.0013402259237985832
21 0.0013402259237985832
22 0.0015316867700555237
23 0.0015316867700555237
24 0.0017231476163124641
25 0.0022975301550832855
26 0.002488991001340226
27 0.0022975301550832855
28 0.002488991001340226
29 0.002871912693854107
30 0.002871912693854107
31 0.003254834386367988
32 0.00402067777139575
33 0.0044035994639096306
34 0.0044035994639096306
35 0.004977982002680452
36 0.005552364541451273
37 0.005552364541451273
38 0.005552364541451273
39 0.005169442848937392
40 0.004595060310166571
41 0.004595060310166571
42 0.004977982002680452
43 0.005169442848937392
44 0.004977982002680452
45 0.005169442848937392
46 0.005360903695194333
47 0.005935286233965154
48 0.005552364541451273
49 0.006126747080222095
50 0.006509668772735976
51 0.006318207926479035
52 0.006318207926479035
53 0.006701129618992916
54 0.006509668772735976
55 0.007084051311506797
56 0.007466973004020678
57 0.007084051311506797
58 0.0072755121577637374
59 0.00823281638904844
60 0.007849894696534559
61 0.0080413555427915
62 0.00842427723530538
63 0.0080413555427915
64 0.00842427723530538
65 0.009381581466590082
66 0.009764503159103963
67 0.009573042312847023
68 0.009381581466590082
69 0.00861573808156232
70 0.008807198927819261
71 0.00861573808156232
72 0.008998659774076202
73 0.009573042312847023
74 0.009381581466590082
75 0.009381581466590082
76 0.009955964005360904
77 0.009573042312847023
78 0.009190120620333142
79 0.008998659774076202
80 0.009190120620333142
81 0.009955964005360904
82 0.010721807390388666
83 0.009955964005360904
84 0.011487650775416428
85 0.011296189929159487
86 0.011296189929159487
87 0.011679111621673368
88 0.011487650775416428
89 0.011296189929159487
90 0.012062033314187249
91 0.012062033314187249
92 0.011870572467930308
93 0.011870572467930308
94 0.013019337545471951
95 0.013402259237985832
96 0.01282787669921501
97 0.013019337545471951
98 0.01282787669921501
99 0.01244495500670113
100 0.01282787669921501
101 0.012062033314187249
102 0.01225349416044419
103 0.013019337545471951
104 0.013402259237985832
105 0.01282787669921501
106 0.01244495500670113
107 0.011487650775416428
108 0.011487650775416428
109 0.01263641585295807
110 0.01263641585295807
111 0.013402259237985832
112 0.013785180930499713
113 0.013402259237985832
114 0.013593720084242773
115 0.01282787669921501
116 0.01282787669921501
117 0.01225349416044419
118 0.013019337545471951
119 0.013019337545471951
120 0.012062033314187249
121 0.01282787669921501
122 0.013019337545471951
123 0.013210798391728892
124 0.013019337545471951
125 0.013593720084242773
126 0.013976641776756654
127 0.014168102623013594
128 0.014168102623013594
129 0.013976641776756654
130 0.013402259237985832
131 0.013593720084242773
132 0.013976641776756654
133 0.014168102623013594
134 0.013976641776756654
135 0.013785180930499713
136 0.014551024315527475
137 0.014551024315527475
138 0.014359563469270534
139 0.014359563469270534
140 0.014551024315527475
141 0.014742485161784415
142 0.014168102623013594
143 0.014933946008041356
144 0.013976641776756654
145 0.014933946008041356
146 0.015316867700555237
147 0.015508328546812177
148 0.016082711085583
149 0.016082711085583
150 0.015891250239326058
151 0.015508328546812177
152 0.015699789393069118
153 0.015891250239326058
154 0.015125406854298296
155 0.014551024315527475
156 0.014168102623013594
157 0.014551024315527475
158 0.013976641776756654
159 0.014551024315527475
160 0.014359563469270534
161 0.013976641776756654
162 0.013976641776756654
163 0.014168102623013594
164 0.014168102623013594
165 0.013785180930499713
166 0.013976641776756654
167 0.014168102623013594
168 0.013785180930499713
169 0.013785180930499713
170 0.014933946008041356
171 0.013976641776756654
172 0.014168102623013594
173 0.014168102623013594
174 0.014168102623013594
175 0.013785180930499713
176 0.013210798391728892
177 0.013210798391728892
178 0.013019337545471951
179 0.013976641776756654
180 0.013019337545471951
181 0.013019337545471951
182 0.013402259237985832
183 0.013785180930499713
184 0.013402259237985832
185 0.013210798391728892
186 0.013593720084242773
187 0.013976641776756654
188 0.013593720084242773
189 0.013785180930499713
190 0.013785180930499713
191 0.013019337545471951
192 0.012062033314187249
193 0.012062033314187249
194 0.01282787669921501
195 0.01244495500670113
196 0.013402259237985832
197 0.013210798391728892
198 0.013402259237985832
199 0.01282787669921501
200 0.013019337545471951
201 0.014168102623013594
202 0.015125406854298296
203 0.014933946008041356
204 0.014933946008041356
205 0.015316867700555237
206 0.015699789393069118
207 0.015125406854298296
208 0.014551024315527475
209 0.014551024315527475
210 0.013976641776756654
211 0.014168102623013594
212 0.014359563469270534
213 0.013785180930499713
214 0.013976641776756654
215 0.013210798391728892
216 0.013593720084242773
217 0.014168102623013594
218 0.013976641776756654
219 0.013785180930499713
220 0.013593720084242773
221 0.013402259237985832
222 0.014359563469270534
223 0.013976641776756654
224 0.013402259237985832
225 0.013210798391728892
226 0.01282787669921501
227 0.013593720084242773
228 0.014359563469270534
229 0.015125406854298296
230 0.014551024315527475
231 0.014742485161784415
232 0.013593720084242773
233 0.013593720084242773
234 0.013019337545471951
235 0.013402259237985832
236 0.013402259237985832
237 0.013402259237985832
238 0.013593720084242773
239 0.013785180930499713
240 0.013976641776756654
241 0.014359563469270534
242 0.014551024315527475
243 0.014168102623013594
244 0.014551024315527475
245 0.015316867700555237
246 0.014933946008041356
247 0.014551024315527475
248 0.014359563469270534
249 0.015125406854298296
250 0.014742485161784415
251 0.014359563469270534
252 0.014168102623013594
253 0.014933946008041356
254 0.014933946008041356
255 0.015316867700555237
256 0.014933946008041356
257 0.014359563469270534
258 0.014359563469270534
259 0.015125406854298296
260 0.014168102623013594
261 0.013976641776756654
262 0.014359563469270534
263 0.013785180930499713
264 0.013785180930499713
265 0.013402259237985832
266 0.013785180930499713
267 0.013593720084242773
268 0.014551024315527475
269 0.014168102623013594
270 0.014742485161784415
271 0.014168102623013594
272 0.013402259237985832
273 0.013785180930499713
274 0.013593720084242773
275 0.013019337545471951
276 0.013785180930499713
277 0.014168102623013594
278 0.015125406854298296
279 0.014551024315527475
280 0.015316867700555237
281 0.015316867700555237
282 0.014933946008041356
283 0.014933946008041356
284 0.014742485161784415
285 0.014551024315527475
286 0.014742485161784415
287 0.015699789393069118
288 0.015316867700555237
289 0.014168102623013594
290 0.014168102623013594
291 0.014168102623013594
292 0.014168102623013594
293 0.013785180930499713
294 0.013593720084242773
295 0.014551024315527475
296 0.014742485161784415
297 0.014933946008041356
298 0.014742485161784415
299 0.014168102623013594
300 0.013593720084242773
301 0.014359563469270534
302 0.014168102623013594
303 0.013402259237985832
304 0.01244495500670113
305 0.01225349416044419
306 0.010913268236645606
307 0.01225349416044419
308 0.01225349416044419
309 0.013402259237985832
310 0.013976641776756654
311 0.013593720084242773
312 0.014168102623013594
313 0.014359563469270534
314 0.013593720084242773
315 0.013976641776756654
316 0.013785180930499713
317 0.013402259237985832
318 0.01244495500670113
319 0.01244495500670113
320 0.013402259237985832
321 0.014359563469270534
322 0.014933946008041356
323 0.014551024315527475
324 0.014359563469270534
325 0.014359563469270534
326 0.014933946008041356
327 0.015316867700555237
328 0.014551024315527475
329 0.014742485161784415
330 0.014933946008041356
331 0.013785180930499713
332 0.013593720084242773
333 0.013785180930499713
334 0.013402259237985832
335 0.01263641585295807
336 0.013019337545471951
337 0.01282787669921501
338 0.013019337545471951
339 0.01282787669921501
340 0.01263641585295807
341 0.01263641585295807
342 0.01244495500670113
343 0.01225349416044419
344 0.01263641585295807
345 0.013402259237985832
346 0.014168102623013594
347 0.013785180930499713
348 0.013976641776756654
349 0.014742485161784415
350 0.015125406854298296
351 0.014742485161784415
352 0.014933946008041356
353 0.015316867700555237
354 0.014551024315527475
355 0.014551024315527475
356 0.014551024315527475
357 0.014933946008041356
358 0.014933946008041356
359 0.014933946008041356
360 0.015125406854298296
361 0.015125406854298296
362 0.015508328546812177
363 0.015125406854298296
364 0.015699789393069118
365 0.014742485161784415
366 0.014742485161784415
367 0.014933946008041356
368 0.015508328546812177
369 0.015891250239326058
370 0.01665709362435382
371 0.01627417193183994
372 0.016082711085583
373 0.016082711085583
374 0.015891250239326058
375 0.01627417193183994
376 0.015891250239326058
377 0.015508328546812177
378 0.015316867700555237
379 0.015508328546812177
380 0.015891250239326058
381 0.014933946008041356
382 0.014742485161784415
383 0.014359563469270534
384 0.013210798391728892
385 0.013402259237985832
386 0.01263641585295807
387 0.011870572467930308
388 0.01244495500670113
389 0.013019337545471951
390 0.013593720084242773
391 0.013976641776756654
392 0.014168102623013594
393 0.013402259237985832
394 0.013019337545471951
395 0.01225349416044419
396 0.01282787669921501
397 0.01282787669921501
398 0.01282787669921501
399 0.01263641585295807
400 0.01244495500670113
401 0.013210798391728892
402 0.01282787669921501
403 0.01282787669921501
404 0.01282787669921501
405 0.013593720084242773
406 0.014359563469270534
407 0.014359563469270534
408 0.014359563469270534
409 0.013785180930499713
410 0.013976641776756654
411 0.014168102623013594
412 0.014359563469270534
413 0.015125406854298296
414 0.015508328546812177
415 0.014933946008041356
416 0.015508328546812177
417 0.015316867700555237
418 0.015316867700555237
419 0.014742485161784415
420 0.014551024315527475
421 0.015125406854298296
422 0.014933946008041356
423 0.014933946008041356
424 0.014933946008041356
425 0.015699789393069118
426 0.016082711085583
427 0.016082711085583
428 0.01627417193183994
429 0.016082711085583
430 0.015699789393069118
431 0.015125406854298296
432 0.014359563469270534
433 0.014551024315527475
434 0.014551024315527475
435 0.014359563469270534
436 0.014359563469270534
437 0.013976641776756654
438 0.014933946008041356
439 0.015508328546812177
440 0.014551024315527475
441 0.014359563469270534
442 0.014168102623013594
443 0.013593720084242773
444 0.013976641776756654
445 0.013402259237985832
446 0.013019337545471951
447 0.013210798391728892
448 0.013402259237985832
449 0.013019337545471951
450 0.013402259237985832
451 0.013976641776756654
452 0.013785180930499713
453 0.013976641776756654
454 0.014359563469270534
455 0.014933946008041356
456 0.015125406854298296
457 0.014742485161784415
458 0.014551024315527475
459 0.014359563469270534
460 0.013785180930499713
461 0.014168102623013594
462 0.013593720084242773
463 0.013593720084242773
464 0.013593720084242773
465 0.01263641585295807
466 0.013019337545471951
467 0.01225349416044419
468 0.011870572467930308
469 0.011870572467930308
470 0.013402259237985832
471 0.013402259237985832
472 0.013402259237985832
473 0.013593720084242773
474 0.013593720084242773
475 0.013593720084242773
476 0.014359563469270534
477 0.014168102623013594
478 0.014359563469270534
479 0.014359563469270534
480 0.013785180930499713
481 0.014551024315527475
482 0.015316867700555237
483 0.014742485161784415
484 0.013785180930499713
485 0.013976641776756654
486 0.013402259237985832
487 0.013785180930499713
488 0.013785180930499713
489 0.014168102623013594
490 0.014551024315527475
491 0.013593720084242773
492 0.013402259237985832
493 0.013019337545471951
494 0.013976641776756654
495 0.014933946008041356
496 0.015125406854298296
497 0.015316867700555237
498 0.016082711085583
499 0.015699789393069118
500 0.015699789393069118
501 0.015125406854298296
502 0.014933946008041356
503 0.014359563469270534
504 0.013785180930499713
505 0.014551024315527475
506 0.014933946008041356
507 0.014933946008041356
508 0.015508328546812177
509 0.014551024315527475
510 0.015508328546812177
511 0.015316867700555237
512 0.014551024315527475
513 0.015316867700555237
514 0.014551024315527475
515 0.014551024315527475
516 0.014551024315527475
517 0.013210798391728892
518 0.013785180930499713
519 0.013593720084242773
520 0.013785180930499713
521 0.014551024315527475
522 0.014551024315527475
523 0.014551024315527475
524 0.015125406854298296
525 0.015316867700555237
526 0.015508328546812177
527 0.014933946008041356
528 0.014551024315527475
529 0.014933946008041356
530 0.015699789393069118
531 0.014933946008041356
532 0.015316867700555237
533 0.014933946008041356
534 0.015125406854298296
535 0.015316867700555237
536 0.015891250239326058
537 0.014933946008041356
538 0.014359563469270534
539 0.013785180930499713
540 0.013593720084242773
541 0.014742485161784415
542 0.014933946008041356
543 0.014742485161784415
544 0.015316867700555237
545 0.015316867700555237
546 0.013976641776756654
547 0.014551024315527475
548 0.015316867700555237
549 0.015699789393069118
550 0.014933946008041356
551 0.014742485161784415
552 0.014168102623013594
553 0.014168102623013594
554 0.014933946008041356
555 0.014359563469270534
556 0.014359563469270534
557 0.014933946008041356
558 0.015125406854298296
559 0.015316867700555237
560 0.014933946008041356
561 0.013593720084242773
562 0.014359563469270534
563 0.013976641776756654
564 0.014168102623013594
565 0.013976641776756654
566 0.013785180930499713
567 0.013976641776756654
568 0.014168102623013594
569 0.014168102623013594
570 0.015316867700555237
571 0.014168102623013594
572 0.014551024315527475
573 0.014359563469270534
574 0.014359563469270534
575 0.015125406854298296
576 0.016082711085583
577 0.01627417193183994
578 0.01646563277809688
579 0.01665709362435382
580 0.01665709362435382
581 0.015891250239326058
582 0.01627417193183994
583 0.015699789393069118
584 0.016082711085583
585 0.015891250239326058
586 0.01646563277809688
587 0.01665709362435382
588 0.01665709362435382
589 0.01627417193183994
590 0.01646563277809688
591 0.01665709362435382
592 0.01646563277809688
593 0.015316867700555237
594 0.015316867700555237
595 0.014742485161784415
596 0.014359563469270534
597 0.014742485161784415
598 0.014933946008041356
599 0.015316867700555237
600 0.015699789393069118
601 0.01627417193183994
602 0.01665709362435382
603 0.01665709362435382
604 0.015699789393069118
605 0.01627417193183994
606 0.015891250239326058
607 0.015699789393069118
608 0.01627417193183994
609 0.01646563277809688
610 0.01684855447061076
611 0.01665709362435382
612 0.01665709362435382
613 0.016082711085583
614 0.01684855447061076
615 0.01665709362435382
616 0.016082711085583
617 0.015699789393069118
618 0.015891250239326058
619 0.013976641776756654
620 0.013402259237985832
621 0.013785180930499713
622 0.014359563469270534
623 0.014933946008041356
624 0.014168102623013594
625 0.014742485161784415
626 0.014742485161784415
627 0.014359563469270534
628 0.014359563469270534
629 0.014742485161784415
630 0.015316867700555237
631 0.015316867700555237
632 0.015316867700555237
633 0.015891250239326058
634 0.014933946008041356
635 0.014551024315527475
636 0.013785180930499713
637 0.014359563469270534
638 0.014933946008041356
639 0.015125406854298296
640 0.015316867700555237
641 0.015699789393069118
642 0.014742485161784415
643 0.014359563469270534
644 0.013593720084242773
645 0.013593720084242773
646 0.013785180930499713
647 0.013210798391728892
648 0.013785180930499713
649 0.013976641776756654
650 0.014168102623013594
651 0.014168102623013594
652 0.013785180930499713
653 0.014359563469270534
654 0.014742485161784415
655 0.014168102623013594
656 0.013976641776756654
657 0.013593720084242773
658 0.013976641776756654
659 0.014359563469270534
660 0.014933946008041356
661 0.014742485161784415
662 0.014742485161784415
663 0.014551024315527475
664 0.014933946008041356
665 0.015316867700555237
666 0.014168102623013594
667 0.014551024315527475
668 0.014359563469270534
669 0.015125406854298296
670 0.015316867700555237
671 0.014933946008041356
672 0.014933946008041356
673 0.014742485161784415
674 0.014168102623013594
675 0.014359563469270534
676 0.014168102623013594
677 0.014359563469270534
678 0.014933946008041356
679 0.014933946008041356
680 0.015316867700555237
681 0.016082711085583
682 0.01646563277809688
683 0.016082711085583
684 0.015316867700555237
685 0.014359563469270534
686 0.014168102623013594
687 0.013402259237985832
688 0.013976641776756654
689 0.013976641776756654
690 0.014168102623013594
691 0.014359563469270534
692 0.014359563469270534
693 0.014359563469270534
694 0.01627417193183994
695 0.016082711085583
696 0.016082711085583
697 0.01646563277809688
698 0.01627417193183994
699 0.01723147616312464
700 0.017422937009381582
