1 0.0005743825387708214
2 0.0009573042312847023
3 0.0019146084625694046
4 0.0022975301550832855
5 0.003254834386367988
6 0.0036377560788818687
7 0.0044035994639096306
8 0.004977982002680452
9 0.005360903695194333
10 0.005743825387708214
11 0.007849894696534559
12 0.00823281638904844
13 0.009573042312847023
14 0.009764503159103963
15 0.011679111621673368
16 0.013976641776756654
17 0.0170400153168677
18 0.017805858701895463
19 0.019911928010721808
20 0.022209458165805093
21 0.024124066628374498
22 0.026230135937200843
23 0.02910204863105495
24 0.031016657093624354
25 0.03331418724870764
26 0.03580317825004786
27 0.03829216925138809
28 0.04135554279149914
29 0.045376220562894885
30 0.049588359180547575
31 0.053800497798200266
32 0.05648094964579743
33 0.058012636415852956
34 0.060884549109707066
35 0.0639479226498181
36 0.06547960941987363
37 0.06739421788244304
38 0.07084051311506796
39 0.07543557342523453
40 0.07983917288914417
41 0.08079647712042887
42 0.08462569404556768
43 0.0861573808156232
44 0.08730614589316485
45 0.09017805858701895
46 0.09304997128087306
47 0.09668772735975494
48 0.09821941412981046
49 0.10434616121003255
50 0.10511200459506032
51 0.1074095347501436
52 0.11104729082902547
53 0.11238751675282405
54 0.11506796860042122
55 0.11755695960176143
56 0.12138617652690024
57 0.12483247175952518
58 0.1301933754547195
59 0.13306528814857363
60 0.134979896611143
61 0.1372774267662263
62 0.1411066436913651
63 0.14302125215393452
64 0.14933946008041354
65 0.15106260769672603
66 0.15489182462186482
67 0.1552747463143787
68 0.15718935477694812
69 0.16159295424085773
70 0.1617844150871147
71 0.16542217116599656
72 0.16523071031973963
73 0.16905992724487842
74 0.17346352670878806
75 0.17863296955772545
76 0.18284510817537813
77 0.18724870763928778
78 0.18801455102431552
79 0.19069500287191268
80 0.18954623779437105
81 0.19337545471950987
82 0.19816197587593337
83 0.19892781926096115
84 0.20122534941604442
85 0.20313995787861383
86 0.20562894887995406
87 0.21079839172889145
88 0.21194715680643308
89 0.20830940072755122
90 0.21271300019146083
91 0.21749952134788436
92 0.21807390388665518
93 0.22190312081179397
94 0.22362626842810646
95 0.22937009381581466
96 0.22917863296955773
97 0.2305188588933563
98 0.2366456059735784
99 0.2376029102048631
100 0.2389431361286617
101 0.2389431361286617
102 0.24315527474631438
103 0.24583572659391154
104 0.2456442657476546
105 0.25100516944284895
106 0.25406854298296
107 0.2575148382155849
108 0.2609611334482098
109 0.26325866360329314
110 0.2621098985257515
111 0.26479035037334864
112 0.2678537239134597
113 0.2682366456059736
114 0.266896419682175
115 0.2688110281447444
116 0.27187440168485544
117 0.27646946199502204
118 0.2760865403025081
119 0.2810645223051886
120 0.2810645223051886
121 0.28508520007658433
122 0.28527666092284126
123 0.2902546429255217
124 0.2938923990044036
125 0.29829599846831323
126 0.29676431169825773
127 0.29695577254451466
128 0.2944667815431744
129 0.2963813900057438
130 0.29791307677579937
131 0.2988703810070841
132 0.2998276852383688
133 0.30078498946965343
134 0.30308251962473676
135 0.3028910587784798
136 0.3051885889335631
137 0.30882634501244494
138 0.31246410109132683
139 0.31361286616886846
140 0.31610185717020867
141 0.31954815240283363
142 0.324717595251771
143 0.32758950794562514
144 0.32758950794562514
145 0.3228029867892016
146 0.3237602910204863
147 0.3237602910204863
148 0.32663220371434043
149 0.327972429638139
150 0.3281638904843959
151 0.33026995979322227
152 0.32931265556193756
153 0.33007849894696534
154 0.33543940264215966
155 0.3396515412598124
156 0.34003446295232626
157 0.34099176718361096
158 0.3413746888761248
159 0.3436722190312081
160 0.3469270534175761
161 0.35228795711277044
162 0.3526708788052843
163 0.3524794179590274
164 0.3526708788052843
165 0.3497989661114302
166 0.34884166188014554
167 0.3497989661114302
168 0.3534367221903121
169 0.35496840896036763
170 0.35937200842427725
171 0.35937200842427725
172 0.3607122343480758
173 0.363392686195673
174 0.3630097645031591
175 0.3595634692705342
176 0.363392686195673
177 0.36320122534941607
178 0.3639670687344438
179 0.3653072946582424
180 0.36798774650583954
181 0.3639670687344438
182 0.36703044227455484
183 0.3643499904269577
184 0.3685621290446104
185 0.36932797242963816
186 0.36817920735209647
187 0.37162550258472143
188 0.3781351713574574
189 0.379475397281256
190 0.3775607888186866
191 0.3823473099751101
192 0.38253877082136706
193 0.38043270151254066
194 0.3817729274363393
195 0.38694237028527667
196 0.3871338311315336
197 0.39192035228795713
198 0.3957495692130959
199 0.3898142829791308
200 0.39211181313421406
201 0.39306911736549877
202 0.39536664752058204
203 0.39862148190695
204 0.39977024698449165
205 0.4009190120620333
206 0.40589699406471375
207 0.4070457591422554
208 0.4037909247558874
209 0.4055140723721999
210 0.4047482289871721
211 0.4035994639096305
212 0.405131150679686
213 0.40608845491097073
214 0.40685429829599845
215 0.41010913268236643
216 0.40723721998851237
217 0.4055140723721999
218 0.40493968983342904
219 0.405131150679686
220 0.4055140723721999
221 0.40781160252728316
222 0.4080030633735401
223 0.41393834960750525
224 0.4160444189163316
225 0.4187248707639288
226 0.417959027378901
227 0.4196821749952135
228 0.42753206969174806
229 0.4330844342331993
230 0.43327589507945624
231 0.43346735592571317
232 0.4365307294658242
233 0.43346735592571317
234 0.4357648860807965
235 0.4409343289297339
236 0.4445720850086157
237 0.44380624162358795
238 0.4461037717786713
239 0.4418916331610186
240 0.4420830940072755
241 0.4415087114685047
242 0.4392111813134214
243 0.4407428680834769
244 0.4445720850086157
245 0.4428489373923033
246 0.4443806241623588
247 0.4417001723147616
248 0.4415087114685047
249 0.44035994639096304
250 0.443614780777331
251 0.4418916331610186
252 0.4428489373923033
253 0.4407428680834769
254 0.4443806241623588
255 0.4482098410874976
256 0.44552938923990043
257 0.44993298870381004
258 0.4480183802412407
259 0.4480183802412407
260 0.446869615163699
261 0.443614780777331
262 0.4453379283936435
263 0.4485927627800115
264 0.4482098410874976
265 0.45012444955006703
266 0.453379283936435
267 0.4552938923990044
268 0.4558682749377752
269 0.45835726593911547
270 0.4614206394792265
271 0.4610377177867126
272 0.46601569978939306
273 0.4627608654030251
274 0.45988895270917096
275 0.4612291786329696
276 0.4671644648669347
277 0.46793030825196247
278 0.4681217690982194
279 0.4723339077158721
280 0.4794179590273789
281 0.47865211564235116
282 0.4784606547960942
283 0.47539728125598313
284 0.4752058204097262
285 0.4746314378709554
286 0.47731188971855254
287 0.4765460463335248
288 0.47865211564235116
289 0.4805667241049205
290 0.47826919394983725
291 0.4798008807198928
292 0.4830557151062608
293 0.48631054949262875
294 0.4832471759525177
295 0.4851617844150871
296 0.4842044801838024
297 0.48726785372391346
298 0.4861190886463718
299 0.48439594103005934
300 0.48899100134022594
301 0.4842044801838024
302 0.4884166188014551
303 0.4893739230327398
304 0.49052268811028144
305 0.4876507754164273
306 0.49052268811028144
307 0.48994830557151064
308 0.4878422362626843
309 0.48956538387899673
310 0.49339460080413555
311 0.49435190503542026
312 0.4989469653455868
313 0.5004786521156424
314 0.5022017997319548
315 0.49875550449932987
316 0.5027761822707256
317 0.5023932605782118
318 0.5012444955006701
319 0.4993298870381007
320 0.49798966111430215
321 0.4989469653455868
322 0.5035420256557533
323 0.5102431552747463
324 0.5090943901972047
325 0.5094773118897186
326 0.504690790733295
327 0.501627417193184
328 0.5022017997319548
329 0.5064139383496075
330 0.5096687727359754
331 0.5106260769672601
332 0.5150296764311698
333 0.5175186674325101
334 0.5167528240474822
335 0.5169442848937392
336 0.5175186674325101
337 0.5186674325100517
338 0.5171357457399962
339 0.520964962665135
340 0.5221137277426766
341 0.5226881102814475
342 0.524219797051503
343 0.5246027187440169
344 0.5259429446678154
345 0.5297721615929543
346 0.5313038483630098
347 0.5383878996745166
348 0.5364732912119472
349 0.5326440742868084
350 0.5332184568255792
351 0.5360903695194332
352 0.5370476737507179
353 0.5341757610568638
354 0.5360903695194332
355 0.5318782309017805
356 0.5332184568255792
357 0.5326440742868084
358 0.5313038483630098
359 0.5376220562894888
360 0.5385793605207735
361 0.5424085774459123
362 0.5422171165996553
363 0.5380049779820026
364 0.5370476737507179
365 0.5406854298295999
366 0.5485353245261344
367 0.5473865594485927
368 0.5489182462186483
369 0.5517901589125024
370 0.5542791499138426
371 0.5537047673750718
372 0.5537047673750718
373 0.5525560022975301
374 0.5552364541451273
375 0.5540876890675857
376 0.559257131916523
377 0.5581083668389815
378 0.5609802795328356
379 0.5619375837641203
380 0.5646180356117174
381 0.5640436530729466
382 0.5728508520007658
383 0.5772544514646755
384 0.5766800689259046
385 0.5768715297721616
386 0.5766800689259046
387 0.5743825387708213
388 0.5759142255408769
389 0.575339843002106
390 0.5732337736932798
391 0.5720850086157381
392 0.5776373731571893
393 0.578594677388474
394 0.5782117556959602
395 0.5778288340034463
396 0.578594677388474
397 0.5766800689259046
398 0.5814665900823281
399 0.5849128853149531
400 0.5875933371625502
401 0.5835726593911545
402 0.578786138234731
403 0.5799349033122726
404 0.585295807007467
405 0.58510434616121
406 0.5833811985448976
407 0.5845299636224393
408 0.5831897376986406
409 0.5810836683898143
410 0.5831897376986406
411 0.5839555810836684
412 0.5893164847788627
413 0.5877847980088072
414 0.5895079456251197
415 0.5910396323951752
416 0.5910396323951752
417 0.5910396323951752
418 0.5893164847788627
419 0.5927627800114876
420 0.5944859276278002
421 0.5986980662454529
422 0.5998468313229944
423 0.5986980662454529
424 0.5990809879379667
425 0.6031016657093624
426 0.6034845874018763
427 0.6040589699406471
428 0.6090369519433276
429 0.6124832471759525
430 0.6084625694045568
431 0.6075052651732721
432 0.6023358223243347
433 0.6029102048631055
434 0.6059735784032165
435 0.6069308826345012
436 0.6119088646371817
437 0.6136320122534942
438 0.613823473099751
439 0.617269768332376
440 0.6212904461037718
441 0.6224392111813134
442 0.6226306720275704
443 0.6235879762588551
444 0.6249282021826537
445 0.623970897951369
446 0.6233965154125981
447 0.6212904461037718
448 0.6189929159486884
449 0.6232050545663412
450 0.6220562894887995
451 0.6264598889527092
452 0.6291403408003063
453 0.6337354011104729
454 0.6322037143404173
455 0.630097645031591
456 0.6316293318016466
457 0.6325866360329313
458 0.6325866360329313
459 0.6339268619567299
460 0.6329695577254452
461 0.6308634884166188
462 0.6337354011104729
463 0.6341183228029867
464 0.6364158529580701
465 0.6318207926479035
466 0.6346927053417576
467 0.6385219222668964
468 0.6406279915757228
469 0.6429255217308061
470 0.6448401301933755
471 0.643116982577063
472 0.6448401301933755
473 0.6438828259620908
474 0.6438828259620908
475 0.6454145127321462
476 0.6482864254260003
477 0.6452230518858894
478 0.6425426000382922
479 0.6440742868083477
480 0.6513497989661114
481 0.6446486693471185
482 0.6452230518858894
483 0.6505839555810836
484 0.6480949645797435
485 0.6467547386559449
486 0.6438828259620908
487 0.6467547386559449
488 0.6477120428872296
489 0.6496266513497989
490 0.6503924947348267
491 0.6507754164273406
492 0.6546046333524794
493 0.6509668772735976
494 0.6469461995022018
495 0.6429255217308061
496 0.6486693471185143
497 0.6515412598123683
498 0.6536473291211947
499 0.6574765460463335
500 0.6616886846639862
501 0.6630289105877848
502 0.6597740762014168
503 0.6613057629714724
504 0.659199693662646
505 0.6595826153551598
506 0.6605399195864445
507 0.6578594677388474
508 0.6588167719701321
509 0.662454528049014
510 0.6605399195864445
511 0.6576680068925904
512 0.6578594677388474
513 0.6567107026613057
514 0.6569021635075627
515 0.659391154508903
516 0.665517901589125
517 0.6645605973578403
518 0.6645605973578403
519 0.6616886846639862
520 0.6580509285851044
521 0.6597740762014168
522 0.6657093624353819
523 0.6657093624353819
524 0.668772735975493
525 0.6607313804327015
526 0.6567107026613057
527 0.6611143021252154
528 0.6609228412789585
529 0.6603484587401877
530 0.6668581275129236
531 0.6639862148190695
532 0.6597740762014168
533 0.662454528049014
534 0.6639862148190695
535 0.6645605973578403
536 0.6659008232816389
537 0.668772735975493
538 0.671836109515604
539 0.6756653264407428
540 0.6748994830557151
541 0.6814091518284511
542 0.6777713957495692
543 0.675282404748229
544 0.6714531878230902
545 0.6708788052843193
546 0.6670495883591806
547 0.6676239708979513
548 0.6664752058204098
549 0.6683898142829792
550 0.668772735975493
551 0.6712617269768333
552 0.6695385793605207
553 0.6710702661305763
554 0.6727934137468887
555 0.6798774650583955
556 0.6779628565958261
557 0.6773884740570554
558 0.6748994830557151
559 0.6760482481332567
560 0.6764311698257707
561 0.6783457782883401
562 0.6733677962856596
563 0.6704958835918055
564 0.671836109515604
565 0.6701129618992916
566 0.6739421788244304
567 0.6729848745931457
568 0.6693471185142639
569 0.6708788052843193
570 0.668772735975493
571 0.6704958835918055
572 0.6674325100516945
573 0.6641776756653265
574 0.6580509285851044
575 0.6620716063565001
576 0.6616886846639862
577 0.6634118322802987
578 0.6657093624353819
579 0.6626459888952709
580 0.6634118322802987
581 0.6659008232816389
582 0.6676239708979513
583 0.6731763354394027
584 0.6737507179781734
585 0.675090943901972
586 0.6710702661305763
587 0.6599655370476738
588 0.6620716063565001
589 0.6662837449741528
590 0.6649435190503542
591 0.6716446486693471
592 0.6693471185142639
593 0.6697300402067777
594 0.6733677962856596
595 0.675282404748229
596 0.6768140915182845
597 0.6789201608271108
598 0.6748994830557151
599 0.6674325100516945
600 0.6697300402067777
601 0.6683898142829792
602 0.672219031208118
603 0.6777713957495692
604 0.6701129618992916
605 0.6695385793605207
606 0.6697300402067777
607 0.6649435190503542
608 0.6668581275129236
609 0.6641776756653265
610 0.6565192418150488
611 0.6567107026613057
612 0.659391154508903
613 0.6584338502776182
614 0.6605399195864445
615 0.6636032931265556
616 0.662454528049014
617 0.6637947539728125
618 0.6630289105877848
619 0.6616886846639862
620 0.662454528049014
621 0.6630289105877848
622 0.6672410492054375
623 0.672027570361861
624 0.6703044227455486
625 0.6794945433658817
626 0.6821749952134788
627 0.6877273597549302
628 0.6892590465249856
629 0.691173654987555
630 0.6930882634501244
631 0.6976833237602911
632 0.6967260195290064
633 0.69461995022018
634 0.6950028719126938
635 0.6940455676814091
636 0.6961516369902355
637 0.6965345586827494
638 0.6957687152977217
639 0.6963430978364924
640 0.6936626459888953
641 0.6936626459888953
642 0.6930882634501244
643 0.6869615163699023
644 0.6902163507562703
645 0.6936626459888953
646 0.6967260195290064
647 0.6856212904461038
648 0.6902163507562703
649 0.6898334290637564
650 0.6955772544514647
651 0.6934711851426383
652 0.6940455676814091
653 0.6892590465249856
654 0.6798774650583955
655 0.6777713957495692
656 0.6808347692896802
657 0.6844725253685622
658 0.6856212904461038
659 0.6925138809113536
660 0.6904078116025273
661 0.6898334290637564
662 0.6884932031399579
663 0.6965345586827494
664 0.694811411066437
665 0.688110281447444
666 0.6896419682174996
667 0.6909821941412981
668 0.694428489373923
669 0.691556576680069
670 0.691173654987555
671 0.6877273597549302
672 0.6883017422937009
673 0.6900248899100134
674 0.6896419682174996
675 0.6905992724487843
676 0.6919394983725828
677 0.6974918629140341
678 0.6973004020677771
679 0.6969174803752632
680 0.697874784606548
681 0.7020869232242006
682 0.6997893930691174
683 0.6963430978364924
684 0.6976833237602911
685 0.7020869232242006
686 0.7036186099942562
687 0.7020869232242006
688 0.6971089412215202
689 0.6963430978364924
690 0.6984491671453188
691 0.6988320888378327
692 0.6999808539153743
693 0.6951943327589508
694 0.6959601761439785
695 0.694811411066437
696 0.6938541068351523
697 0.6938541068351523
698 0.6974918629140341
699 0.6967260195290064
700 0.7005552364541451
