1 0.0005743825387708214
2 0.0011487650775416428
3 0.0013402259237985832
4 0.002106069308826345
5 0.002871912693854107
6 0.003254834386367988
7 0.004595060310166571
8 0.005169442848937392
9 0.005935286233965154
10 0.007466973004020678
11 0.0072755121577637374
12 0.0068925904652498565
13 0.0080413555427915
14 0.009573042312847023
15 0.011296189929159487
16 0.012062033314187249
17 0.014551024315527475
18 0.01684855447061076
19 0.018188780394409344
20 0.020103388856978748
21 0.02048631054949263
22 0.02048631054949263
23 0.02144361478077733
24 0.022975301550832855
25 0.026421596783457783
26 0.030059352862339652
27 0.033122726402450696
28 0.03637756078881869
29 0.04001531686770055
30 0.04288722956155466
31 0.047482289871721234
32 0.04843959410300593
33 0.05092858510434616
34 0.05188588933563086
35 0.053800497798200266
36 0.05609802795328355
37 0.06069308826345012
38 0.06299061841853341
39 0.06356500095730423
40 0.06643691365115834
41 0.06950028719126938
42 0.0700746697300402
43 0.07160635650009572
44 0.07409534750143595
45 0.0762014168102623
46 0.07830748611908865
47 0.08213670304422746
48 0.08520007658433851
49 0.08654030250813709
50 0.09017805858701895
51 0.0903695194332759
52 0.09190120620333142
53 0.09592188397472717
54 0.09783649243729657
55 0.10109132682366456
56 0.10204863105494927
57 0.10415470036377561
58 0.10453762205628948
59 0.10970706490522689
60 0.10836683898142829
61 0.11315336013785181
62 0.11411066436913651
63 0.1173654987555045
64 0.12310932414321271
65 0.12310932414321271
66 0.12387516752824047
67 0.12693854106835153
68 0.13076775799349033
69 0.1344055140723722
70 0.13287382730231667
71 0.13421405322611527
72 0.13689450507371242
73 0.13957495692130958
74 0.141489565383879
75 0.14417001723147616
76 0.14972238177292743
77 0.15374305954432319
78 0.15393452039058012
79 0.15508328546812178
80 0.16121003254834387
81 0.16293318016465633
82 0.16427340608845492
83 0.16637947539728126
84 0.16695385793605208
85 0.1723147616312464
86 0.17518667432510052
87 0.1807390388665518
88 0.1826536473291212
89 0.18495117748420448
90 0.18801455102431552
91 0.18992915948688494
92 0.18935477694811412
93 0.19069500287191268
94 0.19663028910587785
95 0.19892781926096115
96 0.202565575339843
97 0.20620333141872488
98 0.20754355734252344
99 0.2125215393452039
100 0.21520199119280106
101 0.2196055906567107
102 0.22171165996553704
103 0.2243921118131342
104 0.22515795519816198
105 0.22783840704575914
106 0.22917863296955773
107 0.23071031973961326
108 0.2376029102048631
109 0.24066628374497415
110 0.24392111813134215
111 0.24487842236262683
112 0.25196247367413366
113 0.250813708596592
114 0.2531112387516753
115 0.25157955198161974
116 0.250813708596592
117 0.2565575339843002
118 0.2565575339843002
119 0.26230135937200844
120 0.263641585295807
121 0.26766226306720275
122 0.27053417576105687
123 0.2739804709936818
124 0.2787669921501053
125 0.2787669921501053
126 0.2804901397664178
127 0.27742676622630674
128 0.2768523836875359
129 0.27646946199502204
130 0.27800114876507753
131 0.2814474439977025
132 0.2802986789201608
133 0.28431935669155656
134 0.28374497415278577
135 0.28336205246027185
136 0.28336205246027185
137 0.2864254260003829
138 0.2854681217690982
139 0.28948879954049395
140 0.29063756461803564
141 0.2942753206969175
142 0.2938923990044036
143 0.295807007466973
144 0.29753015508328545
145 0.2998276852383688
146 0.30308251962473676
147 0.3059544323185909
148 0.3057629714723339
149 0.3061458931648478
150 0.3090178058587019
151 0.3115067968600421
152 0.30978364924372964
153 0.3115067968600421
154 0.31342140532261153
155 0.31686770055523644
156 0.3166762397089795
157 0.3157189354776948
158 0.3176335439402642
159 0.32146276086540304
160 0.32069691748037527
161 0.3254834386367988
162 0.32758950794562514
163 0.3318016465632778
164 0.32950411640819455
165 0.32873827302316677
166 0.33007849894696534
167 0.3325674899483056
168 0.33390771587210416
169 0.337736932797243
170 0.3402259237985832
171 0.3438636798774651
172 0.3450124449550067
173 0.34520390580126364
174 0.3455868274937775
175 0.3475014359563469
176 0.3446295232624928
177 0.34271491479992344
178 0.3463526708788053
179 0.3499904269576872
180 0.34903312272640247
181 0.34960750526517326
182 0.3507562703427149
183 0.3543940264215968
184 0.3591805475780203
185 0.36224392111813136
186 0.36032931265556195
187 0.36186099942561745
188 0.3607122343480758
189 0.3653072946582424
190 0.36032931265556195
191 0.36358414704192993
192 0.36569021635075627
193 0.36798774650583954
194 0.37258280681600614
195 0.3721998851234922
196 0.37545471950986026
197 0.3737315718935478
198 0.3739230327398047
199 0.3775607888186866
200 0.38119854489756844
201 0.3834960750526517
202 0.38655944859276276
203 0.3900057438253877
204 0.3898142829791308
205 0.3934520390580126
206 0.39479226498181125
207 0.3995787861382347
208 0.40072755121577636
209 0.39977024698449165
210 0.39919586444572086
211 0.39996170783074864
212 0.4005360903695194
213 0.40245069883208884
214 0.4055140723721999
215 0.4066628374497415
216 0.40857744591231093
217 0.4108749760673942
218 0.4074286808347693
219 0.4074286808347693
220 0.40493968983342904
221 0.40781160252728316
222 0.4103005935286234
223 0.4074286808347693
224 0.411640819452422
225 0.41432127130001917
226 0.4081945242197971
227 0.41106643691365113
228 0.4091518284510818
229 0.4137468887612483
230 0.4145127321462761
231 0.414704192992533
232 0.4177675665326441
233 0.41815048822515793
234 0.4177675665326441
235 0.4225540876890676
236 0.42044801838024126
237 0.4235113919203523
238 0.42370285276660924
239 0.4248516178441509
240 0.4273406088454911
241 0.4284893739230327
242 0.4302125215393452
243 0.4292552173080605
244 0.4292552173080605
245 0.42982959984683133
246 0.43002106069308826
247 0.4305954432318591
248 0.43270151254068545
249 0.4319356691556577
250 0.43365881677197016
251 0.4357648860807965
252 0.43844533792839363
253 0.4411257897759908
254 0.44131725062224775
255 0.44418916331610186
256 0.44552938923990043
257 0.4491671453187823
258 0.45376220562894887
259 0.4495500670112962
260 0.4585487267853724
261 0.4623779437105112
262 0.4665900823281639
263 0.46544131725062227
264 0.4700363775607888
265 0.47156806433084436
266 0.47061076009955966
267 0.47214244686961515
268 0.4709936817920735
269 0.47118514263833045
270 0.47501435956346927
271 0.4755887421022401
272 0.4842044801838024
273 0.48343863679877463
274 0.4866934711851426
275 0.4884166188014551
276 0.4910970706490523
277 0.49071414895653837
278 0.4861190886463718
279 0.4903312272640245
280 0.4912885314953092
281 0.48803369710894123
282 0.49167145318782307
283 0.4937775224966494
284 0.49416044418916333
285 0.49703235688301745
286 0.49703235688301745
287 0.49588359180547575
288 0.5012444955006701
289 0.4993298870381007
290 0.4964579743442466
291 0.4947348267279341
292 0.49703235688301745
293 0.49416044418916333
294 0.49607505265173274
295 0.49779820026804517
296 0.4964579743442466
297 0.4993298870381007
298 0.5025847214244687
299 0.5067968600421214
300 0.5067968600421214
301 0.5098602335822324
302 0.5089029293509477
303 0.5131150679686004
304 0.5180930499712809
305 0.527283170591614
306 0.5270917097453571
307 0.5293892399004404
308 0.5290063182079264
309 0.5290063182079264
310 0.530729465824239
311 0.5332184568255792
312 0.5341757610568638
313 0.5267087880528432
314 0.5255600229753016
315 0.5267087880528432
316 0.527474631437871
317 0.5290063182079264
318 0.5322611525942945
319 0.5286233965154126
320 0.53379283936435
321 0.5376220562894888
322 0.5410683515221137
323 0.5362818303656902
324 0.5404939689833429
325 0.5395366647520582
326 0.5385793605207735
327 0.5424085774459123
328 0.5452804901397664
329 0.5427914991384262
330 0.5448975684472526
331 0.5504499329887038
332 0.5552364541451273
333 0.5494926287574191
334 0.5493011679111621
335 0.5496840896036761
336 0.5514072372199885
337 0.5544706107600995
338 0.5527474631437871
339 0.5508328546812177
340 0.5512157763737315
341 0.5544706107600995
342 0.5548535324526135
343 0.559257131916523
344 0.5588742102240092
345 0.5575339843002106
346 0.5581083668389815
347 0.559257131916523
348 0.5556193758376412
349 0.5519816197587594
350 0.5558108366838982
351 0.5521730806050162
352 0.5600229753015509
353 0.5644265747654604
354 0.5648094964579743
355 0.569213095921884
356 0.5701704001531687
357 0.5674899483055715
358 0.5699789393069118
359 0.5718935477694811
360 0.5757227646946199
361 0.5749569213095922
362 0.5757227646946199
363 0.5770629906184185
364 0.5784032165422172
365 0.5741910779245645
366 0.5759142255408769
367 0.5791690599272449
368 0.5766800689259046
369 0.5739996170783075
370 0.5761056863871339
371 0.5776373731571893
372 0.5877847980088072
373 0.5868274937775225
374 0.5874018763162934
375 0.5868274937775225
376 0.5937200842427723
377 0.5950603101665709
378 0.5902737890101474
379 0.5937200842427723
380 0.5958261535515987
381 0.5895079456251197
382 0.5883591805475781
383 0.5856787286999808
384 0.5910396323951752
385 0.5910396323951752
386 0.588550641393835
387 0.5875933371625502
388 0.5856787286999808
389 0.5889335630863488
390 0.5875933371625502
391 0.5898908673176335
392 0.594868849320314
393 0.5956346927053418
394 0.5986980662454529
395 0.6015699789393069
396 0.6042504307869041
397 0.6027187440168486
398 0.6021443614780777
399 0.6006126747080222
400 0.6019529006318208
401 0.6015699789393069
402 0.6053991958644457
403 0.6069308826345012
404 0.6036760482481333
405 0.6038675090943902
406 0.601187057246793
407 0.5990809879379667
408 0.5977407620141681
409 0.5988895270917097
410 0.6027187440168486
411 0.6015699789393069
412 0.5965919969366265
413 0.5960176143978556
414 0.5973578403216542
415 0.6025272831705916
416 0.6036760482481333
417 0.6050162741719318
418 0.6122917863296956
419 0.6099942561746123
420 0.6143978556385219
421 0.613823473099751
422 0.6134405514072372
423 0.6145893164847789
424 0.6107600995596401
425 0.6111430212521539
426 0.6121003254834386
427 0.6166953857936052
428 0.6186099942561746
429 0.620524602718744
430 0.6253111238751675
431 0.6232050545663412
432 0.6226306720275704
433 0.6245452804901398
434 0.6268428106452231
435 0.6253111238751675
436 0.6270342714914799
437 0.6316293318016466
438 0.6299061841853341
439 0.6308634884166188
440 0.6314378709553896
441 0.6312464101091326
442 0.6299061841853341
443 0.6306720275703619
444 0.6323951751866743
445 0.633352479417959
446 0.6362243921118131
447 0.6423511391920352
448 0.6452230518858894
449 0.6486693471185143
450 0.6406279915757228
451 0.6408194524219797
452 0.6381390005743826
453 0.6454145127321462
454 0.6473291211947156
455 0.6490522688110282
456 0.6482864254260003
457 0.6498181121960559
458 0.6469461995022018
459 0.6463718169634309
460 0.6480949645797435
461 0.6479035037334865
462 0.6505839555810836
463 0.65269002488991
464 0.6523071031973962
465 0.6534558682749377
466 0.649435190503542
467 0.6486693471185143
468 0.6555619375837641
469 0.6544131725062224
470 0.6553704767375071
471 0.6482864254260003
472 0.6486693471185143
473 0.643116982577063
474 0.6419682174995214
475 0.6444572085008615
476 0.6482864254260003
477 0.6471376603484588
478 0.6456059735784032
479 0.6475205820409726
480 0.6502010338885698
481 0.649243729657285
482 0.6454145127321462
483 0.6500095730423129
484 0.6486693471185143
485 0.6463718169634309
486 0.6496266513497989
487 0.6530729465824239
488 0.6601569978939307
489 0.6630289105877848
490 0.6670495883591806
491 0.6680068925904652
492 0.6613057629714724
493 0.6622630672027571
494 0.6630289105877848
495 0.662454528049014
496 0.6599655370476738
497 0.6637947539728125
498 0.6683898142829792
499 0.6680068925904652
500 0.6670495883591806
501 0.6681983534367222
502 0.6699215010530346
503 0.6716446486693471
504 0.6737507179781734
505 0.6817920735209649
506 0.6733677962856596
507 0.6691556576680069
508 0.6664752058204098
509 0.6678154317442083
510 0.668581275129236
511 0.6676239708979513
512 0.6676239708979513
513 0.6683898142829792
514 0.6697300402067777
515 0.6747080222094581
516 0.6771970132107984
517 0.6777713957495692
518 0.6770055523645414
519 0.6762397089795137
520 0.6768140915182845
521 0.6756653264407428
522 0.6748994830557151
523 0.672219031208118
524 0.6731763354394027
525 0.6710702661305763
526 0.6735592571319166
527 0.6789201608271108
528 0.675282404748229
529 0.6773884740570554
530 0.6775799349033123
531 0.6789201608271108
532 0.675282404748229
533 0.6796860042121387
534 0.678537239134597
535 0.6821749952134788
536 0.6837066819835343
537 0.6858127512923607
538 0.6844725253685622
539 0.6808347692896802
540 0.6816006126747081
541 0.6806433084434234
542 0.6854298295998469
543 0.678537239134597
544 0.6812176909821941
545 0.6875358989086732
546 0.6829408385985066
547 0.6873444380624162
548 0.687918820601187
549 0.691365115833812
550 0.6930882634501244
551 0.6890675856787287
552 0.6873444380624162
553 0.6902163507562703
554 0.6921309592188397
555 0.6883017422937009
556 0.691365115833812
557 0.6867700555236455
558 0.6833237602910205
559 0.6867700555236455
560 0.6837066819835343
561 0.6829408385985066
562 0.6775799349033123
563 0.6775799349033123
564 0.6762397089795137
565 0.6798774650583955
566 0.6842810645223052
567 0.6819835343672219
568 0.6814091518284511
569 0.6829408385985066
570 0.6852383687535899
571 0.6886846639862149
572 0.6816006126747081
573 0.6816006126747081
574 0.6796860042121387
575 0.6817920735209649
576 0.6838981428297913
577 0.6802603867509094
578 0.6829408385985066
579 0.6867700555236455
580 0.6842810645223052
581 0.6825579169059928
582 0.6890675856787287
583 0.691365115833812
584 0.6896419682174996
585 0.6917480375263259
586 0.6894505073712426
587 0.687918820601187
588 0.69461995022018
589 0.7003637756078882
590 0.6982577062990618
591 0.6994064713766035
592 0.6965345586827494
593 0.7030442274554853
594 0.704192992533027
595 0.7032356883017423
596 0.7020869232242006
597 0.7018954623779438
598 0.6980662454528049
599 0.6992150105303465
600 0.7020869232242006
601 0.6995979322228604
602 0.7030442274554853
603 0.6965345586827494
604 0.6963430978364924
605 0.6990235496840896
606 0.7022783840704576
607 0.6992150105303465
608 0.704192992533027
609 0.7049588359180547
610 0.6988320888378327
611 0.6967260195290064
612 0.6997893930691174
613 0.7028527666092285
614 0.7066819835343672
615 0.7051502967643117
616 0.7080222094581659
617 0.7061076009955964
618 0.7057246793030825
619 0.7013210798391729
620 0.697874784606548
621 0.6982577062990618
622 0.6961516369902355
623 0.6959601761439785
624 0.694428489373923
625 0.6999808539153743
626 0.6990235496840896
627 0.6986406279915757
628 0.7038100708405132
629 0.707256366073138
630 0.7018954623779438
631 0.7036186099942562
632 0.704192992533027
633 0.6990235496840896
634 0.7032356883017423
635 0.7047673750717978
636 0.7030442274554853
637 0.7022783840704576
638 0.7026613057629715
639 0.7045759142255409
640 0.7078307486119089
641 0.7076392877656519
642 0.7038100708405132
643 0.7070649052268811
644 0.7018954623779438
645 0.6997893930691174
646 0.6921309592188397
647 0.6867700555236455
648 0.6877273597549302
649 0.6936626459888953
650 0.6917480375263259
651 0.6940455676814091
652 0.6988320888378327
653 0.6955772544514647
654 0.6961516369902355
655 0.6927053417576106
656 0.6927053417576106
657 0.6934711851426383
658 0.6894505073712426
659 0.6886846639862149
660 0.6812176909821941
661 0.6873444380624162
662 0.6877273597549302
663 0.6896419682174996
664 0.6927053417576106
665 0.6925138809113536
666 0.6932797242963814
667 0.6938541068351523
668 0.6905992724487843
669 0.6902163507562703
670 0.6965345586827494
671 0.6942370285276661
672 0.6955772544514647
673 0.7007466973004021
674 0.7038100708405132
675 0.7061076009955964
676 0.7055332184568256
677 0.6957687152977217
678 0.6938541068351523
679 0.6973004020677771
680 0.6995979322228604
681 0.6992150105303465
682 0.697874784606548
683 0.6992150105303465
684 0.7015125406854298
685 0.6973004020677771
686 0.6994064713766035
687 0.6976833237602911
688 0.697874784606548
689 0.7018954623779438
690 0.7022783840704576
691 0.6951943327589508
692 0.6932797242963814
693 0.6905992724487843
694 0.6905992724487843
695 0.6936626459888953
696 0.6936626459888953
697 0.6951943327589508
698 0.6940455676814091
699 0.7011296189929159
700 0.6999808539153743
