1 0.00019146084625694046
2 0.0003829216925138809
3 0.0007658433850277618
4 0.0005743825387708214
5 0.0005743825387708214
6 0.0009573042312847023
7 0.0019146084625694046
8 0.0030633735401110473
9 0.003254834386367988
10 0.0034462952326249283
11 0.00421213861765269
12 0.005935286233965154
13 0.007658433850277618
14 0.007658433850277618
15 0.0080413555427915
16 0.009381581466590082
17 0.009573042312847023
18 0.011104729082902547
19 0.01225349416044419
20 0.013402259237985832
21 0.014742485161784415
22 0.01665709362435382
23 0.017997319548152403
24 0.022017997319548153
25 0.022975301550832855
26 0.02431552747463144
27 0.02527283170591614
28 0.027570361860999426
29 0.02967643116982577
30 0.032356883017422934
31 0.033122726402450696
32 0.03465441317250622
33 0.03676048248133257
34 0.03867509094390197
35 0.0421213861765269
36 0.04250430786904078
37 0.043653072946582425
38 0.047482289871721234
39 0.04901397664177676
40 0.05265173272065862
41 0.05265173272065862
42 0.055906567107026614
43 0.06203331418724871
44 0.06260769672601953
45 0.06471376603484587
46 0.06873444380624162
47 0.06969174803752633
48 0.07256366073138043
49 0.07639287765651924
50 0.07830748611908865
51 0.07888186865785947
52 0.08098793796668581
53 0.0832854681217691
54 0.08500861573808156
55 0.08577445912310933
56 0.08941221520199119
57 0.09209266704958836
58 0.09439019720467165
59 0.09821941412981046
60 0.10147424851617844
61 0.10358031782500479
62 0.1012827876699215
63 0.10166570936243538
64 0.10453762205628948
65 0.10721807390388666
66 0.10989852575148382
67 0.11391920352287957
68 0.11698257706299062
69 0.12100325483438637
70 0.12444955006701129
71 0.12617269768332376
72 0.1278958452996362
73 0.128661688684664
74 0.13229944476354585
75 0.1334482098410875
76 0.13268236645605974
77 0.13651158338119854
78 0.13995787861382347
79 0.14302125215393452
80 0.1437870955389623
81 0.14493586061650393
82 0.14531878230901782
83 0.14799923415661498
84 0.15201991192801073
85 0.15450890292935096
86 0.15699789393069116
87 0.157572276469462
88 0.15623205054566341
89 0.16025272831705917
90 0.15986980662454528
91 0.16580509285851044
92 0.1684855447061076
93 0.1746122917863297
94 0.17537813517135745
95 0.17901589125023934
96 0.18093049971280872
97 0.1826536473291212
98 0.18227072563660732
99 0.18514263833046143
100 0.18533409917671836
101 0.19088646371816964
102 0.1926096113344821
103 0.19433275895079458
104 0.19471568064330844
105 0.19701321079839174
106 0.199310740953475
107 0.20122534941604442
108 0.20313995787861383
109 0.20562894887995406
110 0.20926670495883593
111 0.21328738273023168
112 0.21635075627034273
113 0.21845682557916907
114 0.22152019911928011
115 0.22554087689067587
116 0.23128470227838407
117 0.23415661497223816
118 0.2324334673559257
119 0.23071031973961326
120 0.23549684089603676
121 0.234730997511009
122 0.2408577445912311
123 0.24353819643882826
124 0.24162358797625885
125 0.24392111813134215
126 0.24621864828642542
127 0.2521539345203906
128 0.25157955198161974
129 0.25253685621290445
130 0.25004786521156425
131 0.2533026995979322
132 0.25789775990809877
133 0.26153551598698066
134 0.26134405514072373
135 0.2626842810645223
136 0.26230135937200844
137 0.2665134979896611
138 0.2672793413746889
139 0.27015125406854296
140 0.27206586253111237
141 0.2749377752249665
142 0.28087306145893165
143 0.27838407045759145
144 0.28259620907524413
145 0.28431935669155656
146 0.2858510434616121
147 0.2868083476928968
148 0.28968026038675093
149 0.2900631820792648
150 0.2891058778479801
151 0.29082902546429257
152 0.29140340800306336
153 0.29063756461803564
154 0.29408385985066055
155 0.2935094773118897
156 0.2998276852383688
157 0.3038483630097645
158 0.30557151062607696
159 0.3061458931648478
160 0.30920926670495885
161 0.31112387516752826
162 0.3115067968600421
163 0.31265556193758376
164 0.31533601378518095
165 0.3191652307103197
166 0.3245261344055141
167 0.3272065862531112
168 0.32931265556193756
169 0.3331418724870764
170 0.334290637564618
171 0.3392686195672985
172 0.33582232433467357
173 0.34175761056863874
174 0.34080030633735403
175 0.33295041164081945
176 0.3331418724870764
177 0.3360137851809305
178 0.3396515412598124
179 0.34348075818495116
180 0.34328929733869423
181 0.3492245835726594
182 0.35133065288148574
183 0.3526708788052843
184 0.3511391920352288
185 0.3511391920352288
186 0.3526708788052843
187 0.3545854872678537
188 0.35764886080796476
189 0.3578403216542217
190 0.36128661688684666
191 0.3643499904269577
192 0.3626268428106452
193 0.3662645988895271
194 0.3710511200459506
195 0.37181696343097836
196 0.36837066819835346
197 0.3700938158146659
198 0.3733486502010339
199 0.3739230327398047
200 0.37430595443231857
201 0.37066819835343673
202 0.37545471950986026
203 0.3817729274363393
204 0.3817729274363393
205 0.38311315336013785
206 0.38119854489756844
207 0.3863679877465058
208 0.38828259620907524
209 0.3854106835152211
210 0.3871338311315336
211 0.3852192226689642
212 0.3896228221328738
213 0.3898142829791308
214 0.39115450890292935
215 0.39402642159678347
216 0.3970897951368945
217 0.3968983342906376
218 0.4009190120620333
219 0.4030250813708597
220 0.405131150679686
221 0.40245069883208884
222 0.4041738464484013
223 0.4074286808347693
224 0.40953475014359564
225 0.4135554279149914
226 0.4145127321462761
227 0.4206394792264982
228 0.4177675665326441
229 0.42102240091901205
230 0.424468696151637
231 0.42293700938158146
232 0.42523453953666474
233 0.4240857744591231
234 0.4235113919203523
235 0.42389431361286617
236 0.4233199310740953
237 0.42427723530538003
238 0.42523453953666474
239 0.42714914799923415
240 0.42638330461420637
241 0.42427723530538003
242 0.4250430786904078
243 0.4296381390005744
244 0.43078690407811604
245 0.4284893739230327
246 0.43423319931074095
247 0.4328929733869424
248 0.437296572850852
249 0.43423319931074095
250 0.4349990426957687
251 0.4382538770821367
252 0.4415087114685047
253 0.44227455485353245
254 0.43978556385219225
255 0.4415087114685047
256 0.44035994639096304
257 0.4407428680834769
258 0.44591231093241435
259 0.45280490139766416
260 0.45012444955006703
261 0.45548535324526135
262 0.4587401876316293
263 0.4591231093241432
264 0.4612291786329696
265 0.46065479609419874
266 0.4612291786329696
267 0.4612291786329696
268 0.46505839555810835
269 0.4637181696343098
270 0.46429255217308063
271 0.46256940455676815
272 0.46544131725062227
273 0.4639096304805667
274 0.4681217690982194
275 0.4717595251771013
276 0.46965345586827495
277 0.472716829408386
278 0.4765460463335248
279 0.47635458548726783
280 0.47865211564235116
281 0.47731188971855254
282 0.4736741336396707
283 0.4765460463335248
284 0.47539728125598313
285 0.4794179590273789
286 0.47750335056480947
287 0.48114110664369136
288 0.4830557151062608
289 0.4840130193375455
290 0.485544706107601
291 0.4866934711851426
292 0.4903312272640245
293 0.4932031399578786
294 0.49167145318782307
295 0.492054374880337
296 0.4926287574191078
297 0.49147999234156614
298 0.49339460080413555
299 0.4947348267279341
300 0.49186291403408006
301 0.4947348267279341
302 0.49416044418916333
303 0.4955006701129619
304 0.4955006701129619
305 0.49607505265173274
306 0.4928202182653647
307 0.4926287574191078
308 0.4922458357265939
309 0.49339460080413555
310 0.49071414895653837
311 0.49435190503542026
312 0.4932031399578786
313 0.4912885314953092
314 0.4947348267279341
315 0.49875550449932987
316 0.5008615738081562
317 0.5064139383496075
318 0.5077541642734061
319 0.5075627034271492
320 0.504882251579552
321 0.5058395558108367
322 0.507945625119663
323 0.5058395558108367
324 0.5029676431169826
325 0.5043078690407812
326 0.5031591039632395
327 0.5071797817346353
328 0.5073712425808922
329 0.5117748420448018
330 0.5089029293509477
331 0.5064139383496075
332 0.5029676431169826
333 0.5037334865020103
334 0.5087114685046908
335 0.507945625119663
336 0.5148382155849129
337 0.5117748420448018
338 0.5096687727359754
339 0.5083285468121769
340 0.5058395558108367
341 0.507945625119663
342 0.504690790733295
343 0.5037334865020103
344 0.5085200076584339
345 0.5090943901972047
346 0.5069883208883783
347 0.5054566341183228
348 0.5092858510434616
349 0.50813708596592
350 0.5060310166570936
351 0.5131150679686004
352 0.5117748420448018
353 0.5131150679686004
354 0.5117748420448018
355 0.5159869806624545
356 0.5194332758950795
357 0.5215393452039058
358 0.5219222668964196
359 0.5251771012827877
360 0.5270917097453571
361 0.5246027187440169
362 0.5280490139766417
363 0.5286233965154126
364 0.5309209266704958
365 0.5393452039058013
366 0.5339843002106069
367 0.5343672219031208
368 0.5385793605207735
369 0.5420256557533984
370 0.5378135171357458
371 0.5330269959793222
372 0.5280490139766417
373 0.5288148573616696
374 0.5366647520582041
375 0.5387708213670305
376 0.5412598123683706
377 0.5391537430595443
378 0.5410683515221137
379 0.5403025081370859
380 0.5412598123683706
381 0.5418341949071415
382 0.5366647520582041
383 0.5358989086731764
384 0.5416427340608846
385 0.5493011679111621
386 0.5462377943710511
387 0.5416427340608846
388 0.5443231859084817
389 0.5447061076009956
390 0.5470036377560789
391 0.5477694811411067
392 0.5479609419873636
393 0.5489182462186483
394 0.5477694811411067
395 0.553130384836301
396 0.5558108366838982
397 0.5571510626076968
398 0.5584912885314953
399 0.5602144361478077
400 0.5579169059927245
401 0.562894887995405
402 0.5697874784606548
403 0.5667241049205437
404 0.5680643308443424
405 0.5697874784606548
406 0.5703618609994257
407 0.569213095921884
408 0.569404556768141
409 0.5705533218456825
410 0.5717020869232242
411 0.5780202948497032
412 0.5739996170783075
413 0.575531303848363
414 0.5730423128470228
415 0.5720850086157381
416 0.5741910779245645
417 0.5797434424660157
418 0.5772544514646755
419 0.5730423128470228
420 0.5738081562320505
421 0.5736166953857936
422 0.5682557916905993
423 0.5707447826919395
424 0.5782117556959602
425 0.5764886080796477
426 0.5791690599272449
427 0.582232433467356
428 0.581849511774842
429 0.5879762588550641
430 0.5858701895462378
431 0.585487267853724
432 0.5829982768523837
433 0.5870189546237794
434 0.5906567107026613
435 0.594868849320314
436 0.5975493011679112
437 0.5933371625502585
438 0.591614014933946
439 0.5925713191652308
440 0.5975493011679112
441 0.6029102048631055
442 0.6004212138617653
443 0.6015699789393069
444 0.6019529006318208
445 0.5996553704767376
446 0.5960176143978556
447 0.6008041355542791
448 0.5990809879379667
449 0.6036760482481333
450 0.6025272831705916
451 0.6029102048631055
452 0.6009955964005361
453 0.6038675090943902
454 0.6069308826345012
455 0.6115259429446678
456 0.6101857170208692
457 0.6078881868657859
458 0.6145893164847789
459 0.6170783074861191
460 0.6199502201799731
461 0.6182270725636607
462 0.6203331418724871
463 0.6278001148765078
464 0.6287574191077925
465 0.6308634884166188
466 0.6310549492628758
467 0.6308634884166188
468 0.6329695577254452
469 0.6306720275703619
470 0.6308634884166188
471 0.6320122534941605
472 0.6343097836492437
473 0.633161018571702
474 0.6329695577254452
475 0.6308634884166188
476 0.6274171931839939
477 0.630289105877848
478 0.6299061841853341
479 0.6276086540302508
480 0.6232050545663412
481 0.6247367413363967
482 0.6272257323377369
483 0.636798774650584
484 0.6350756270342715
485 0.6373731571893547
486 0.6346927053417576
487 0.6348841661880146
488 0.6383304614206394
489 0.6433084434233199
490 0.6396706873444381
491 0.633352479417959
492 0.6262684281064522
493 0.6285659582615355
494 0.6310549492628758
495 0.6373731571893547
496 0.6387133831131534
497 0.6387133831131534
498 0.6406279915757228
499 0.6362243921118131
500 0.6371816963430978
501 0.6346927053417576
502 0.6408194524219797
503 0.6387133831131534
504 0.6473291211947156
505 0.6473291211947156
506 0.6425426000382922
507 0.6394792264981811
508 0.6404365307294658
509 0.6404365307294658
510 0.6412023741144935
511 0.6415852958070075
512 0.6469461995022018
513 0.6513497989661114
514 0.652881485736167
515 0.6463718169634309
516 0.6465632778096879
517 0.6450315910396324
518 0.6498181121960559
519 0.6532644074286809
520 0.6536473291211947
521 0.649435190503542
522 0.6530729465824239
523 0.6515412598123683
524 0.6546046333524794
525 0.6574765460463335
526 0.6588167719701321
527 0.6576680068925904
528 0.6569021635075627
529 0.6553704767375071
530 0.6588167719701321
531 0.6601569978939307
532 0.6611143021252154
533 0.6616886846639862
534 0.6628374497415278
535 0.6628374497415278
536 0.6590082328163891
537 0.6616886846639862
538 0.6611143021252154
539 0.6628374497415278
540 0.6618801455102431
541 0.6603484587401877
542 0.6634118322802987
543 0.6681983534367222
544 0.6664752058204098
545 0.6653264407428681
546 0.6649435190503542
547 0.6647520582040972
548 0.6704958835918055
549 0.6678154317442083
550 0.668581275129236
551 0.6683898142829792
552 0.6748994830557151
553 0.6794945433658817
554 0.6747080222094581
555 0.6668581275129236
556 0.6733677962856596
557 0.678537239134597
558 0.6771970132107984
559 0.6771970132107984
560 0.6768140915182845
561 0.6789201608271108
562 0.6838981428297913
563 0.6831322994447635
564 0.6835152211372775
565 0.687918820601187
566 0.6909821941412981
567 0.6844725253685622
568 0.6844725253685622
569 0.6840896036760482
570 0.684663986214819
571 0.6837066819835343
572 0.6783457782883401
573 0.6773884740570554
574 0.6777713957495692
575 0.6850469079073329
576 0.684855447061076
577 0.6871529772161593
578 0.6869615163699023
579 0.6831322994447635
580 0.6812176909821941
581 0.6791116216733678
582 0.6791116216733678
583 0.6814091518284511
584 0.6842810645223052
585 0.6827493777522496
586 0.6837066819835343
587 0.6838981428297913
588 0.6837066819835343
589 0.6844725253685622
590 0.6858127512923607
591 0.688110281447444
592 0.6867700555236455
593 0.6873444380624162
594 0.6886846639862149
595 0.6884932031399579
596 0.6810262301359372
597 0.6793030825196248
598 0.6779628565958261
599 0.6783457782883401
600 0.6735592571319166
601 0.6773884740570554
602 0.6706873444380624
603 0.6733677962856596
604 0.6762397089795137
605 0.6733677962856596
606 0.6760482481332567
607 0.6747080222094581
608 0.6783457782883401
609 0.6817920735209649
610 0.6869615163699023
611 0.691365115833812
612 0.69461995022018
613 0.6907907332950411
614 0.6852383687535899
615 0.6909821941412981
616 0.6869615163699023
617 0.6884932031399579
618 0.6894505073712426
619 0.691556576680069
620 0.6900248899100134
621 0.6951943327589508
622 0.6971089412215202
623 0.6936626459888953
624 0.697874784606548
625 0.6976833237602911
626 0.7017040015316868
627 0.7053417576105686
628 0.7043844533792839
629 0.6976833237602911
630 0.6950028719126938
631 0.6951943327589508
632 0.6892590465249856
633 0.6934711851426383
634 0.694428489373923
635 0.6940455676814091
636 0.6921309592188397
637 0.6907907332950411
638 0.6950028719126938
639 0.6921309592188397
640 0.6861956729848746
641 0.6892590465249856
642 0.6892590465249856
643 0.6863871338311315
644 0.6888761248324717
645 0.6894505073712426
646 0.6919394983725828
647 0.6927053417576106
648 0.6942370285276661
649 0.6936626459888953
650 0.6942370285276661
651 0.6973004020677771
652 0.6965345586827494
653 0.69461995022018
654 0.6957687152977217
655 0.6930882634501244
656 0.691365115833812
657 0.6890675856787287
658 0.6840896036760482
659 0.6796860042121387
660 0.6794945433658817
661 0.6835152211372775
662 0.6812176909821941
663 0.6798774650583955
664 0.6810262301359372
665 0.678537239134597
666 0.6816006126747081
667 0.6794945433658817
668 0.678728699980854
669 0.6819835343672219
670 0.6860042121386176
671 0.6860042121386176
672 0.6821749952134788
673 0.6865785946773885
674 0.691365115833812
675 0.6896419682174996
676 0.6858127512923607
677 0.6860042121386176
678 0.6861956729848746
679 0.6860042121386176
680 0.684663986214819
681 0.6835152211372775
682 0.6919394983725828
683 0.6938541068351523
684 0.69461995022018
685 0.6982577062990618
686 0.7005552364541451
687 0.7030442274554853
688 0.7007466973004021
689 0.7013210798391729
690 0.6984491671453188
691 0.6965345586827494
692 0.694811411066437
693 0.6932797242963814
694 0.6928968026038675
695 0.6965345586827494
696 0.6932797242963814
697 0.6969174803752632
698 0.6940455676814091
699 0.6934711851426383
700 0.6995979322228604
