1 0.0003829216925138809
2 0.0005743825387708214
3 0.0003829216925138809
4 0.00019146084625694046
5 0.00019146084625694046
6 0.00019146084625694046
7 0.00019146084625694046
8 0.00019146084625694046
9 0.00019146084625694046
10 0.00019146084625694046
11 0.0003829216925138809
12 0.0003829216925138809
13 0.0003829216925138809
14 0.0003829216925138809
15 0.0003829216925138809
16 0.00019146084625694046
17 0.00019146084625694046
18 0.00019146084625694046
19 0.00019146084625694046
20 0.00019146084625694046
21 0.0003829216925138809
22 0.0003829216925138809
23 0.0003829216925138809
24 0.0003829216925138809
25 0.0003829216925138809
26 0.0005743825387708214
27 0.0007658433850277618
28 0.0009573042312847023
29 0.0007658433850277618
30 0.0007658433850277618
31 0.0009573042312847023
32 0.0011487650775416428
33 0.0011487650775416428
34 0.0011487650775416428
35 0.0011487650775416428
36 0.0009573042312847023
37 0.0009573042312847023
38 0.0009573042312847023
39 0.0011487650775416428
40 0.0009573042312847023
41 0.0007658433850277618
42 0.0009573042312847023
43 0.0011487650775416428
44 0.0013402259237985832
45 0.0013402259237985832
46 0.0013402259237985832
47 0.0013402259237985832
48 0.0011487650775416428
49 0.0011487650775416428
50 0.0011487650775416428
51 0.0011487650775416428
52 0.0011487650775416428
53 0.0013402259237985832
54 0.0013402259237985832
55 0.0013402259237985832
56 0.0013402259237985832
57 0.0015316867700555237
58 0.0017231476163124641
59 0.0017231476163124641
60 0.0017231476163124641
61 0.0019146084625694046
62 0.0015316867700555237
63 0.0015316867700555237
64 0.0019146084625694046
65 0.0017231476163124641
66 0.0015316867700555237
67 0.0015316867700555237
68 0.0017231476163124641
69 0.0017231476163124641
70 0.0019146084625694046
71 0.0015316867700555237
72 0.0017231476163124641
73 0.0019146084625694046
74 0.0019146084625694046
75 0.0022975301550832855
76 0.002488991001340226
77 0.0026804518475971664
78 0.002871912693854107
79 0.0030633735401110473
80 0.002871912693854107
81 0.003254834386367988
82 0.0030633735401110473
83 0.0026804518475971664
84 0.003254834386367988
85 0.0030633735401110473
86 0.0036377560788818687
87 0.0034462952326249283
88 0.003254834386367988
89 0.0030633735401110473
90 0.003254834386367988
91 0.0030633735401110473
92 0.002871912693854107
93 0.002871912693854107
94 0.0030633735401110473
95 0.003254834386367988
96 0.002871912693854107
97 0.0030633735401110473
98 0.002488991001340226
99 0.0026804518475971664
100 0.0026804518475971664
101 0.002871912693854107
102 0.0030633735401110473
103 0.0030633735401110473
104 0.0030633735401110473
105 0.0030633735401110473
106 0.002871912693854107
107 0.0026804518475971664
108 0.002488991001340226
109 0.0026804518475971664
110 0.0026804518475971664
111 0.0026804518475971664
112 0.0030633735401110473
113 0.0026804518475971664
114 0.002871912693854107
115 0.0030633735401110473
116 0.003254834386367988
117 0.003254834386367988
118 0.0034462952326249283
119 0.0034462952326249283
120 0.0034462952326249283
121 0.0034462952326249283
122 0.0034462952326249283
123 0.0036377560788818687
124 0.0036377560788818687
125 0.0036377560788818687
126 0.0036377560788818687
127 0.00402067777139575
128 0.00402067777139575
129 0.00402067777139575
130 0.003829216925138809
131 0.003829216925138809
132 0.00421213861765269
133 0.003829216925138809
134 0.003829216925138809
135 0.0034462952326249283
136 0.0034462952326249283
137 0.0034462952326249283
138 0.00402067777139575
139 0.0044035994639096306
140 0.00402067777139575
141 0.0034462952326249283
142 0.00421213861765269
143 0.00421213861765269
144 0.00421213861765269
145 0.00402067777139575
146 0.00402067777139575
147 0.00402067777139575
148 0.00402067777139575
149 0.0044035994639096306
150 0.004595060310166571
151 0.004977982002680452
152 0.0047865211564235115
153 0.004595060310166571
154 0.0047865211564235115
155 0.005360903695194333
156 0.0044035994639096306
157 0.0047865211564235115
158 0.0044035994639096306
159 0.0047865211564235115
160 0.0047865211564235115
161 0.005169442848937392
162 0.005552364541451273
163 0.005360903695194333
164 0.005169442848937392
165 0.005169442848937392
166 0.004977982002680452
167 0.005552364541451273
168 0.0068925904652498565
169 0.006509668772735976
170 0.006509668772735976
171 0.006509668772735976
172 0.006701129618992916
173 0.0068925904652498565
174 0.006509668772735976
175 0.007084051311506797
176 0.007658433850277618
177 0.007849894696534559
178 0.007658433850277618
179 0.007658433850277618
180 0.00842427723530538
181 0.0080413555427915
182 0.007466973004020678
183 0.007084051311506797
184 0.007658433850277618
185 0.007849894696534559
186 0.007466973004020678
187 0.007466973004020678
188 0.007466973004020678
189 0.007084051311506797
190 0.007466973004020678
191 0.0080413555427915
192 0.00823281638904844
193 0.007658433850277618
194 0.007658433850277618
195 0.007466973004020678
196 0.007849894696534559
197 0.00823281638904844
198 0.008998659774076202
199 0.0080413555427915
200 0.007849894696534559
201 0.007849894696534559
202 0.0080413555427915
203 0.0080413555427915
204 0.00842427723530538
205 0.00823281638904844
206 0.00842427723530538
207 0.00842427723530538
208 0.00823281638904844
209 0.00823281638904844
210 0.0080413555427915
211 0.007658433850277618
212 0.007466973004020678
213 0.007658433850277618
214 0.0080413555427915
215 0.0080413555427915
216 0.007658433850277618
217 0.007658433850277618
218 0.007849894696534559
219 0.007849894696534559
220 0.007849894696534559
221 0.007849894696534559
222 0.00842427723530538
223 0.00861573808156232
224 0.00842427723530538
225 0.008998659774076202
226 0.00861573808156232
227 0.00842427723530538
228 0.00842427723530538
229 0.00842427723530538
230 0.00823281638904844
231 0.00842427723530538
232 0.00842427723530538
233 0.00861573808156232
234 0.0080413555427915
235 0.00842427723530538
236 0.007849894696534559
237 0.0080413555427915
238 0.00861573808156232
239 0.008998659774076202
240 0.00842427723530538
241 0.00823281638904844
242 0.00823281638904844
243 0.00842427723530538
244 0.00861573808156232
245 0.008807198927819261
246 0.009190120620333142
247 0.009190120620333142
248 0.009573042312847023
249 0.010147424851617844
250 0.009573042312847023
251 0.009764503159103963
252 0.010338885697874785
253 0.010530346544131725
254 0.009955964005360904
255 0.010338885697874785
256 0.010147424851617844
257 0.010530346544131725
258 0.010530346544131725
259 0.011104729082902547
260 0.010338885697874785
261 0.010721807390388666
262 0.009955964005360904
263 0.010530346544131725
264 0.010147424851617844
265 0.010913268236645606
266 0.011487650775416428
267 0.011104729082902547
268 0.011104729082902547
269 0.011296189929159487
270 0.011487650775416428
271 0.011487650775416428
272 0.011679111621673368
273 0.011870572467930308
274 0.012062033314187249
275 0.012062033314187249
276 0.011870572467930308
277 0.011870572467930308
278 0.01225349416044419
279 0.01244495500670113
280 0.011870572467930308
281 0.011679111621673368
282 0.01225349416044419
283 0.01244495500670113
284 0.012062033314187249
285 0.011870572467930308
286 0.012062033314187249
287 0.01225349416044419
288 0.01263641585295807
289 0.01244495500670113
290 0.01244495500670113
291 0.01244495500670113
292 0.01282787669921501
293 0.01244495500670113
294 0.01263641585295807
295 0.013210798391728892
296 0.013210798391728892
297 0.013019337545471951
298 0.013019337545471951
299 0.013210798391728892
300 0.013785180930499713
301 0.014168102623013594
302 0.013785180930499713
303 0.013402259237985832
304 0.013593720084242773
305 0.013593720084242773
306 0.013593720084242773
307 0.01282787669921501
308 0.013019337545471951
309 0.013210798391728892
310 0.01244495500670113
311 0.01244495500670113
312 0.01225349416044419
313 0.013402259237985832
314 0.013019337545471951
315 0.01282787669921501
316 0.013402259237985832
317 0.013593720084242773
318 0.013785180930499713
319 0.013785180930499713
320 0.013976641776756654
321 0.013976641776756654
322 0.014168102623013594
323 0.013785180930499713
324 0.013785180930499713
325 0.013402259237985832
326 0.013785180930499713
327 0.013785180930499713
328 0.014168102623013594
329 0.013402259237985832
330 0.013785180930499713
331 0.013019337545471951
332 0.01282787669921501
333 0.013593720084242773
334 0.013593720084242773
335 0.014742485161784415
336 0.014933946008041356
337 0.014359563469270534
338 0.015125406854298296
339 0.014359563469270534
340 0.014359563469270534
341 0.013976641776756654
342 0.013785180930499713
343 0.013976641776756654
344 0.013785180930499713
345 0.013593720084242773
346 0.013593720084242773
347 0.013019337545471951
348 0.01282787669921501
349 0.013785180930499713
350 0.013785180930499713
351 0.013785180930499713
352 0.014359563469270534
353 0.014168102623013594
354 0.014168102623013594
355 0.013402259237985832
356 0.013402259237985832
357 0.013785180930499713
358 0.013785180930499713
359 0.013785180930499713
360 0.014359563469270534
361 0.014551024315527475
362 0.014742485161784415
363 0.014168102623013594
364 0.013402259237985832
365 0.01282787669921501
366 0.013593720084242773
367 0.013402259237985832
368 0.013976641776756654
369 0.014168102623013594
370 0.013976641776756654
371 0.014359563469270534
372 0.014168102623013594
373 0.014742485161784415
374 0.013785180930499713
375 0.014359563469270534
376 0.014168102623013594
377 0.013402259237985832
378 0.013210798391728892
379 0.013019337545471951
380 0.013019337545471951
381 0.01244495500670113
382 0.01282787669921501
383 0.013210798391728892
384 0.013785180930499713
385 0.014933946008041356
386 0.014551024315527475
387 0.014551024315527475
388 0.014168102623013594
389 0.014359563469270534
390 0.014359563469270534
391 0.014359563469270534
392 0.014742485161784415
393 0.015508328546812177
394 0.015891250239326058
395 0.01684855447061076
396 0.0170400153168677
397 0.01684855447061076
398 0.01684855447061076
399 0.01665709362435382
400 0.016082711085583
401 0.01684855447061076
402 0.0170400153168677
403 0.01684855447061076
404 0.016082711085583
405 0.015316867700555237
406 0.015316867700555237
407 0.015891250239326058
408 0.015508328546812177
409 0.015508328546812177
410 0.014933946008041356
411 0.015125406854298296
412 0.015316867700555237
413 0.01627417193183994
414 0.015699789393069118
415 0.014742485161784415
416 0.014933946008041356
417 0.014933946008041356
418 0.015508328546812177
419 0.015891250239326058
420 0.015125406854298296
421 0.015699789393069118
422 0.014551024315527475
423 0.014742485161784415
424 0.014742485161784415
425 0.013593720084242773
426 0.013785180930499713
427 0.013976641776756654
428 0.013785180930499713
429 0.013785180930499713
430 0.014933946008041356
431 0.015699789393069118
432 0.01665709362435382
433 0.015891250239326058
434 0.015699789393069118
435 0.015891250239326058
436 0.015699789393069118
437 0.015891250239326058
438 0.01646563277809688
439 0.01665709362435382
440 0.01684855447061076
441 0.01646563277809688
442 0.01665709362435382
443 0.01684855447061076
444 0.01646563277809688
445 0.01684855447061076
446 0.016082711085583
447 0.01646563277809688
448 0.01646563277809688
449 0.01627417193183994
450 0.01665709362435382
451 0.017614397855638522
452 0.01684855447061076
453 0.01646563277809688
454 0.01627417193183994
455 0.016082711085583
456 0.015699789393069118
457 0.015125406854298296
458 0.015699789393069118
459 0.015699789393069118
460 0.016082711085583
461 0.01646563277809688
462 0.01684855447061076
463 0.0170400153168677
464 0.01665709362435382
465 0.017422937009381582
466 0.017422937009381582
467 0.018188780394409344
468 0.017997319548152403
469 0.017997319548152403
470 0.018188780394409344
471 0.017614397855638522
472 0.0170400153168677
473 0.01684855447061076
474 0.01646563277809688
475 0.01646563277809688
476 0.01627417193183994
477 0.01646563277809688
478 0.0170400153168677
479 0.01646563277809688
480 0.01646563277809688
481 0.01684855447061076
482 0.01723147616312464
483 0.017614397855638522
484 0.017422937009381582
485 0.017614397855638522
486 0.017614397855638522
487 0.017422937009381582
488 0.017422937009381582
489 0.017997319548152403
490 0.017997319548152403
491 0.017997319548152403
492 0.018571702086923225
493 0.018954623779437105
494 0.018380241240666284
495 0.018380241240666284
496 0.018380241240666284
497 0.018763162933180165
498 0.018188780394409344
499 0.017614397855638522
500 0.017614397855638522
501 0.017614397855638522
502 0.018763162933180165
503 0.018954623779437105
504 0.018188780394409344
505 0.017805858701895463
506 0.018188780394409344
507 0.017805858701895463
508 0.017422937009381582
509 0.01723147616312464
510 0.017614397855638522
511 0.0170400153168677
512 0.017614397855638522
513 0.0170400153168677
514 0.0170400153168677
515 0.01723147616312464
516 0.017805858701895463
517 0.017805858701895463
518 0.01723147616312464
519 0.018380241240666284
520 0.017614397855638522
521 0.019529006318207927
522 0.018763162933180165
523 0.018188780394409344
524 0.017997319548152403
525 0.017997319548152403
526 0.018954623779437105
527 0.019911928010721808
528 0.019911928010721808
529 0.02048631054949263
530 0.02106069308826345
531 0.02125215393452039
532 0.021635075627034272
533 0.02125215393452039
534 0.021826536473291212
535 0.02106069308826345
536 0.022017997319548153
537 0.023358223243346736
538 0.02488991001340226
539 0.02527283170591614
540 0.02488991001340226
541 0.02488991001340226
542 0.02431552747463144
543 0.02431552747463144
544 0.02431552747463144
545 0.0250813708596592
546 0.02469844916714532
547 0.024124066628374498
548 0.02431552747463144
549 0.02488991001340226
550 0.026038675090943902
551 0.025847214244686962
552 0.026613057629714724
553 0.026613057629714724
554 0.025847214244686962
555 0.02565575339843002
556 0.026421596783457783
557 0.027187440168485545
558 0.026613057629714724
559 0.026995979322228605
560 0.027761822707256367
561 0.02891058778479801
562 0.02910204863105495
563 0.02871912693854107
564 0.02871912693854107
565 0.02910204863105495
566 0.028144744399770247
567 0.028336205246027188
568 0.028336205246027188
569 0.02852766609228413
570 0.02948497032356883
571 0.02910204863105495
572 0.02967643116982577
573 0.02910204863105495
574 0.02910204863105495
575 0.030442274554853533
576 0.02948497032356883
577 0.02948497032356883
578 0.02948497032356883
579 0.030633735401110473
580 0.02910204863105495
581 0.031016657093624354
582 0.031782500478652116
583 0.03350564809496458
584 0.032356883017422934
585 0.03293126555619376
586 0.03254834386367988
587 0.03331418724870764
588 0.032356883017422934
589 0.03350564809496458
590 0.03427149147999234
591 0.03446295232624928
592 0.03369710894122152
593 0.032356883017422934
594 0.03293126555619376
595 0.03197396132490905
596 0.03369710894122152
597 0.0350373348650201
598 0.035994639096304806
599 0.03637756078881869
600 0.034845874018763164
601 0.035611717403790925
602 0.03542025655753398
603 0.03637756078881869
604 0.035228795711277044
605 0.03580317825004786
606 0.0350373348650201
607 0.03427149147999234
608 0.0350373348650201
609 0.03637756078881869
610 0.03790924755887421
611 0.03829216925138809
612 0.03810070840513115
613 0.03867509094390197
614 0.03867509094390197
615 0.03829216925138809
616 0.03829216925138809
617 0.03790924755887421
618 0.03829216925138809
619 0.03790924755887421
620 0.03790924755887421
621 0.03848363009764503
622 0.03886655179015891
623 0.03714340417384645
624 0.037334865020103386
625 0.03752632586636033
626 0.03752632586636033
627 0.039058012636415854
628 0.039058012636415854
629 0.03924947348267279
630 0.03867509094390197
631 0.04001531686770055
632 0.04039823856021443
633 0.040206777713957496
634 0.040206777713957496
635 0.039823856021443615
636 0.040781160252728314
637 0.04001531686770055
638 0.04058969940647138
639 0.041547003637756076
640 0.040781160252728314
641 0.04269576871529772
642 0.04422745548535324
643 0.04422745548535324
644 0.04288722956155466
645 0.04288722956155466
646 0.0430786904078116
647 0.0430786904078116
648 0.04231284702278384
649 0.044035994639096306
650 0.043653072946582425
651 0.04269576871529772
652 0.04173846448401302
653 0.04269576871529772
654 0.041164081945242195
655 0.0430786904078116
656 0.04250430786904078
657 0.04346161210032548
658 0.043270151254068544
659 0.04231284702278384
660 0.04250430786904078
661 0.04269576871529772
662 0.04384453379283936
663 0.04518475971663795
664 0.047865211564235115
665 0.047482289871721234
666 0.047865211564235115
667 0.048248133256748996
668 0.048822515795519814
669 0.04977982002680452
670 0.05092858510434616
671 0.0511200459506031
672 0.053034654413172504
673 0.05265173272065862
674 0.0511200459506031
675 0.052077350181887805
676 0.05284319356691557
677 0.053800497798200266
678 0.053800497798200266
679 0.054183419490714146
680 0.05456634118322803
681 0.05571510626076967
682 0.05552364541451273
683 0.05437488033697109
684 0.05609802795328355
685 0.05609802795328355
686 0.057629714723339075
687 0.05896994064713766
688 0.05954432318590848
689 0.05954432318590848
690 0.05973578403216542
691 0.06165039249473483
692 0.06318207926479034
693 0.06452230518858894
694 0.06452230518858894
695 0.06413938349607505
696 0.0639479226498181
697 0.06490522688110281
698 0.06547960941987363
699 0.06567107026613057
700 0.06662837449741528
