1 0.0005743825387708214
2 0.0009573042312847023
3 0.0017231476163124641
4 0.0026804518475971664
5 0.00402067777139575
6 0.005169442848937392
7 0.007084051311506797
8 0.0068925904652498565
9 0.008998659774076202
10 0.010530346544131725
11 0.01244495500670113
12 0.013785180930499713
13 0.013785180930499713
14 0.014551024315527475
15 0.015316867700555237
16 0.01665709362435382
17 0.017614397855638522
18 0.019337545471950986
19 0.02029484970323569
20 0.022783840704575915
21 0.023932605782117557
22 0.02565575339843002
23 0.027761822707256367
24 0.02967643116982577
25 0.03159103963239517
26 0.031399578786138235
27 0.03254834386367988
28 0.03637756078881869
29 0.037334865020103386
30 0.039440934328929735
31 0.04250430786904078
32 0.045376220562894885
33 0.047865211564235115
34 0.0501627417193184
35 0.05073712425808922
36 0.05322611525942945
37 0.05360903695194333
38 0.05552364541451273
39 0.057629714723339075
40 0.060501627417193185
41 0.060501627417193185
42 0.061841853340991765
43 0.06413938349607505
44 0.06950028719126938
45 0.06835152211372775
46 0.06969174803752633
47 0.07237219988512349
48 0.07466973004020677
49 0.07754164273406089
50 0.07830748611908865
51 0.07926479035037334
52 0.08079647712042887
53 0.08347692896802604
54 0.08673176335439403
55 0.08979513689450508
56 0.0903695194332759
57 0.09151828451081753
58 0.09649626651349799
59 0.09764503159103963
60 0.09860233582232433
61 0.09860233582232433
62 0.09955964005360904
63 0.10300593528623396
64 0.10166570936243538
65 0.10243155274746314
66 0.1064522305188589
67 0.11008998659774076
68 0.11506796860042122
69 0.11659965537047674
70 0.11851426383304614
71 0.12272640245069884
72 0.12483247175952518
73 0.12502393260578212
74 0.1282787669921501
75 0.12981045376220562
76 0.13191652307103197
77 0.13076775799349033
78 0.13555427914991383
79 0.13995787861382347
80 0.141489565383879
81 0.14646754738655945
82 0.14780777331035802
83 0.15067968600421214
84 0.1514455293892399
85 0.15584912885314953
86 0.15604058969940648
87 0.15718935477694812
88 0.15986980662454528
89 0.1656136320122535
90 0.16599655370476737
91 0.17078307486119088
92 0.17403790924755888
93 0.17863296955772545
94 0.1807390388665518
95 0.18303656902163506
96 0.1813134214053226
97 0.1845682557916906
98 0.1860999425617461
99 0.18954623779437105
100 0.18801455102431552
101 0.19050354202565575
102 0.19567298487459314
103 0.19892781926096115
104 0.2016082711085583
105 0.20524602718744017
106 0.20390580126364158
107 0.20313995787861383
108 0.20696917480375263
109 0.20658625311123874
110 0.20811793988129426
111 0.20696917480375263
112 0.2115642351139192
113 0.21558491288531495
114 0.2173080605016274
115 0.2176909821941413
116 0.21749952134788436
117 0.2199885123492246
118 0.2276469461995022
119 0.22860425043078691
120 0.2328163890484396
121 0.23434807581849512
122 0.237985831897377
123 0.2408577445912311
124 0.2408577445912311
125 0.24392111813134215
126 0.24679303082519624
127 0.25196247367413366
128 0.25291977790541836
129 0.25426000382921693
130 0.2523453953666475
131 0.2527283170591614
132 0.2546429255217308
133 0.25789775990809877
134 0.25904652498564046
135 0.2644074286808348
136 0.2688110281447444
137 0.26861956729848746
138 0.2672793413746889
139 0.2743633926861957
140 0.27627800114876505
141 0.27723530538004976
142 0.27723530538004976
143 0.2768523836875359
144 0.2785755313038484
145 0.2768523836875359
146 0.2804901397664178
147 0.2854681217690982
148 0.2877656519241815
149 0.2871912693854107
150 0.28853149530920924
151 0.2915948688493203
152 0.2917863296955773
153 0.29331801646563277
154 0.29331801646563277
155 0.29408385985066055
156 0.299061841853341
157 0.299061841853341
158 0.2986789201608271
159 0.3005935286233965
160 0.3038483630097645
161 0.30652881485736166
162 0.30557151062607696
163 0.3067202757036186
164 0.3094007275512158
165 0.3138043270151254
166 0.31169825770629905
167 0.31629331801646565
168 0.3157189354776948
169 0.3157189354776948
170 0.31495309209266703
171 0.3164847788627226
172 0.3180164656327781
173 0.3176335439402642
174 0.3189737698640628
175 0.3210798391728891
176 0.32242006509668775
177 0.3254834386367988
178 0.32931265556193756
179 0.32758950794562514
180 0.3262492820218265
181 0.33007849894696534
182 0.32758950794562514
183 0.3298870381007084
184 0.33103580317825004
185 0.33295041164081945
186 0.3327589507945625
187 0.33371625502584723
188 0.33543940264215966
189 0.3352479417959027
190 0.334290637564618
191 0.33563086348841664
192 0.3340991767183611
193 0.3350564809496458
194 0.3402259237985832
195 0.3429063756461804
196 0.3455868274937775
197 0.3509477311889719
198 0.35477694811411065
199 0.356883017422937
200 0.3616695385793605
201 0.35994639096304804
202 0.3626268428106452
203 0.3639670687344438
204 0.3668389814282979
205 0.36569021635075627
206 0.366647520582041
207 0.3676048248133257
208 0.37296572850852
209 0.37296572850852
210 0.3773693279724296
211 0.3844533792839364
212 0.38407045759142255
213 0.38215584912885314
214 0.38502776182270726
215 0.38598506605399197
216 0.3834960750526517
217 0.38215584912885314
218 0.38770821367030445
219 0.38866551790158915
220 0.3898142829791308
221 0.39479226498181125
222 0.39383496075052654
223 0.3959410300593529
224 0.3976641776756653
225 0.3993873252919778
226 0.39919586444572086
227 0.39862148190695
228 0.4022592379858319
229 0.401876316293318
230 0.4045567681409152
231 0.40398238560214433
232 0.4057055332184568
233 0.40723721998851237
234 0.4037909247558874
235 0.40340800306337354
236 0.4013019337545472
237 0.40111047290829027
238 0.40111047290829027
239 0.3980470993681792
240 0.3976641776756653
241 0.40723721998851237
242 0.4074286808347693
243 0.41010913268236643
244 0.40857744591231093
245 0.41240666283744976
246 0.40972621098985257
247 0.40876890675856786
248 0.41049205437488034
249 0.4162358797625885
250 0.4141298104537622
251 0.41949071414895656
252 0.4177675665326441
253 0.417959027378901
254 0.41910779245644264
255 0.42140532261152597
256 0.42370285276660924
257 0.42389431361286617
258 0.4233199310740953
259 0.4250430786904078
260 0.42293700938158146
261 0.4282979130767758
262 0.42906375646180356
263 0.43365881677197016
264 0.44055140723721997
265 0.44131725062224775
266 0.44035994639096304
267 0.43882825962090755
268 0.434041738464484
269 0.4382538770821367
270 0.4415087114685047
271 0.43978556385219225
272 0.443614780777331
273 0.44476354585487266
274 0.45280490139766416
275 0.453379283936435
276 0.4531878230901781
277 0.4516561363201225
278 0.45701704001531684
279 0.45548535324526135
280 0.45720850086157383
281 0.45605973578403214
282 0.45357074478269194
283 0.45203905801263644
284 0.4552938923990044
285 0.45031591039632396
286 0.44993298870381004
287 0.45261344055140723
288 0.4587401876316293
289 0.4623779437105112
290 0.46314378709553894
291 0.46448401301933756
292 0.46429255217308063
293 0.46620716063565
294 0.46869615163699024
295 0.47386559448592763
296 0.4744399770246984
297 0.47501435956346927
298 0.47482289871721234
299 0.47673750717978175
300 0.4742485161784415
301 0.47578020294849704
302 0.4713766034845874
303 0.47309975110089986
304 0.4744399770246984
305 0.4778862722573234
306 0.48190695002871914
307 0.48382155849128855
308 0.4865020103388857
309 0.48631054949262875
310 0.4870763928776565
311 0.488608079647712
312 0.48994830557151064
313 0.488799540493969
314 0.4901397664177676
315 0.48899100134022594
316 0.4964579743442466
317 0.4964579743442466
318 0.4964579743442466
319 0.4947348267279341
320 0.4928202182653647
321 0.49339460080413555
322 0.4972238177292744
323 0.4949262875741911
324 0.49416044418916333
325 0.4937775224966494
326 0.49339460080413555
327 0.49779820026804517
328 0.49530920926670496
329 0.49856404365307294
330 0.5002871912693854
331 0.5056480949645797
332 0.5102431552747463
333 0.5117748420448018
334 0.5110089986597741
335 0.5136894505073712
336 0.514455293892399
337 0.5117748420448018
338 0.5094773118897186
339 0.5117748420448018
340 0.5117748420448018
341 0.511200459506031
342 0.5221137277426766
343 0.5217308060501628
344 0.517710128278767
345 0.5175186674325101
346 0.5219222668964196
347 0.5236454145127322
348 0.5280490139766417
349 0.5247941795902737
350 0.5253685621290446
351 0.5219222668964196
352 0.5278575531303848
353 0.5267087880528432
354 0.5270917097453571
355 0.530538004977982
356 0.5343672219031208
357 0.5336013785180931
358 0.5385793605207735
359 0.5378135171357458
360 0.5358989086731764
361 0.5376220562894888
362 0.5358989086731764
363 0.5404939689833429
364 0.5389622822132873
365 0.5380049779820026
366 0.5358989086731764
367 0.5339843002106069
368 0.5345586827493778
369 0.5291977790541834
370 0.5309209266704958
371 0.5360903695194332
372 0.5349416044418916
373 0.5393452039058013
374 0.546429255217308
375 0.5477694811411067
376 0.5487267853723914
377 0.546429255217308
378 0.5445146467547387
379 0.5422171165996553
380 0.5454719509860234
381 0.546429255217308
382 0.549875550449933
383 0.5504499329887038
384 0.5491097070649053
385 0.5483438636798774
386 0.5489182462186483
387 0.5477694811411067
388 0.5535133065288148
389 0.5573425234539536
390 0.5588742102240092
391 0.5563852192226689
392 0.5638521922266897
393 0.5609802795328356
394 0.5581083668389815
395 0.5630863488416619
396 0.5695960176143978
397 0.5680643308443424
398 0.5684472525368562
399 0.5695960176143978
400 0.5730423128470228
401 0.5743825387708213
402 0.5747654604633352
403 0.5743825387708213
404 0.575339843002106
405 0.5741910779245645
406 0.5701704001531687
407 0.5726593911545089
408 0.5774459123109325
409 0.5797434424660157
410 0.5824238943136129
411 0.581849511774842
412 0.5812751292360713
413 0.5793605207735019
414 0.5761056863871339
415 0.582040972621099
416 0.5799349033122726
417 0.5839555810836684
418 0.5824238943136129
419 0.5814665900823281
420 0.5778288340034463
421 0.5847214244686961
422 0.5807007466973004
423 0.5829982768523837
424 0.5872104154700364
425 0.5868274937775225
426 0.5870189546237794
427 0.5941030059352862
428 0.5969749186291403
429 0.5956346927053418
430 0.5956346927053418
431 0.5964005360903695
432 0.5944859276278002
433 0.5994639096304806
434 0.5958261535515987
435 0.6019529006318208
436 0.5985066053991959
437 0.6027187440168486
438 0.6071223434807582
439 0.6073138043270151
440 0.6036760482481333
441 0.6057821175569597
442 0.6084625694045568
443 0.6021443614780777
444 0.6017614397855638
445 0.6086540302508137
446 0.6092284127895845
447 0.6121003254834386
448 0.6134405514072372
449 0.6197587593337163
450 0.6222477503350565
451 0.6276086540302508
452 0.6243538196438828
453 0.6235879762588551
454 0.6289488799540494
455 0.6264598889527092
456 0.6233965154125981
457 0.6228221328738273
458 0.6212904461037718
459 0.6264598889527092
460 0.6224392111813134
461 0.6258855064139384
462 0.6278001148765078
463 0.6245452804901398
464 0.6256940455676814
465 0.6293318016465633
466 0.6278001148765078
467 0.6251196630289105
468 0.6291403408003063
469 0.6320122534941605
470 0.6316293318016466
471 0.6346927053417576
472 0.6375646180356117
473 0.6371816963430978
474 0.6297147233390772
475 0.630097645031591
476 0.6291403408003063
477 0.6341183228029867
478 0.6343097836492437
479 0.6350756270342715
480 0.6337354011104729
481 0.6314378709553896
482 0.6345012444955007
483 0.6421596783457783
484 0.6383304614206394
485 0.6392877656519241
486 0.6337354011104729
487 0.6310549492628758
488 0.6345012444955007
489 0.6404365307294658
490 0.640053609036952
491 0.6452230518858894
492 0.6423511391920352
493 0.6423511391920352
494 0.6360329312655562
495 0.639862148190695
496 0.6440742868083477
497 0.6477120428872296
498 0.6457974344246602
499 0.6459888952709171
500 0.6519241815048823
501 0.6465632778096879
502 0.6471376603484588
503 0.6402450698832088
504 0.6406279915757228
505 0.636798774650584
506 0.6415852958070075
507 0.6402450698832088
508 0.6434999042695768
509 0.6446486693471185
510 0.6413938349607505
511 0.6390963048056673
512 0.6387133831131534
513 0.6404365307294658
514 0.6446486693471185
515 0.6452230518858894
516 0.6438828259620908
517 0.6477120428872296
518 0.6480949645797435
519 0.6519241815048823
520 0.6498181121960559
521 0.6515412598123683
522 0.6500095730423129
523 0.6530729465824239
524 0.6595826153551598
525 0.6576680068925904
526 0.6576680068925904
527 0.659199693662646
528 0.6620716063565001
529 0.6628374497415278
530 0.662454528049014
531 0.6622630672027571
532 0.6519241815048823
533 0.6523071031973962
534 0.6532644074286809
535 0.6500095730423129
536 0.649243729657285
537 0.6546046333524794
538 0.652881485736167
539 0.6547960941987364
540 0.6551790158912503
541 0.6542217116599656
542 0.6572850852000766
543 0.6551790158912503
544 0.6628374497415278
545 0.6634118322802987
546 0.6664752058204098
547 0.6676239708979513
548 0.6674325100516945
549 0.662454528049014
550 0.6636032931265556
551 0.6662837449741528
552 0.6708788052843193
553 0.6764311698257707
554 0.675473865594486
555 0.672027570361861
556 0.6731763354394027
557 0.6710702661305763
558 0.6706873444380624
559 0.6724104920543749
560 0.6689641968217499
561 0.6706873444380624
562 0.668581275129236
563 0.6630289105877848
564 0.6618801455102431
565 0.6634118322802987
566 0.6651349798966112
567 0.6670495883591806
568 0.6697300402067777
569 0.6674325100516945
570 0.6699215010530346
571 0.6701129618992916
572 0.6729848745931457
573 0.675090943901972
574 0.6748994830557151
575 0.6741336396706873
576 0.675090943901972
577 0.6745165613632013
578 0.6741336396706873
579 0.6735592571319166
580 0.6748994830557151
581 0.6775799349033123
582 0.675090943901972
583 0.678728699980854
584 0.678537239134597
585 0.6789201608271108
586 0.6840896036760482
587 0.6902163507562703
588 0.6894505073712426
589 0.688110281447444
590 0.6923224200650967
591 0.6986406279915757
592 0.7018954623779438
593 0.7013210798391729
594 0.6997893930691174
595 0.6959601761439785
596 0.6969174803752632
597 0.7007466973004021
598 0.6932797242963814
599 0.694811411066437
600 0.6955772544514647
601 0.697874784606548
602 0.6919394983725828
603 0.6877273597549302
604 0.6873444380624162
605 0.6856212904461038
606 0.6793030825196248
607 0.6812176909821941
608 0.6796860042121387
609 0.6902163507562703
610 0.6904078116025273
611 0.6905992724487843
612 0.6934711851426383
613 0.6890675856787287
614 0.6890675856787287
615 0.6833237602910205
616 0.6844725253685622
617 0.6817920735209649
618 0.684663986214819
619 0.6806433084434234
620 0.6825579169059928
621 0.6796860042121387
622 0.6804518475971664
623 0.6802603867509094
624 0.6852383687535899
625 0.6927053417576106
626 0.6896419682174996
627 0.684855447061076
628 0.6861956729848746
629 0.6844725253685622
630 0.6856212904461038
631 0.6833237602910205
632 0.6865785946773885
633 0.6840896036760482
634 0.6831322994447635
635 0.6808347692896802
636 0.6808347692896802
637 0.6816006126747081
638 0.6762397089795137
639 0.6747080222094581
640 0.6800689259046525
641 0.6842810645223052
642 0.6806433084434234
643 0.6783457782883401
644 0.6764311698257707
645 0.6764311698257707
646 0.6745165613632013
647 0.6737507179781734
648 0.6691556576680069
649 0.6664752058204098
650 0.675282404748229
651 0.678537239134597
652 0.6802603867509094
653 0.6816006126747081
654 0.6833237602910205
655 0.6886846639862149
656 0.6890675856787287
657 0.687918820601187
658 0.6907907332950411
659 0.6867700555236455
660 0.6888761248324717
661 0.6925138809113536
662 0.6927053417576106
663 0.6896419682174996
664 0.6894505073712426
665 0.691173654987555
666 0.6890675856787287
667 0.6894505073712426
668 0.6861956729848746
669 0.6905992724487843
670 0.691173654987555
671 0.6936626459888953
672 0.6936626459888953
673 0.6890675856787287
674 0.6930882634501244
675 0.6927053417576106
676 0.6898334290637564
677 0.6883017422937009
678 0.6900248899100134
679 0.691365115833812
680 0.6863871338311315
681 0.6905992724487843
682 0.6888761248324717
683 0.6838981428297913
684 0.6858127512923607
685 0.6873444380624162
686 0.6884932031399579
687 0.6823664560597358
688 0.6840896036760482
689 0.6798774650583955
690 0.6806433084434234
691 0.6800689259046525
692 0.6852383687535899
693 0.6842810645223052
694 0.6827493777522496
695 0.6804518475971664
696 0.6796860042121387
697 0.6852383687535899
698 0.6861956729848746
699 0.6842810645223052
700 0.6829408385985066
