1 0.00019146084625694046
2 0.0007658433850277618
3 0.0015316867700555237
4 0.0022975301550832855
5 0.002488991001340226
6 0.0036377560788818687
7 0.0047865211564235115
8 0.004977982002680452
9 0.0072755121577637374
10 0.00842427723530538
11 0.010913268236645606
12 0.013785180930499713
13 0.015699789393069118
14 0.017422937009381582
15 0.020103388856978748
16 0.021635075627034272
17 0.023741144935860617
18 0.02450698832088838
19 0.027570361860999426
20 0.031208117939881295
21 0.03254834386367988
22 0.03427149147999234
23 0.035994639096304806
24 0.03829216925138809
25 0.04135554279149914
26 0.04422745548535324
27 0.047482289871721234
28 0.04863105494926288
29 0.05131150679686004
30 0.05265173272065862
31 0.056289488799540495
32 0.05858701895462378
33 0.061458931648477884
34 0.06490522688110281
35 0.06796860042121386
36 0.07026613057629714
37 0.07179781734635267
38 0.0710319739613249
39 0.07313804327015125
40 0.07562703427149148
41 0.077158721041547
42 0.0800306337354011
43 0.08098793796668581
44 0.08405131150679686
45 0.08673176335439403
46 0.08902929350947732
47 0.0922841278958453
48 0.09400727551215776
49 0.09802795328355352
50 0.10109132682366456
51 0.1012827876699215
52 0.10185717020869232
53 0.10587784798008808
54 0.10970706490522689
55 0.11143021252153934
56 0.11277043844533793
57 0.11391920352287957
58 0.11870572467930308
59 0.1192801072180739
60 0.12157763737315719
61 0.12444955006701129
62 0.12617269768332376
63 0.13038483630097644
64 0.1344055140723722
65 0.13517135745739997
66 0.13823473099751102
67 0.13976641776756654
68 0.1434041738464484
69 0.1485736166953858
70 0.15278575531303848
71 0.15355159869806626
72 0.15814665900823283
73 0.15929542408577446
74 0.16063565000957306
75 0.167145318782309
76 0.16695385793605208
77 0.17020869232242006
78 0.1746122917863297
79 0.17882443040398238
80 0.18437679494543366
81 0.1878230901780586
82 0.19241815048822516
83 0.1916523071031974
84 0.1958644457208501
85 0.19701321079839174
86 0.20141681026230135
87 0.2063947922649818
88 0.21003254834386367
89 0.2134788435764886
90 0.21635075627034273
91 0.21788244304039825
92 0.2234348075818495
93 0.22841278958452996
94 0.23358223243346735
95 0.23626268428106453
96 0.23779437105112006
97 0.23932605782117558
98 0.24047482289871722
99 0.24315527474631438
100 0.24813325674899483
101 0.24909056098027954
102 0.24966494351905036
103 0.25100516944284895
104 0.2550258472142447
105 0.2584721424468696
106 0.2619184376794945
107 0.2594294466781543
108 0.26057821175569595
109 0.2598123683706682
110 0.2628757419107792
111 0.2670878805284319
112 0.2672793413746889
113 0.2688110281447444
114 0.27187440168485544
115 0.273406088454911
116 0.2730231667623971
117 0.27742676622630674
118 0.28183036569021636
119 0.2841278958452996
120 0.2877656519241815
121 0.29140340800306336
122 0.2915948688493203
123 0.29695577254451466
124 0.3009764503159104
125 0.30365690216350755
126 0.3042312847022784
127 0.30538004977982003
128 0.30748611908864637
129 0.3069117365498755
130 0.3113153360137852
131 0.3115067968600421
132 0.31361286616886846
133 0.3147616312464101
134 0.31495309209266703
135 0.3201225349416044
136 0.3212713000191461
137 0.32318590848171547
138 0.3270151254068543
139 0.3296955772544515
140 0.33046142063947925
141 0.3289297338694237
142 0.33448209841087495
143 0.334290637564618
144 0.337736932797243
145 0.3404173846448401
146 0.33735401110472907
147 0.33448209841087495
148 0.33390771587210416
149 0.337736932797243
150 0.34003446295232626
151 0.3385027761822707
152 0.344055140723722
153 0.34673559257131914
154 0.344055140723722
155 0.34443806241623587
156 0.3497989661114302
157 0.3511391920352288
158 0.34903312272640247
159 0.35133065288148574
160 0.3520964962665135
161 0.35515986980662456
162 0.3580317825004787
163 0.36090369519433274
164 0.3639670687344438
165 0.3639670687344438
166 0.36224392111813136
167 0.36128661688684666
168 0.36128661688684666
169 0.3658816771970132
170 0.366647520582041
171 0.3695194332758951
172 0.3700938158146659
173 0.3766034845874019
174 0.37794371051120046
175 0.37966685812751294
176 0.38062416235879765
177 0.37794371051120046
178 0.3785180930499713
179 0.38043270151254066
180 0.38483630097645033
181 0.3838789967451656
182 0.3856021443614781
183 0.3838789967451656
184 0.3854106835152211
185 0.38828259620907524
186 0.39287765651924184
187 0.3913459697491863
188 0.3942178824430404
189 0.3984300210606931
190 0.4003446295232625
191 0.40149339460080413
192 0.4064713766034846
193 0.40436530729465825
194 0.4047482289871721
195 0.4070457591422554
196 0.4081945242197971
197 0.40953475014359564
198 0.41336396706873446
199 0.414704192992533
200 0.414704192992533
201 0.41585295807007466
202 0.4206394792264982
203 0.4187248707639288
204 0.421213861765269
205 0.4202565575339843
206 0.421213861765269
207 0.42293700938158146
208 0.4258089220754356
209 0.4284893739230327
210 0.43155274746314376
211 0.43251005169442847
212 0.4321271300019146
213 0.42887229561554663
214 0.4344246601569979
215 0.43844533792839363
216 0.4346161210032548
217 0.4367221903120812
218 0.43691365115833813
219 0.4382538770821367
220 0.43844533792839363
221 0.44131725062224775
222 0.43940264215967834
223 0.4415087114685047
224 0.44380624162358795
225 0.44323185908481716
226 0.4482098410874976
227 0.45012444955006703
228 0.456634118322803
229 0.4619950220179973
230 0.462952326249282
231 0.4637181696343098
232 0.4637181696343098
233 0.4648669347118514
234 0.4690790733295041
235 0.47022783840704574
236 0.46965345586827495
237 0.46965345586827495
238 0.46448401301933756
239 0.4623779437105112
240 0.4648669347118514
241 0.4665900823281639
242 0.4704192992533027
243 0.4729082902546429
244 0.47865211564235116
245 0.47750335056480947
246 0.47578020294849704
247 0.47156806433084436
248 0.4723339077158721
249 0.47118514263833045
250 0.4736741336396707
251 0.47252536856212907
252 0.46678154317442083
253 0.4723339077158721
254 0.47635458548726783
255 0.4813325674899483
256 0.4865020103388857
257 0.4876507754164273
258 0.4876507754164273
259 0.4910970706490523
260 0.49090560980279535
261 0.4903312272640245
262 0.4874593145701704
263 0.48918246218648287
264 0.4884166188014551
265 0.48631054949262875
266 0.4893739230327398
267 0.48190695002871914
268 0.485544706107601
269 0.48343863679877463
270 0.4861190886463718
271 0.48918246218648287
272 0.4893739230327398
273 0.48726785372391346
274 0.48477886272257326
275 0.4840130193375455
276 0.492054374880337
277 0.49167145318782307
278 0.4955006701129619
279 0.4991384261918438
280 0.4997128087306146
281 0.5050737124258089
282 0.5052651732720659
283 0.5092858510434616
284 0.5096687727359754
285 0.5123492245835727
286 0.5083285468121769
287 0.511200459506031
288 0.50813708596592
289 0.507945625119663
290 0.5096687727359754
291 0.5104346161210033
292 0.5102431552747463
293 0.5110089986597741
294 0.5175186674325101
295 0.520773501818878
296 0.5196247367413364
297 0.5169442848937392
298 0.5219222668964196
299 0.520964962665135
300 0.5282404748228987
301 0.527474631437871
302 0.5257514838215585
303 0.5261344055140724
304 0.5213478843576489
305 0.5198161975875933
306 0.5213478843576489
307 0.527283170591614
308 0.5291977790541834
309 0.5313038483630098
310 0.5334099176718361
311 0.5366647520582041
312 0.5370476737507179
313 0.5389622822132873
314 0.5391537430595443
315 0.5404939689833429
316 0.5404939689833429
317 0.5374305954432319
318 0.5403025081370859
319 0.543365881677197
320 0.5447061076009956
321 0.5485353245261344
322 0.5491097070649053
323 0.5525560022975301
324 0.5485353245261344
325 0.5542791499138426
326 0.556193758376412
327 0.5586827493777522
328 0.556193758376412
329 0.5581083668389815
330 0.5519816197587594
331 0.5542791499138426
332 0.5644265747654604
333 0.562894887995405
334 0.5579169059927245
335 0.5642351139192036
336 0.5651924181504883
337 0.5584912885314953
338 0.5600229753015509
339 0.5609802795328356
340 0.5582998276852383
341 0.5533218456825579
342 0.5573425234539536
343 0.562511966302891
344 0.5632778096879189
345 0.5638521922266897
346 0.5682557916905993
347 0.5630863488416619
348 0.5711277043844534
349 0.5759142255408769
350 0.5724679303082519
351 0.5807007466973004
352 0.5831897376986406
353 0.5837641202374114
354 0.582040972621099
355 0.581849511774842
356 0.5807007466973004
357 0.585487267853724
358 0.5872104154700364
359 0.5889335630863488
360 0.5887421022400919
361 0.5887421022400919
362 0.5874018763162934
363 0.5856787286999808
364 0.5837641202374114
365 0.5835726593911545
366 0.5828068160061267
367 0.5864445720850087
368 0.5826153551598698
369 0.5870189546237794
370 0.5898908673176335
371 0.5908481715489182
372 0.591614014933946
373 0.5893164847788627
374 0.5874018763162934
375 0.5847214244686961
376 0.5883591805475781
377 0.5856787286999808
378 0.5872104154700364
379 0.5914225540876891
380 0.5937200842427723
381 0.5927627800114876
382 0.5896994064713766
383 0.5906567107026613
384 0.591614014933946
385 0.5977407620141681
386 0.6000382921692514
387 0.5983151445529389
388 0.6002297530155083
389 0.6065479609419874
390 0.6115259429446678
391 0.6136320122534942
392 0.6128661688684663
393 0.6117174037909248
394 0.6057821175569597
395 0.6065479609419874
396 0.6101857170208692
397 0.6128661688684663
398 0.6121003254834386
399 0.6115259429446678
400 0.6063565000957304
401 0.6052077350181888
402 0.6052077350181888
403 0.6128661688684663
404 0.6128661688684663
405 0.6119088646371817
406 0.6122917863296956
407 0.6143978556385219
408 0.6180356117174038
409 0.617269768332376
410 0.6151636990235497
411 0.6247367413363967
412 0.6272257323377369
413 0.6291403408003063
414 0.6278001148765078
415 0.6285659582615355
416 0.6278001148765078
417 0.6264598889527092
418 0.6253111238751675
419 0.6260769672601952
420 0.6279915757227647
421 0.6243538196438828
422 0.6235879762588551
423 0.6197587593337163
424 0.6189929159486884
425 0.620716063565001
426 0.6232050545663412
427 0.6287574191077925
428 0.6329695577254452
429 0.6318207926479035
430 0.6327780968791882
431 0.633352479417959
432 0.6316293318016466
433 0.6262684281064522
434 0.6308634884166188
435 0.6327780968791882
436 0.6341183228029867
437 0.6345012444955007
438 0.6329695577254452
439 0.6354585487267854
440 0.6396706873444381
441 0.6389048439594103
442 0.6387133831131534
443 0.6373731571893547
444 0.636607313804327
445 0.6373731571893547
446 0.6413938349607505
447 0.6454145127321462
448 0.6442657476546046
449 0.6454145127321462
450 0.6473291211947156
451 0.6446486693471185
452 0.6507754164273406
453 0.6490522688110282
454 0.6507754164273406
455 0.6450315910396324
456 0.6484778862722573
457 0.6513497989661114
458 0.6454145127321462
459 0.6446486693471185
460 0.6503924947348267
461 0.6477120428872296
462 0.6444572085008615
463 0.6482864254260003
464 0.649435190503542
465 0.6484778862722573
466 0.6475205820409726
467 0.6461803561171741
468 0.6377560788818687
469 0.6375646180356117
470 0.6362243921118131
471 0.6406279915757228
472 0.6390963048056673
473 0.6438828259620908
474 0.6456059735784032
475 0.6425426000382922
476 0.6446486693471185
477 0.6480949645797435
478 0.6473291211947156
479 0.6502010338885698
480 0.6546046333524794
481 0.6551790158912503
482 0.6572850852000766
483 0.6574765460463335
484 0.6618801455102431
485 0.6647520582040972
486 0.6590082328163891
487 0.6628374497415278
488 0.6588167719701321
489 0.6588167719701321
490 0.6653264407428681
491 0.6614972238177292
492 0.6620716063565001
493 0.6637947539728125
494 0.6657093624353819
495 0.6628374497415278
496 0.6706873444380624
497 0.6697300402067777
498 0.672219031208118
499 0.6764311698257707
500 0.6783457782883401
501 0.6762397089795137
502 0.672027570361861
503 0.675090943901972
504 0.675473865594486
505 0.6724104920543749
506 0.6724104920543749
507 0.6745165613632013
508 0.675090943901972
509 0.6739421788244304
510 0.6735592571319166
511 0.668581275129236
512 0.6729848745931457
513 0.6764311698257707
514 0.675090943901972
515 0.6816006126747081
516 0.675282404748229
517 0.6748994830557151
518 0.6781543174420831
519 0.6733677962856596
520 0.6837066819835343
521 0.6814091518284511
522 0.6833237602910205
523 0.6875358989086732
524 0.6896419682174996
525 0.6919394983725828
526 0.6896419682174996
527 0.6904078116025273
528 0.688110281447444
529 0.6856212904461038
530 0.6833237602910205
531 0.6791116216733678
532 0.6827493777522496
533 0.678537239134597
534 0.6779628565958261
535 0.6793030825196248
536 0.6771970132107984
537 0.6770055523645414
538 0.6794945433658817
539 0.6867700555236455
540 0.6802603867509094
541 0.678728699980854
542 0.6762397089795137
543 0.6796860042121387
544 0.6777713957495692
545 0.6758567872869998
546 0.672027570361861
547 0.6775799349033123
548 0.6804518475971664
549 0.6729848745931457
550 0.6735592571319166
551 0.6794945433658817
552 0.6816006126747081
553 0.6768140915182845
554 0.672027570361861
555 0.6745165613632013
556 0.675090943901972
557 0.6798774650583955
558 0.6810262301359372
559 0.6871529772161593
560 0.6856212904461038
561 0.6842810645223052
562 0.6927053417576106
563 0.6898334290637564
564 0.6827493777522496
565 0.6796860042121387
566 0.6743251005169443
567 0.6768140915182845
568 0.6814091518284511
569 0.6802603867509094
570 0.6798774650583955
571 0.6808347692896802
572 0.6833237602910205
573 0.6837066819835343
574 0.6884932031399579
575 0.6923224200650967
576 0.6932797242963814
577 0.6953857936052077
578 0.6921309592188397
579 0.6904078116025273
580 0.6938541068351523
581 0.6936626459888953
582 0.6928968026038675
583 0.6950028719126938
584 0.6986406279915757
585 0.6961516369902355
586 0.6953857936052077
587 0.6896419682174996
588 0.6890675856787287
589 0.6877273597549302
590 0.6860042121386176
591 0.6829408385985066
592 0.678728699980854
593 0.6762397089795137
594 0.6783457782883401
595 0.678728699980854
596 0.6798774650583955
597 0.6777713957495692
598 0.6762397089795137
599 0.675282404748229
600 0.6773884740570554
601 0.6794945433658817
602 0.6821749952134788
603 0.6760482481332567
604 0.6756653264407428
605 0.6745165613632013
606 0.6762397089795137
607 0.6814091518284511
608 0.6827493777522496
609 0.6835152211372775
610 0.6819835343672219
611 0.6814091518284511
612 0.6831322994447635
613 0.6821749952134788
614 0.6840896036760482
615 0.6838981428297913
616 0.6883017422937009
617 0.6896419682174996
618 0.6865785946773885
619 0.6942370285276661
620 0.6907907332950411
621 0.6919394983725828
622 0.6877273597549302
623 0.6907907332950411
624 0.6883017422937009
625 0.6871529772161593
626 0.6890675856787287
627 0.691556576680069
628 0.694428489373923
629 0.691365115833812
630 0.6892590465249856
631 0.6856212904461038
632 0.6837066819835343
633 0.6840896036760482
634 0.6802603867509094
635 0.6831322994447635
636 0.6873444380624162
637 0.6829408385985066
638 0.6794945433658817
639 0.6806433084434234
640 0.6766226306720275
641 0.675090943901972
642 0.6789201608271108
643 0.6871529772161593
644 0.6860042121386176
645 0.6791116216733678
646 0.6800689259046525
647 0.6850469079073329
648 0.6833237602910205
649 0.6766226306720275
650 0.6731763354394027
651 0.6714531878230902
652 0.6733677962856596
653 0.6747080222094581
654 0.6710702661305763
655 0.6701129618992916
656 0.675090943901972
657 0.6779628565958261
658 0.6835152211372775
659 0.6858127512923607
660 0.6806433084434234
661 0.6771970132107984
662 0.6802603867509094
663 0.6768140915182845
664 0.6796860042121387
665 0.6741336396706873
666 0.6760482481332567
667 0.672027570361861
668 0.6748994830557151
669 0.6727934137468887
670 0.6794945433658817
671 0.6800689259046525
672 0.6810262301359372
673 0.6825579169059928
674 0.6858127512923607
675 0.6877273597549302
676 0.6896419682174996
677 0.6856212904461038
678 0.6842810645223052
679 0.6854298295998469
680 0.6871529772161593
681 0.6867700555236455
682 0.6833237602910205
683 0.6875358989086732
684 0.6886846639862149
685 0.688110281447444
686 0.6883017422937009
687 0.691173654987555
688 0.6917480375263259
689 0.691173654987555
690 0.6900248899100134
691 0.6942370285276661
692 0.69461995022018
693 0.694811411066437
694 0.6902163507562703
695 0.6884932031399579
696 0.6934711851426383
697 0.6938541068351523
698 0.6919394983725828
699 0.6875358989086732
700 0.6858127512923607
