1 0.0005743825387708214
2 0.0017231476163124641
3 0.002488991001340226
4 0.003829216925138809
5 0.005169442848937392
6 0.004977982002680452
7 0.006509668772735976
8 0.007658433850277618
9 0.011104729082902547
10 0.01225349416044419
11 0.013976641776756654
12 0.015891250239326058
13 0.015891250239326058
14 0.017422937009381582
15 0.019337545471950986
16 0.02144361478077733
17 0.022975301550832855
18 0.02488991001340226
19 0.026995979322228605
20 0.030059352862339652
21 0.03293126555619376
22 0.03465441317250622
23 0.03829216925138809
24 0.04039823856021443
25 0.04384453379283936
26 0.04556768140915183
27 0.04863105494926288
28 0.04977982002680452
29 0.05188588933563086
30 0.053800497798200266
31 0.05648094964579743
32 0.061458931648477884
33 0.06567107026613057
34 0.0672027570361861
35 0.06930882634501244
36 0.07026613057629714
37 0.07275512157763737
38 0.07505265173272066
39 0.07600995596400537
40 0.07926479035037334
41 0.08156232050545663
42 0.08041355542791499
43 0.08041355542791499
44 0.0832854681217691
45 0.08462569404556768
46 0.08577445912310933
47 0.08634884166188014
48 0.09017805858701895
49 0.09285851043461613
50 0.09362435381964389
51 0.09553896228221329
52 0.0993681792073521
53 0.10109132682366456
54 0.10377177867126172
55 0.10683515221137277
56 0.10760099559640053
57 0.10989852575148382
58 0.11315336013785181
59 0.11525942944667815
60 0.11621673367796286
61 0.11851426383304614
62 0.12157763737315719
63 0.12234348075818495
64 0.12196055906567108
65 0.12502393260578212
66 0.1282787669921501
67 0.13115067968600422
68 0.1334482098410875
69 0.1353628183036569
70 0.13746888761248324
71 0.13976641776756654
72 0.14263833046142063
73 0.1437870955389623
74 0.14876507754164273
75 0.15450890292935096
76 0.1533601378518093
77 0.1566149722381773
78 0.15814665900823283
79 0.16159295424085773
80 0.16542217116599656
81 0.16810262301359372
82 0.16905992724487842
83 0.17078307486119088
84 0.1749952134788436
85 0.173654987555045
86 0.17614397855638522
87 0.17767566532644075
88 0.18054757802029486
89 0.18188780394409343
90 0.18475971663794755
91 0.18514263833046143
92 0.18897185525560023
93 0.19126938541068353
94 0.19184376794945435
95 0.1945242197970515
96 0.1958644457208501
97 0.19854489756844726
98 0.2006509668772736
99 0.20007658433850278
100 0.20390580126364158
101 0.20620333141872488
102 0.20716063565000958
103 0.21041547003637756
104 0.20964962665134979
105 0.21271300019146083
106 0.21539345203905802
107 0.218648286425426
108 0.21749952134788436
109 0.22190312081179397
110 0.2247750335056481
111 0.2266896419682175
112 0.22745548535324525
113 0.22860425043078691
114 0.2295615546620716
115 0.23109324143212712
116 0.23166762397089796
117 0.237985831897377
118 0.24526134405514072
119 0.24736741336396706
120 0.24851617844150872
121 0.2527283170591614
122 0.2521539345203906
123 0.2556002297530155
124 0.2584721424468696
125 0.2594294466781543
126 0.25789775990809877
127 0.2611525942944668
128 0.2645988895270917
129 0.27053417576105687
130 0.27091709745357073
131 0.27225732337736935
132 0.27666092284127897
133 0.2785755313038484
134 0.2812559831514455
135 0.28087306145893165
136 0.2820218265364733
137 0.28451081753781354
138 0.2831705916140149
139 0.2856595826153552
140 0.28948879954049395
141 0.29331801646563277
142 0.2954240857744591
143 0.29216925138809113
144 0.2929350947731189
145 0.295807007466973
146 0.2919777905418342
147 0.29331801646563277
148 0.2948497032356883
149 0.29561554662071604
150 0.29312655561937584
151 0.29561554662071604
152 0.29753015508328545
153 0.3067202757036186
154 0.30729465824238944
155 0.30825196247367415
156 0.31361286616886846
157 0.3164847788627226
158 0.3166762397089795
159 0.3201225349416044
160 0.32165422171165997
161 0.3218456825579169
162 0.32586636032931265
163 0.3298870381007084
164 0.33295041164081945
165 0.33467355925713194
166 0.33735401110472907
167 0.3388856978747846
168 0.3394600804135554
169 0.33620524602718743
170 0.33639670687344436
171 0.33716255025847214
172 0.34194907141489567
173 0.34060884549109705
174 0.3429063756461804
175 0.3494160444189163
176 0.3494160444189163
177 0.35381964388282594
178 0.35573425234539535
179 0.3582232433467356
180 0.3605207735018189
181 0.36090369519433274
182 0.36320122534941607
183 0.3639670687344438
184 0.36607313804327013
185 0.37028527666092287
186 0.3733486502010339
187 0.36990235496840895
188 0.3733486502010339
189 0.37641202374114496
190 0.37430595443231857
191 0.3723913459697492
192 0.36990235496840895
193 0.3691365115833812
194 0.36817920735209647
195 0.37277426766226307
196 0.3720084242772353
197 0.3756461803561172
198 0.38024124066628373
199 0.38119854489756844
200 0.38024124066628373
201 0.37985831897376987
202 0.3810070840513115
203 0.38253877082136706
204 0.38158146659008235
205 0.38119854489756844
206 0.3833046142063948
207 0.3896228221328738
208 0.39287765651924184
209 0.39287765651924184
210 0.3907715872104155
211 0.39287765651924184
212 0.3942178824430404
213 0.3957495692130959
214 0.39555810836683897
215 0.3934520390580126
216 0.3949837258280682
217 0.3974727168294084
218 0.40149339460080413
219 0.4009190120620333
220 0.4057055332184568
221 0.4091518284510818
222 0.40857744591231093
223 0.4118322802986789
224 0.414704192992533
225 0.41432127130001917
226 0.4177675665326441
227 0.41815048822515793
228 0.4183419490714149
229 0.41681026230135937
230 0.41719318399387323
231 0.42102240091901205
232 0.4235113919203523
233 0.4273406088454911
234 0.43155274746314376
235 0.43595634692705343
236 0.4348075818495118
237 0.43978556385219225
238 0.44591231093241435
239 0.4472525368562129
240 0.44591231093241435
241 0.44552938923990043
242 0.44667815431744207
243 0.44667815431744207
244 0.4472525368562129
245 0.4505073712425809
246 0.4531878230901781
247 0.4516561363201225
248 0.45127321462760867
249 0.4549109707064905
250 0.45969749186291403
251 0.4587401876316293
252 0.46448401301933756
253 0.4619950220179973
254 0.4646754738655945
255 0.46314378709553894
256 0.46639862148190697
257 0.46601569978939306
258 0.46218648286425423
259 0.46314378709553894
260 0.46410109132682364
261 0.4648669347118514
262 0.469461995022018
263 0.4708022209458166
264 0.47405705533218456
265 0.4769289680260387
266 0.48190695002871914
267 0.4769289680260387
268 0.47635458548726783
269 0.47386559448592763
270 0.47501435956346927
271 0.47750335056480947
272 0.47386559448592763
273 0.47578020294849704
274 0.482289871721233
275 0.4807581849511775
276 0.4803752632586636
277 0.48343863679877463
278 0.4874593145701704
279 0.4868849320313996
280 0.488608079647712
281 0.4859276278001149
282 0.48363009764503156
283 0.48822515795519816
284 0.48918246218648287
285 0.48956538387899673
286 0.4930116791116217
287 0.4910970706490523
288 0.4947348267279341
289 0.5012444955006701
290 0.5000957304231285
291 0.4997128087306146
292 0.5035420256557533
293 0.5071797817346353
294 0.5083285468121769
295 0.5131150679686004
296 0.5152211372774268
297 0.5142638330461421
298 0.5171357457399962
299 0.5205820409726211
300 0.5182845108175378
301 0.5194332758950795
302 0.5175186674325101
303 0.517710128278767
304 0.524028336205246
305 0.5228795711277043
306 0.5223051885889336
307 0.5196247367413364
308 0.5230710319739613
309 0.5236454145127322
310 0.5236454145127322
311 0.5257514838215585
312 0.5223051885889336
313 0.5269002488991001
314 0.5288148573616696
315 0.5330269959793222
316 0.5318782309017805
317 0.5336013785180931
318 0.5326440742868084
319 0.5370476737507179
320 0.5376220562894888
321 0.5320696917480375
322 0.5362818303656902
323 0.5380049779820026
324 0.5429829599846832
325 0.5479609419873636
326 0.5452804901397664
327 0.5439402642159679
328 0.5473865594485927
329 0.5470036377560789
330 0.5517901589125024
331 0.5577254451464676
332 0.5577254451464676
333 0.5577254451464676
334 0.559257131916523
335 0.565766800689259
336 0.5676814091518284
337 0.5655753398430021
338 0.5717020869232242
339 0.5711277043844534
340 0.5728508520007658
341 0.5741910779245645
342 0.5715106260769672
343 0.5722764694619951
344 0.5768715297721616
345 0.5784032165422172
346 0.575339843002106
347 0.5761056863871339
348 0.5764886080796477
349 0.5814665900823281
350 0.5803178250047866
351 0.5828068160061267
352 0.5803178250047866
353 0.578786138234731
354 0.5828068160061267
355 0.5881677197013211
356 0.5877847980088072
357 0.5923798583189738
358 0.594868849320314
359 0.5956346927053418
360 0.5975493011679112
361 0.5964005360903695
362 0.5962090752441126
363 0.6000382921692514
364 0.6006126747080222
365 0.5998468313229944
366 0.60137851809305
367 0.6009955964005361
368 0.604633352479418
369 0.6036760482481333
370 0.6107600995596401
371 0.6090369519433276
372 0.6090369519433276
373 0.6096113344820984
374 0.6078881868657859
375 0.6124832471759525
376 0.6155466207160636
377 0.6176526900248899
378 0.6124832471759525
379 0.6195672984874593
380 0.6199502201799731
381 0.613823473099751
382 0.6195672984874593
383 0.6186099942561746
384 0.6163124641010913
385 0.6176526900248899
386 0.6212904461037718
387 0.6264598889527092
388 0.6256940455676814
389 0.6235879762588551
390 0.6191843767949454
391 0.6191843767949454
392 0.6209075244112578
393 0.6203331418724871
394 0.6224392111813134
395 0.6245452804901398
396 0.6268428106452231
397 0.6343097836492437
398 0.6364158529580701
399 0.6371816963430978
400 0.6364158529580701
401 0.633352479417959
402 0.6312464101091326
403 0.6308634884166188
404 0.6293318016465633
405 0.6295232624928202
406 0.6274171931839939
407 0.630289105877848
408 0.633352479417959
409 0.6323951751866743
410 0.6394792264981811
411 0.6450315910396324
412 0.6457974344246602
413 0.6475205820409726
414 0.6452230518858894
415 0.6442657476546046
416 0.6421596783457783
417 0.6427340608845491
418 0.639862148190695
419 0.6383304614206394
420 0.6415852958070075
421 0.6440742868083477
422 0.6461803561171741
423 0.6509668772735976
424 0.6513497989661114
425 0.6507754164273406
426 0.6502010338885698
427 0.6521156423511392
428 0.6567107026613057
429 0.659199693662646
430 0.6607313804327015
431 0.6607313804327015
432 0.6634118322802987
433 0.6570936243538197
434 0.6588167719701321
435 0.6611143021252154
436 0.652498564043653
437 0.6570936243538197
438 0.6569021635075627
439 0.652498564043653
440 0.6513497989661114
441 0.6471376603484588
442 0.6463718169634309
443 0.649435190503542
444 0.6479035037334865
445 0.649243729657285
446 0.652881485736167
447 0.659199693662646
448 0.6551790158912503
449 0.6523071031973962
450 0.6509668772735976
451 0.6500095730423129
452 0.6502010338885698
453 0.6530729465824239
454 0.6546046333524794
455 0.6570936243538197
456 0.6620716063565001
457 0.6609228412789585
458 0.6582423894313613
459 0.6601569978939307
460 0.6563277809687919
461 0.6542217116599656
462 0.655944859276278
463 0.6517327206586253
464 0.6628374497415278
465 0.662454528049014
466 0.6643691365115834
467 0.6672410492054375
468 0.6567107026613057
469 0.659199693662646
470 0.6649435190503542
471 0.6637947539728125
472 0.6613057629714724
473 0.6613057629714724
474 0.6626459888952709
475 0.659391154508903
476 0.6632203714340418
477 0.6636032931265556
478 0.6628374497415278
479 0.6657093624353819
480 0.6653264407428681
481 0.6616886846639862
482 0.6611143021252154
483 0.6628374497415278
484 0.6647520582040972
485 0.6637947539728125
486 0.6632203714340418
487 0.6653264407428681
488 0.6680068925904652
489 0.668772735975493
490 0.6697300402067777
491 0.6622630672027571
492 0.6643691365115834
493 0.668581275129236
494 0.6616886846639862
495 0.6620716063565001
496 0.6659008232816389
497 0.6678154317442083
498 0.6634118322802987
499 0.6664752058204098
500 0.6666666666666666
501 0.6672410492054375
502 0.6643691365115834
503 0.6603484587401877
504 0.6609228412789585
505 0.6595826153551598
506 0.6639862148190695
507 0.6657093624353819
508 0.6670495883591806
509 0.6708788052843193
510 0.6662837449741528
511 0.6670495883591806
512 0.6683898142829792
513 0.6716446486693471
514 0.6703044227455486
515 0.6745165613632013
516 0.6737507179781734
517 0.6735592571319166
518 0.6731763354394027
519 0.6766226306720275
520 0.6804518475971664
521 0.6816006126747081
522 0.6827493777522496
523 0.6837066819835343
524 0.6802603867509094
525 0.6758567872869998
526 0.6735592571319166
527 0.6789201608271108
528 0.6823664560597358
529 0.6802603867509094
530 0.6802603867509094
531 0.6748994830557151
532 0.6770055523645414
533 0.672219031208118
534 0.6712617269768333
535 0.6645605973578403
536 0.6664752058204098
537 0.6626459888952709
538 0.6614972238177292
539 0.6660922841278959
540 0.6724104920543749
541 0.6756653264407428
542 0.675090943901972
543 0.6729848745931457
544 0.6716446486693471
545 0.6758567872869998
546 0.6743251005169443
547 0.6737507179781734
548 0.6714531878230902
549 0.6651349798966112
550 0.6737507179781734
551 0.6762397089795137
552 0.6783457782883401
553 0.6760482481332567
554 0.6693471185142639
555 0.6712617269768333
556 0.6714531878230902
557 0.6695385793605207
558 0.6737507179781734
559 0.6745165613632013
560 0.6760482481332567
561 0.6760482481332567
562 0.6798774650583955
563 0.6794945433658817
564 0.6766226306720275
565 0.6777713957495692
566 0.6793030825196248
567 0.6726019529006318
568 0.6745165613632013
569 0.6726019529006318
570 0.675282404748229
571 0.6737507179781734
572 0.6714531878230902
573 0.6706873444380624
574 0.6743251005169443
575 0.6726019529006318
576 0.6689641968217499
577 0.6729848745931457
578 0.6741336396706873
579 0.6773884740570554
580 0.6764311698257707
581 0.6794945433658817
582 0.6733677962856596
583 0.678728699980854
584 0.6771970132107984
585 0.6758567872869998
586 0.6798774650583955
587 0.6873444380624162
588 0.6833237602910205
589 0.6877273597549302
590 0.6854298295998469
591 0.6869615163699023
592 0.6861956729848746
593 0.6856212904461038
594 0.6840896036760482
595 0.6796860042121387
596 0.6806433084434234
597 0.6827493777522496
598 0.6812176909821941
599 0.6783457782883401
600 0.6781543174420831
601 0.6783457782883401
602 0.678537239134597
603 0.678537239134597
604 0.6789201608271108
605 0.6865785946773885
606 0.6852383687535899
607 0.6854298295998469
608 0.6840896036760482
609 0.6823664560597358
610 0.6842810645223052
611 0.6810262301359372
612 0.6819835343672219
613 0.6816006126747081
614 0.6781543174420831
615 0.6777713957495692
616 0.6808347692896802
617 0.6775799349033123
618 0.6743251005169443
619 0.6768140915182845
620 0.6804518475971664
621 0.678728699980854
622 0.678728699980854
623 0.6821749952134788
624 0.6798774650583955
625 0.6831322994447635
626 0.6827493777522496
627 0.6863871338311315
628 0.6873444380624162
629 0.691365115833812
630 0.6928968026038675
631 0.6950028719126938
632 0.6917480375263259
633 0.6928968026038675
634 0.691365115833812
635 0.6942370285276661
636 0.694811411066437
637 0.6969174803752632
638 0.694811411066437
639 0.694428489373923
640 0.6921309592188397
641 0.6856212904461038
642 0.6802603867509094
643 0.6814091518284511
644 0.678537239134597
645 0.6825579169059928
646 0.6844725253685622
647 0.6854298295998469
648 0.6823664560597358
649 0.6861956729848746
650 0.6825579169059928
651 0.6858127512923607
652 0.684855447061076
653 0.6863871338311315
654 0.6865785946773885
655 0.684663986214819
656 0.6896419682174996
657 0.6856212904461038
658 0.6898334290637564
659 0.6886846639862149
660 0.6907907332950411
661 0.6907907332950411
662 0.6902163507562703
663 0.6875358989086732
664 0.6865785946773885
665 0.6831322994447635
666 0.6858127512923607
667 0.6837066819835343
668 0.6829408385985066
669 0.6863871338311315
670 0.6842810645223052
671 0.6909821941412981
672 0.6938541068351523
673 0.691556576680069
674 0.6907907332950411
675 0.6927053417576106
676 0.6867700555236455
677 0.6840896036760482
678 0.6854298295998469
679 0.6831322994447635
680 0.6798774650583955
681 0.6829408385985066
682 0.6886846639862149
683 0.6919394983725828
684 0.694428489373923
685 0.6950028719126938
686 0.7013210798391729
687 0.7018954623779438
688 0.7005552364541451
689 0.694428489373923
690 0.6919394983725828
691 0.6907907332950411
692 0.6959601761439785
693 0.694811411066437
694 0.694811411066437
695 0.6921309592188397
696 0.6974918629140341
697 0.6982577062990618
698 0.6992150105303465
699 0.7026613057629715
700 0.6990235496840896
