1 0.00019146084625694046
2 0.00019146084625694046
3 0.00019146084625694046
4 0.0005743825387708214
5 0.0005743825387708214
6 0.0005743825387708214
7 0.0007658433850277618
8 0.0007658433850277618
9 0.0011487650775416428
10 0.0011487650775416428
11 0.0011487650775416428
12 0.0013402259237985832
13 0.0013402259237985832
14 0.0013402259237985832
15 0.0011487650775416428
16 0.0011487650775416428
17 0.0017231476163124641
18 0.0019146084625694046
19 0.002106069308826345
20 0.0019146084625694046
21 0.0019146084625694046
22 0.0019146084625694046
23 0.0017231476163124641
24 0.0015316867700555237
25 0.002106069308826345
26 0.002488991001340226
27 0.002488991001340226
28 0.0026804518475971664
29 0.0026804518475971664
30 0.002871912693854107
31 0.002871912693854107
32 0.002871912693854107
33 0.0026804518475971664
34 0.002871912693854107
35 0.002871912693854107
36 0.002871912693854107
37 0.002488991001340226
38 0.002488991001340226
39 0.002871912693854107
40 0.0030633735401110473
41 0.003254834386367988
42 0.003829216925138809
43 0.00402067777139575
44 0.0044035994639096306
45 0.004595060310166571
46 0.004595060310166571
47 0.0044035994639096306
48 0.004595060310166571
49 0.004595060310166571
50 0.0047865211564235115
51 0.004977982002680452
52 0.005169442848937392
53 0.005169442848937392
54 0.005360903695194333
55 0.005935286233965154
56 0.005935286233965154
57 0.006509668772735976
58 0.006318207926479035
59 0.007084051311506797
60 0.007084051311506797
61 0.007084051311506797
62 0.0068925904652498565
63 0.007084051311506797
64 0.0072755121577637374
65 0.0072755121577637374
66 0.0080413555427915
67 0.00823281638904844
68 0.0080413555427915
69 0.00842427723530538
70 0.00842427723530538
71 0.00861573808156232
72 0.008807198927819261
73 0.009381581466590082
74 0.009573042312847023
75 0.009190120620333142
76 0.009190120620333142
77 0.009573042312847023
78 0.009190120620333142
79 0.009381581466590082
80 0.010338885697874785
81 0.009955964005360904
82 0.010721807390388666
83 0.010721807390388666
84 0.010721807390388666
85 0.010338885697874785
86 0.010913268236645606
87 0.010147424851617844
88 0.010721807390388666
89 0.010913268236645606
90 0.011487650775416428
91 0.010721807390388666
92 0.010721807390388666
93 0.011104729082902547
94 0.011487650775416428
95 0.012062033314187249
96 0.012062033314187249
97 0.011870572467930308
98 0.011870572467930308
99 0.01225349416044419
100 0.01244495500670113
101 0.012062033314187249
102 0.01225349416044419
103 0.011487650775416428
104 0.012062033314187249
105 0.01263641585295807
106 0.012062033314187249
107 0.01263641585295807
108 0.01244495500670113
109 0.01282787669921501
110 0.013019337545471951
111 0.013593720084242773
112 0.013593720084242773
113 0.013593720084242773
114 0.013593720084242773
115 0.013210798391728892
116 0.013210798391728892
117 0.013785180930499713
118 0.013402259237985832
119 0.013019337545471951
120 0.01282787669921501
121 0.01282787669921501
122 0.013019337545471951
123 0.013019337545471951
124 0.01263641585295807
125 0.013210798391728892
126 0.013976641776756654
127 0.014359563469270534
128 0.015125406854298296
129 0.015316867700555237
130 0.015125406854298296
131 0.014551024315527475
132 0.013785180930499713
133 0.013785180930499713
134 0.013785180930499713
135 0.013593720084242773
136 0.013019337545471951
137 0.013976641776756654
138 0.013593720084242773
139 0.014933946008041356
140 0.015316867700555237
141 0.015125406854298296
142 0.015316867700555237
143 0.014933946008041356
144 0.014742485161784415
145 0.015508328546812177
146 0.015316867700555237
147 0.015316867700555237
148 0.015699789393069118
149 0.015699789393069118
150 0.016082711085583
151 0.016082711085583
152 0.01684855447061076
153 0.01684855447061076
154 0.01665709362435382
155 0.015699789393069118
156 0.016082711085583
157 0.0170400153168677
158 0.017614397855638522
159 0.01723147616312464
160 0.01627417193183994
161 0.015699789393069118
162 0.015699789393069118
163 0.01646563277809688
164 0.01646563277809688
165 0.015891250239326058
166 0.015125406854298296
167 0.014933946008041356
168 0.015316867700555237
169 0.014551024315527475
170 0.014742485161784415
171 0.014933946008041356
172 0.014168102623013594
173 0.014742485161784415
174 0.014742485161784415
175 0.015316867700555237
176 0.015891250239326058
177 0.015508328546812177
178 0.015508328546812177
179 0.015125406854298296
180 0.014933946008041356
181 0.014551024315527475
182 0.013976641776756654
183 0.013593720084242773
184 0.013402259237985832
185 0.013785180930499713
186 0.013593720084242773
187 0.013785180930499713
188 0.014359563469270534
189 0.014359563469270534
190 0.013785180930499713
191 0.013785180930499713
192 0.014168102623013594
193 0.013593720084242773
194 0.013402259237985832
195 0.013210798391728892
196 0.013210798391728892
197 0.01263641585295807
198 0.01263641585295807
199 0.013976641776756654
200 0.013593720084242773
201 0.013785180930499713
202 0.013785180930499713
203 0.013785180930499713
204 0.014168102623013594
205 0.013976641776756654
206 0.013785180930499713
207 0.013785180930499713
208 0.013402259237985832
209 0.014359563469270534
210 0.014933946008041356
211 0.014742485161784415
212 0.014168102623013594
213 0.014359563469270534
214 0.014359563469270534
215 0.013976641776756654
216 0.014742485161784415
217 0.014551024315527475
218 0.014359563469270534
219 0.014359563469270534
220 0.014933946008041356
221 0.01627417193183994
222 0.016082711085583
223 0.016082711085583
224 0.015125406854298296
225 0.015699789393069118
226 0.015508328546812177
227 0.015125406854298296
228 0.015316867700555237
229 0.015508328546812177
230 0.016082711085583
231 0.015891250239326058
232 0.016082711085583
233 0.01627417193183994
234 0.016082711085583
235 0.015891250239326058
236 0.015316867700555237
237 0.015508328546812177
238 0.015125406854298296
239 0.014551024315527475
240 0.015125406854298296
241 0.015316867700555237
242 0.014742485161784415
243 0.014742485161784415
244 0.014742485161784415
245 0.014742485161784415
246 0.014933946008041356
247 0.014742485161784415
248 0.014551024315527475
249 0.014168102623013594
250 0.013593720084242773
251 0.013976641776756654
252 0.014551024315527475
253 0.016082711085583
254 0.015508328546812177
255 0.016082711085583
256 0.01627417193183994
257 0.016082711085583
258 0.015125406854298296
259 0.015125406854298296
260 0.014742485161784415
261 0.014933946008041356
262 0.014742485161784415
263 0.014168102623013594
264 0.013976641776756654
265 0.013019337545471951
266 0.01225349416044419
267 0.01244495500670113
268 0.013593720084242773
269 0.013593720084242773
270 0.013402259237985832
271 0.013402259237985832
272 0.013976641776756654
273 0.013785180930499713
274 0.013593720084242773
275 0.013402259237985832
276 0.014551024315527475
277 0.014551024315527475
278 0.014168102623013594
279 0.014359563469270534
280 0.015508328546812177
281 0.015508328546812177
282 0.015699789393069118
283 0.015508328546812177
284 0.015891250239326058
285 0.015125406854298296
286 0.015125406854298296
287 0.014933946008041356
288 0.014742485161784415
289 0.014551024315527475
290 0.014742485161784415
291 0.014168102623013594
292 0.014742485161784415
293 0.014551024315527475
294 0.013976641776756654
295 0.013976641776756654
296 0.013593720084242773
297 0.014168102623013594
298 0.013976641776756654
299 0.013019337545471951
300 0.014168102623013594
301 0.013976641776756654
302 0.013785180930499713
303 0.013402259237985832
304 0.013019337545471951
305 0.01225349416044419
306 0.01244495500670113
307 0.01263641585295807
308 0.013019337545471951
309 0.013210798391728892
310 0.013210798391728892
311 0.013976641776756654
312 0.013976641776756654
313 0.013976641776756654
314 0.013593720084242773
315 0.013402259237985832
316 0.013593720084242773
317 0.01282787669921501
318 0.01244495500670113
319 0.013210798391728892
320 0.013019337545471951
321 0.013402259237985832
322 0.014168102623013594
323 0.014933946008041356
324 0.014933946008041356
325 0.014742485161784415
326 0.014551024315527475
327 0.014551024315527475
328 0.014551024315527475
329 0.013593720084242773
330 0.013210798391728892
331 0.01263641585295807
332 0.01244495500670113
333 0.013785180930499713
334 0.013976641776756654
335 0.014168102623013594
336 0.014933946008041356
337 0.014551024315527475
338 0.015316867700555237
339 0.015125406854298296
340 0.015508328546812177
341 0.015316867700555237
342 0.014742485161784415
343 0.013785180930499713
344 0.013593720084242773
345 0.014168102623013594
346 0.014933946008041356
347 0.015508328546812177
348 0.014933946008041356
349 0.014551024315527475
350 0.014168102623013594
351 0.014168102623013594
352 0.013593720084242773
353 0.013210798391728892
354 0.013976641776756654
355 0.013976641776756654
356 0.013976641776756654
357 0.013976641776756654
358 0.013785180930499713
359 0.014168102623013594
360 0.014359563469270534
361 0.014359563469270534
362 0.014168102623013594
363 0.014359563469270534
364 0.014168102623013594
365 0.013402259237985832
366 0.013593720084242773
367 0.013593720084242773
368 0.013976641776756654
369 0.014168102623013594
370 0.013402259237985832
371 0.013402259237985832
372 0.01282787669921501
373 0.013019337545471951
374 0.01282787669921501
375 0.013019337545471951
376 0.013019337545471951
377 0.013593720084242773
378 0.013785180930499713
379 0.013593720084242773
380 0.013785180930499713
381 0.013976641776756654
382 0.014742485161784415
383 0.014359563469270534
384 0.013976641776756654
385 0.013593720084242773
386 0.014168102623013594
387 0.014359563469270534
388 0.014359563469270534
389 0.015316867700555237
390 0.015125406854298296
391 0.015508328546812177
392 0.015316867700555237
393 0.015316867700555237
394 0.015125406854298296
395 0.014551024315527475
396 0.014742485161784415
397 0.014742485161784415
398 0.014742485161784415
399 0.015316867700555237
400 0.014933946008041356
401 0.014359563469270534
402 0.014168102623013594
403 0.014359563469270534
404 0.014551024315527475
405 0.013976641776756654
406 0.014168102623013594
407 0.013593720084242773
408 0.013210798391728892
409 0.013402259237985832
410 0.013593720084242773
411 0.013210798391728892
412 0.014359563469270534
413 0.014359563469270534
414 0.014168102623013594
415 0.015316867700555237
416 0.015508328546812177
417 0.015891250239326058
418 0.015699789393069118
419 0.015699789393069118
420 0.015508328546812177
421 0.014742485161784415
422 0.015508328546812177
423 0.015891250239326058
424 0.015125406854298296
425 0.015508328546812177
426 0.015316867700555237
427 0.015125406854298296
428 0.014359563469270534
429 0.015125406854298296
430 0.015125406854298296
431 0.015316867700555237
432 0.015508328546812177
433 0.014551024315527475
434 0.014742485161784415
435 0.014168102623013594
436 0.014742485161784415
437 0.014742485161784415
438 0.014742485161784415
439 0.014742485161784415
440 0.014359563469270534
441 0.013402259237985832
442 0.013402259237985832
443 0.01282787669921501
444 0.013019337545471951
445 0.01282787669921501
446 0.01263641585295807
447 0.01263641585295807
448 0.014168102623013594
449 0.013976641776756654
450 0.013976641776756654
451 0.013976641776756654
452 0.014359563469270534
453 0.014551024315527475
454 0.014742485161784415
455 0.014742485161784415
456 0.014551024315527475
457 0.014168102623013594
458 0.014551024315527475
459 0.013402259237985832
460 0.013402259237985832
461 0.013976641776756654
462 0.013402259237985832
463 0.01282787669921501
464 0.013210798391728892
465 0.013593720084242773
466 0.014933946008041356
467 0.015316867700555237
468 0.015316867700555237
469 0.015508328546812177
470 0.015699789393069118
471 0.015125406854298296
472 0.014359563469270534
473 0.013976641776756654
474 0.013976641776756654
475 0.013976641776756654
476 0.013402259237985832
477 0.014168102623013594
478 0.013785180930499713
479 0.014168102623013594
480 0.014359563469270534
481 0.015316867700555237
482 0.014742485161784415
483 0.014551024315527475
484 0.013976641776756654
485 0.014168102623013594
486 0.014359563469270534
487 0.014168102623013594
488 0.014359563469270534
489 0.014933946008041356
490 0.014359563469270534
491 0.014551024315527475
492 0.014742485161784415
493 0.014742485161784415
494 0.014168102623013594
495 0.014359563469270534
496 0.014551024315527475
497 0.014933946008041356
498 0.015125406854298296
499 0.015508328546812177
500 0.014742485161784415
501 0.014933946008041356
502 0.014742485161784415
503 0.014551024315527475
504 0.014742485161784415
505 0.015125406854298296
506 0.015508328546812177
507 0.014742485161784415
508 0.015508328546812177
509 0.016082711085583
510 0.01627417193183994
511 0.015699789393069118
512 0.01665709362435382
513 0.01684855447061076
514 0.01684855447061076
515 0.01646563277809688
516 0.01646563277809688
517 0.015891250239326058
518 0.015125406854298296
519 0.015316867700555237
520 0.015891250239326058
521 0.015699789393069118
522 0.015699789393069118
523 0.01646563277809688
524 0.01723147616312464
525 0.017614397855638522
526 0.017805858701895463
527 0.01723147616312464
528 0.01665709362435382
529 0.016082711085583
530 0.015891250239326058
531 0.01627417193183994
532 0.01684855447061076
533 0.01723147616312464
534 0.017422937009381582
535 0.01723147616312464
536 0.017422937009381582
537 0.01723147616312464
538 0.01684855447061076
539 0.015316867700555237
540 0.015125406854298296
541 0.014551024315527475
542 0.014168102623013594
543 0.014742485161784415
544 0.015316867700555237
545 0.015125406854298296
546 0.015891250239326058
547 0.01665709362435382
548 0.01684855447061076
549 0.01665709362435382
550 0.015125406854298296
551 0.015125406854298296
552 0.015316867700555237
553 0.014933946008041356
554 0.015316867700555237
555 0.014742485161784415
556 0.015125406854298296
557 0.014742485161784415
558 0.015125406854298296
559 0.014933946008041356
560 0.015316867700555237
561 0.015508328546812177
562 0.014933946008041356
563 0.014933946008041356
564 0.014933946008041356
565 0.014359563469270534
566 0.014551024315527475
567 0.014359563469270534
568 0.013593720084242773
569 0.013593720084242773
570 0.013593720084242773
571 0.013402259237985832
572 0.013593720084242773
573 0.014359563469270534
574 0.013593720084242773
575 0.013785180930499713
576 0.013019337545471951
577 0.013019337545471951
578 0.013593720084242773
579 0.013402259237985832
580 0.014168102623013594
581 0.013402259237985832
582 0.013593720084242773
583 0.013785180930499713
584 0.014168102623013594
585 0.014359563469270534
586 0.014933946008041356
587 0.014551024315527475
588 0.013976641776756654
589 0.014168102623013594
590 0.013976641776756654
591 0.014168102623013594
592 0.013785180930499713
593 0.013593720084242773
594 0.013402259237985832
595 0.01282787669921501
596 0.013402259237985832
597 0.013593720084242773
598 0.014359563469270534
599 0.013785180930499713
600 0.014168102623013594
601 0.015508328546812177
602 0.015125406854298296
603 0.015508328546812177
604 0.015699789393069118
605 0.015316867700555237
606 0.015508328546812177
607 0.015508328546812177
608 0.015125406854298296
609 0.015316867700555237
610 0.015125406854298296
611 0.016082711085583
612 0.01646563277809688
613 0.01646563277809688
614 0.015891250239326058
615 0.01627417193183994
616 0.01665709362435382
617 0.01627417193183994
618 0.01646563277809688
619 0.01646563277809688
620 0.01665709362435382
621 0.016082711085583
622 0.01627417193183994
623 0.016082711085583
624 0.014742485161784415
625 0.015508328546812177
626 0.015125406854298296
627 0.016082711085583
628 0.015699789393069118
629 0.015316867700555237
630 0.015316867700555237
631 0.015699789393069118
632 0.01627417193183994
633 0.015508328546812177
634 0.015699789393069118
635 0.014359563469270534
636 0.014742485161784415
637 0.015699789393069118
638 0.015125406854298296
639 0.014933946008041356
640 0.015508328546812177
641 0.014933946008041356
642 0.014359563469270534
643 0.015699789393069118
644 0.015891250239326058
645 0.01646563277809688
646 0.01665709362435382
647 0.01665709362435382
648 0.015891250239326058
649 0.015891250239326058
650 0.016082711085583
651 0.015699789393069118
652 0.015699789393069118
653 0.014742485161784415
654 0.015125406854298296
655 0.015891250239326058
656 0.016082711085583
657 0.014933946008041356
658 0.015125406854298296
659 0.015316867700555237
660 0.015508328546812177
661 0.015316867700555237
662 0.015125406854298296
663 0.014742485161784415
664 0.014359563469270534
665 0.014933946008041356
666 0.014359563469270534
667 0.015891250239326058
668 0.01627417193183994
669 0.015891250239326058
670 0.015699789393069118
671 0.015699789393069118
672 0.015125406854298296
673 0.014742485161784415
674 0.015316867700555237
675 0.015125406854298296
676 0.014933946008041356
677 0.014359563469270534
678 0.013976641776756654
679 0.014359563469270534
680 0.014742485161784415
681 0.014359563469270534
682 0.014359563469270534
683 0.014359563469270534
684 0.014551024315527475
685 0.014742485161784415
686 0.014168102623013594
687 0.014742485161784415
688 0.015316867700555237
689 0.015316867700555237
690 0.014742485161784415
691 0.014359563469270534
692 0.014742485161784415
693 0.014742485161784415
694 0.014551024315527475
695 0.014933946008041356
696 0.014742485161784415
697 0.015316867700555237
698 0.015699789393069118
699 0.015508328546812177
700 0.014742485161784415
