1 0.0007658433850277618
2 0.0015316867700555237
3 0.0019146084625694046
4 0.0030633735401110473
5 0.003829216925138809
6 0.005360903695194333
7 0.006126747080222095
8 0.00823281638904844
9 0.009955964005360904
10 0.010338885697874785
11 0.011870572467930308
12 0.013402259237985832
13 0.014933946008041356
14 0.017614397855638522
15 0.018571702086923225
16 0.022209458165805093
17 0.0250813708596592
18 0.027761822707256367
19 0.030825196247367414
20 0.03331418724870764
21 0.035611717403790925
22 0.03848363009764503
23 0.04097262109898526
24 0.044993298870381004
25 0.044993298870381004
26 0.049205437488033694
27 0.05284319356691557
28 0.05514072372199885
29 0.05743825387708214
30 0.060118705724679304
31 0.06509668772735976
32 0.06471376603484587
33 0.0672027570361861
34 0.06892590465249857
35 0.07122343480758185
36 0.07332950411640819
37 0.07543557342523453
38 0.07543557342523453
39 0.07964771204288723
40 0.08117939881294275
41 0.08385985066053991
42 0.08826345012444956
43 0.09017805858701895
44 0.09285851043461613
45 0.09553896228221329
46 0.09860233582232433
47 0.1031973961324909
48 0.10626076967260195
49 0.10855829982768524
50 0.109324143212713
51 0.11372774267662263
52 0.11430212521539346
53 0.11602527283170591
54 0.11793988129427532
55 0.11793988129427532
56 0.11889718552556003
57 0.11947156806433085
58 0.12023741144935861
59 0.12042887229561555
60 0.12330078498946966
61 0.12598123683706683
62 0.12885314953092092
63 0.1340225923798583
64 0.13555427914991383
65 0.13900057438253877
66 0.14302125215393452
67 0.14531878230901782
68 0.14933946008041354
69 0.15699789393069116
70 0.1604441891633161
71 0.16255025847214244
72 0.16484778862722574
73 0.16791116216733679
74 0.16791116216733679
75 0.16963430978364924
76 0.173654987555045
77 0.17212330078498947
78 0.17537813517135745
79 0.1813134214053226
80 0.1855255600229753
81 0.18571702086923225
82 0.18763162933180164
83 0.19031208117939882
84 0.19088646371816964
85 0.19529006318207925
86 0.19739613249090562
87 0.2006509668772736
88 0.20428872295615547
89 0.2111813134214053
90 0.21577637373157188
91 0.21692513880911354
92 0.21903120811793989
93 0.22152019911928011
94 0.22209458165805093
95 0.2266896419682175
96 0.22879571127704385
97 0.22860425043078691
98 0.2328163890484396
99 0.23434807581849512
100 0.23415661497223816
101 0.23683706681983535
102 0.24104920543748803
103 0.24104920543748803
104 0.2433467355925713
105 0.24928202182653647
106 0.25253685621290445
107 0.2521539345203906
108 0.2550258472142447
109 0.257323377369328
110 0.2628757419107792
111 0.26402450698832086
112 0.26842810645223053
113 0.2726402450698832
114 0.2745548535324526
115 0.27800114876507753
116 0.2810645223051886
117 0.28278766992150106
118 0.2848937392303274
119 0.28853149530920924
120 0.28891441700172316
121 0.2902546429255217
122 0.292743633926862
123 0.29676431169825773
124 0.2977216159295424
125 0.299061841853341
126 0.2981045376220563
127 0.2998276852383688
128 0.3025081370859659
129 0.30748611908864637
130 0.3122726402450699
131 0.3103580317825005
132 0.3113153360137852
133 0.311889718552556
134 0.3138043270151254
135 0.3138043270151254
136 0.31457017040015317
137 0.31495309209266703
138 0.3141872487076393
139 0.31610185717020867
140 0.31954815240283363
141 0.32299444763545854
142 0.32069691748037527
143 0.3254834386367988
144 0.3270151254068543
145 0.32912119471568063
146 0.3335247941795903
147 0.33199310740953475
148 0.33486502010338887
149 0.3396515412598124
150 0.34080030633735403
151 0.3455868274937775
152 0.3459697491862914
153 0.3465441317250622
154 0.3463526708788053
155 0.34520390580126364
156 0.3492245835726594
157 0.35056480949645796
158 0.35496840896036763
159 0.3526708788052843
160 0.3517135745739996
161 0.35152211372774267
162 0.35228795711277044
163 0.3565000957304231
164 0.35669155657668006
165 0.36032931265556195
166 0.36377560788818686
167 0.3620524602718744
168 0.3626268428106452
169 0.36320122534941607
170 0.36569021635075627
171 0.3677962856595826
172 0.36837066819835346
173 0.37507179781734634
174 0.37602910204863105
175 0.37602910204863105
176 0.37354011104729085
177 0.3766034845874019
178 0.3783266322037143
179 0.379283936434999
180 0.3819643882825962
181 0.3823473099751101
182 0.3834960750526517
183 0.38828259620907524
184 0.3913459697491863
185 0.3924947348267279
186 0.38694237028527667
187 0.38483630097645033
188 0.3856021443614781
189 0.38732529197779053
190 0.3854106835152211
191 0.3880911353628183
192 0.3894313612866169
193 0.3967068734443806
194 0.3976641776756653
195 0.3967068734443806
196 0.39728125598315145
197 0.39977024698449165
198 0.4013019337545472
199 0.3980470993681792
200 0.39823856021443615
201 0.40493968983342904
202 0.4064713766034846
203 0.4108749760673942
204 0.4112578977599081
205 0.4122152019911928
206 0.41049205437488034
207 0.4106835152211373
208 0.41393834960750525
209 0.4112578977599081
210 0.4150871146850469
211 0.41719318399387323
212 0.4164273406088455
213 0.41949071414895656
214 0.42466015699789394
215 0.4260003829216925
216 0.42887229561554663
217 0.43002106069308826
218 0.43327589507945624
219 0.43882825962090755
220 0.44055140723721997
221 0.4407428680834769
222 0.44055140723721997
223 0.43806241623587977
224 0.43940264215967834
225 0.4418916331610186
226 0.4401684855447061
227 0.4392111813134214
228 0.4420830940072755
229 0.44227455485353245
230 0.44476354585487266
231 0.44667815431744207
232 0.44418916331610186
233 0.44552938923990043
234 0.44572085008615736
235 0.45089029293509475
236 0.45031591039632396
237 0.45031591039632396
238 0.4516561363201225
239 0.4529963622439211
240 0.45261344055140723
241 0.4482098410874976
242 0.4485927627800115
243 0.453379283936435
244 0.4556768140915183
245 0.45357074478269194
246 0.46065479609419874
247 0.46352670878805285
248 0.46505839555810835
249 0.4652498564043653
250 0.4709936817920735
251 0.47118514263833045
252 0.4704192992533027
253 0.469461995022018
254 0.4681217690982194
255 0.4652498564043653
256 0.4658242389431361
257 0.4639096304805667
258 0.4681217690982194
259 0.47405705533218456
260 0.4755887421022401
261 0.4752058204097262
262 0.48363009764503156
263 0.47865211564235116
264 0.47501435956346927
265 0.47309975110089986
266 0.4761631246410109
267 0.4798008807198928
268 0.4826727934137469
269 0.48286425426000384
270 0.48248133256748993
271 0.485544706107601
272 0.4817154891824622
273 0.4803752632586636
274 0.48190695002871914
275 0.4842044801838024
276 0.4865020103388857
277 0.4910970706490523
278 0.49416044418916333
279 0.4878422362626843
280 0.49626651349798967
281 0.4981811219605591
282 0.49779820026804517
283 0.5002871912693854
284 0.5006701129618993
285 0.504882251579552
286 0.5054566341183228
287 0.5089029293509477
288 0.5073712425808922
289 0.507945625119663
290 0.5106260769672601
291 0.5096687727359754
292 0.5058395558108367
293 0.5073712425808922
294 0.5069883208883783
295 0.5089029293509477
296 0.5087114685046908
297 0.5087114685046908
298 0.5087114685046908
299 0.5108175378135171
300 0.5121577637373157
301 0.5142638330461421
302 0.5167528240474822
303 0.5203905801263642
304 0.5253685621290446
305 0.5259429446678154
306 0.5276660922841279
307 0.5269002488991001
308 0.5318782309017805
309 0.5358989086731764
310 0.53379283936435
311 0.5391537430595443
312 0.5416427340608846
313 0.5416427340608846
314 0.5416427340608846
315 0.5408768906758568
316 0.5383878996745166
317 0.5370476737507179
318 0.5328355351330653
319 0.5370476737507179
320 0.5420256557533984
321 0.5422171165996553
322 0.5381964388282596
323 0.5362818303656902
324 0.5295807007466973
325 0.5286233965154126
326 0.5324526134405514
327 0.5314953092092667
328 0.5293892399004404
329 0.5311123875167528
330 0.524219797051503
331 0.5244112578977599
332 0.5246027187440169
333 0.5282404748228987
334 0.5284319356691557
335 0.5311123875167528
336 0.5380049779820026
337 0.5353245261344055
338 0.5368562129044611
339 0.5387708213670305
340 0.5389622822132873
341 0.5387708213670305
342 0.5380049779820026
343 0.5385793605207735
344 0.5397281255983152
345 0.5403025081370859
346 0.5418341949071415
347 0.543365881677197
348 0.5403025081370859
349 0.5383878996745166
350 0.5393452039058013
351 0.5393452039058013
352 0.5422171165996553
353 0.5443231859084817
354 0.5489182462186483
355 0.5462377943710511
356 0.5521730806050162
357 0.5552364541451273
358 0.5611717403790925
359 0.5648094964579743
360 0.5640436530729466
361 0.5663411832280298
362 0.5588742102240092
363 0.5604058969940647
364 0.5644265747654604
365 0.5640436530729466
366 0.5651924181504883
367 0.562894887995405
368 0.5636607313804327
369 0.5609802795328356
370 0.5621290446103772
371 0.566149722381773
372 0.5653838789967451
373 0.5613632012253494
374 0.5669155657668007
375 0.569213095921884
376 0.5713191652307104
377 0.5705533218456825
378 0.5703618609994257
379 0.5718935477694811
380 0.5699789393069118
381 0.5736166953857936
382 0.5774459123109325
383 0.5770629906184185
384 0.5759142255408769
385 0.578786138234731
386 0.578786138234731
387 0.5799349033122726
388 0.5816580509285851
389 0.582232433467356
390 0.585487267853724
391 0.5875933371625502
392 0.5900823281638905
393 0.5925713191652308
394 0.5918054757802029
395 0.5919969366264599
396 0.5954432318590848
397 0.5942944667815432
398 0.5944859276278002
399 0.5944859276278002
400 0.5977407620141681
401 0.5988895270917097
402 0.6006126747080222
403 0.5964005360903695
404 0.597932222860425
405 0.6031016657093624
406 0.6017614397855638
407 0.5985066053991959
408 0.6023358223243347
409 0.6025272831705916
410 0.6038675090943902
411 0.6009955964005361
412 0.6055906567107027
413 0.613823473099751
414 0.6168868466398622
415 0.6193758376412024
416 0.6218648286425426
417 0.6220562894887995
418 0.620524602718744
419 0.6178441508711469
420 0.6186099942561746
421 0.6201416810262301
422 0.6216733677962857
423 0.6327780968791882
424 0.633543940264216
425 0.6314378709553896
426 0.6289488799540494
427 0.6285659582615355
428 0.6276086540302508
429 0.6253111238751675
430 0.6283744974152786
431 0.6291403408003063
432 0.6308634884166188
433 0.6379475397281256
434 0.6369902354968409
435 0.6320122534941605
436 0.6314378709553896
437 0.6322037143404173
438 0.6337354011104729
439 0.633352479417959
440 0.6348841661880146
441 0.6383304614206394
442 0.6341183228029867
443 0.6345012444955007
444 0.639862148190695
445 0.6413938349607505
446 0.6440742868083477
447 0.6385219222668964
448 0.640053609036952
449 0.6410109132682367
450 0.643116982577063
451 0.6457974344246602
452 0.6456059735784032
453 0.6446486693471185
454 0.6440742868083477
455 0.6454145127321462
456 0.6490522688110282
457 0.6465632778096879
458 0.6436913651158338
459 0.6440742868083477
460 0.6484778862722573
461 0.6479035037334865
462 0.6479035037334865
463 0.6479035037334865
464 0.6479035037334865
465 0.6461803561171741
466 0.6419682174995214
467 0.6454145127321462
468 0.6496266513497989
469 0.6480949645797435
470 0.6480949645797435
471 0.6517327206586253
472 0.6488608079647712
473 0.649243729657285
474 0.6502010338885698
475 0.6546046333524794
476 0.6549875550449933
477 0.6523071031973962
478 0.6572850852000766
479 0.659391154508903
480 0.6643691365115834
481 0.6616886846639862
482 0.6641776756653265
483 0.6634118322802987
484 0.6626459888952709
485 0.6651349798966112
486 0.6668581275129236
487 0.6660922841278959
488 0.6664752058204098
489 0.6659008232816389
490 0.6588167719701321
491 0.6605399195864445
492 0.6607313804327015
493 0.6607313804327015
494 0.6632203714340418
495 0.6664752058204098
496 0.6701129618992916
497 0.6668581275129236
498 0.6743251005169443
499 0.6748994830557151
500 0.6712617269768333
501 0.668581275129236
502 0.6626459888952709
503 0.6622630672027571
504 0.6645605973578403
505 0.6645605973578403
506 0.6680068925904652
507 0.6693471185142639
508 0.6735592571319166
509 0.6814091518284511
510 0.672219031208118
511 0.6647520582040972
512 0.6637947539728125
513 0.6666666666666666
514 0.6630289105877848
515 0.6601569978939307
516 0.6580509285851044
517 0.6586253111238751
518 0.6639862148190695
519 0.6620716063565001
520 0.6649435190503542
521 0.668581275129236
522 0.675282404748229
523 0.6783457782883401
524 0.6806433084434234
525 0.6733677962856596
526 0.6729848745931457
527 0.6748994830557151
528 0.6783457782883401
529 0.6781543174420831
530 0.6794945433658817
531 0.6747080222094581
532 0.6771970132107984
533 0.6758567872869998
534 0.6794945433658817
535 0.6835152211372775
536 0.6854298295998469
537 0.6896419682174996
538 0.6902163507562703
539 0.6896419682174996
540 0.684855447061076
541 0.6873444380624162
542 0.6890675856787287
543 0.6817920735209649
544 0.6789201608271108
545 0.6777713957495692
546 0.6802603867509094
547 0.6800689259046525
548 0.6762397089795137
549 0.6800689259046525
550 0.6825579169059928
551 0.6791116216733678
552 0.6804518475971664
553 0.6835152211372775
554 0.6808347692896802
555 0.6812176909821941
556 0.6773884740570554
557 0.6739421788244304
558 0.6739421788244304
559 0.675282404748229
560 0.6703044227455486
561 0.6771970132107984
562 0.6770055523645414
563 0.6733677962856596
564 0.6766226306720275
565 0.6704958835918055
566 0.6643691365115834
567 0.6607313804327015
568 0.6601569978939307
569 0.6645605973578403
570 0.6636032931265556
571 0.6662837449741528
572 0.6672410492054375
573 0.6666666666666666
574 0.668581275129236
575 0.6741336396706873
576 0.6668581275129236
577 0.6668581275129236
578 0.6693471185142639
579 0.6712617269768333
580 0.6748994830557151
581 0.675090943901972
582 0.6771970132107984
583 0.6733677962856596
584 0.6712617269768333
585 0.6712617269768333
586 0.6706873444380624
587 0.6697300402067777
588 0.6741336396706873
589 0.6731763354394027
590 0.6724104920543749
591 0.6766226306720275
592 0.6741336396706873
593 0.6789201608271108
594 0.6733677962856596
595 0.675473865594486
596 0.6747080222094581
597 0.675090943901972
598 0.6697300402067777
599 0.6683898142829792
600 0.6726019529006318
601 0.6760482481332567
602 0.672027570361861
603 0.675090943901972
604 0.6741336396706873
605 0.6758567872869998
606 0.6791116216733678
607 0.6768140915182845
608 0.675473865594486
609 0.6747080222094581
610 0.6748994830557151
611 0.6727934137468887
612 0.6712617269768333
613 0.671836109515604
614 0.6796860042121387
615 0.6814091518284511
616 0.684855447061076
617 0.6875358989086732
618 0.6871529772161593
619 0.6898334290637564
620 0.684855447061076
621 0.6825579169059928
622 0.6835152211372775
623 0.6890675856787287
624 0.6863871338311315
625 0.6888761248324717
626 0.6955772544514647
627 0.6921309592188397
628 0.6867700555236455
629 0.6875358989086732
630 0.6900248899100134
631 0.6921309592188397
632 0.6904078116025273
633 0.6873444380624162
634 0.684663986214819
635 0.6905992724487843
636 0.6921309592188397
637 0.691365115833812
638 0.691365115833812
639 0.6863871338311315
640 0.6791116216733678
641 0.678728699980854
642 0.6819835343672219
643 0.6865785946773885
644 0.6823664560597358
645 0.6858127512923607
646 0.6921309592188397
647 0.6921309592188397
648 0.6927053417576106
649 0.6890675856787287
650 0.6867700555236455
651 0.6890675856787287
652 0.6940455676814091
653 0.6925138809113536
654 0.6936626459888953
655 0.6950028719126938
656 0.6965345586827494
657 0.6950028719126938
658 0.6930882634501244
659 0.691173654987555
660 0.6928968026038675
661 0.691173654987555
662 0.6923224200650967
663 0.691173654987555
664 0.6928968026038675
665 0.6921309592188397
666 0.6907907332950411
667 0.6865785946773885
668 0.6858127512923607
669 0.6856212904461038
670 0.6823664560597358
671 0.6837066819835343
672 0.6898334290637564
673 0.6884932031399579
674 0.687918820601187
675 0.6896419682174996
676 0.6900248899100134
677 0.6971089412215202
678 0.6959601761439785
679 0.694811411066437
680 0.697874784606548
681 0.7015125406854298
682 0.7017040015316868
683 0.7022783840704576
684 0.7061076009955964
685 0.6999808539153743
686 0.6967260195290064
687 0.6950028719126938
688 0.6928968026038675
689 0.6898334290637564
690 0.6867700555236455
691 0.6869615163699023
692 0.6779628565958261
693 0.684663986214819
694 0.6842810645223052
695 0.678728699980854
696 0.6829408385985066
697 0.684855447061076
698 0.6850469079073329
699 0.6840896036760482
700 0.6909821941412981
