1 0.0003829216925138809
2 0.0005743825387708214
3 0.0007658433850277618
4 0.0011487650775416428
5 0.0019146084625694046
6 0.002488991001340226
7 0.0026804518475971664
8 0.0030633735401110473
9 0.0036377560788818687
10 0.004977982002680452
11 0.007466973004020678
12 0.007849894696534559
13 0.011296189929159487
14 0.013210798391728892
15 0.015316867700555237
16 0.01684855447061076
17 0.02048631054949263
18 0.023932605782117557
19 0.026804518475971664
20 0.030250813708596593
21 0.033122726402450696
22 0.035228795711277044
23 0.036951943327589505
24 0.04058969940647138
25 0.044035994639096306
26 0.04595060310166571
27 0.047482289871721234
28 0.05188588933563086
29 0.05475780202948497
30 0.05571510626076967
31 0.05782117556959602
32 0.06165039249473483
33 0.0639479226498181
34 0.06452230518858894
35 0.06567107026613057
36 0.06681983534367222
37 0.06854298295998468
38 0.0714148956538388
39 0.07371242580892208
40 0.07447826919394984
41 0.07639287765651924
42 0.077158721041547
43 0.07792456442657476
44 0.08251962473674133
45 0.08577445912310933
46 0.08864637181696343
47 0.08941221520199119
48 0.09324143212713
49 0.09649626651349799
50 0.09764503159103963
51 0.1003254834386368
52 0.10262301359372009
53 0.10396323951751867
54 0.10702661305762971
55 0.11047290829025465
56 0.11525942944667815
57 0.11698257706299062
58 0.11985448975684472
59 0.12023741144935861
60 0.122152019911928
61 0.12713000191460846
62 0.12808730614589317
63 0.13038483630097644
64 0.13076775799349033
65 0.13210798391728892
66 0.1334482098410875
67 0.13995787861382347
68 0.14474439977024697
69 0.14474439977024697
70 0.14933946008041354
71 0.15374305954432319
72 0.15680643308443423
73 0.16063565000957306
74 0.16025272831705917
75 0.16082711085582999
76 0.1623587976258855
77 0.16465632778096878
78 0.16695385793605208
79 0.16771970132107983
80 0.17116599655370476
81 0.17576105686387133
82 0.17882443040398238
83 0.18093049971280872
84 0.1855255600229753
85 0.1939498372582807
86 0.19433275895079458
87 0.19624736741336396
88 0.19892781926096115
89 0.19988512349224583
90 0.20390580126364158
91 0.2067777139574957
92 0.21003254834386367
93 0.21271300019146083
94 0.21749952134788436
95 0.21788244304039825
96 0.21558491288531495
97 0.2173080605016274
98 0.21673367796285659
99 0.22132873827302316
100 0.2257323377369328
101 0.2247750335056481
102 0.22783840704575914
103 0.23128470227838407
104 0.23607122343480758
105 0.2372199885123492
106 0.2408577445912311
107 0.24104920543748803
108 0.24258089220754356
109 0.24219797051502967
110 0.2446869615163699
111 0.2469844916714532
112 0.24717595251771013
113 0.2513880911353628
114 0.2550258472142447
115 0.25291977790541836
116 0.2582806816006127
117 0.26057821175569595
118 0.26153551598698066
119 0.2645988895270917
120 0.2665134979896611
121 0.26383304614206393
122 0.26402450698832086
123 0.2665134979896611
124 0.2663220371434042
125 0.2672793413746889
126 0.2688110281447444
127 0.2735975493011679
128 0.2743633926861957
129 0.27570361860999426
130 0.2739804709936818
131 0.2778096879188206
132 0.27551215776373733
133 0.2770438445337928
134 0.27819260961133446
135 0.2822132873827302
136 0.2820218265364733
137 0.28259620907524413
138 0.28604250430786904
139 0.2848937392303274
140 0.2854681217690982
141 0.2883400344629523
142 0.2917863296955773
143 0.29044610377177865
144 0.2900631820792648
145 0.2902546429255217
146 0.28968026038675093
147 0.2919777905418342
148 0.2971472333907716
149 0.29753015508328545
150 0.29753015508328545
151 0.30040206777713957
152 0.3034654413172506
153 0.31016657093624356
154 0.31208117939881297
155 0.3155274746314379
156 0.315144552938924
157 0.31629331801646565
158 0.3166762397089795
159 0.3141872487076393
160 0.3164847788627226
161 0.3170591614014934
162 0.31820792647903506
163 0.3260578211755696
164 0.3306528814857362
165 0.33007849894696534
166 0.331227264024507
167 0.3331418724870764
168 0.3352479417959027
169 0.33563086348841664
170 0.34252345395366646
171 0.34156614972238175
172 0.3423319931074095
173 0.3484587401876316
174 0.34884166188014554
175 0.3501818878039441
176 0.34807581849511776
177 0.3465441317250622
178 0.3450124449550067
179 0.3453953666475206
180 0.3497989661114302
181 0.35286233965154123
182 0.3543940264215968
183 0.3553513306528815
184 0.35669155657668006
185 0.36224392111813136
186 0.3662645988895271
187 0.36569021635075627
188 0.3687535898908673
189 0.36990235496840895
190 0.366647520582041
191 0.3687535898908673
192 0.37181696343097836
193 0.37354011104729085
194 0.37066819835343673
195 0.3720084242772353
196 0.3767949454336588
197 0.3800497798200268
198 0.38407045759142255
199 0.38675090943901974
200 0.3844533792839364
201 0.38828259620907524
202 0.3915374305954432
203 0.3932605782117557
204 0.3915374305954432
205 0.39192035228795713
206 0.3894313612866169
207 0.392303273980471
208 0.39287765651924184
209 0.3917288914417002
210 0.39115450890292935
211 0.3909630480566724
212 0.3903886655179016
213 0.39268619567298485
214 0.3967068734443806
215 0.3976641776756653
216 0.3942178824430404
217 0.39383496075052654
218 0.3951751866743251
219 0.3984300210606931
220 0.39440934328929733
221 0.3905801263641585
222 0.39019720467164465
223 0.39728125598315145
224 0.3984300210606931
225 0.39996170783074864
226 0.39862148190695
227 0.3959410300593529
228 0.3974727168294084
229 0.3965154125981237
230 0.3984300210606931
231 0.39919586444572086
232 0.4013019337545472
233 0.408385985066054
234 0.41010913268236643
235 0.4108749760673942
236 0.4125981236837067
237 0.4152785755313039
238 0.41298104537622055
239 0.41393834960750525
240 0.4127895845299636
241 0.41432127130001917
242 0.41298104537622055
243 0.4137468887612483
244 0.41489565383878996
245 0.4118322802986789
246 0.4125981236837067
247 0.4145127321462761
248 0.41585295807007466
249 0.4206394792264982
250 0.4196821749952135
251 0.42044801838024126
252 0.42619184376794944
253 0.4311698257706299
254 0.4349990426957687
255 0.4338502776182271
256 0.43614780777331036
257 0.4409343289297339
258 0.43787095538962284
259 0.44323185908481716
260 0.44514646754738657
261 0.44667815431744207
262 0.4495500670112962
263 0.447061076009956
264 0.447061076009956
265 0.44591231093241435
266 0.4415087114685047
267 0.4401684855447061
268 0.4426574765460463
269 0.4407428680834769
270 0.4382538770821367
271 0.43863679877465056
272 0.4390197204671645
273 0.4445720850086157
274 0.4462952326249282
275 0.4480183802412407
276 0.453379283936435
277 0.45223051885889337
278 0.4541451273214628
279 0.4516561363201225
280 0.4547195098602336
281 0.4547195098602336
282 0.4539536664752058
283 0.45720850086157383
284 0.4568255791690599
285 0.4604633352479418
286 0.4543365881677197
287 0.4575914225540877
288 0.45988895270917096
289 0.45835726593911547
290 0.4558682749377752
291 0.4575914225540877
292 0.46218648286425423
293 0.46639862148190697
294 0.4709936817920735
295 0.4709936817920735
296 0.4723339077158721
297 0.47635458548726783
298 0.4780777331035803
299 0.48248133256748993
300 0.47731188971855254
301 0.4755887421022401
302 0.47960941987363587
303 0.4830557151062608
304 0.48343863679877463
305 0.4817154891824622
306 0.48573616695385796
307 0.48535324526134405
308 0.4859276278001149
309 0.48726785372391346
310 0.48477886272257326
311 0.4876507754164273
312 0.48994830557151064
313 0.49052268811028144
314 0.4884166188014551
315 0.49147999234156614
316 0.4949262875741911
317 0.4993298870381007
318 0.5010530346544132
319 0.49856404365307294
320 0.5027761822707256
321 0.5004786521156424
322 0.4997128087306146
323 0.4974152785755313
324 0.4989469653455868
325 0.5073712425808922
326 0.5098602335822324
327 0.5148382155849129
328 0.5138809113536282
329 0.5119663028910588
330 0.514646754738656
331 0.5123492245835727
332 0.5131150679686004
333 0.5115833811985449
334 0.5117748420448018
335 0.50813708596592
336 0.5043078690407812
337 0.5123492245835727
338 0.5131150679686004
339 0.5119663028910588
340 0.5108175378135171
341 0.5104346161210033
342 0.5098602335822324
343 0.5148382155849129
344 0.5159869806624545
345 0.514455293892399
346 0.5171357457399962
347 0.5203905801263642
348 0.5188588933563086
349 0.5211564235113919
350 0.5200076584338503
351 0.5196247367413364
352 0.5180930499712809
353 0.5224966494351905
354 0.5249856404365307
355 0.5253685621290446
356 0.5301550832854681
357 0.5343672219031208
358 0.5328355351330653
359 0.5347501435956347
360 0.5408768906758568
361 0.5383878996745166
362 0.5360903695194332
363 0.5391537430595443
364 0.5378135171357458
365 0.5414512732146276
366 0.5445146467547387
367 0.5452804901397664
368 0.5426000382921693
369 0.5445146467547387
370 0.5470036377560789
371 0.5504499329887038
372 0.5502584721424468
373 0.5504499329887038
374 0.5535133065288148
375 0.5550449932988704
376 0.5538962282213288
377 0.556193758376412
378 0.5535133065288148
379 0.5546620716063565
380 0.5544706107600995
381 0.5510243155274747
382 0.5523645414512732
383 0.5527474631437871
384 0.5512157763737315
385 0.5558108366838982
386 0.55944859276278
387 0.559257131916523
388 0.5596400536090369
389 0.556193758376412
390 0.5538962282213288
391 0.5529389239900441
392 0.5550449932988704
393 0.5560022975301551
394 0.5586827493777522
395 0.5581083668389815
396 0.5579169059927245
397 0.5548535324526135
398 0.5537047673750718
399 0.5542791499138426
400 0.5611717403790925
401 0.5609802795328356
402 0.5581083668389815
403 0.556193758376412
404 0.5571510626076968
405 0.5577254451464676
406 0.5582998276852383
407 0.562894887995405
408 0.5686387133831131
409 0.5701704001531687
410 0.5768715297721616
411 0.5799349033122726
412 0.578594677388474
413 0.5812751292360713
414 0.5814665900823281
415 0.578594677388474
416 0.578786138234731
417 0.5808922075435573
418 0.5829982768523837
419 0.5858701895462378
420 0.5891250239326058
421 0.588550641393835
422 0.5902737890101474
423 0.5807007466973004
424 0.585487267853724
425 0.5912310932414321
426 0.5942944667815432
427 0.5965919969366265
428 0.5992724487842236
429 0.6000382921692514
430 0.60137851809305
431 0.6019529006318208
432 0.6036760482481333
433 0.6084625694045568
434 0.6080796477120429
435 0.6103771778671262
436 0.6088454910970706
437 0.6015699789393069
438 0.6069308826345012
439 0.6063565000957304
440 0.6050162741719318
441 0.6032931265556194
442 0.6002297530155083
443 0.6040589699406471
444 0.6057821175569597
445 0.6063565000957304
446 0.6032931265556194
447 0.604441891633161
448 0.6067394217882442
449 0.6052077350181888
450 0.6073138043270151
451 0.6042504307869041
452 0.6032931265556194
453 0.6099942561746123
454 0.6111430212521539
455 0.6149722381772927
456 0.6166953857936052
457 0.6153551598698066
458 0.6165039249473483
459 0.6188014551024316
460 0.6191843767949454
461 0.614206394792265
462 0.6203331418724871
463 0.6228221328738273
464 0.6283744974152786
465 0.6264598889527092
466 0.6255025847214245
467 0.6260769672601952
468 0.6320122534941605
469 0.6343097836492437
470 0.6322037143404173
471 0.6343097836492437
472 0.630289105877848
473 0.6285659582615355
474 0.6291403408003063
475 0.6226306720275704
476 0.6272257323377369
477 0.6270342714914799
478 0.6316293318016466
479 0.633161018571702
480 0.640053609036952
481 0.6452230518858894
482 0.6463718169634309
483 0.6429255217308061
484 0.6396706873444381
485 0.6421596783457783
486 0.6440742868083477
487 0.6429255217308061
488 0.6423511391920352
489 0.633352479417959
490 0.6415852958070075
491 0.6452230518858894
492 0.6412023741144935
493 0.6413938349607505
494 0.6438828259620908
495 0.6381390005743826
496 0.640053609036952
497 0.640053609036952
498 0.6412023741144935
499 0.643116982577063
500 0.6417767566532644
501 0.6415852958070075
502 0.6373731571893547
503 0.6350756270342715
504 0.6404365307294658
505 0.6434999042695768
506 0.6479035037334865
507 0.6479035037334865
508 0.6536473291211947
509 0.65269002488991
510 0.6546046333524794
511 0.6517327206586253
512 0.6536473291211947
513 0.6538387899674517
514 0.6488608079647712
515 0.6488608079647712
516 0.6549875550449933
517 0.6509668772735976
518 0.6511583381198545
519 0.6538387899674517
520 0.6586253111238751
521 0.6542217116599656
522 0.6509668772735976
523 0.6473291211947156
524 0.6505839555810836
525 0.6576680068925904
526 0.6549875550449933
527 0.6544131725062224
528 0.6567107026613057
529 0.6544131725062224
530 0.6555619375837641
531 0.6507754164273406
532 0.655753398430021
533 0.655944859276278
534 0.6574765460463335
535 0.659391154508903
536 0.6609228412789585
537 0.6662837449741528
538 0.6651349798966112
539 0.6670495883591806
540 0.6689641968217499
541 0.6680068925904652
542 0.6683898142829792
543 0.6664752058204098
544 0.6708788052843193
545 0.668581275129236
546 0.6680068925904652
547 0.6676239708979513
548 0.6680068925904652
549 0.6733677962856596
550 0.6731763354394027
551 0.672219031208118
552 0.671836109515604
553 0.6645605973578403
554 0.6668581275129236
555 0.6745165613632013
556 0.6781543174420831
557 0.672219031208118
558 0.6781543174420831
559 0.6756653264407428
560 0.6766226306720275
561 0.6712617269768333
562 0.6699215010530346
563 0.6649435190503542
564 0.6645605973578403
565 0.659199693662646
566 0.6611143021252154
567 0.6660922841278959
568 0.6632203714340418
569 0.659391154508903
570 0.6651349798966112
571 0.6668581275129236
572 0.6660922841278959
573 0.662454528049014
574 0.6630289105877848
575 0.6645605973578403
576 0.6611143021252154
577 0.6603484587401877
578 0.6637947539728125
579 0.6632203714340418
580 0.6641776756653265
581 0.6703044227455486
582 0.6666666666666666
583 0.6616886846639862
584 0.6660922841278959
585 0.6666666666666666
586 0.6712617269768333
587 0.6701129618992916
588 0.668772735975493
589 0.6683898142829792
590 0.6712617269768333
591 0.6708788052843193
592 0.6651349798966112
593 0.6662837449741528
594 0.6743251005169443
595 0.6704958835918055
596 0.6710702661305763
597 0.6659008232816389
598 0.6724104920543749
599 0.6701129618992916
600 0.6706873444380624
601 0.6668581275129236
602 0.6659008232816389
603 0.6689641968217499
604 0.675282404748229
605 0.6726019529006318
606 0.6764311698257707
607 0.6712617269768333
608 0.6689641968217499
609 0.6714531878230902
610 0.668581275129236
611 0.6724104920543749
612 0.6775799349033123
613 0.6831322994447635
614 0.6796860042121387
615 0.6775799349033123
616 0.6716446486693471
617 0.6683898142829792
618 0.6745165613632013
619 0.6708788052843193
620 0.6701129618992916
621 0.6724104920543749
622 0.6735592571319166
623 0.672027570361861
624 0.672219031208118
625 0.671836109515604
626 0.6731763354394027
627 0.6695385793605207
628 0.668772735975493
629 0.6676239708979513
630 0.6710702661305763
631 0.6708788052843193
632 0.6766226306720275
633 0.6726019529006318
634 0.6689641968217499
635 0.6724104920543749
636 0.6706873444380624
637 0.6641776756653265
638 0.665517901589125
639 0.6637947539728125
640 0.6666666666666666
641 0.6666666666666666
642 0.6691556576680069
643 0.668581275129236
644 0.6626459888952709
645 0.6695385793605207
646 0.668581275129236
647 0.6706873444380624
648 0.6756653264407428
649 0.6756653264407428
650 0.6806433084434234
651 0.6800689259046525
652 0.6741336396706873
653 0.6676239708979513
654 0.662454528049014
655 0.6636032931265556
656 0.662454528049014
657 0.6695385793605207
658 0.6697300402067777
659 0.6712617269768333
660 0.6737507179781734
661 0.6699215010530346
662 0.6741336396706873
663 0.6729848745931457
664 0.6731763354394027
665 0.6708788052843193
666 0.6737507179781734
667 0.6735592571319166
668 0.672027570361861
669 0.6689641968217499
670 0.6706873444380624
671 0.6743251005169443
672 0.675282404748229
673 0.6762397089795137
674 0.675473865594486
675 0.6747080222094581
676 0.6745165613632013
677 0.6737507179781734
678 0.675090943901972
679 0.675473865594486
680 0.678537239134597
681 0.6773884740570554
682 0.6804518475971664
683 0.6806433084434234
684 0.678728699980854
685 0.6766226306720275
686 0.6802603867509094
687 0.6794945433658817
688 0.6796860042121387
689 0.6781543174420831
690 0.678728699980854
691 0.6768140915182845
692 0.6781543174420831
693 0.6791116216733678
694 0.6833237602910205
695 0.6812176909821941
696 0.6817920735209649
697 0.6860042121386176
698 0.6888761248324717
699 0.6865785946773885
700 0.6909821941412981
