1 0.00019146084625694046
2 0.0005743825387708214
3 0.0005743825387708214
4 0.0005743825387708214
5 0.0007658433850277618
6 0.0009573042312847023
7 0.0011487650775416428
8 0.0009573042312847023
9 0.0009573042312847023
10 0.0007658433850277618
11 0.0011487650775416428
12 0.0013402259237985832
13 0.0017231476163124641
14 0.002106069308826345
15 0.0022975301550832855
16 0.0026804518475971664
17 0.0030633735401110473
18 0.003254834386367988
19 0.0044035994639096306
20 0.0047865211564235115
21 0.004977982002680452
22 0.004977982002680452
23 0.005169442848937392
24 0.0044035994639096306
25 0.004595060310166571
26 0.004977982002680452
27 0.005360903695194333
28 0.005360903695194333
29 0.005169442848937392
30 0.005935286233965154
31 0.005935286233965154
32 0.006126747080222095
33 0.005743825387708214
34 0.006318207926479035
35 0.006509668772735976
36 0.006509668772735976
37 0.007084051311506797
38 0.007466973004020678
39 0.0080413555427915
40 0.00861573808156232
41 0.009190120620333142
42 0.009381581466590082
43 0.009381581466590082
44 0.009764503159103963
45 0.009955964005360904
46 0.010147424851617844
47 0.010338885697874785
48 0.010338885697874785
49 0.010147424851617844
50 0.009764503159103963
51 0.010147424851617844
52 0.010338885697874785
53 0.010530346544131725
54 0.009955964005360904
55 0.010721807390388666
56 0.011104729082902547
57 0.011679111621673368
58 0.01244495500670113
59 0.013019337545471951
60 0.01282787669921501
61 0.01282787669921501
62 0.01282787669921501
63 0.01225349416044419
64 0.01282787669921501
65 0.013402259237985832
66 0.013402259237985832
67 0.013593720084242773
68 0.013593720084242773
69 0.013976641776756654
70 0.014551024315527475
71 0.015891250239326058
72 0.015699789393069118
73 0.014551024315527475
74 0.014933946008041356
75 0.015125406854298296
76 0.015125406854298296
77 0.015699789393069118
78 0.015891250239326058
79 0.016082711085583
80 0.016082711085583
81 0.015508328546812177
82 0.015316867700555237
83 0.014933946008041356
84 0.015125406854298296
85 0.014359563469270534
86 0.014168102623013594
87 0.014551024315527475
88 0.014933946008041356
89 0.014551024315527475
90 0.014551024315527475
91 0.014551024315527475
92 0.014742485161784415
93 0.015125406854298296
94 0.015316867700555237
95 0.015316867700555237
96 0.015316867700555237
97 0.016082711085583
98 0.014359563469270534
99 0.013593720084242773
100 0.013593720084242773
101 0.013785180930499713
102 0.013402259237985832
103 0.014359563469270534
104 0.014359563469270534
105 0.014742485161784415
106 0.014933946008041356
107 0.014933946008041356
108 0.015125406854298296
109 0.014933946008041356
110 0.015508328546812177
111 0.015125406854298296
112 0.015125406854298296
113 0.015125406854298296
114 0.014551024315527475
115 0.014359563469270534
116 0.014359563469270534
117 0.014359563469270534
118 0.013593720084242773
119 0.014168102623013594
120 0.014359563469270534
121 0.015316867700555237
122 0.015125406854298296
123 0.014933946008041356
124 0.015125406854298296
125 0.014359563469270534
126 0.014742485161784415
127 0.015699789393069118
128 0.015699789393069118
129 0.016082711085583
130 0.015891250239326058
131 0.015891250239326058
132 0.015699789393069118
133 0.015699789393069118
134 0.015699789393069118
135 0.014933946008041356
136 0.015316867700555237
137 0.014742485161784415
138 0.015316867700555237
139 0.015508328546812177
140 0.015508328546812177
141 0.015508328546812177
142 0.015891250239326058
143 0.01627417193183994
144 0.01627417193183994
145 0.016082711085583
146 0.01665709362435382
147 0.01627417193183994
148 0.015508328546812177
149 0.015316867700555237
150 0.014933946008041356
151 0.013976641776756654
152 0.013785180930499713
153 0.013593720084242773
154 0.013785180930499713
155 0.014551024315527475
156 0.014551024315527475
157 0.014933946008041356
158 0.014933946008041356
159 0.015316867700555237
160 0.014933946008041356
161 0.014551024315527475
162 0.013976641776756654
163 0.013976641776756654
164 0.014359563469270534
165 0.014168102623013594
166 0.014359563469270534
167 0.014168102623013594
168 0.015125406854298296
169 0.014742485161784415
170 0.014742485161784415
171 0.015125406854298296
172 0.014933946008041356
173 0.014168102623013594
174 0.014742485161784415
175 0.014168102623013594
176 0.014168102623013594
177 0.013976641776756654
178 0.014359563469270534
179 0.013402259237985832
180 0.01282787669921501
181 0.013593720084242773
182 0.013785180930499713
183 0.014551024315527475
184 0.014168102623013594
185 0.014359563469270534
186 0.014551024315527475
187 0.014168102623013594
188 0.014359563469270534
189 0.013976641776756654
190 0.013210798391728892
191 0.013785180930499713
192 0.014168102623013594
193 0.015125406854298296
194 0.015316867700555237
195 0.014742485161784415
196 0.014742485161784415
197 0.014742485161784415
198 0.013976641776756654
199 0.014551024315527475
200 0.014359563469270534
201 0.014551024315527475
202 0.014359563469270534
203 0.014359563469270534
204 0.014742485161784415
205 0.015508328546812177
206 0.014551024315527475
207 0.014933946008041356
208 0.014742485161784415
209 0.015316867700555237
210 0.016082711085583
211 0.01627417193183994
212 0.01646563277809688
213 0.01665709362435382
214 0.01665709362435382
215 0.016082711085583
216 0.015316867700555237
217 0.014933946008041356
218 0.015508328546812177
219 0.014933946008041356
220 0.014742485161784415
221 0.015316867700555237
222 0.014933946008041356
223 0.015699789393069118
224 0.015125406854298296
225 0.015699789393069118
226 0.015699789393069118
227 0.015125406854298296
228 0.015316867700555237
229 0.015125406854298296
230 0.015891250239326058
231 0.016082711085583
232 0.015699789393069118
233 0.014933946008041356
234 0.014551024315527475
235 0.014742485161784415
236 0.014359563469270534
237 0.014933946008041356
238 0.014551024315527475
239 0.014359563469270534
240 0.014742485161784415
241 0.013785180930499713
242 0.013785180930499713
243 0.014168102623013594
244 0.013976641776756654
245 0.014933946008041356
246 0.014551024315527475
247 0.015125406854298296
248 0.014742485161784415
249 0.014742485161784415
250 0.014551024315527475
251 0.014742485161784415
252 0.014551024315527475
253 0.014742485161784415
254 0.014742485161784415
255 0.013976641776756654
256 0.014359563469270534
257 0.014551024315527475
258 0.015125406854298296
259 0.015891250239326058
260 0.01627417193183994
261 0.01665709362435382
262 0.01665709362435382
263 0.01665709362435382
264 0.0170400153168677
265 0.017614397855638522
266 0.017805858701895463
267 0.017805858701895463
268 0.01723147616312464
269 0.01684855447061076
270 0.01646563277809688
271 0.01684855447061076
272 0.016082711085583
273 0.016082711085583
274 0.015316867700555237
275 0.015316867700555237
276 0.015125406854298296
277 0.015125406854298296
278 0.014551024315527475
279 0.013976641776756654
280 0.014742485161784415
281 0.015699789393069118
282 0.016082711085583
283 0.015508328546812177
284 0.015699789393069118
285 0.015125406854298296
286 0.014551024315527475
287 0.013785180930499713
288 0.013785180930499713
289 0.014551024315527475
290 0.014168102623013594
291 0.014742485161784415
292 0.014933946008041356
293 0.015699789393069118
294 0.016082711085583
295 0.015699789393069118
296 0.01627417193183994
297 0.01627417193183994
298 0.01646563277809688
299 0.015891250239326058
300 0.015316867700555237
301 0.015508328546812177
302 0.014933946008041356
303 0.015508328546812177
304 0.015508328546812177
305 0.015508328546812177
306 0.015316867700555237
307 0.015508328546812177
308 0.01627417193183994
309 0.015891250239326058
310 0.015891250239326058
311 0.01665709362435382
312 0.015891250239326058
313 0.015508328546812177
314 0.015508328546812177
315 0.015316867700555237
316 0.014933946008041356
317 0.015699789393069118
318 0.014933946008041356
319 0.013976641776756654
320 0.014359563469270534
321 0.013593720084242773
322 0.013210798391728892
323 0.013402259237985832
324 0.014359563469270534
325 0.014168102623013594
326 0.014359563469270534
327 0.014359563469270534
328 0.013976641776756654
329 0.013785180930499713
330 0.013402259237985832
331 0.013402259237985832
332 0.013402259237985832
333 0.013402259237985832
334 0.013593720084242773
335 0.01282787669921501
336 0.01244495500670113
337 0.01244495500670113
338 0.01244495500670113
339 0.01282787669921501
340 0.013019337545471951
341 0.013402259237985832
342 0.01282787669921501
343 0.013402259237985832
344 0.013019337545471951
345 0.011870572467930308
346 0.01225349416044419
347 0.011870572467930308
348 0.010721807390388666
349 0.011296189929159487
350 0.011870572467930308
351 0.013210798391728892
352 0.01263641585295807
353 0.013402259237985832
354 0.013785180930499713
355 0.014168102623013594
356 0.014168102623013594
357 0.014168102623013594
358 0.014551024315527475
359 0.014933946008041356
360 0.014551024315527475
361 0.014359563469270534
362 0.013593720084242773
363 0.013785180930499713
364 0.014359563469270534
365 0.013976641776756654
366 0.013976641776756654
367 0.014551024315527475
368 0.014359563469270534
369 0.014168102623013594
370 0.014742485161784415
371 0.015316867700555237
372 0.015508328546812177
373 0.015891250239326058
374 0.01665709362435382
375 0.015699789393069118
376 0.014933946008041356
377 0.015699789393069118
378 0.0170400153168677
379 0.01684855447061076
380 0.016082711085583
381 0.015699789393069118
382 0.015891250239326058
383 0.016082711085583
384 0.014742485161784415
385 0.014168102623013594
386 0.014742485161784415
387 0.014933946008041356
388 0.013976641776756654
389 0.013785180930499713
390 0.013402259237985832
391 0.013210798391728892
392 0.013976641776756654
393 0.014168102623013594
394 0.014742485161784415
395 0.013593720084242773
396 0.013785180930499713
397 0.013593720084242773
398 0.013785180930499713
399 0.013785180930499713
400 0.014551024315527475
401 0.014551024315527475
402 0.014742485161784415
403 0.013976641776756654
404 0.014168102623013594
405 0.014933946008041356
406 0.014742485161784415
407 0.015125406854298296
408 0.015699789393069118
409 0.014933946008041356
410 0.014933946008041356
411 0.015316867700555237
412 0.015699789393069118
413 0.015699789393069118
414 0.015316867700555237
415 0.015125406854298296
416 0.016082711085583
417 0.016082711085583
418 0.01665709362435382
419 0.015699789393069118
420 0.01665709362435382
421 0.01665709362435382
422 0.015891250239326058
423 0.016082711085583
424 0.016082711085583
425 0.01627417193183994
426 0.016082711085583
427 0.015316867700555237
428 0.014933946008041356
429 0.014933946008041356
430 0.015508328546812177
431 0.015508328546812177
432 0.015125406854298296
433 0.015125406854298296
434 0.015125406854298296
435 0.015125406854298296
436 0.014933946008041356
437 0.014933946008041356
438 0.014933946008041356
439 0.014742485161784415
440 0.014742485161784415
441 0.014933946008041356
442 0.014551024315527475
443 0.015125406854298296
444 0.015508328546812177
445 0.01627417193183994
446 0.01723147616312464
447 0.017422937009381582
448 0.017614397855638522
449 0.017614397855638522
450 0.017997319548152403
451 0.017614397855638522
452 0.017614397855638522
453 0.0170400153168677
454 0.01684855447061076
455 0.01627417193183994
456 0.016082711085583
457 0.015125406854298296
458 0.015316867700555237
459 0.014933946008041356
460 0.015125406854298296
461 0.015508328546812177
462 0.015508328546812177
463 0.015699789393069118
464 0.015891250239326058
465 0.016082711085583
466 0.015699789393069118
467 0.015699789393069118
468 0.015316867700555237
469 0.014933946008041356
470 0.015508328546812177
471 0.015316867700555237
472 0.014933946008041356
473 0.014551024315527475
474 0.013976641776756654
475 0.015125406854298296
476 0.014168102623013594
477 0.013785180930499713
478 0.014359563469270534
479 0.014359563469270534
480 0.014168102623013594
481 0.014933946008041356
482 0.014359563469270534
483 0.014359563469270534
484 0.015508328546812177
485 0.015508328546812177
486 0.015699789393069118
487 0.016082711085583
488 0.015699789393069118
489 0.015508328546812177
490 0.015699789393069118
491 0.015316867700555237
492 0.015699789393069118
493 0.015508328546812177
494 0.015508328546812177
495 0.015699789393069118
496 0.01627417193183994
497 0.01684855447061076
498 0.01627417193183994
499 0.015125406854298296
500 0.015316867700555237
501 0.014933946008041356
502 0.014933946008041356
503 0.014551024315527475
504 0.015125406854298296
505 0.015891250239326058
506 0.015508328546812177
507 0.015125406854298296
508 0.015125406854298296
509 0.015699789393069118
510 0.014933946008041356
511 0.013976641776756654
512 0.013785180930499713
513 0.013785180930499713
514 0.014742485161784415
515 0.015316867700555237
516 0.014742485161784415
517 0.014742485161784415
518 0.014551024315527475
519 0.014359563469270534
520 0.013593720084242773
521 0.014168102623013594
522 0.014742485161784415
523 0.014359563469270534
524 0.014551024315527475
525 0.014168102623013594
526 0.014742485161784415
527 0.014551024315527475
528 0.014933946008041356
529 0.014742485161784415
530 0.015125406854298296
531 0.014359563469270534
532 0.014933946008041356
533 0.013785180930499713
534 0.014168102623013594
535 0.014551024315527475
536 0.014551024315527475
537 0.014933946008041356
538 0.015125406854298296
539 0.015125406854298296
540 0.015316867700555237
541 0.014933946008041356
542 0.014551024315527475
543 0.014933946008041356
544 0.015508328546812177
545 0.015316867700555237
546 0.015125406854298296
547 0.015316867700555237
548 0.014359563469270534
549 0.013785180930499713
550 0.014742485161784415
551 0.014933946008041356
552 0.014933946008041356
553 0.014359563469270534
554 0.013976641776756654
555 0.014551024315527475
556 0.014933946008041356
557 0.015699789393069118
558 0.015316867700555237
559 0.015699789393069118
560 0.015508328546812177
561 0.014742485161784415
562 0.014551024315527475
563 0.014359563469270534
564 0.013976641776756654
565 0.013019337545471951
566 0.01282787669921501
567 0.01244495500670113
568 0.013210798391728892
569 0.013593720084242773
570 0.013785180930499713
571 0.013785180930499713
572 0.013785180930499713
573 0.013402259237985832
574 0.013210798391728892
575 0.01263641585295807
576 0.013593720084242773
577 0.013976641776756654
578 0.014359563469270534
579 0.013976641776756654
580 0.013785180930499713
581 0.014168102623013594
582 0.014168102623013594
583 0.013785180930499713
584 0.013976641776756654
585 0.014168102623013594
586 0.013785180930499713
587 0.014551024315527475
588 0.014359563469270534
589 0.014168102623013594
590 0.014168102623013594
591 0.014359563469270534
592 0.014742485161784415
593 0.015125406854298296
594 0.014359563469270534
595 0.014359563469270534
596 0.015125406854298296
597 0.015316867700555237
598 0.014551024315527475
599 0.015508328546812177
600 0.015508328546812177
601 0.015699789393069118
602 0.016082711085583
603 0.015316867700555237
604 0.014742485161784415
605 0.014551024315527475
606 0.013593720084242773
607 0.013210798391728892
608 0.013210798391728892
609 0.01282787669921501
610 0.013593720084242773
611 0.014168102623013594
612 0.014359563469270534
613 0.014359563469270534
614 0.014551024315527475
615 0.013593720084242773
616 0.013785180930499713
617 0.014359563469270534
618 0.014933946008041356
619 0.014933946008041356
620 0.014742485161784415
621 0.014359563469270534
622 0.014168102623013594
623 0.014359563469270534
624 0.014551024315527475
625 0.013593720084242773
626 0.013593720084242773
627 0.014551024315527475
628 0.014168102623013594
629 0.014742485161784415
630 0.015125406854298296
631 0.014742485161784415
632 0.014742485161784415
633 0.014168102623013594
634 0.014359563469270534
635 0.013593720084242773
636 0.013402259237985832
637 0.014168102623013594
638 0.014359563469270534
639 0.014551024315527475
640 0.014551024315527475
641 0.014359563469270534
642 0.013976641776756654
643 0.014168102623013594
644 0.014168102623013594
645 0.014168102623013594
646 0.013402259237985832
647 0.013210798391728892
648 0.013976641776756654
649 0.013210798391728892
650 0.014168102623013594
651 0.014551024315527475
652 0.014168102623013594
653 0.013785180930499713
654 0.014933946008041356
655 0.014933946008041356
656 0.015125406854298296
657 0.015316867700555237
658 0.014933946008041356
659 0.015316867700555237
660 0.014742485161784415
661 0.015508328546812177
662 0.015699789393069118
663 0.015699789393069118
664 0.015508328546812177
665 0.015508328546812177
666 0.015891250239326058
667 0.015891250239326058
668 0.015891250239326058
669 0.01665709362435382
670 0.01665709362435382
671 0.0170400153168677
672 0.01665709362435382
673 0.01665709362435382
674 0.01665709362435382
675 0.01665709362435382
676 0.01665709362435382
677 0.0170400153168677
678 0.01684855447061076
679 0.01684855447061076
680 0.01684855447061076
681 0.01627417193183994
682 0.016082711085583
683 0.01627417193183994
684 0.01665709362435382
685 0.01665709362435382
686 0.01684855447061076
687 0.017422937009381582
688 0.01723147616312464
689 0.017422937009381582
690 0.01665709362435382
691 0.01646563277809688
692 0.01646563277809688
693 0.016082711085583
694 0.016082711085583
695 0.015125406854298296
696 0.015316867700555237
697 0.016082711085583
698 0.015508328546812177
699 0.016082711085583
700 0.015891250239326058
