1 0.0003829216925138809
2 0.0005743825387708214
3 0.0009573042312847023
4 0.0013402259237985832
5 0.0022975301550832855
6 0.002106069308826345
7 0.002488991001340226
8 0.003254834386367988
9 0.0034462952326249283
10 0.003829216925138809
11 0.0047865211564235115
12 0.006509668772735976
13 0.00861573808156232
14 0.011296189929159487
15 0.013785180930499713
16 0.01646563277809688
17 0.018954623779437105
18 0.023166762397089796
19 0.02469844916714532
20 0.025847214244686962
21 0.028336205246027188
22 0.03159103963239517
23 0.035994639096304806
24 0.03848363009764503
25 0.03963239517518667
26 0.04250430786904078
27 0.04767375071797817
28 0.049971280873061456
29 0.05054566341183228
30 0.05514072372199885
31 0.05743825387708214
32 0.05896994064713766
33 0.06241623587976259
34 0.06471376603484587
35 0.06547960941987363
36 0.06854298295998468
37 0.07179781734635267
38 0.0742868083476929
39 0.07792456442657476
40 0.08041355542791499
41 0.08271108558299828
42 0.08462569404556768
43 0.08634884166188014
44 0.08845491097070649
45 0.09017805858701895
46 0.09017805858701895
47 0.09285851043461613
48 0.09285851043461613
49 0.09592188397472717
50 0.10109132682366456
51 0.10434616121003255
52 0.10683515221137277
53 0.10989852575148382
54 0.11372774267662263
55 0.11659965537047674
56 0.11908864637181696
57 0.12004595060310166
58 0.12272640245069884
59 0.1278958452996362
60 0.12904461037717788
61 0.13172506222477504
62 0.1315336013785181
63 0.13210798391728892
64 0.13651158338119854
65 0.13957495692130958
66 0.1428297913076776
67 0.1462760865403025
68 0.14608462569404557
69 0.15010530346544132
70 0.1524028336205246
71 0.1552747463143787
72 0.16121003254834387
73 0.16484778862722574
74 0.1675282404748229
75 0.17020869232242006
76 0.17116599655370476
77 0.1755695960176144
78 0.17729274363392686
79 0.17959027378901016
80 0.1826536473291212
81 0.18629140340800307
82 0.18667432510051696
83 0.18648286425426
84 0.18916331610185716
85 0.1939498372582807
86 0.19643882825962092
87 0.20199119280107217
88 0.2063947922649818
89 0.20945816580509286
90 0.20907524411257897
91 0.21175569596017615
92 0.21443614780777331
93 0.21845682557916907
94 0.22190312081179397
95 0.22228604250430786
96 0.2270725636607314
97 0.22917863296955773
98 0.22975301550832855
99 0.23013593720084244
100 0.23339077158721042
101 0.2376029102048631
102 0.24124066628374496
103 0.24449550067011297
104 0.24832471759525176
105 0.25004786521156425
106 0.2533026995979322
107 0.25540876890675857
108 0.2550258472142447
109 0.2533026995979322
110 0.2575148382155849
111 0.2607696726019529
112 0.2619184376794945
113 0.2645988895270917
114 0.26842810645223053
115 0.2670878805284319
116 0.2697683323760291
117 0.27130001914608465
118 0.2724487842236263
119 0.2745548535324526
120 0.2730231667623971
121 0.2760865403025081
122 0.2776182270725637
123 0.2802986789201608
124 0.2806816006126747
125 0.2802986789201608
126 0.28355351330652884
127 0.28987172123300786
128 0.29082902546429257
129 0.29331801646563277
130 0.29848745931457016
131 0.2973386942370285
132 0.3042312847022784
133 0.30212521539345205
134 0.3019337545471951
135 0.299061841853341
136 0.30748611908864637
137 0.30729465824238944
138 0.31016657093624356
139 0.3115067968600421
140 0.31457017040015317
141 0.31246410109132683
142 0.31265556193758376
143 0.31954815240283363
144 0.32242006509668775
145 0.32203714340417383
146 0.33007849894696534
147 0.33199310740953475
148 0.3340991767183611
149 0.3327589507945625
150 0.33658816771970135
151 0.33639670687344436
152 0.33582232433467357
153 0.33658816771970135
154 0.34099176718361096
155 0.3455868274937775
156 0.34788435764886083
157 0.34807581849511776
158 0.3457782883400345
159 0.3457782883400345
160 0.34960750526517326
161 0.3534367221903121
162 0.35515986980662456
163 0.3572659391154509
164 0.35420256557533986
165 0.3553513306528815
166 0.35477694811411065
167 0.3591805475780203
168 0.3607122343480758
169 0.36090369519433274
170 0.36377560788818686
171 0.3639670687344438
172 0.36128661688684666
173 0.36837066819835346
174 0.3721998851234922
175 0.3781351713574574
176 0.37411449358606164
177 0.37430595443231857
178 0.3767949454336588
179 0.37870955389622823
180 0.3758376412023741
181 0.3773693279724296
182 0.3771778671261727
183 0.3800497798200268
184 0.38062416235879765
185 0.3846448401301934
186 0.3852192226689642
187 0.3852192226689642
188 0.3898142829791308
189 0.39211181313421406
190 0.39440934328929733
191 0.39536664752058204
192 0.39460080413555426
193 0.3976641776756653
194 0.39728125598315145
195 0.40015316867700557
196 0.40149339460080413
197 0.3995787861382347
198 0.40608845491097073
199 0.408385985066054
200 0.41010913268236643
201 0.4125981236837067
202 0.4160444189163316
203 0.4189163316101857
204 0.4221711659965537
205 0.4221711659965537
206 0.427723530538005
207 0.4258089220754356
208 0.4231284702278384
209 0.4248516178441509
210 0.4279149913842619
211 0.42370285276660924
212 0.4231284702278384
213 0.4269576871529772
214 0.43327589507945624
215 0.43365881677197016
216 0.43327589507945624
217 0.43346735592571317
218 0.43346735592571317
219 0.4344246601569979
220 0.4330844342331993
221 0.43365881677197016
222 0.4407428680834769
223 0.44304039823856023
224 0.4489756844725254
225 0.44935860616503925
226 0.4516561363201225
227 0.45203905801263644
228 0.45261344055140723
229 0.4529963622439211
230 0.4524219797051503
231 0.45739996170783076
232 0.45797434424660155
233 0.4595060310166571
234 0.4585487267853724
235 0.4591231093241432
236 0.45452804901397664
237 0.4541451273214628
238 0.4524219797051503
239 0.456634118322803
240 0.46448401301933756
241 0.46793030825196247
242 0.46410109132682364
243 0.4648669347118514
244 0.46773884740570554
245 0.4646754738655945
246 0.4708022209458166
247 0.47539728125598313
248 0.4799923415661497
249 0.4799923415661497
250 0.47578020294849704
251 0.47750335056480947
252 0.4807581849511775
253 0.4866934711851426
254 0.4884166188014551
255 0.4912885314953092
256 0.48918246218648287
257 0.4935860616503925
258 0.4949262875741911
259 0.4939689833429064
260 0.4935860616503925
261 0.49607505265173274
262 0.5039249473482673
263 0.5041164081945242
264 0.5002871912693854
265 0.49875550449932987
266 0.5033505648094965
267 0.5090943901972047
268 0.5085200076584339
269 0.5087114685046908
270 0.5066053991958644
271 0.5102431552747463
272 0.5117748420448018
273 0.5142638330461421
274 0.5138809113536282
275 0.5123492245835727
276 0.5129236071223435
277 0.5152211372774268
278 0.5150296764311698
279 0.5117748420448018
280 0.5102431552747463
281 0.5119663028910588
282 0.5058395558108367
283 0.5035420256557533
284 0.5062224775033506
285 0.5125406854298296
286 0.5087114685046908
287 0.5156040589699407
288 0.5190503542025656
289 0.5288148573616696
290 0.5295807007466973
291 0.5324526134405514
292 0.5257514838215585
293 0.5330269959793222
294 0.5347501435956347
295 0.5364732912119472
296 0.5334099176718361
297 0.5330269959793222
298 0.5326440742868084
299 0.5297721615929543
300 0.5313038483630098
301 0.5330269959793222
302 0.5303465441317251
303 0.527283170591614
304 0.527283170591614
305 0.5303465441317251
306 0.5291977790541834
307 0.5282404748228987
308 0.530729465824239
309 0.5297721615929543
310 0.5249856404365307
311 0.5270917097453571
312 0.5299636224392111
313 0.5326440742868084
314 0.539919586444572
315 0.5408768906758568
316 0.5326440742868084
317 0.5324526134405514
318 0.5368562129044611
319 0.530729465824239
320 0.5322611525942945
321 0.5358989086731764
322 0.5345586827493778
323 0.5393452039058013
324 0.543557342523454
325 0.5395366647520582
326 0.54317442083094
327 0.5462377943710511
328 0.5462377943710511
329 0.5473865594485927
330 0.5471950986023358
331 0.5494926287574191
332 0.5548535324526135
333 0.5542791499138426
334 0.5544706107600995
335 0.5569596017614398
336 0.5517901589125024
337 0.5470036377560789
338 0.546429255217308
339 0.5519816197587594
340 0.5510243155274747
341 0.55006701129619
342 0.5537047673750718
343 0.5540876890675857
344 0.5554279149913842
345 0.5540876890675857
346 0.5517901589125024
347 0.553130384836301
348 0.5535133065288148
349 0.562511966302891
350 0.5613632012253494
351 0.5579169059927245
352 0.5605973578403216
353 0.5669155657668007
354 0.5634692705341757
355 0.5653838789967451
356 0.562894887995405
357 0.5717020869232242
358 0.5718935477694811
359 0.5711277043844534
360 0.5730423128470228
361 0.5782117556959602
362 0.5808922075435573
363 0.5839555810836684
364 0.58510434616121
365 0.5874018763162934
366 0.5847214244686961
367 0.5841470419299253
368 0.585295807007467
369 0.5847214244686961
370 0.5881677197013211
371 0.5906567107026613
372 0.5887421022400919
373 0.5839555810836684
374 0.5858701895462378
375 0.5831897376986406
376 0.585295807007467
377 0.5908481715489182
378 0.5896994064713766
379 0.591614014933946
380 0.5904652498564044
381 0.5864445720850087
382 0.5950603101665709
383 0.5925713191652308
384 0.5975493011679112
385 0.60137851809305
386 0.6006126747080222
387 0.5994639096304806
388 0.5983151445529389
389 0.5964005360903695
390 0.5967834577828834
391 0.6015699789393069
392 0.5996553704767376
393 0.6025272831705916
394 0.6069308826345012
395 0.6086540302508137
396 0.6122917863296956
397 0.6134405514072372
398 0.620524602718744
399 0.620524602718744
400 0.6233965154125981
401 0.6201416810262301
402 0.6191843767949454
403 0.6256940455676814
404 0.6230135937200842
405 0.6232050545663412
406 0.6278001148765078
407 0.6278001148765078
408 0.6285659582615355
409 0.6308634884166188
410 0.6266513497989661
411 0.6209075244112578
412 0.6258855064139384
413 0.6251196630289105
414 0.6279915757227647
415 0.6312464101091326
416 0.633543940264216
417 0.6341183228029867
418 0.633161018571702
419 0.6337354011104729
420 0.6310549492628758
421 0.6316293318016466
422 0.633161018571702
423 0.6413938349607505
424 0.6415852958070075
425 0.643116982577063
426 0.6448401301933755
427 0.6457974344246602
428 0.6436913651158338
429 0.6450315910396324
430 0.6456059735784032
431 0.6461803561171741
432 0.6517327206586253
433 0.6536473291211947
434 0.6500095730423129
435 0.6500095730423129
436 0.6450315910396324
437 0.6436913651158338
438 0.6417767566532644
439 0.6519241815048823
440 0.6469461995022018
441 0.6452230518858894
442 0.649243729657285
443 0.652881485736167
444 0.6590082328163891
445 0.6590082328163891
446 0.6611143021252154
447 0.6618801455102431
448 0.6641776756653265
449 0.662454528049014
450 0.6578594677388474
451 0.6578594677388474
452 0.6580509285851044
453 0.6613057629714724
454 0.6567107026613057
455 0.6521156423511392
456 0.6500095730423129
457 0.6496266513497989
458 0.6469461995022018
459 0.6536473291211947
460 0.6597740762014168
461 0.6662837449741528
462 0.6660922841278959
463 0.6666666666666666
464 0.6649435190503542
465 0.6611143021252154
466 0.6659008232816389
467 0.6626459888952709
468 0.6659008232816389
469 0.6681983534367222
470 0.6649435190503542
471 0.6670495883591806
472 0.6672410492054375
473 0.6691556576680069
474 0.6775799349033123
475 0.6731763354394027
476 0.6716446486693471
477 0.6802603867509094
478 0.6798774650583955
479 0.6793030825196248
480 0.6814091518284511
481 0.6871529772161593
482 0.6821749952134788
483 0.6794945433658817
484 0.6781543174420831
485 0.6794945433658817
486 0.6804518475971664
487 0.6823664560597358
488 0.6810262301359372
489 0.6833237602910205
490 0.6768140915182845
491 0.6775799349033123
492 0.6739421788244304
493 0.6745165613632013
494 0.675473865594486
495 0.6760482481332567
496 0.6779628565958261
497 0.6802603867509094
498 0.6829408385985066
499 0.6837066819835343
500 0.688110281447444
501 0.687918820601187
502 0.6825579169059928
503 0.6814091518284511
504 0.6808347692896802
505 0.6823664560597358
506 0.6823664560597358
507 0.6844725253685622
508 0.6800689259046525
509 0.6838981428297913
510 0.6804518475971664
511 0.6775799349033123
512 0.6756653264407428
513 0.6745165613632013
514 0.6781543174420831
515 0.6756653264407428
516 0.678537239134597
517 0.6768140915182845
518 0.6764311698257707
519 0.6764311698257707
520 0.6762397089795137
521 0.6727934137468887
522 0.6779628565958261
523 0.6791116216733678
524 0.6838981428297913
525 0.6840896036760482
526 0.6854298295998469
527 0.6892590465249856
528 0.6856212904461038
529 0.6814091518284511
530 0.6791116216733678
531 0.6823664560597358
532 0.6800689259046525
533 0.6812176909821941
534 0.6827493777522496
535 0.6823664560597358
536 0.6873444380624162
537 0.6844725253685622
538 0.6875358989086732
539 0.687918820601187
540 0.6930882634501244
541 0.688110281447444
542 0.6860042121386176
543 0.6829408385985066
544 0.6825579169059928
545 0.6875358989086732
546 0.6861956729848746
547 0.6886846639862149
548 0.6873444380624162
549 0.6928968026038675
550 0.6953857936052077
551 0.6890675856787287
552 0.6919394983725828
553 0.6917480375263259
554 0.6950028719126938
555 0.6974918629140341
556 0.6955772544514647
557 0.6917480375263259
558 0.691556576680069
559 0.6883017422937009
560 0.691556576680069
561 0.6919394983725828
562 0.6892590465249856
563 0.6827493777522496
564 0.6819835343672219
565 0.6867700555236455
566 0.6856212904461038
567 0.6898334290637564
568 0.6917480375263259
569 0.6930882634501244
570 0.6927053417576106
571 0.6883017422937009
572 0.6854298295998469
573 0.6802603867509094
574 0.6814091518284511
575 0.6863871338311315
576 0.6902163507562703
577 0.688110281447444
578 0.6890675856787287
579 0.691365115833812
580 0.6982577062990618
581 0.7013210798391729
582 0.7049588359180547
583 0.7049588359180547
584 0.7011296189929159
585 0.6971089412215202
586 0.6902163507562703
587 0.6869615163699023
588 0.6802603867509094
589 0.6808347692896802
590 0.6821749952134788
591 0.6840896036760482
592 0.6905992724487843
593 0.6932797242963814
594 0.6963430978364924
595 0.6986406279915757
596 0.7066819835343672
597 0.7080222094581659
598 0.6984491671453188
599 0.7028527666092285
600 0.7024698449167145
601 0.7026613057629715
602 0.7057246793030825
603 0.7045759142255409
604 0.70400153168677
605 0.6999808539153743
606 0.6984491671453188
607 0.7001723147616312
608 0.7005552364541451
609 0.7038100708405132
610 0.7064905226881103
611 0.7049588359180547
612 0.7082136703044227
613 0.7128087306145893
614 0.7097453570744783
615 0.7116599655370477
616 0.7055332184568256
617 0.7087880528431936
618 0.7162550258472142
619 0.7147233390771587
620 0.7177867126172698
621 0.7154891824621865
622 0.7135745739996171
623 0.7093624353819644
624 0.7116599655370477
625 0.7101282787669921
626 0.7130001914608463
627 0.7085965919969366
628 0.7108941221520199
629 0.7124258089220754
630 0.713957495692131
631 0.7133831131533601
632 0.7149147999234157
633 0.7143404173846448
634 0.7156806433084434
635 0.7147233390771587
636 0.7197013210798392
637 0.72027570361861
638 0.7154891824621865
639 0.7154891824621865
640 0.710511200459506
641 0.7038100708405132
642 0.7036186099942562
643 0.6965345586827494
644 0.6974918629140341
645 0.7017040015316868
646 0.7005552364541451
647 0.6997893930691174
648 0.7051502967643117
649 0.7053417576105686
650 0.704192992533027
651 0.7051502967643117
652 0.707447826919395
653 0.7131916523071032
654 0.7124258089220754
655 0.7181696343097836
656 0.7135745739996171
657 0.7082136703044227
658 0.7034271491479992
659 0.710702661305763
660 0.7091709745357074
661 0.7084051311506797
662 0.7062990618418533
663 0.6984491671453188
664 0.6974918629140341
665 0.6995979322228604
666 0.7001723147616312
667 0.6934711851426383
668 0.6988320888378327
669 0.7053417576105686
670 0.7047673750717978
671 0.7028527666092285
672 0.7020869232242006
673 0.700938158146659
674 0.697874784606548
675 0.7007466973004021
676 0.7038100708405132
677 0.7093624353819644
678 0.7143404173846448
679 0.7082136703044227
680 0.7024698449167145
681 0.7030442274554853
682 0.704192992533027
683 0.7036186099942562
684 0.70400153168677
685 0.7061076009955964
686 0.7049588359180547
687 0.7001723147616312
688 0.6986406279915757
689 0.6965345586827494
690 0.6971089412215202
691 0.6940455676814091
692 0.6967260195290064
693 0.6995979322228604
694 0.6995979322228604
695 0.6953857936052077
696 0.6938541068351523
697 0.6854298295998469
698 0.6934711851426383
699 0.6938541068351523
700 0.6984491671453188
