1 0.00019146084625694046
2 0.00019146084625694046
3 0.0013402259237985832
4 0.0022975301550832855
5 0.0036377560788818687
6 0.0044035994639096306
7 0.006318207926479035
8 0.007084051311506797
9 0.009381581466590082
10 0.010147424851617844
11 0.012062033314187249
12 0.014359563469270534
13 0.0170400153168677
14 0.019720467164464867
15 0.021635075627034272
16 0.023358223243346736
17 0.026613057629714724
18 0.02929350947731189
19 0.03254834386367988
20 0.036569021635075624
21 0.04001531686770055
22 0.043270151254068544
23 0.04939689833429064
24 0.05092858510434616
25 0.05226881102814474
26 0.05437488033697109
27 0.05705533218456826
28 0.05743825387708214
29 0.061841853340991765
30 0.06509668772735976
31 0.0652881485736167
32 0.06758567872869999
33 0.06854298295998468
34 0.06950028719126938
35 0.07505265173272066
36 0.07792456442657476
37 0.08117939881294275
38 0.0832854681217691
39 0.08539153743059544
40 0.08634884166188014
41 0.08788052843193567
42 0.08998659774076201
43 0.0913268236645606
44 0.09592188397472717
45 0.09668772735975494
46 0.0993681792073521
47 0.10051694428489374
48 0.10185717020869232
49 0.10415470036377561
50 0.10415470036377561
51 0.10779245644265747
52 0.11066436913651158
53 0.1102814474439977
54 0.11181313421405323
55 0.1173654987555045
56 0.11908864637181696
57 0.12100325483438637
58 0.12330078498946966
59 0.12521539345203905
60 0.1296189929159487
61 0.1305762971472334
62 0.1305762971472334
63 0.13134214053226115
64 0.13478843576488608
65 0.13612866168868468
66 0.13938349607505265
67 0.1434041738464484
68 0.1485736166953858
69 0.14876507754164273
70 0.1514455293892399
71 0.15546620716063564
72 0.15833811985448976
73 0.1627417193183994
74 0.16331610185717021
75 0.1684855447061076
76 0.17193183993873254
77 0.17308060501627417
78 0.17346352670878806
79 0.1759525177101283
80 0.1793988129427532
81 0.1816963430978365
82 0.1816963430978365
83 0.18112196055906568
84 0.1820792647903504
85 0.18284510817537813
86 0.1887803944093433
87 0.19050354202565575
88 0.19280107218073905
89 0.19088646371816964
90 0.1922266896419682
91 0.19414129810453762
92 0.19682174995213478
93 0.199310740953475
94 0.20141681026230135
95 0.20333141872487076
96 0.2054374880336971
97 0.2086923224200651
98 0.2115642351139192
99 0.21405322611525943
100 0.21367030442274554
101 0.21462760865403024
102 0.21692513880911354
103 0.21979705150296763
104 0.22286042504307868
105 0.22496649435190502
106 0.22745548535324525
107 0.22879571127704385
108 0.23300784989469653
109 0.23549684089603676
110 0.23626268428106453
111 0.23702852766609228
112 0.23779437105112006
113 0.24315527474631438
114 0.24679303082519624
115 0.24717595251771013
116 0.24392111813134215
117 0.24909056098027954
118 0.2504307869040781
119 0.2548343863679877
120 0.25617461229178634
121 0.25789775990809877
122 0.260386750909439
123 0.263641585295807
124 0.26861956729848746
125 0.269959793222286
126 0.27378901014742485
127 0.2758950794562512
128 0.27838407045759145
129 0.2787669921501053
130 0.2776182270725637
131 0.2795328355351331
132 0.27723530538004976
133 0.27972429638139
134 0.27819260961133446
135 0.2778096879188206
136 0.27723530538004976
137 0.2812559831514455
138 0.28527666092284126
139 0.28968026038675093
140 0.29312655561937584
141 0.2948497032356883
142 0.295807007466973
143 0.2981045376220563
144 0.2998276852383688
145 0.3028910587784798
146 0.30021060693088264
147 0.29791307677579937
148 0.2998276852383688
149 0.3015508328546812
150 0.30557151062607696
151 0.3044227455485353
152 0.30557151062607696
153 0.3042312847022784
154 0.30308251962473676
155 0.3080605016274172
156 0.3094007275512158
157 0.30920926670495885
158 0.30997511008998657
159 0.3103580317825005
160 0.3115067968600421
161 0.3130384836300976
162 0.3147616312464101
163 0.31265556193758376
164 0.3176335439402642
165 0.31610185717020867
166 0.3199310740953475
167 0.32433467355925716
168 0.3226115259429447
169 0.32242006509668775
170 0.32490905609802795
171 0.3256748994830557
172 0.3273980470993682
173 0.3327589507945625
174 0.3335247941795903
175 0.33448209841087495
176 0.334290637564618
177 0.33371625502584723
178 0.3333333333333333
179 0.33582232433467357
180 0.3388856978747846
181 0.34099176718361096
182 0.3404173846448401
183 0.34616121003254835
184 0.3492245835726594
185 0.35420256557533986
186 0.35745739996170783
187 0.3572659391154509
188 0.3555427914991384
189 0.3563086348841662
190 0.3578403216542217
191 0.3587976258855064
192 0.3580317825004787
193 0.3651158338119854
194 0.36645605973578405
195 0.36549875550449934
196 0.36837066819835346
197 0.366647520582041
198 0.3662645988895271
199 0.366647520582041
200 0.3710511200459506
201 0.3672219031208118
202 0.3676048248133257
203 0.36837066819835346
204 0.37162550258472143
205 0.3775607888186866
206 0.37698640627991575
207 0.3773693279724296
208 0.37794371051120046
209 0.37870955389622823
210 0.3819643882825962
211 0.38253877082136706
212 0.3817729274363393
213 0.38253877082136706
214 0.38655944859276276
215 0.39192035228795713
216 0.39287765651924184
217 0.3949837258280682
218 0.3967068734443806
219 0.39364349990426956
220 0.3959410300593529
221 0.3951751866743251
222 0.39479226498181125
223 0.3980470993681792
224 0.39900440359946393
225 0.4013019337545472
226 0.41240666283744976
227 0.4106835152211373
228 0.4081945242197971
229 0.40723721998851237
230 0.4030250813708597
231 0.4041738464484013
232 0.4106835152211373
233 0.4127895845299636
234 0.4150871146850469
235 0.41757610568638714
236 0.4160444189163316
237 0.41661880145510244
238 0.4154700363775608
239 0.41393834960750525
240 0.4164273406088455
241 0.41719318399387323
242 0.41949071414895656
243 0.42044801838024126
244 0.417959027378901
245 0.4177675665326441
246 0.41336396706873446
247 0.41757610568638714
248 0.41929925330269957
249 0.41757610568638714
250 0.42274554853532453
251 0.42887229561554663
252 0.4304039823856021
253 0.42810645223051885
254 0.42887229561554663
255 0.4305954432318591
256 0.427723530538005
257 0.4338502776182271
258 0.4374880336971089
259 0.4390197204671645
260 0.4443806241623588
261 0.44495500670112964
262 0.4482098410874976
263 0.4472525368562129
264 0.4489756844725254
265 0.45357074478269194
266 0.45739996170783076
267 0.45605973578403214
268 0.45376220562894887
269 0.4529963622439211
270 0.45357074478269194
271 0.4543365881677197
272 0.45797434424660155
273 0.45452804901397664
274 0.4577828834003446
275 0.4558682749377752
276 0.4556768140915183
277 0.45816580509285854
278 0.46505839555810835
279 0.4600804135554279
280 0.45739996170783076
281 0.4575914225540877
282 0.462952326249282
283 0.46639862148190697
284 0.4681217690982194
285 0.4675473865594486
286 0.4685046907907333
287 0.46793030825196247
288 0.4708022209458166
289 0.4719509860233582
290 0.46773884740570554
291 0.4673559257131917
292 0.47022783840704574
293 0.47309975110089986
294 0.4746314378709554
295 0.4784606547960942
296 0.48114110664369136
297 0.48573616695385796
298 0.485544706107601
299 0.4868849320313996
300 0.48477886272257326
301 0.4870763928776565
302 0.4928202182653647
303 0.4947348267279341
304 0.4910970706490523
305 0.4922458357265939
306 0.48631054949262875
307 0.48439594103005934
308 0.4865020103388857
309 0.4870763928776565
310 0.488799540493969
311 0.4893739230327398
312 0.49167145318782307
313 0.4926287574191078
314 0.4922458357265939
315 0.492054374880337
316 0.4865020103388857
317 0.4866934711851426
318 0.4866934711851426
319 0.4884166188014551
320 0.4912885314953092
321 0.49416044418916333
322 0.49626651349798967
323 0.49856404365307294
324 0.4999042695768715
325 0.4999042695768715
326 0.5012444955006701
327 0.5062224775033506
328 0.5104346161210033
329 0.5106260769672601
330 0.5123492245835727
331 0.5125406854298296
332 0.5184759716637948
333 0.5156040589699407
334 0.514455293892399
335 0.5127321462760865
336 0.5138809113536282
337 0.514646754738656
338 0.5182845108175378
339 0.524028336205246
340 0.5196247367413364
341 0.5221137277426766
342 0.5234539536664752
343 0.5251771012827877
344 0.5249856404365307
345 0.5276660922841279
346 0.5263258663603293
347 0.5255600229753016
348 0.5339843002106069
349 0.5366647520582041
350 0.5391537430595443
351 0.5378135171357458
352 0.5366647520582041
353 0.5349416044418916
354 0.540111047290829
355 0.5420256557533984
356 0.5427914991384262
357 0.5443231859084817
358 0.543365881677197
359 0.5443231859084817
360 0.5397281255983152
361 0.5383878996745166
362 0.540111047290829
363 0.543557342523454
364 0.5426000382921693
365 0.5416427340608846
366 0.5387708213670305
367 0.540111047290829
368 0.5376220562894888
369 0.5380049779820026
370 0.5418341949071415
371 0.5404939689833429
372 0.5473865594485927
373 0.5429829599846832
374 0.5470036377560789
375 0.5493011679111621
376 0.55006701129619
377 0.5529389239900441
378 0.5556193758376412
379 0.5567681409151829
380 0.5579169059927245
381 0.5546620716063565
382 0.5548535324526135
383 0.5577254451464676
384 0.5604058969940647
385 0.5588742102240092
386 0.5590656710702662
387 0.5623205054566341
388 0.5632778096879189
389 0.566149722381773
390 0.5642351139192036
391 0.5653838789967451
392 0.5667241049205437
393 0.5703618609994257
394 0.5722764694619951
395 0.5734252345395366
396 0.5749569213095922
397 0.575339843002106
398 0.5814665900823281
399 0.578786138234731
400 0.5814665900823281
401 0.585487267853724
402 0.5805092858510434
403 0.5768715297721616
404 0.5703618609994257
405 0.5674899483055715
406 0.5738081562320505
407 0.5705533218456825
408 0.5736166953857936
409 0.5734252345395366
410 0.5745739996170783
411 0.5782117556959602
412 0.5814665900823281
413 0.5757227646946199
414 0.5762971472333908
415 0.5770629906184185
416 0.5764886080796477
417 0.575339843002106
418 0.5789775990809879
419 0.5841470419299253
420 0.5829982768523837
421 0.585295807007467
422 0.5902737890101474
423 0.585487267853724
424 0.5935286233965155
425 0.5973578403216542
426 0.5952517710128279
427 0.5996553704767376
428 0.6017614397855638
429 0.6050162741719318
430 0.5939115450890293
431 0.5921883974727168
432 0.5921883974727168
433 0.5906567107026613
434 0.5910396323951752
435 0.5923798583189738
436 0.5927627800114876
437 0.5985066053991959
438 0.6071223434807582
439 0.6069308826345012
440 0.6121003254834386
441 0.6086540302508137
442 0.6088454910970706
443 0.6088454910970706
444 0.604441891633161
445 0.6019529006318208
446 0.5983151445529389
447 0.6059735784032165
448 0.6096113344820984
449 0.6122917863296956
450 0.6122917863296956
451 0.6151636990235497
452 0.6094198736358415
453 0.6124832471759525
454 0.6180356117174038
455 0.6218648286425426
456 0.6151636990235497
457 0.6170783074861191
458 0.6195672984874593
459 0.6209075244112578
460 0.6235879762588551
461 0.6232050545663412
462 0.620716063565001
463 0.6232050545663412
464 0.6245452804901398
465 0.630097645031591
466 0.6297147233390772
467 0.6279915757227647
468 0.6289488799540494
469 0.6390963048056673
470 0.6375646180356117
471 0.6341183228029867
472 0.6314378709553896
473 0.6329695577254452
474 0.6323951751866743
475 0.633352479417959
476 0.6373731571893547
477 0.6389048439594103
478 0.6402450698832088
479 0.6427340608845491
480 0.6429255217308061
481 0.6396706873444381
482 0.6408194524219797
483 0.6375646180356117
484 0.6392877656519241
485 0.6415852958070075
486 0.6421596783457783
487 0.6406279915757228
488 0.6417767566532644
489 0.6484778862722573
490 0.6457974344246602
491 0.6421596783457783
492 0.640053609036952
493 0.6427340608845491
494 0.6377560788818687
495 0.639862148190695
496 0.6389048439594103
497 0.6345012444955007
498 0.6316293318016466
499 0.6356500095730423
500 0.6412023741144935
501 0.640053609036952
502 0.6390963048056673
503 0.6396706873444381
504 0.6396706873444381
505 0.6406279915757228
506 0.6390963048056673
507 0.6406279915757228
508 0.6446486693471185
509 0.6408194524219797
510 0.6352670878805284
511 0.6339268619567299
512 0.6354585487267854
513 0.6427340608845491
514 0.6442657476546046
515 0.6475205820409726
516 0.6479035037334865
517 0.6475205820409726
518 0.6521156423511392
519 0.6565192418150488
520 0.6503924947348267
521 0.649243729657285
522 0.6549875550449933
523 0.6540302508137086
524 0.652881485736167
525 0.6551790158912503
526 0.6536473291211947
527 0.6523071031973962
528 0.6542217116599656
529 0.6580509285851044
530 0.6569021635075627
531 0.6595826153551598
532 0.6601569978939307
533 0.6628374497415278
534 0.6616886846639862
535 0.6622630672027571
536 0.6632203714340418
537 0.6649435190503542
538 0.6645605973578403
539 0.6614972238177292
540 0.6660922841278959
541 0.6637947539728125
542 0.6657093624353819
543 0.668581275129236
544 0.6683898142829792
545 0.6706873444380624
546 0.6643691365115834
547 0.6634118322802987
548 0.6599655370476738
549 0.6601569978939307
550 0.6616886846639862
551 0.6595826153551598
552 0.6567107026613057
553 0.6532644074286809
554 0.6517327206586253
555 0.6569021635075627
556 0.6570936243538197
557 0.6538387899674517
558 0.6517327206586253
559 0.655944859276278
560 0.655753398430021
561 0.65269002488991
562 0.6603484587401877
563 0.6647520582040972
564 0.6714531878230902
565 0.6643691365115834
566 0.6632203714340418
567 0.6588167719701321
568 0.6582423894313613
569 0.6538387899674517
570 0.649243729657285
571 0.6490522688110282
572 0.65269002488991
573 0.649243729657285
574 0.6500095730423129
575 0.6488608079647712
576 0.6540302508137086
577 0.6530729465824239
578 0.6547960941987364
579 0.6513497989661114
580 0.6502010338885698
581 0.6580509285851044
582 0.652498564043653
583 0.6544131725062224
584 0.6588167719701321
585 0.6664752058204098
586 0.6647520582040972
587 0.6649435190503542
588 0.6659008232816389
589 0.6618801455102431
590 0.6636032931265556
591 0.6643691365115834
592 0.6674325100516945
593 0.6731763354394027
594 0.6729848745931457
595 0.6697300402067777
596 0.6703044227455486
597 0.6741336396706873
598 0.6726019529006318
599 0.6710702661305763
600 0.6668581275129236
601 0.6724104920543749
602 0.675473865594486
603 0.6737507179781734
604 0.6775799349033123
605 0.6739421788244304
606 0.6743251005169443
607 0.6714531878230902
608 0.6745165613632013
609 0.6743251005169443
610 0.6716446486693471
611 0.6716446486693471
612 0.672027570361861
613 0.671836109515604
614 0.6729848745931457
615 0.6773884740570554
616 0.6771970132107984
617 0.6789201608271108
618 0.6840896036760482
619 0.6816006126747081
620 0.6823664560597358
621 0.6777713957495692
622 0.6783457782883401
623 0.6808347692896802
624 0.6770055523645414
625 0.678537239134597
626 0.6827493777522496
627 0.6804518475971664
628 0.6817920735209649
629 0.6825579169059928
630 0.6810262301359372
631 0.6789201608271108
632 0.678537239134597
633 0.6808347692896802
634 0.6825579169059928
635 0.6816006126747081
636 0.6812176909821941
637 0.6798774650583955
638 0.6831322994447635
639 0.6791116216733678
640 0.675282404748229
641 0.678728699980854
642 0.6781543174420831
643 0.6756653264407428
644 0.6783457782883401
645 0.6760482481332567
646 0.6756653264407428
647 0.6764311698257707
648 0.6798774650583955
649 0.6796860042121387
650 0.6771970132107984
651 0.6791116216733678
652 0.675473865594486
653 0.6796860042121387
654 0.6766226306720275
655 0.6781543174420831
656 0.675473865594486
657 0.6775799349033123
658 0.6775799349033123
659 0.6727934137468887
660 0.6666666666666666
661 0.6697300402067777
662 0.6737507179781734
663 0.6695385793605207
664 0.6729848745931457
665 0.671836109515604
666 0.6706873444380624
667 0.6726019529006318
668 0.6689641968217499
669 0.6701129618992916
670 0.6724104920543749
671 0.6743251005169443
672 0.6764311698257707
673 0.6714531878230902
674 0.6764311698257707
675 0.6796860042121387
676 0.6800689259046525
677 0.6816006126747081
678 0.6827493777522496
679 0.6854298295998469
680 0.6875358989086732
681 0.6829408385985066
682 0.6781543174420831
683 0.6819835343672219
684 0.6808347692896802
685 0.6835152211372775
686 0.6896419682174996
687 0.6892590465249856
688 0.6921309592188397
689 0.6905992724487843
690 0.6902163507562703
691 0.6898334290637564
692 0.6829408385985066
693 0.688110281447444
694 0.6781543174420831
695 0.6758567872869998
696 0.6777713957495692
697 0.6737507179781734
698 0.6726019529006318
699 0.6729848745931457
700 0.6762397089795137
