1 0.0003829216925138809
2 0.0005743825387708214
3 0.0011487650775416428
4 0.0015316867700555237
5 0.002106069308826345
6 0.0026804518475971664
7 0.0036377560788818687
8 0.003829216925138809
9 0.0047865211564235115
10 0.005552364541451273
11 0.006126747080222095
12 0.007084051311506797
13 0.00823281638904844
14 0.009190120620333142
15 0.010721807390388666
16 0.013019337545471951
17 0.014359563469270534
18 0.014551024315527475
19 0.01665709362435382
20 0.020103388856978748
21 0.022017997319548153
22 0.02546429255217308
23 0.027953283553513307
24 0.02852766609228413
25 0.030442274554853533
26 0.03159103963239517
27 0.031782500478652116
28 0.03350564809496458
29 0.03446295232624928
30 0.03848363009764503
31 0.04097262109898526
32 0.04192992533026996
33 0.04480183802412407
34 0.047865211564235115
35 0.05150296764311698
36 0.05399195864445721
37 0.057246793030825194
38 0.05743825387708214
39 0.05896994064713766
40 0.060118705724679304
41 0.06318207926479034
42 0.064330844342332
43 0.06777713957495692
44 0.06873444380624162
45 0.07122343480758185
46 0.07409534750143595
47 0.07773310358031782
48 0.08022209458165805
49 0.08156232050545663
50 0.08730614589316485
51 0.09170974535707448
52 0.0941987363584147
53 0.09649626651349799
54 0.0993681792073521
55 0.10358031782500479
56 0.10472908290254643
57 0.10951560405896994
58 0.11487650775416428
59 0.1173654987555045
60 0.11717403790924756
61 0.11793988129427532
62 0.12234348075818495
63 0.12559831514455294
64 0.13038483630097644
65 0.13421405322611527
66 0.13651158338119854
67 0.13612866168868468
68 0.13804327015125406
69 0.13880911353628184
70 0.14129810453762207
71 0.14512732146276086
72 0.14665900823281638
73 0.14742485161784416
74 0.14972238177292743
75 0.15278575531303848
76 0.1524028336205246
77 0.15355159869806626
78 0.15489182462186482
79 0.15680643308443423
80 0.15604058969940648
81 0.1600612674708022
82 0.16293318016465633
83 0.16695385793605208
84 0.16503924947348267
85 0.16484778862722574
86 0.16733677962856597
87 0.17174037909247558
88 0.1765269002488991
89 0.17863296955772545
90 0.18093049971280872
91 0.1816963430978365
92 0.18054757802029486
93 0.18514263833046143
94 0.18667432510051696
95 0.1931839938732529
96 0.1926096113344821
97 0.19203522879571128
98 0.19375837641202373
99 0.1949071414895654
100 0.19624736741336396
101 0.19911928010721808
102 0.20275703618609994
103 0.20524602718744017
104 0.20792647903503733
105 0.21098985257514838
106 0.21271300019146083
107 0.21175569596017615
108 0.21233007849894697
109 0.21213861765269001
110 0.21654221711659966
111 0.21807390388665518
112 0.22132873827302316
113 0.22515795519816198
114 0.22994447635458548
115 0.22975301550832855
116 0.2337736932797243
117 0.2366456059735784
118 0.2389431361286617
119 0.23913459697491862
120 0.2376029102048631
121 0.2408577445912311
122 0.24066628374497415
123 0.24296381390005745
124 0.24449550067011297
125 0.24545280490139768
126 0.24889910013402258
127 0.25540876890675857
128 0.26000382921692516
129 0.2626842810645223
130 0.263641585295807
131 0.2607696726019529
132 0.26325866360329314
133 0.266896419682175
134 0.2682366456059736
135 0.2716829408385985
136 0.27283170591614014
137 0.2760865403025081
138 0.2785755313038484
139 0.27838407045759145
140 0.2787669921501053
141 0.27972429638139
142 0.2820218265364733
143 0.28604250430786904
144 0.28623396515412597
145 0.2910204863105495
146 0.29465824238943134
147 0.29599846831322996
148 0.2981045376220563
149 0.3015508328546812
150 0.3019337545471951
151 0.3028910587784798
152 0.3013593720084243
153 0.30212521539345205
154 0.30078498946965343
155 0.3005935286233965
156 0.302316676239709
157 0.3059544323185909
158 0.30997511008998657
159 0.3141872487076393
160 0.31265556193758376
161 0.3170591614014934
162 0.31591039632395174
163 0.3208883783266322
164 0.3237602910204863
165 0.3256748994830557
166 0.32663220371434043
167 0.331227264024507
168 0.33026995979322227
169 0.3318016465632778
170 0.33467355925713194
171 0.3321845682557917
172 0.3327589507945625
173 0.331227264024507
174 0.3298870381007084
175 0.3298870381007084
176 0.33046142063947925
177 0.3323760291020486
178 0.32873827302316677
179 0.33448209841087495
180 0.3394600804135554
181 0.3423319931074095
182 0.34060884549109705
183 0.344055140723722
184 0.34730997511009
185 0.35324526134405515
186 0.3559257131916523
187 0.35898908673176333
188 0.3553513306528815
189 0.3555427914991384
190 0.353628183036569
191 0.35324526134405515
192 0.3543940264215968
193 0.3578403216542217
194 0.3607122343480758
195 0.3639670687344438
196 0.3700938158146659
197 0.36932797242963816
198 0.36645605973578405
199 0.36837066819835346
200 0.37181696343097836
201 0.3739230327398047
202 0.37602910204863105
203 0.3771778671261727
204 0.37794371051120046
205 0.379475397281256
206 0.38139000574382537
207 0.3800497798200268
208 0.38502776182270726
209 0.38732529197779053
210 0.3852192226689642
211 0.3856021443614781
212 0.39115450890292935
213 0.3909630480566724
214 0.3913459697491863
215 0.38866551790158915
216 0.392303273980471
217 0.39019720467164465
218 0.38866551790158915
219 0.3900057438253877
220 0.3903886655179016
221 0.39402642159678347
222 0.3974727168294084
223 0.39977024698449165
224 0.4009190120620333
225 0.40627991575722766
226 0.4057055332184568
227 0.40781160252728316
228 0.40876890675856786
229 0.4045567681409152
230 0.40493968983342904
231 0.4091518284510818
232 0.4074286808347693
233 0.4125981236837067
234 0.4135554279149914
235 0.41566149722381773
236 0.4152785755313039
237 0.4206394792264982
238 0.4173846448401302
239 0.42044801838024126
240 0.4223626268428106
241 0.4233199310740953
242 0.4240857744591231
243 0.4250430786904078
244 0.4286808347692897
245 0.42753206969174806
246 0.42753206969174806
247 0.43155274746314376
248 0.43174420830940075
249 0.43136128661688683
250 0.43365881677197016
251 0.43270151254068545
252 0.43365881677197016
253 0.434041738464484
254 0.4346161210032548
255 0.4382538770821367
256 0.43595634692705343
257 0.43519050354202565
258 0.43863679877465056
259 0.44227455485353245
260 0.44514646754738657
261 0.44476354585487266
262 0.4445720850086157
263 0.44552938923990043
264 0.446869615163699
265 0.45031591039632396
266 0.4549109707064905
267 0.4547195098602336
268 0.45261344055140723
269 0.45184759716637946
270 0.45452804901397664
271 0.45452804901397664
272 0.456634118322803
273 0.4591231093241432
274 0.4587401876316293
275 0.4595060310166571
276 0.4623779437105112
277 0.46678154317442083
278 0.46773884740570554
279 0.4713766034845874
280 0.4709936817920735
281 0.4688876124832472
282 0.46927053417576103
283 0.4700363775607888
284 0.4700363775607888
285 0.4673559257131917
286 0.46773884740570554
287 0.47022783840704574
288 0.472716829408386
289 0.46869615163699024
290 0.4719509860233582
291 0.4719509860233582
292 0.47386559448592763
293 0.4771204288722956
294 0.48535324526134405
295 0.48458740187631627
296 0.4912885314953092
297 0.4947348267279341
298 0.4993298870381007
299 0.5033505648094965
300 0.5098602335822324
301 0.5131150679686004
302 0.5117748420448018
303 0.5133065288148574
304 0.5148382155849129
305 0.514646754738656
306 0.5198161975875933
307 0.5203905801263642
308 0.5217308060501628
309 0.5201991192801072
310 0.5267087880528432
311 0.5324526134405514
312 0.5351330652881485
313 0.5339843002106069
314 0.5378135171357458
315 0.5414512732146276
316 0.5422171165996553
317 0.5420256557533984
318 0.5391537430595443
319 0.5426000382921693
320 0.5458548726785373
321 0.5477694811411067
322 0.546812176909822
323 0.5471950986023358
324 0.5479609419873636
325 0.5489182462186483
326 0.5515986980662455
327 0.5533218456825579
328 0.556193758376412
329 0.5586827493777522
330 0.5581083668389815
331 0.5573425234539536
332 0.556193758376412
333 0.5617461229178633
334 0.5605973578403216
335 0.5669155657668007
336 0.5720850086157381
337 0.5743825387708213
338 0.5736166953857936
339 0.5720850086157381
340 0.5774459123109325
341 0.5795519816197587
342 0.581849511774842
343 0.5812751292360713
344 0.5824238943136129
345 0.5845299636224393
346 0.5835726593911545
347 0.5843385027761823
348 0.5770629906184185
349 0.578786138234731
350 0.5808922075435573
351 0.5797434424660157
352 0.5870189546237794
353 0.5887421022400919
354 0.5889335630863488
355 0.5868274937775225
356 0.5887421022400919
357 0.5904652498564044
358 0.5962090752441126
359 0.5988895270917097
360 0.5950603101665709
361 0.5960176143978556
362 0.5954432318590848
363 0.5992724487842236
364 0.6025272831705916
365 0.607696726019529
366 0.5992724487842236
367 0.6019529006318208
368 0.5992724487842236
369 0.5992724487842236
370 0.6015699789393069
371 0.6065479609419874
372 0.6111430212521539
373 0.6122917863296956
374 0.6143978556385219
375 0.6189929159486884
376 0.614014933946008
377 0.6098027953283554
378 0.6113344820984109
379 0.6099942561746123
380 0.6071223434807582
381 0.6080796477120429
382 0.6130576297147233
383 0.613823473099751
384 0.6210989852575148
385 0.6170783074861191
386 0.614206394792265
387 0.6195672984874593
388 0.6161210032548344
389 0.6170783074861191
390 0.6203331418724871
391 0.6233965154125981
392 0.6216733677962857
393 0.6256940455676814
394 0.6266513497989661
395 0.6308634884166188
396 0.6310549492628758
397 0.6322037143404173
398 0.6320122534941605
399 0.633352479417959
400 0.633543940264216
401 0.6297147233390772
402 0.6287574191077925
403 0.6276086540302508
404 0.6291403408003063
405 0.6364158529580701
406 0.6381390005743826
407 0.6402450698832088
408 0.6362243921118131
409 0.6371816963430978
410 0.6371816963430978
411 0.6373731571893547
412 0.6383304614206394
413 0.6381390005743826
414 0.636607313804327
415 0.6350756270342715
416 0.633352479417959
417 0.6329695577254452
418 0.6329695577254452
419 0.6316293318016466
420 0.6314378709553896
421 0.6316293318016466
422 0.6345012444955007
423 0.6377560788818687
424 0.6354585487267854
425 0.6377560788818687
426 0.6419682174995214
427 0.6408194524219797
428 0.6434999042695768
429 0.6410109132682367
430 0.6387133831131534
431 0.6440742868083477
432 0.6488608079647712
433 0.6503924947348267
434 0.6502010338885698
435 0.652881485736167
436 0.6490522688110282
437 0.6496266513497989
438 0.6484778862722573
439 0.6471376603484588
440 0.65269002488991
441 0.6555619375837641
442 0.655944859276278
443 0.6586253111238751
444 0.6636032931265556
445 0.6613057629714724
446 0.6632203714340418
447 0.665517901589125
448 0.6662837449741528
449 0.6660922841278959
450 0.6662837449741528
451 0.6626459888952709
452 0.6567107026613057
453 0.6570936243538197
454 0.6574765460463335
455 0.656136320122535
456 0.6576680068925904
457 0.6609228412789585
458 0.6639862148190695
459 0.6660922841278959
460 0.6678154317442083
461 0.6712617269768333
462 0.6697300402067777
463 0.6706873444380624
464 0.6672410492054375
465 0.6683898142829792
466 0.6664752058204098
467 0.6689641968217499
468 0.6716446486693471
469 0.6714531878230902
470 0.6733677962856596
471 0.6762397089795137
472 0.6812176909821941
473 0.6829408385985066
474 0.6817920735209649
475 0.6867700555236455
476 0.6829408385985066
477 0.6833237602910205
478 0.6823664560597358
479 0.6835152211372775
480 0.6825579169059928
481 0.6812176909821941
482 0.6810262301359372
483 0.6860042121386176
484 0.6867700555236455
485 0.6800689259046525
486 0.6816006126747081
487 0.6762397089795137
488 0.6833237602910205
489 0.6812176909821941
490 0.6777713957495692
491 0.6817920735209649
492 0.6808347692896802
493 0.6825579169059928
494 0.678537239134597
495 0.6804518475971664
496 0.6773884740570554
497 0.6731763354394027
498 0.6699215010530346
499 0.6672410492054375
500 0.668581275129236
501 0.6706873444380624
502 0.6689641968217499
503 0.6716446486693471
504 0.6762397089795137
505 0.6764311698257707
506 0.6775799349033123
507 0.6770055523645414
508 0.6773884740570554
509 0.6733677962856596
510 0.6781543174420831
511 0.6886846639862149
512 0.687918820601187
513 0.6888761248324717
514 0.6925138809113536
515 0.691556576680069
516 0.6904078116025273
517 0.6904078116025273
518 0.6917480375263259
519 0.6971089412215202
520 0.6934711851426383
521 0.6928968026038675
522 0.6930882634501244
523 0.6925138809113536
524 0.6963430978364924
525 0.6938541068351523
526 0.6959601761439785
527 0.6961516369902355
528 0.69461995022018
529 0.691365115833812
530 0.6883017422937009
531 0.6875358989086732
532 0.691365115833812
533 0.6873444380624162
534 0.6821749952134788
535 0.6842810645223052
536 0.684663986214819
537 0.6804518475971664
538 0.6804518475971664
539 0.6766226306720275
540 0.6739421788244304
541 0.6804518475971664
542 0.6867700555236455
543 0.6863871338311315
544 0.6837066819835343
545 0.6869615163699023
546 0.6856212904461038
547 0.6825579169059928
548 0.6777713957495692
549 0.675473865594486
550 0.6756653264407428
551 0.675090943901972
552 0.6747080222094581
553 0.6745165613632013
554 0.6779628565958261
555 0.678728699980854
556 0.6823664560597358
557 0.6907907332950411
558 0.6892590465249856
559 0.6871529772161593
560 0.6850469079073329
561 0.6817920735209649
562 0.6796860042121387
563 0.6779628565958261
564 0.6867700555236455
565 0.6909821941412981
566 0.6865785946773885
567 0.6860042121386176
568 0.6856212904461038
569 0.6856212904461038
570 0.6877273597549302
571 0.6831322994447635
572 0.6838981428297913
573 0.6856212904461038
574 0.6844725253685622
575 0.6802603867509094
576 0.6802603867509094
577 0.6806433084434234
578 0.6775799349033123
579 0.6816006126747081
580 0.6777713957495692
581 0.6844725253685622
582 0.6858127512923607
583 0.6814091518284511
584 0.6837066819835343
585 0.6802603867509094
586 0.6850469079073329
587 0.6840896036760482
588 0.6869615163699023
589 0.6902163507562703
590 0.6892590465249856
591 0.6869615163699023
592 0.6871529772161593
593 0.6863871338311315
594 0.6877273597549302
595 0.6932797242963814
596 0.6953857936052077
597 0.7013210798391729
598 0.6984491671453188
599 0.6963430978364924
600 0.6934711851426383
601 0.6907907332950411
602 0.6953857936052077
603 0.691556576680069
604 0.6865785946773885
605 0.6873444380624162
606 0.6927053417576106
607 0.6905992724487843
608 0.6875358989086732
609 0.6925138809113536
610 0.6917480375263259
611 0.691365115833812
612 0.6884932031399579
613 0.6861956729848746
614 0.6827493777522496
615 0.6890675856787287
616 0.688110281447444
617 0.688110281447444
618 0.6925138809113536
619 0.6896419682174996
620 0.6850469079073329
621 0.6825579169059928
622 0.6875358989086732
623 0.6860042121386176
624 0.6890675856787287
625 0.6921309592188397
626 0.6923224200650967
627 0.69461995022018
628 0.6932797242963814
629 0.6950028719126938
630 0.6953857936052077
631 0.7013210798391729
632 0.6984491671453188
633 0.6955772544514647
634 0.6969174803752632
635 0.7038100708405132
636 0.6992150105303465
637 0.7011296189929159
638 0.7091709745357074
639 0.713766034845874
640 0.7108941221520199
641 0.7091709745357074
642 0.7034271491479992
643 0.7007466973004021
644 0.7066819835343672
645 0.7087880528431936
646 0.7049588359180547
647 0.7036186099942562
648 0.7053417576105686
649 0.7036186099942562
650 0.7064905226881103
651 0.70400153168677
652 0.7022783840704576
653 0.7051502967643117
654 0.7051502967643117
655 0.7036186099942562
656 0.694811411066437
657 0.694428489373923
658 0.6894505073712426
659 0.691556576680069
660 0.6969174803752632
661 0.6999808539153743
662 0.7032356883017423
663 0.6997893930691174
664 0.7020869232242006
665 0.6994064713766035
666 0.7007466973004021
667 0.6997893930691174
668 0.7017040015316868
669 0.7030442274554853
670 0.7070649052268811
671 0.7057246793030825
672 0.6994064713766035
673 0.6974918629140341
674 0.700938158146659
675 0.6982577062990618
676 0.6907907332950411
677 0.6907907332950411
678 0.6932797242963814
679 0.6959601761439785
680 0.7011296189929159
681 0.7005552364541451
682 0.7057246793030825
683 0.7055332184568256
684 0.6999808539153743
685 0.7017040015316868
686 0.7034271491479992
687 0.7007466973004021
688 0.700938158146659
689 0.6999808539153743
690 0.697874784606548
691 0.7030442274554853
692 0.7007466973004021
693 0.7005552364541451
694 0.7015125406854298
695 0.6992150105303465
696 0.6950028719126938
697 0.6909821941412981
698 0.6940455676814091
699 0.691365115833812
700 0.6905992724487843
