1 0.0003829216925138809
2 0.0005743825387708214
3 0.0009573042312847023
4 0.0009573042312847023
5 0.0007658433850277618
6 0.0011487650775416428
7 0.0015316867700555237
8 0.0015316867700555237
9 0.002488991001340226
10 0.002871912693854107
11 0.0034462952326249283
12 0.003829216925138809
13 0.00421213861765269
14 0.005743825387708214
15 0.006318207926479035
16 0.006701129618992916
17 0.006701129618992916
18 0.007849894696534559
19 0.00842427723530538
20 0.009381581466590082
21 0.011679111621673368
22 0.01225349416044419
23 0.01282787669921501
24 0.015508328546812177
25 0.01684855447061076
26 0.018954623779437105
27 0.02048631054949263
28 0.022975301550832855
29 0.02469844916714532
30 0.026613057629714724
31 0.030059352862339652
32 0.032165422171166
33 0.034845874018763164
34 0.036569021635075624
35 0.037334865020103386
36 0.04001531686770055
37 0.043270151254068544
38 0.04614206394792265
39 0.048248133256748996
40 0.0511200459506031
41 0.05475780202948497
42 0.05877847980088072
43 0.0591614014933946
44 0.06260769672601953
45 0.06586253111238752
46 0.06911736549875551
47 0.07237219988512349
48 0.07447826919394984
49 0.07581849511774842
50 0.07964771204288723
51 0.08213670304422746
52 0.08500861573808156
53 0.0874976067394218
54 0.08864637181696343
55 0.08864637181696343
56 0.0913268236645606
57 0.09592188397472717
58 0.09764503159103963
59 0.10109132682366456
60 0.10396323951751867
61 0.10453762205628948
62 0.10836683898142829
63 0.11085582998276852
64 0.11411066436913651
65 0.11430212521539346
66 0.11468504690790733
67 0.1173654987555045
68 0.1183228029867892
69 0.12004595060310166
70 0.11947156806433085
71 0.122152019911928
72 0.12598123683706683
73 0.13038483630097644
74 0.13325674899483056
75 0.13746888761248324
76 0.13880911353628184
77 0.141489565383879
78 0.14474439977024697
79 0.1499138426191844
80 0.15182845108175377
81 0.1514455293892399
82 0.15450890292935096
83 0.15680643308443423
84 0.15872104154700364
85 0.16159295424085773
86 0.16197587593337162
87 0.16312464101091326
88 0.16676239708979515
89 0.16771970132107983
90 0.17480375263258663
91 0.1784415087114685
92 0.17920735209649627
93 0.1816963430978365
94 0.1807390388665518
95 0.18514263833046143
96 0.1855255600229753
97 0.1883974727168294
98 0.19107792456442657
99 0.19509860233582232
100 0.19720467164464867
101 0.2010338885697875
102 0.20428872295615547
103 0.20696917480375263
104 0.20926670495883593
105 0.2115642351139192
106 0.2129044610377178
107 0.21213861765269001
108 0.21443614780777331
109 0.21405322611525943
110 0.21520199119280106
111 0.22075435573425234
112 0.22400919012062034
113 0.2257323377369328
114 0.22745548535324525
115 0.2270725636607314
116 0.2295615546620716
117 0.22975301550832855
118 0.23300784989469653
119 0.2356883017422937
120 0.2389431361286617
121 0.2399004403599464
122 0.24928202182653647
123 0.2494734826727934
124 0.2536856212904461
125 0.25406854298296
126 0.25387708213670307
127 0.2569404556768141
128 0.25866360329312654
129 0.2607696726019529
130 0.26000382921692516
131 0.2628757419107792
132 0.26479035037334864
133 0.2653647329121195
134 0.2655561937583764
135 0.2682366456059736
136 0.26613057629714726
137 0.2674708022209458
138 0.26861956729848746
139 0.2745548535324526
140 0.2716829408385985
141 0.2741719318399387
142 0.2806816006126747
143 0.2816389048439594
144 0.2814474439977025
145 0.2776182270725637
146 0.2814474439977025
147 0.2831705916140149
148 0.28431935669155656
149 0.28508520007658433
150 0.28795711277043845
151 0.2929350947731189
152 0.292552173080605
153 0.2977216159295424
154 0.2998276852383688
155 0.3028910587784798
156 0.30403982385602146
157 0.3028910587784798
158 0.30633735401110473
159 0.3115067968600421
160 0.31361286616886846
161 0.311889718552556
162 0.3164847788627226
163 0.3155274746314379
164 0.31495309209266703
165 0.3157189354776948
166 0.31457017040015317
167 0.3185908481715489
168 0.3164847788627226
169 0.31591039632395174
170 0.31782500478652115
171 0.3191652307103197
172 0.32395175186674324
173 0.3260578211755696
174 0.32835535133065286
175 0.331227264024507
176 0.33486502010338887
177 0.33716255025847214
178 0.33735401110472907
179 0.3385027761822707
180 0.3411832280298679
181 0.3436722190312081
182 0.3457782883400345
183 0.34884166188014554
184 0.3520964962665135
185 0.35515986980662456
186 0.35515986980662456
187 0.3555427914991384
188 0.36032931265556195
189 0.3630097645031591
190 0.36224392111813136
191 0.3653072946582424
192 0.3658816771970132
193 0.36320122534941607
194 0.3653072946582424
195 0.3672219031208118
196 0.36817920735209647
197 0.37315718935477693
198 0.37258280681600614
199 0.37870955389622823
200 0.37794371051120046
201 0.379283936434999
202 0.3817729274363393
203 0.38062416235879765
204 0.37985831897376987
205 0.3817729274363393
206 0.38043270151254066
207 0.38215584912885314
208 0.38158146659008235
209 0.3836875358989087
210 0.38694237028527667
211 0.38732529197779053
212 0.3844533792839364
213 0.3829216925138809
214 0.38407045759142255
215 0.38694237028527667
216 0.38579360520773504
217 0.3924947348267279
218 0.3970897951368945
219 0.39977024698449165
220 0.39823856021443615
221 0.3974727168294084
222 0.4009190120620333
223 0.40532261152594296
224 0.4045567681409152
225 0.40723721998851237
226 0.40685429829599845
227 0.4127895845299636
228 0.4150871146850469
229 0.4135554279149914
230 0.4137468887612483
231 0.4150871146850469
232 0.4118322802986789
233 0.4154700363775608
234 0.4189163316101857
235 0.41853340991767185
236 0.42044801838024126
237 0.42542600038292167
238 0.42561746122917865
239 0.4284893739230327
240 0.42753206969174806
241 0.42982959984683133
242 0.4296381390005744
243 0.43231859084817154
244 0.4294466781543174
245 0.42561746122917865
246 0.42523453953666474
247 0.42657476546046336
248 0.42887229561554663
249 0.42810645223051885
250 0.4292552173080605
251 0.4321271300019146
252 0.4319356691556577
253 0.43155274746314376
254 0.43251005169442847
255 0.43710511200459506
256 0.43614780777331036
257 0.4302125215393452
258 0.43787095538962284
259 0.4346161210032548
260 0.437296572850852
261 0.44227455485353245
262 0.447061076009956
263 0.44380624162358795
264 0.4461037717786713
265 0.4480183802412407
266 0.4514646754738656
267 0.4480183802412407
268 0.44840130193375455
269 0.4552938923990044
270 0.4604633352479418
271 0.4604633352479418
272 0.4648669347118514
273 0.4665900823281639
274 0.46697300402067776
275 0.46678154317442083
276 0.4719509860233582
277 0.4723339077158721
278 0.4717595251771013
279 0.46697300402067776
280 0.4656327780968792
281 0.46544131725062227
282 0.4658242389431361
283 0.46620716063565
284 0.4648669347118514
285 0.46639862148190697
286 0.46773884740570554
287 0.4658242389431361
288 0.4681217690982194
289 0.469461995022018
290 0.46927053417576103
291 0.47731188971855254
292 0.4761631246410109
293 0.47960941987363587
294 0.47865211564235116
295 0.4744399770246984
296 0.47539728125598313
297 0.4736741336396707
298 0.47386559448592763
299 0.47578020294849704
300 0.4807581849511775
301 0.48190695002871914
302 0.4866934711851426
303 0.4868849320313996
304 0.4851617844150871
305 0.4878422362626843
306 0.49071414895653837
307 0.48803369710894123
308 0.4870763928776565
309 0.4884166188014551
310 0.4884166188014551
311 0.49167145318782307
312 0.48726785372391346
313 0.4878422362626843
314 0.4956921309592188
315 0.4972238177292744
316 0.4989469653455868
317 0.49090560980279535
318 0.49664943519050353
319 0.4972238177292744
320 0.4974152785755313
321 0.5004786521156424
322 0.5041164081945242
323 0.504690790733295
324 0.5037334865020103
325 0.49798966111430215
326 0.5002871912693854
327 0.504690790733295
328 0.50813708596592
329 0.5106260769672601
330 0.5100516944284894
331 0.5073712425808922
332 0.5148382155849129
333 0.5121577637373157
334 0.514455293892399
335 0.5150296764311698
336 0.5142638330461421
337 0.5171357457399962
338 0.5184759716637948
339 0.5157955198161975
340 0.5140723721998851
341 0.5133065288148574
342 0.5148382155849129
343 0.5171357457399962
344 0.520773501818878
345 0.5224966494351905
346 0.5261344055140724
347 0.5259429446678154
348 0.5265173272065863
349 0.5226881102814475
350 0.5236454145127322
351 0.5280490139766417
352 0.530729465824239
353 0.5311123875167528
354 0.5299636224392111
355 0.527474631437871
356 0.5320696917480375
357 0.5314953092092667
358 0.5358989086731764
359 0.5318782309017805
360 0.5357074478269194
361 0.539919586444572
362 0.5410683515221137
363 0.540111047290829
364 0.5447061076009956
365 0.5443231859084817
366 0.5439402642159679
367 0.5473865594485927
368 0.5462377943710511
369 0.543557342523454
370 0.54317442083094
371 0.543557342523454
372 0.5408768906758568
373 0.5479609419873636
374 0.5485353245261344
375 0.5519816197587594
376 0.5473865594485927
377 0.5502584721424468
378 0.553130384836301
379 0.553130384836301
380 0.5523645414512732
381 0.5579169059927245
382 0.5607888186865786
383 0.5604058969940647
384 0.5571510626076968
385 0.5582998276852383
386 0.5602144361478077
387 0.5617461229178633
388 0.5619375837641203
389 0.5584912885314953
390 0.5598315144552939
391 0.5615546620716063
392 0.562703427149148
393 0.562703427149148
394 0.5582998276852383
395 0.5554279149913842
396 0.5588742102240092
397 0.5611717403790925
398 0.5607888186865786
399 0.5617461229178633
400 0.5636607313804327
401 0.562894887995405
402 0.5613632012253494
403 0.5655753398430021
404 0.5667241049205437
405 0.5667241049205437
406 0.565958261535516
407 0.5609802795328356
408 0.5640436530729466
409 0.5642351139192036
410 0.5695960176143978
411 0.5674899483055715
412 0.5697874784606548
413 0.5678728699980854
414 0.569404556768141
415 0.5724679303082519
416 0.5697874784606548
417 0.5705533218456825
418 0.5713191652307104
419 0.5720850086157381
420 0.5728508520007658
421 0.5768715297721616
422 0.5764886080796477
423 0.5768715297721616
424 0.5776373731571893
425 0.5803178250047866
426 0.5835726593911545
427 0.585487267853724
428 0.5891250239326058
429 0.5933371625502585
430 0.5935286233965155
431 0.5875933371625502
432 0.5964005360903695
433 0.6004212138617653
434 0.5988895270917097
435 0.6002297530155083
436 0.6015699789393069
437 0.6021443614780777
438 0.5986980662454529
439 0.5977407620141681
440 0.5954432318590848
441 0.5952517710128279
442 0.5994639096304806
443 0.6000382921692514
444 0.6009955964005361
445 0.6065479609419874
446 0.6053991958644457
447 0.604633352479418
448 0.6036760482481333
449 0.5990809879379667
450 0.6031016657093624
451 0.6111430212521539
452 0.614206394792265
453 0.6199502201799731
454 0.6203331418724871
455 0.6166953857936052
456 0.6201416810262301
457 0.6212904461037718
458 0.6189929159486884
459 0.6199502201799731
460 0.6210989852575148
461 0.617461229178633
462 0.6143978556385219
463 0.6182270725636607
464 0.6195672984874593
465 0.6233965154125981
466 0.6258855064139384
467 0.6279915757227647
468 0.6308634884166188
469 0.6345012444955007
470 0.6375646180356117
471 0.636798774650584
472 0.6379475397281256
473 0.6350756270342715
474 0.6375646180356117
475 0.6356500095730423
476 0.6379475397281256
477 0.6429255217308061
478 0.6459888952709171
479 0.6463718169634309
480 0.6496266513497989
481 0.6434999042695768
482 0.6412023741144935
483 0.6444572085008615
484 0.6463718169634309
485 0.6412023741144935
486 0.6417767566532644
487 0.6412023741144935
488 0.6383304614206394
489 0.6354585487267854
490 0.6360329312655562
491 0.6371816963430978
492 0.6408194524219797
493 0.6385219222668964
494 0.6385219222668964
495 0.6348841661880146
496 0.6348841661880146
497 0.636798774650584
498 0.6375646180356117
499 0.6402450698832088
500 0.6350756270342715
501 0.636607313804327
502 0.6412023741144935
503 0.6433084434233199
504 0.6465632778096879
505 0.6523071031973962
506 0.6500095730423129
507 0.655753398430021
508 0.6570936243538197
509 0.6547960941987364
510 0.6572850852000766
511 0.6563277809687919
512 0.6613057629714724
513 0.6601569978939307
514 0.6530729465824239
515 0.6546046333524794
516 0.6605399195864445
517 0.6576680068925904
518 0.6590082328163891
519 0.6551790158912503
520 0.6547960941987364
521 0.65269002488991
522 0.6517327206586253
523 0.6532644074286809
524 0.6511583381198545
525 0.6498181121960559
526 0.6551790158912503
527 0.6532644074286809
528 0.6546046333524794
529 0.6490522688110282
530 0.6480949645797435
531 0.6555619375837641
532 0.6547960941987364
533 0.6584338502776182
534 0.6563277809687919
535 0.6572850852000766
536 0.6572850852000766
537 0.652881485736167
538 0.6538387899674517
539 0.6536473291211947
540 0.6578594677388474
541 0.6597740762014168
542 0.6538387899674517
543 0.6576680068925904
544 0.6636032931265556
545 0.6613057629714724
546 0.6643691365115834
547 0.6643691365115834
548 0.6626459888952709
549 0.668581275129236
550 0.6699215010530346
551 0.6691556576680069
552 0.6693471185142639
553 0.6681983534367222
554 0.671836109515604
555 0.6726019529006318
556 0.6748994830557151
557 0.6804518475971664
558 0.6804518475971664
559 0.6823664560597358
560 0.6814091518284511
561 0.6781543174420831
562 0.6779628565958261
563 0.6758567872869998
564 0.6737507179781734
565 0.6699215010530346
566 0.6731763354394027
567 0.6729848745931457
568 0.6773884740570554
569 0.6745165613632013
570 0.668772735975493
571 0.6607313804327015
572 0.659391154508903
573 0.6607313804327015
574 0.6630289105877848
575 0.6657093624353819
576 0.665517901589125
577 0.6716446486693471
578 0.6639862148190695
579 0.6618801455102431
580 0.6622630672027571
581 0.6637947539728125
582 0.6628374497415278
583 0.6683898142829792
584 0.6731763354394027
585 0.675282404748229
586 0.6773884740570554
587 0.6804518475971664
588 0.6827493777522496
589 0.6808347692896802
590 0.6777713957495692
591 0.6831322994447635
592 0.678537239134597
593 0.6764311698257707
594 0.6766226306720275
595 0.6777713957495692
596 0.678728699980854
597 0.678728699980854
598 0.6747080222094581
599 0.6724104920543749
600 0.6704958835918055
601 0.6695385793605207
602 0.672219031208118
603 0.6775799349033123
604 0.6739421788244304
605 0.6760482481332567
606 0.6764311698257707
607 0.6768140915182845
608 0.6825579169059928
609 0.6840896036760482
610 0.6777713957495692
611 0.6768140915182845
612 0.6816006126747081
613 0.6779628565958261
614 0.6747080222094581
615 0.6701129618992916
616 0.6727934137468887
617 0.6768140915182845
618 0.6789201608271108
619 0.6771970132107984
620 0.6827493777522496
621 0.678728699980854
622 0.6854298295998469
623 0.6802603867509094
624 0.678728699980854
625 0.678537239134597
626 0.6766226306720275
627 0.6724104920543749
628 0.6704958835918055
629 0.6727934137468887
630 0.6678154317442083
631 0.672219031208118
632 0.672219031208118
633 0.6748994830557151
634 0.6701129618992916
635 0.6716446486693471
636 0.6699215010530346
637 0.672219031208118
638 0.6678154317442083
639 0.6735592571319166
640 0.6726019529006318
641 0.672027570361861
642 0.6779628565958261
643 0.6714531878230902
644 0.6737507179781734
645 0.6724104920543749
646 0.672219031208118
647 0.6770055523645414
648 0.6794945433658817
649 0.6791116216733678
650 0.6773884740570554
651 0.6773884740570554
652 0.6704958835918055
653 0.6668581275129236
654 0.6708788052843193
655 0.672219031208118
656 0.6741336396706873
657 0.6768140915182845
658 0.6726019529006318
659 0.6793030825196248
660 0.6814091518284511
661 0.6865785946773885
662 0.6907907332950411
663 0.6909821941412981
664 0.6898334290637564
665 0.6890675856787287
666 0.687918820601187
667 0.688110281447444
668 0.684663986214819
669 0.6869615163699023
670 0.6819835343672219
671 0.6854298295998469
672 0.6873444380624162
673 0.6909821941412981
674 0.6890675856787287
675 0.6863871338311315
676 0.6860042121386176
677 0.6884932031399579
678 0.6821749952134788
679 0.6802603867509094
680 0.6789201608271108
681 0.6794945433658817
682 0.6812176909821941
683 0.6817920735209649
684 0.6854298295998469
685 0.6812176909821941
686 0.6900248899100134
687 0.6856212904461038
688 0.6840896036760482
689 0.6817920735209649
690 0.6814091518284511
691 0.6804518475971664
692 0.6814091518284511
693 0.6804518475971664
694 0.6777713957495692
695 0.6781543174420831
696 0.6821749952134788
697 0.6829408385985066
698 0.6764311698257707
699 0.6771970132107984
700 0.675473865594486
