1 0.0005743825387708214
2 0.0007658433850277618
3 0.0007658433850277618
4 0.0007658433850277618
5 0.0009573042312847023
6 0.0009573042312847023
7 0.0009573042312847023
8 0.0009573042312847023
9 0.0011487650775416428
10 0.0011487650775416428
11 0.0015316867700555237
12 0.0013402259237985832
13 0.0017231476163124641
14 0.0013402259237985832
15 0.0011487650775416428
16 0.0017231476163124641
17 0.0017231476163124641
18 0.0013402259237985832
19 0.0015316867700555237
20 0.0013402259237985832
21 0.0013402259237985832
22 0.0011487650775416428
23 0.0013402259237985832
24 0.0013402259237985832
25 0.0015316867700555237
26 0.0017231476163124641
27 0.0015316867700555237
28 0.0015316867700555237
29 0.0019146084625694046
30 0.002106069308826345
31 0.002106069308826345
32 0.002106069308826345
33 0.0022975301550832855
34 0.0022975301550832855
35 0.0026804518475971664
36 0.0026804518475971664
37 0.0026804518475971664
38 0.002871912693854107
39 0.0034462952326249283
40 0.0034462952326249283
41 0.00402067777139575
42 0.003829216925138809
43 0.00421213861765269
44 0.0044035994639096306
45 0.005169442848937392
46 0.005169442848937392
47 0.005552364541451273
48 0.005743825387708214
49 0.006509668772735976
50 0.006318207926479035
51 0.0068925904652498565
52 0.007466973004020678
53 0.0072755121577637374
54 0.0072755121577637374
55 0.007084051311506797
56 0.006701129618992916
57 0.007084051311506797
58 0.007084051311506797
59 0.006509668772735976
60 0.0068925904652498565
61 0.007466973004020678
62 0.006701129618992916
63 0.006318207926479035
64 0.005743825387708214
65 0.005552364541451273
66 0.005935286233965154
67 0.006318207926479035
68 0.006701129618992916
69 0.006701129618992916
70 0.0068925904652498565
71 0.007466973004020678
72 0.007658433850277618
73 0.007849894696534559
74 0.0072755121577637374
75 0.0068925904652498565
76 0.007084051311506797
77 0.006509668772735976
78 0.007084051311506797
79 0.007466973004020678
80 0.007658433850277618
81 0.007658433850277618
82 0.0080413555427915
83 0.00842427723530538
84 0.00861573808156232
85 0.008998659774076202
86 0.009190120620333142
87 0.009955964005360904
88 0.009573042312847023
89 0.009381581466590082
90 0.009381581466590082
91 0.009573042312847023
92 0.010338885697874785
93 0.009955964005360904
94 0.010147424851617844
95 0.010147424851617844
96 0.010721807390388666
97 0.011296189929159487
98 0.011487650775416428
99 0.011487650775416428
100 0.010913268236645606
101 0.010913268236645606
102 0.011104729082902547
103 0.011104729082902547
104 0.011679111621673368
105 0.01244495500670113
106 0.01244495500670113
107 0.01244495500670113
108 0.01263641585295807
109 0.01282787669921501
110 0.01263641585295807
111 0.01225349416044419
112 0.01225349416044419
113 0.01225349416044419
114 0.011487650775416428
115 0.011487650775416428
116 0.01244495500670113
117 0.012062033314187249
118 0.011679111621673368
119 0.011870572467930308
120 0.01244495500670113
121 0.011870572467930308
122 0.01263641585295807
123 0.01263641585295807
124 0.01244495500670113
125 0.013019337545471951
126 0.013210798391728892
127 0.014359563469270534
128 0.014551024315527475
129 0.014933946008041356
130 0.014168102623013594
131 0.014551024315527475
132 0.014742485161784415
133 0.014551024315527475
134 0.013976641776756654
135 0.014168102623013594
136 0.014168102623013594
137 0.014168102623013594
138 0.014933946008041356
139 0.014359563469270534
140 0.014742485161784415
141 0.015316867700555237
142 0.015316867700555237
143 0.015125406854298296
144 0.014742485161784415
145 0.015125406854298296
146 0.014551024315527475
147 0.014551024315527475
148 0.014742485161784415
149 0.013402259237985832
150 0.013402259237985832
151 0.013019337545471951
152 0.01263641585295807
153 0.014551024315527475
154 0.013976641776756654
155 0.013785180930499713
156 0.014933946008041356
157 0.015316867700555237
158 0.015699789393069118
159 0.015125406854298296
160 0.014933946008041356
161 0.014359563469270534
162 0.014168102623013594
163 0.014359563469270534
164 0.014551024315527475
165 0.014933946008041356
166 0.014933946008041356
167 0.014742485161784415
168 0.014551024315527475
169 0.015699789393069118
170 0.015316867700555237
171 0.015125406854298296
172 0.014742485161784415
173 0.015125406854298296
174 0.015125406854298296
175 0.014742485161784415
176 0.015316867700555237
177 0.014933946008041356
178 0.014742485161784415
179 0.013785180930499713
180 0.014168102623013594
181 0.015316867700555237
182 0.014168102623013594
183 0.014933946008041356
184 0.014359563469270534
185 0.014359563469270534
186 0.013402259237985832
187 0.013210798391728892
188 0.01282787669921501
189 0.01244495500670113
190 0.01263641585295807
191 0.013593720084242773
192 0.013210798391728892
193 0.01282787669921501
194 0.013593720084242773
195 0.013785180930499713
196 0.013593720084242773
197 0.013785180930499713
198 0.013593720084242773
199 0.014742485161784415
200 0.014933946008041356
201 0.014551024315527475
202 0.014742485161784415
203 0.014742485161784415
204 0.015316867700555237
205 0.015699789393069118
206 0.01646563277809688
207 0.015891250239326058
208 0.015316867700555237
209 0.015508328546812177
210 0.015125406854298296
211 0.014742485161784415
212 0.014359563469270534
213 0.014933946008041356
214 0.014551024315527475
215 0.014742485161784415
216 0.014742485161784415
217 0.014551024315527475
218 0.014742485161784415
219 0.014551024315527475
220 0.013785180930499713
221 0.013593720084242773
222 0.013402259237985832
223 0.013402259237985832
224 0.013976641776756654
225 0.013976641776756654
226 0.013593720084242773
227 0.013785180930499713
228 0.014168102623013594
229 0.013402259237985832
230 0.013593720084242773
231 0.014359563469270534
232 0.014742485161784415
233 0.015125406854298296
234 0.014742485161784415
235 0.014168102623013594
236 0.013976641776756654
237 0.013593720084242773
238 0.014359563469270534
239 0.014168102623013594
240 0.014359563469270534
241 0.013785180930499713
242 0.013593720084242773
243 0.013019337545471951
244 0.011679111621673368
245 0.011296189929159487
246 0.01244495500670113
247 0.01282787669921501
248 0.01225349416044419
249 0.011679111621673368
250 0.012062033314187249
251 0.01282787669921501
252 0.01244495500670113
253 0.011870572467930308
254 0.011487650775416428
255 0.011487650775416428
256 0.011679111621673368
257 0.011679111621673368
258 0.011870572467930308
259 0.012062033314187249
260 0.012062033314187249
261 0.01263641585295807
262 0.013402259237985832
263 0.013593720084242773
264 0.013210798391728892
265 0.013402259237985832
266 0.013976641776756654
267 0.014359563469270534
268 0.014168102623013594
269 0.013976641776756654
270 0.013785180930499713
271 0.01282787669921501
272 0.011870572467930308
273 0.012062033314187249
274 0.013019337545471951
275 0.014359563469270534
276 0.014168102623013594
277 0.014359563469270534
278 0.015125406854298296
279 0.014551024315527475
280 0.013976641776756654
281 0.014359563469270534
282 0.013976641776756654
283 0.013976641776756654
284 0.013593720084242773
285 0.013210798391728892
286 0.013976641776756654
287 0.014168102623013594
288 0.013402259237985832
289 0.013402259237985832
290 0.013210798391728892
291 0.013976641776756654
292 0.014551024315527475
293 0.014359563469270534
294 0.014168102623013594
295 0.013402259237985832
296 0.013593720084242773
297 0.013402259237985832
298 0.014359563469270534
299 0.014933946008041356
300 0.014359563469270534
301 0.014359563469270534
302 0.013976641776756654
303 0.014168102623013594
304 0.014933946008041356
305 0.014359563469270534
306 0.013785180930499713
307 0.01263641585295807
308 0.013210798391728892
309 0.01244495500670113
310 0.013019337545471951
311 0.013019337545471951
312 0.013402259237985832
313 0.013210798391728892
314 0.013019337545471951
315 0.012062033314187249
316 0.011870572467930308
317 0.011487650775416428
318 0.01263641585295807
319 0.01244495500670113
320 0.01225349416044419
321 0.012062033314187249
322 0.012062033314187249
323 0.013210798391728892
324 0.013402259237985832
325 0.013402259237985832
326 0.014551024315527475
327 0.014933946008041356
328 0.014551024315527475
329 0.013402259237985832
330 0.013785180930499713
331 0.013785180930499713
332 0.013976641776756654
333 0.014359563469270534
334 0.014742485161784415
335 0.014742485161784415
336 0.014551024315527475
337 0.014742485161784415
338 0.014742485161784415
339 0.015316867700555237
340 0.016082711085583
341 0.015699789393069118
342 0.015699789393069118
343 0.015699789393069118
344 0.016082711085583
345 0.016082711085583
346 0.015508328546812177
347 0.01627417193183994
348 0.015316867700555237
349 0.015125406854298296
350 0.014742485161784415
351 0.014742485161784415
352 0.014742485161784415
353 0.015508328546812177
354 0.015508328546812177
355 0.015125406854298296
356 0.014551024315527475
357 0.014742485161784415
358 0.013785180930499713
359 0.013593720084242773
360 0.013593720084242773
361 0.013402259237985832
362 0.013976641776756654
363 0.014359563469270534
364 0.013976641776756654
365 0.013785180930499713
366 0.014168102623013594
367 0.014359563469270534
368 0.014168102623013594
369 0.015316867700555237
370 0.014551024315527475
371 0.014933946008041356
372 0.015699789393069118
373 0.014742485161784415
374 0.015125406854298296
375 0.015699789393069118
376 0.015891250239326058
377 0.015699789393069118
378 0.015125406854298296
379 0.014359563469270534
380 0.014933946008041356
381 0.015508328546812177
382 0.015316867700555237
383 0.015699789393069118
384 0.015699789393069118
385 0.014933946008041356
386 0.015316867700555237
387 0.015125406854298296
388 0.015316867700555237
389 0.015316867700555237
390 0.015125406854298296
391 0.014933946008041356
392 0.014359563469270534
393 0.013785180930499713
394 0.013976641776756654
395 0.013593720084242773
396 0.01263641585295807
397 0.01263641585295807
398 0.013593720084242773
399 0.013785180930499713
400 0.014168102623013594
401 0.014551024315527475
402 0.014742485161784415
403 0.014359563469270534
404 0.015125406854298296
405 0.014933946008041356
406 0.014551024315527475
407 0.014933946008041356
408 0.014551024315527475
409 0.014742485161784415
410 0.015316867700555237
411 0.014933946008041356
412 0.015125406854298296
413 0.014933946008041356
414 0.014933946008041356
415 0.015125406854298296
416 0.013976641776756654
417 0.014359563469270534
418 0.013785180930499713
419 0.014551024315527475
420 0.014359563469270534
421 0.014933946008041356
422 0.014742485161784415
423 0.014742485161784415
424 0.014742485161784415
425 0.014551024315527475
426 0.015125406854298296
427 0.015125406854298296
428 0.014359563469270534
429 0.014933946008041356
430 0.013785180930499713
431 0.013976641776756654
432 0.013785180930499713
433 0.014168102623013594
434 0.013593720084242773
435 0.013785180930499713
436 0.01282787669921501
437 0.013402259237985832
438 0.014168102623013594
439 0.014168102623013594
440 0.013785180930499713
441 0.013976641776756654
442 0.013976641776756654
443 0.013402259237985832
444 0.014168102623013594
445 0.013785180930499713
446 0.013593720084242773
447 0.013593720084242773
448 0.013019337545471951
449 0.01282787669921501
450 0.013785180930499713
451 0.014551024315527475
452 0.013593720084242773
453 0.014551024315527475
454 0.014359563469270534
455 0.013593720084242773
456 0.013402259237985832
457 0.013019337545471951
458 0.013593720084242773
459 0.013210798391728892
460 0.013593720084242773
461 0.013593720084242773
462 0.014359563469270534
463 0.015125406854298296
464 0.013785180930499713
465 0.013402259237985832
466 0.013210798391728892
467 0.013402259237985832
468 0.013210798391728892
469 0.013019337545471951
470 0.013019337545471951
471 0.01282787669921501
472 0.013593720084242773
473 0.013593720084242773
474 0.013593720084242773
475 0.013402259237985832
476 0.013210798391728892
477 0.014168102623013594
478 0.014359563469270534
479 0.014168102623013594
480 0.013976641776756654
481 0.014742485161784415
482 0.014551024315527475
483 0.014551024315527475
484 0.014551024315527475
485 0.014933946008041356
486 0.014933946008041356
487 0.014742485161784415
488 0.014933946008041356
489 0.015125406854298296
490 0.015699789393069118
491 0.015508328546812177
492 0.015316867700555237
493 0.015891250239326058
494 0.015508328546812177
495 0.015699789393069118
496 0.015508328546812177
497 0.014359563469270534
498 0.014168102623013594
499 0.014551024315527475
500 0.014359563469270534
501 0.014359563469270534
502 0.013976641776756654
503 0.013402259237985832
504 0.01282787669921501
505 0.013593720084242773
506 0.014359563469270534
507 0.013976641776756654
508 0.013785180930499713
509 0.013976641776756654
510 0.013402259237985832
511 0.013593720084242773
512 0.013785180930499713
513 0.013593720084242773
514 0.013785180930499713
515 0.014168102623013594
516 0.013593720084242773
517 0.013785180930499713
518 0.014168102623013594
519 0.014359563469270534
520 0.013785180930499713
521 0.013402259237985832
522 0.013593720084242773
523 0.013402259237985832
524 0.013402259237985832
525 0.013785180930499713
526 0.013785180930499713
527 0.014359563469270534
528 0.014359563469270534
529 0.013976641776756654
530 0.013785180930499713
531 0.014168102623013594
532 0.013210798391728892
533 0.01282787669921501
534 0.01282787669921501
535 0.01244495500670113
536 0.01282787669921501
537 0.013019337545471951
538 0.013210798391728892
539 0.013402259237985832
540 0.013402259237985832
541 0.013976641776756654
542 0.014742485161784415
543 0.014551024315527475
544 0.014359563469270534
545 0.014742485161784415
546 0.014742485161784415
547 0.014551024315527475
548 0.014359563469270534
549 0.015316867700555237
550 0.015125406854298296
551 0.015316867700555237
552 0.015891250239326058
553 0.014933946008041356
554 0.015316867700555237
555 0.015699789393069118
556 0.015891250239326058
557 0.015125406854298296
558 0.015125406854298296
559 0.014551024315527475
560 0.014359563469270534
561 0.013976641776756654
562 0.013976641776756654
563 0.013976641776756654
564 0.013785180930499713
565 0.013976641776756654
566 0.014168102623013594
567 0.013785180930499713
568 0.013402259237985832
569 0.013402259237985832
570 0.01244495500670113
571 0.01244495500670113
572 0.01244495500670113
573 0.01263641585295807
574 0.013019337545471951
575 0.01244495500670113
576 0.011870572467930308
577 0.011296189929159487
578 0.011487650775416428
579 0.01225349416044419
580 0.01244495500670113
581 0.01282787669921501
582 0.013210798391728892
583 0.013210798391728892
584 0.01263641585295807
585 0.01282787669921501
586 0.013402259237985832
587 0.013785180930499713
588 0.013593720084242773
589 0.013785180930499713
590 0.013210798391728892
591 0.01263641585295807
592 0.013210798391728892
593 0.013210798391728892
594 0.013019337545471951
595 0.013402259237985832
596 0.013210798391728892
597 0.013593720084242773
598 0.013593720084242773
599 0.014359563469270534
600 0.014359563469270534
601 0.013593720084242773
602 0.013976641776756654
603 0.014551024315527475
604 0.014551024315527475
605 0.014168102623013594
606 0.014742485161784415
607 0.015125406854298296
608 0.014551024315527475
609 0.014933946008041356
610 0.014168102623013594
611 0.014742485161784415
612 0.014933946008041356
613 0.014168102623013594
614 0.014168102623013594
615 0.014742485161784415
616 0.014551024315527475
617 0.014168102623013594
618 0.013976641776756654
619 0.013785180930499713
620 0.013593720084242773
621 0.014551024315527475
622 0.014933946008041356
623 0.014742485161784415
624 0.014933946008041356
625 0.015316867700555237
626 0.015316867700555237
627 0.014359563469270534
628 0.01282787669921501
629 0.01263641585295807
630 0.013402259237985832
631 0.013402259237985832
632 0.013210798391728892
633 0.01282787669921501
634 0.013402259237985832
635 0.013785180930499713
636 0.014359563469270534
637 0.014742485161784415
638 0.014742485161784415
639 0.014933946008041356
640 0.014551024315527475
641 0.014551024315527475
642 0.013976641776756654
643 0.013976641776756654
644 0.014359563469270534
645 0.015125406854298296
646 0.015125406854298296
647 0.015508328546812177
648 0.015508328546812177
649 0.015891250239326058
650 0.015125406854298296
651 0.015891250239326058
652 0.015316867700555237
653 0.014742485161784415
654 0.013976641776756654
655 0.013785180930499713
656 0.013402259237985832
657 0.013976641776756654
658 0.013402259237985832
659 0.013976641776756654
660 0.014168102623013594
661 0.014359563469270534
662 0.014168102623013594
663 0.014551024315527475
664 0.013976641776756654
665 0.014168102623013594
666 0.014742485161784415
667 0.014168102623013594
668 0.014359563469270534
669 0.014359563469270534
670 0.014359563469270534
671 0.014359563469270534
672 0.014933946008041356
673 0.014168102623013594
674 0.014551024315527475
675 0.015508328546812177
676 0.015891250239326058
677 0.015699789393069118
678 0.015699789393069118
679 0.016082711085583
680 0.016082711085583
681 0.01627417193183994
682 0.015699789393069118
683 0.016082711085583
684 0.01627417193183994
685 0.016082711085583
686 0.016082711085583
687 0.01627417193183994
688 0.016082711085583
689 0.015699789393069118
690 0.015125406854298296
691 0.014359563469270534
692 0.013976641776756654
693 0.013402259237985832
694 0.013593720084242773
695 0.013593720084242773
696 0.013593720084242773
697 0.013593720084242773
698 0.014359563469270534
699 0.014359563469270534
700 0.014551024315527475
