1 0.0005743825387708214
2 0.0011487650775416428
3 0.0017231476163124641
4 0.003254834386367988
5 0.0047865211564235115
6 0.007466973004020678
7 0.009381581466590082
8 0.009764503159103963
9 0.01263641585295807
10 0.014551024315527475
11 0.01665709362435382
12 0.018763162933180165
13 0.021826536473291212
14 0.02450698832088838
15 0.026995979322228605
16 0.030442274554853533
17 0.03197396132490905
18 0.03446295232624928
19 0.03790924755887421
20 0.040206777713957496
21 0.04269576871529772
22 0.044035994639096306
23 0.04709936817920735
24 0.04939689833429064
25 0.05131150679686004
26 0.05226881102814474
27 0.052460271874401686
28 0.05514072372199885
29 0.05935286233965154
30 0.061841853340991765
31 0.06586253111238752
32 0.06835152211372775
33 0.07237219988512349
34 0.07390388665517901
35 0.0752441125789776
36 0.07849894696534558
37 0.08098793796668581
38 0.08175378135171357
39 0.08290254642925522
40 0.08558299827685238
41 0.08864637181696343
42 0.09075244112578977
43 0.09477311889718552
44 0.09649626651349799
45 0.09860233582232433
46 0.10281447443997703
47 0.10511200459506032
48 0.10836683898142829
49 0.10894122152019912
50 0.10970706490522689
51 0.11104729082902547
52 0.11277043844533793
53 0.11334482098410875
54 0.1164081945242198
55 0.11698257706299062
56 0.1183228029867892
57 0.12004595060310166
58 0.12119471568064331
59 0.12330078498946966
60 0.12291786329695577
61 0.12368370668198353
62 0.12578977599080987
63 0.13000191460846258
64 0.1305762971472334
65 0.13363967068734445
66 0.13746888761248324
67 0.13785180930499713
68 0.13919203522879572
69 0.13957495692130958
70 0.1428297913076776
71 0.1443614780777331
72 0.14685046907907334
73 0.15125406854298296
74 0.15546620716063564
75 0.15508328546812178
76 0.15718935477694812
77 0.15986980662454528
78 0.1614014933946008
79 0.16484778862722574
80 0.16905992724487842
81 0.16810262301359372
82 0.17174037909247558
83 0.173654987555045
84 0.17576105686387133
85 0.17614397855638522
86 0.17518667432510052
87 0.17959027378901016
88 0.18322802986789202
89 0.18897185525560023
90 0.18801455102431552
91 0.1887803944093433
92 0.18992915948688494
93 0.19280107218073905
94 0.1945242197970515
95 0.19758759333716255
96 0.19911928010721808
97 0.20467164464866935
98 0.20620333141872488
99 0.20830940072755122
100 0.20562894887995406
101 0.21079839172889145
102 0.2182653647329121
103 0.22037143404173845
104 0.2243921118131342
105 0.2276469461995022
106 0.22898717212330078
107 0.22975301550832855
108 0.23339077158721042
109 0.2385602144361478
110 0.2372199885123492
111 0.24258089220754356
112 0.2437296572850852
113 0.24909056098027954
114 0.24832471759525176
115 0.24794179590273788
116 0.25004786521156425
117 0.2536856212904461
118 0.25674899483055713
119 0.25962090752441125
120 0.26325866360329314
121 0.26574765460463334
122 0.266896419682175
123 0.2680451847597166
124 0.2714914799923416
125 0.2741719318399387
126 0.27474631437870956
127 0.2730231667623971
128 0.2753206969174804
129 0.2741719318399387
130 0.2785755313038484
131 0.28087306145893165
132 0.2820218265364733
133 0.2877656519241815
134 0.2937009381581467
135 0.29791307677579937
136 0.29676431169825773
137 0.3013593720084243
138 0.3061458931648478
139 0.31016657093624356
140 0.3113153360137852
141 0.3113153360137852
142 0.3132299444763546
143 0.31074095347501435
144 0.31208117939881297
145 0.31361286616886846
146 0.3095921883974727
147 0.31361286616886846
148 0.3193566915565767
149 0.3174420830940073
150 0.3193566915565767
151 0.32395175186674324
152 0.32165422171165997
153 0.3235688301742294
154 0.32433467355925716
155 0.32663220371434043
156 0.331227264024507
157 0.33295041164081945
158 0.3327589507945625
159 0.33295041164081945
160 0.33582232433467357
161 0.3340991767183611
162 0.33486502010338887
163 0.33620524602718743
164 0.3350564809496458
165 0.33486502010338887
166 0.3392686195672985
167 0.34175761056863874
168 0.337736932797243
169 0.3386942370285277
170 0.3402259237985832
171 0.3448209841087498
172 0.34673559257131914
173 0.3499904269576872
174 0.3517135745739996
175 0.3524794179590274
176 0.3517135745739996
177 0.3507562703427149
178 0.3501818878039441
179 0.3530538004977982
180 0.3580317825004787
181 0.35841470419299254
182 0.3582232433467356
183 0.3580317825004787
184 0.3630097645031591
185 0.3658816771970132
186 0.36549875550449934
187 0.3676048248133257
188 0.36741336396706875
189 0.36990235496840895
190 0.3704767375071798
191 0.3712425808922075
192 0.3704767375071798
193 0.3704767375071798
194 0.3737315718935478
195 0.37545471950986026
196 0.379283936434999
197 0.38043270151254066
198 0.379475397281256
199 0.38024124066628373
200 0.3846448401301934
201 0.38675090943901974
202 0.38923990044035994
203 0.3903886655179016
204 0.3907715872104155
205 0.39211181313421406
206 0.39479226498181125
207 0.39728125598315145
208 0.39996170783074864
209 0.3965154125981237
210 0.40149339460080413
211 0.40111047290829027
212 0.405131150679686
213 0.40436530729465825
214 0.40876890675856786
215 0.40723721998851237
216 0.4089603676048248
217 0.4093432892973387
218 0.41106643691365113
219 0.411640819452422
220 0.4131725062224775
221 0.4145127321462761
222 0.41585295807007466
223 0.4187248707639288
224 0.4217882443040398
225 0.42140532261152597
226 0.42197970515029676
227 0.4260003829216925
228 0.4248516178441509
229 0.427723530538005
230 0.4304039823856021
231 0.43136128661688683
232 0.43174420830940075
233 0.43519050354202565
234 0.43346735592571317
235 0.43614780777331036
236 0.4374880336971089
237 0.43614780777331036
238 0.44418916331610186
239 0.44495500670112964
240 0.4472525368562129
241 0.4495500670112962
242 0.4497415278575531
243 0.4482098410874976
244 0.44514646754738657
245 0.4524219797051503
246 0.45280490139766416
247 0.4491671453187823
248 0.44935860616503925
249 0.4495500670112962
250 0.4524219797051503
251 0.45701704001531684
252 0.45739996170783076
253 0.45605973578403214
254 0.4541451273214628
255 0.45357074478269194
256 0.45089029293509475
257 0.45452804901397664
258 0.45452804901397664
259 0.46161210032548344
260 0.4671644648669347
261 0.4673559257131917
262 0.469461995022018
263 0.47539728125598313
264 0.47750335056480947
265 0.4826727934137469
266 0.4817154891824622
267 0.47922649818112195
268 0.4803752632586636
269 0.47826919394983725
270 0.47539728125598313
271 0.4769289680260387
272 0.47731188971855254
273 0.47922649818112195
274 0.4840130193375455
275 0.4832471759525177
276 0.48726785372391346
277 0.492054374880337
278 0.4903312272640245
279 0.49243729657285085
280 0.49416044418916333
281 0.49779820026804517
282 0.49588359180547575
283 0.49511774842044803
284 0.4945433658816772
285 0.492054374880337
286 0.49530920926670496
287 0.5022017997319548
288 0.504499329887038
289 0.5071797817346353
290 0.5066053991958644
291 0.504499329887038
292 0.5054566341183228
293 0.5066053991958644
294 0.5100516944284894
295 0.5121577637373157
296 0.5121577637373157
297 0.514646754738656
298 0.5119663028910588
299 0.514455293892399
300 0.5123492245835727
301 0.5140723721998851
302 0.517710128278767
303 0.524219797051503
304 0.5211564235113919
305 0.5205820409726211
306 0.5211564235113919
307 0.5226881102814475
308 0.5236454145127322
309 0.5251771012827877
310 0.5265173272065863
311 0.5246027187440169
312 0.5234539536664752
313 0.5203905801263642
314 0.5211564235113919
315 0.5251771012827877
316 0.5339843002106069
317 0.5328355351330653
318 0.5355159869806625
319 0.5345586827493778
320 0.5395366647520582
321 0.5380049779820026
322 0.5391537430595443
323 0.5420256557533984
324 0.5443231859084817
325 0.5445146467547387
326 0.5418341949071415
327 0.5481524028336205
328 0.546812176909822
329 0.5427914991384262
330 0.546429255217308
331 0.5441317250622247
332 0.5418341949071415
333 0.5439402642159679
334 0.5445146467547387
335 0.5439402642159679
336 0.5448975684472526
337 0.5454719509860234
338 0.5485353245261344
339 0.5548535324526135
340 0.5571510626076968
341 0.5590656710702662
342 0.5554279149913842
343 0.5550449932988704
344 0.5577254451464676
345 0.5648094964579743
346 0.566149722381773
347 0.5619375837641203
348 0.5621290446103772
349 0.5579169059927245
350 0.5546620716063565
351 0.5567681409151829
352 0.55944859276278
353 0.5579169059927245
354 0.5617461229178633
355 0.5646180356117174
356 0.5632778096879189
357 0.5638521922266897
358 0.5669155657668007
359 0.5663411832280298
360 0.569404556768141
361 0.5707447826919395
362 0.5711277043844534
363 0.5682557916905993
364 0.5743825387708213
365 0.5780202948497032
366 0.5743825387708213
367 0.5829982768523837
368 0.5881677197013211
369 0.5883591805475781
370 0.5868274937775225
371 0.5860616503924947
372 0.5874018763162934
373 0.5921883974727168
374 0.5923798583189738
375 0.5912310932414321
376 0.5950603101665709
377 0.594677388474057
378 0.6002297530155083
379 0.6042504307869041
380 0.6034845874018763
381 0.604633352479418
382 0.6040589699406471
383 0.6017614397855638
384 0.6038675090943902
385 0.6021443614780777
386 0.6004212138617653
387 0.5958261535515987
388 0.5939115450890293
389 0.5933371625502585
390 0.5914225540876891
391 0.5956346927053418
392 0.5983151445529389
393 0.597932222860425
394 0.5973578403216542
395 0.6036760482481333
396 0.6086540302508137
397 0.6065479609419874
398 0.6105686387133831
399 0.6021443614780777
400 0.6080796477120429
401 0.6084625694045568
402 0.6090369519433276
403 0.6084625694045568
404 0.6082711085582998
405 0.6075052651732721
406 0.610951560405897
407 0.6101857170208692
408 0.6103771778671262
409 0.6117174037909248
410 0.6121003254834386
411 0.6178441508711469
412 0.620524602718744
413 0.623970897951369
414 0.6218648286425426
415 0.6224392111813134
416 0.6180356117174038
417 0.6258855064139384
418 0.6299061841853341
419 0.6308634884166188
420 0.6308634884166188
421 0.6289488799540494
422 0.6247367413363967
423 0.6272257323377369
424 0.6276086540302508
425 0.6274171931839939
426 0.6352670878805284
427 0.6306720275703619
428 0.6299061841853341
429 0.6310549492628758
430 0.6375646180356117
431 0.6362243921118131
432 0.633161018571702
433 0.6285659582615355
434 0.6312464101091326
435 0.6291403408003063
436 0.6293318016465633
437 0.6285659582615355
438 0.6304805667241049
439 0.6253111238751675
440 0.6218648286425426
441 0.6222477503350565
442 0.6245452804901398
443 0.6283744974152786
444 0.6356500095730423
445 0.6293318016465633
446 0.6268428106452231
447 0.6281830365690216
448 0.633161018571702
449 0.6346927053417576
450 0.6387133831131534
451 0.6413938349607505
452 0.636607313804327
453 0.6406279915757228
454 0.6438828259620908
455 0.6452230518858894
456 0.6480949645797435
457 0.6547960941987364
458 0.6532644074286809
459 0.6511583381198545
460 0.6452230518858894
461 0.6440742868083477
462 0.6410109132682367
463 0.6402450698832088
464 0.6448401301933755
465 0.6423511391920352
466 0.6477120428872296
467 0.6477120428872296
468 0.6503924947348267
469 0.6507754164273406
470 0.6488608079647712
471 0.6484778862722573
472 0.6477120428872296
473 0.6429255217308061
474 0.6477120428872296
475 0.6454145127321462
476 0.6505839555810836
477 0.6551790158912503
478 0.6563277809687919
479 0.65269002488991
480 0.6578594677388474
481 0.6569021635075627
482 0.6603484587401877
483 0.6639862148190695
484 0.6590082328163891
485 0.6613057629714724
486 0.6599655370476738
487 0.6613057629714724
488 0.6620716063565001
489 0.6643691365115834
490 0.6681983534367222
491 0.6653264407428681
492 0.6626459888952709
493 0.6611143021252154
494 0.6547960941987364
495 0.6567107026613057
496 0.6511583381198545
497 0.6544131725062224
498 0.6511583381198545
499 0.6523071031973962
500 0.6565192418150488
501 0.6616886846639862
502 0.6618801455102431
503 0.6639862148190695
504 0.6595826153551598
505 0.6643691365115834
506 0.6584338502776182
507 0.6578594677388474
508 0.6580509285851044
509 0.6555619375837641
510 0.659199693662646
511 0.6590082328163891
512 0.6601569978939307
513 0.6597740762014168
514 0.6582423894313613
515 0.6611143021252154
516 0.6630289105877848
517 0.6549875550449933
518 0.6572850852000766
519 0.6574765460463335
520 0.6597740762014168
521 0.6597740762014168
522 0.6603484587401877
523 0.6616886846639862
524 0.659391154508903
525 0.6622630672027571
526 0.668772735975493
527 0.6731763354394027
528 0.6766226306720275
529 0.6764311698257707
530 0.6726019529006318
531 0.6680068925904652
532 0.672027570361861
533 0.672219031208118
534 0.675473865594486
535 0.6773884740570554
536 0.6712617269768333
537 0.6737507179781734
538 0.6743251005169443
539 0.6745165613632013
540 0.6766226306720275
541 0.6745165613632013
542 0.6758567872869998
543 0.6793030825196248
544 0.6775799349033123
545 0.6712617269768333
546 0.6714531878230902
547 0.6739421788244304
548 0.6660922841278959
549 0.6693471185142639
550 0.675090943901972
551 0.6691556576680069
552 0.6628374497415278
553 0.6647520582040972
554 0.6664752058204098
555 0.6704958835918055
556 0.6735592571319166
557 0.6739421788244304
558 0.6741336396706873
559 0.6747080222094581
560 0.6704958835918055
561 0.6699215010530346
562 0.6668581275129236
563 0.6716446486693471
564 0.6680068925904652
565 0.6657093624353819
566 0.6626459888952709
567 0.6645605973578403
568 0.6613057629714724
569 0.659391154508903
570 0.6544131725062224
571 0.656136320122535
572 0.6595826153551598
573 0.665517901589125
574 0.6626459888952709
575 0.659391154508903
576 0.6597740762014168
577 0.6605399195864445
578 0.6605399195864445
579 0.6670495883591806
580 0.671836109515604
581 0.6697300402067777
582 0.6683898142829792
583 0.6691556576680069
584 0.6693471185142639
585 0.6693471185142639
586 0.6724104920543749
587 0.6747080222094581
588 0.6735592571319166
589 0.672219031208118
590 0.6743251005169443
591 0.6729848745931457
592 0.6779628565958261
593 0.675090943901972
594 0.6766226306720275
595 0.6726019529006318
596 0.6745165613632013
597 0.6727934137468887
598 0.6745165613632013
599 0.675282404748229
600 0.6724104920543749
601 0.6727934137468887
602 0.6771970132107984
603 0.6764311698257707
604 0.6804518475971664
605 0.6806433084434234
606 0.6777713957495692
607 0.6766226306720275
608 0.6777713957495692
609 0.6781543174420831
610 0.6731763354394027
611 0.6741336396706873
612 0.6779628565958261
613 0.6798774650583955
614 0.6804518475971664
615 0.684855447061076
616 0.6844725253685622
617 0.6806433084434234
618 0.6831322994447635
619 0.6875358989086732
620 0.6909821941412981
621 0.691173654987555
622 0.6867700555236455
623 0.6833237602910205
624 0.6798774650583955
625 0.6854298295998469
626 0.684855447061076
627 0.6804518475971664
628 0.6794945433658817
629 0.6766226306720275
630 0.6835152211372775
631 0.6816006126747081
632 0.6858127512923607
633 0.6844725253685622
634 0.6890675856787287
635 0.6854298295998469
636 0.688110281447444
637 0.6894505073712426
638 0.691365115833812
639 0.6863871338311315
640 0.6875358989086732
641 0.6865785946773885
642 0.6883017422937009
643 0.6886846639862149
644 0.6873444380624162
645 0.6917480375263259
646 0.691556576680069
647 0.691365115833812
648 0.6884932031399579
649 0.6844725253685622
650 0.6804518475971664
651 0.6823664560597358
652 0.6860042121386176
653 0.6863871338311315
654 0.6890675856787287
655 0.6896419682174996
656 0.6905992724487843
657 0.6940455676814091
658 0.6932797242963814
659 0.6921309592188397
660 0.6898334290637564
661 0.6942370285276661
662 0.6932797242963814
663 0.6921309592188397
664 0.6951943327589508
665 0.694428489373923
666 0.6917480375263259
667 0.6898334290637564
668 0.6840896036760482
669 0.6829408385985066
670 0.6869615163699023
671 0.6814091518284511
672 0.6865785946773885
673 0.6816006126747081
674 0.6814091518284511
675 0.6842810645223052
676 0.6827493777522496
677 0.6863871338311315
678 0.6927053417576106
679 0.6938541068351523
680 0.6932797242963814
681 0.6917480375263259
682 0.6950028719126938
683 0.6927053417576106
684 0.6873444380624162
685 0.6905992724487843
686 0.6883017422937009
687 0.6896419682174996
688 0.694811411066437
689 0.6965345586827494
690 0.6894505073712426
691 0.6869615163699023
692 0.6856212904461038
693 0.6858127512923607
694 0.6919394983725828
695 0.6934711851426383
696 0.6936626459888953
697 0.694428489373923
698 0.6980662454528049
699 0.6984491671453188
700 0.6936626459888953
