1 0.0005743825387708214
2 0.0009573042312847023
3 0.0013402259237985832
4 0.0015316867700555237
5 0.0015316867700555237
6 0.0017231476163124641
7 0.0022975301550832855
8 0.002488991001340226
9 0.002871912693854107
10 0.0034462952326249283
11 0.0036377560788818687
12 0.00402067777139575
13 0.005169442848937392
14 0.005743825387708214
15 0.007466973004020678
16 0.009573042312847023
17 0.011870572467930308
18 0.01244495500670113
19 0.013593720084242773
20 0.015891250239326058
21 0.01646563277809688
22 0.019337545471950986
23 0.022975301550832855
24 0.026230135937200843
25 0.027953283553513307
26 0.02929350947731189
27 0.02929350947731189
28 0.03159103963239517
29 0.033122726402450696
30 0.035228795711277044
31 0.03810070840513115
32 0.03924947348267279
33 0.04135554279149914
34 0.045376220562894885
35 0.048248133256748996
36 0.05092858510434616
37 0.054183419490714146
38 0.056672410492054376
39 0.058012636415852956
40 0.058395558108366837
41 0.060118705724679304
42 0.06260769672601953
43 0.06375646180356118
44 0.064330844342332
45 0.06777713957495692
46 0.07122343480758185
47 0.07332950411640819
48 0.07639287765651924
49 0.07983917288914417
50 0.0832854681217691
51 0.0861573808156232
52 0.09017805858701895
53 0.09190120620333142
54 0.09534750143595634
55 0.09802795328355352
56 0.10089986597740762
57 0.10396323951751867
58 0.1064522305188589
59 0.10874976067394218
60 0.11277043844533793
61 0.11334482098410875
62 0.11564235113919204
63 0.11659965537047674
64 0.11774842044801838
65 0.12081179398812943
66 0.12406662837449742
67 0.12617269768332376
68 0.12981045376220562
69 0.13249090560980278
70 0.13363967068734445
71 0.13746888761248324
72 0.13785180930499713
73 0.13995787861382347
74 0.13976641776756654
75 0.1411066436913651
76 0.14417001723147616
77 0.14417001723147616
78 0.14646754738655945
79 0.15010530346544132
80 0.15316867700555237
81 0.15489182462186482
82 0.15680643308443423
83 0.15814665900823283
84 0.1594868849320314
85 0.1627417193183994
86 0.16159295424085773
87 0.16350756270342715
88 0.16867700555236453
89 0.1694428489373923
90 0.1742293700938158
91 0.17748420448018382
92 0.1755695960176144
93 0.1797817346352671
94 0.18380241240666284
95 0.1855255600229753
96 0.18763162933180164
97 0.1878230901780586
98 0.18514263833046143
99 0.18763162933180164
100 0.19184376794945435
101 0.1931839938732529
102 0.1949071414895654
103 0.19758759333716255
104 0.19950220179973197
105 0.20371434041738465
106 0.2086923224200651
107 0.2044801838024124
108 0.2067777139574957
109 0.20428872295615547
110 0.2035228795711277
111 0.20467164464866935
112 0.20428872295615547
113 0.20601187057246792
114 0.2077350181887804
115 0.21213861765269001
116 0.21979705150296763
117 0.22324334673559257
118 0.22113727742676623
119 0.22305188588933564
120 0.22592379858318973
121 0.2276469461995022
122 0.2266896419682175
123 0.23109324143212712
124 0.231476163124641
125 0.23262492820218264
126 0.23013593720084244
127 0.234730997511009
128 0.23683706681983535
129 0.24066628374497415
130 0.24487842236262683
131 0.24755887421022402
132 0.2460271874401685
133 0.24870763928776565
134 0.25291977790541836
135 0.25540876890675857
136 0.25387708213670307
137 0.2556002297530155
138 0.25713191652307105
139 0.2594294466781543
140 0.260386750909439
141 0.2628757419107792
142 0.26383304614206393
143 0.26479035037334864
144 0.26574765460463334
145 0.27130001914608465
146 0.273406088454911
147 0.2778096879188206
148 0.28087306145893165
149 0.2802986789201608
150 0.27991575722764694
151 0.2848937392303274
152 0.2871912693854107
153 0.29082902546429257
154 0.2944667815431744
155 0.299061841853341
156 0.29676431169825773
157 0.3013593720084243
158 0.3019337545471951
159 0.30040206777713957
160 0.2998276852383688
161 0.3009764503159104
162 0.3042312847022784
163 0.30786904078116023
164 0.30997511008998657
165 0.31342140532261153
166 0.3138043270151254
167 0.3128470227838407
168 0.3174420830940073
169 0.31954815240283363
170 0.318399387325292
171 0.3203139957878614
172 0.3228029867892016
173 0.32299444763545854
174 0.32337736932797245
175 0.324717595251771
176 0.3270151254068543
177 0.32778096879188207
178 0.3335247941795903
179 0.33371625502584723
180 0.33448209841087495
181 0.3386942370285277
182 0.3394600804135554
183 0.3411832280298679
184 0.3411832280298679
185 0.3411832280298679
186 0.34328929733869423
187 0.34328929733869423
188 0.3453953666475206
189 0.34616121003254835
190 0.35286233965154123
191 0.3553513306528815
192 0.35937200842427725
193 0.36128661688684666
194 0.3651158338119854
195 0.3649243729657285
196 0.36358414704192993
197 0.36090369519433274
198 0.36320122534941607
199 0.36645605973578405
200 0.3668389814282979
201 0.3676048248133257
202 0.3677962856595826
203 0.3672219031208118
204 0.37181696343097836
205 0.3704767375071798
206 0.3746888761248325
207 0.3758376412023741
208 0.37698640627991575
209 0.37985831897376987
210 0.379475397281256
211 0.3861765269002489
212 0.3878996745165614
213 0.3900057438253877
214 0.389048439594103
215 0.39192035228795713
216 0.39383496075052654
217 0.3965154125981237
218 0.39881294275320694
219 0.40168485544706106
220 0.4028336205246027
221 0.40168485544706106
222 0.40111047290829027
223 0.405131150679686
224 0.40876890675856786
225 0.4118322802986789
226 0.41432127130001917
227 0.4154700363775608
228 0.41661880145510244
229 0.4137468887612483
230 0.41144935860616505
231 0.41298104537622055
232 0.41202374114493584
233 0.4137468887612483
234 0.4141298104537622
235 0.41566149722381773
236 0.41681026230135937
237 0.4187248707639288
238 0.4217882443040398
239 0.4267662263067203
240 0.42810645223051885
241 0.4235113919203523
242 0.4258089220754356
243 0.4269576871529772
244 0.4282979130767758
245 0.42810645223051885
246 0.4305954432318591
247 0.4279149913842619
248 0.42523453953666474
249 0.4273406088454911
250 0.4267662263067203
251 0.4267662263067203
252 0.4302125215393452
253 0.4321271300019146
254 0.43595634692705343
255 0.4367221903120812
256 0.4367221903120812
257 0.4349990426957687
258 0.4353819643882826
259 0.434041738464484
260 0.4363392686195673
261 0.4367221903120812
262 0.44055140723721997
263 0.4420830940072755
264 0.4461037717786713
265 0.4476354585487268
266 0.45031591039632396
267 0.4443806241623588
268 0.44476354585487266
269 0.44840130193375455
270 0.4497415278575531
271 0.45031591039632396
272 0.4558682749377752
273 0.4568255791690599
274 0.45969749186291403
275 0.4623779437105112
276 0.46448401301933756
277 0.46505839555810835
278 0.4671644648669347
279 0.4652498564043653
280 0.46544131725062227
281 0.46601569978939306
282 0.4675473865594486
283 0.469461995022018
284 0.4673559257131917
285 0.46620716063565
286 0.4698449167145319
287 0.475971663794754
288 0.47922649818112195
289 0.475971663794754
290 0.47731188971855254
291 0.48114110664369136
292 0.48094964579743443
293 0.482289871721233
294 0.4861190886463718
295 0.49052268811028144
296 0.49090560980279535
297 0.4910970706490523
298 0.4949262875741911
299 0.4884166188014551
300 0.48994830557151064
301 0.49186291403408006
302 0.49167145318782307
303 0.49703235688301745
304 0.5014359563469271
305 0.5033505648094965
306 0.5023932605782118
307 0.49952134788435765
308 0.5014359563469271
309 0.5033505648094965
310 0.5027761822707256
311 0.5014359563469271
312 0.5062224775033506
313 0.5092858510434616
314 0.5085200076584339
315 0.511200459506031
316 0.5150296764311698
317 0.5182845108175378
318 0.5163699023549684
319 0.5129236071223435
320 0.5127321462760865
321 0.5136894505073712
322 0.5106260769672601
323 0.5180930499712809
324 0.5196247367413364
325 0.5188588933563086
326 0.5188588933563086
327 0.5249856404365307
328 0.5232624928202183
329 0.5234539536664752
330 0.5211564235113919
331 0.5276660922841279
332 0.5301550832854681
333 0.5295807007466973
334 0.5301550832854681
335 0.5313038483630098
336 0.5357074478269194
337 0.5374305954432319
338 0.53379283936435
339 0.5364732912119472
340 0.5357074478269194
341 0.5345586827493778
342 0.5383878996745166
343 0.54317442083094
344 0.5391537430595443
345 0.5427914991384262
346 0.5420256557533984
347 0.5391537430595443
348 0.5404939689833429
349 0.5412598123683706
350 0.5404939689833429
351 0.5391537430595443
352 0.546429255217308
353 0.5471950986023358
354 0.5485353245261344
355 0.5504499329887038
356 0.549875550449933
357 0.5529389239900441
358 0.5521730806050162
359 0.5546620716063565
360 0.5548535324526135
361 0.553130384836301
362 0.5538962282213288
363 0.5556193758376412
364 0.5567681409151829
365 0.55944859276278
366 0.5640436530729466
367 0.5682557916905993
368 0.565766800689259
369 0.5688301742293701
370 0.5734252345395366
371 0.578594677388474
372 0.5759142255408769
373 0.575531303848363
374 0.5799349033122726
375 0.5776373731571893
376 0.5810836683898143
377 0.5801263641585296
378 0.582232433467356
379 0.5868274937775225
380 0.585487267853724
381 0.5831897376986406
382 0.585487267853724
383 0.5856787286999808
384 0.5866360329312655
385 0.5835726593911545
386 0.5826153551598698
387 0.5858701895462378
388 0.582040972621099
389 0.585295807007467
390 0.5835726593911545
391 0.5831897376986406
392 0.578594677388474
393 0.5810836683898143
394 0.5831897376986406
395 0.5874018763162934
396 0.5870189546237794
397 0.5845299636224393
398 0.5843385027761823
399 0.5858701895462378
400 0.5862531112387517
401 0.5879762588550641
402 0.5933371625502585
403 0.5868274937775225
404 0.5914225540876891
405 0.5935286233965155
406 0.5971663794753973
407 0.5985066053991959
408 0.5952517710128279
409 0.5954432318590848
410 0.5925713191652308
411 0.5939115450890293
412 0.588550641393835
413 0.5927627800114876
414 0.5950603101665709
415 0.5879762588550641
416 0.5933371625502585
417 0.5950603101665709
418 0.5986980662454529
419 0.6038675090943902
420 0.5994639096304806
421 0.6002297530155083
422 0.5992724487842236
423 0.6027187440168486
424 0.604633352479418
425 0.6082711085582998
426 0.6075052651732721
427 0.6086540302508137
428 0.6071223434807582
429 0.6117174037909248
430 0.6124832471759525
431 0.6101857170208692
432 0.6134405514072372
433 0.6130576297147233
434 0.6121003254834386
435 0.6199502201799731
436 0.623779437105112
437 0.6268428106452231
438 0.6278001148765078
439 0.6287574191077925
440 0.6281830365690216
441 0.6278001148765078
442 0.6387133831131534
443 0.6396706873444381
444 0.6390963048056673
445 0.6394792264981811
446 0.6369902354968409
447 0.6369902354968409
448 0.6379475397281256
449 0.636607313804327
450 0.6404365307294658
451 0.6427340608845491
452 0.643116982577063
453 0.6417767566532644
454 0.6440742868083477
455 0.6467547386559449
456 0.6505839555810836
457 0.6530729465824239
458 0.6570936243538197
459 0.6553704767375071
460 0.6511583381198545
461 0.6507754164273406
462 0.6572850852000766
463 0.6588167719701321
464 0.6614972238177292
465 0.6616886846639862
466 0.6639862148190695
467 0.6540302508137086
468 0.652881485736167
469 0.65269002488991
470 0.6479035037334865
471 0.6498181121960559
472 0.6475205820409726
473 0.6475205820409726
474 0.6448401301933755
475 0.6442657476546046
476 0.6496266513497989
477 0.652881485736167
478 0.649435190503542
479 0.6534558682749377
480 0.6456059735784032
481 0.6402450698832088
482 0.6419682174995214
483 0.6446486693471185
484 0.6404365307294658
485 0.6442657476546046
486 0.6450315910396324
487 0.6505839555810836
488 0.65269002488991
489 0.6549875550449933
490 0.6567107026613057
491 0.6547960941987364
492 0.6582423894313613
493 0.6507754164273406
494 0.6563277809687919
495 0.6643691365115834
496 0.6641776756653265
497 0.6657093624353819
498 0.6672410492054375
499 0.6670495883591806
500 0.6676239708979513
501 0.6699215010530346
502 0.6670495883591806
503 0.6695385793605207
504 0.6639862148190695
505 0.6662837449741528
506 0.6716446486693471
507 0.6712617269768333
508 0.6649435190503542
509 0.6706873444380624
510 0.6660922841278959
511 0.6637947539728125
512 0.6678154317442083
513 0.6659008232816389
514 0.6622630672027571
515 0.6626459888952709
516 0.6636032931265556
517 0.6574765460463335
518 0.662454528049014
519 0.6641776756653265
520 0.6607313804327015
521 0.659199693662646
522 0.6572850852000766
523 0.6668581275129236
524 0.6697300402067777
525 0.6706873444380624
526 0.671836109515604
527 0.675090943901972
528 0.6777713957495692
529 0.6861956729848746
530 0.6800689259046525
531 0.6775799349033123
532 0.6783457782883401
533 0.6789201608271108
534 0.6789201608271108
535 0.6781543174420831
536 0.6800689259046525
537 0.678537239134597
538 0.675090943901972
539 0.675282404748229
540 0.6762397089795137
541 0.6681983534367222
542 0.6649435190503542
543 0.6695385793605207
544 0.6672410492054375
545 0.6733677962856596
546 0.6735592571319166
547 0.6630289105877848
548 0.6603484587401877
549 0.6674325100516945
550 0.6695385793605207
551 0.6634118322802987
552 0.668581275129236
553 0.6659008232816389
554 0.6683898142829792
555 0.665517901589125
556 0.6672410492054375
557 0.6666666666666666
558 0.6664752058204098
559 0.665517901589125
560 0.672219031208118
561 0.672027570361861
562 0.6762397089795137
563 0.6798774650583955
564 0.6793030825196248
565 0.6804518475971664
566 0.678537239134597
567 0.6789201608271108
568 0.6783457782883401
569 0.6802603867509094
570 0.6806433084434234
571 0.6810262301359372
572 0.6806433084434234
573 0.6842810645223052
574 0.6837066819835343
575 0.6838981428297913
576 0.6812176909821941
577 0.6821749952134788
578 0.6810262301359372
579 0.678728699980854
580 0.684663986214819
581 0.6877273597549302
582 0.6833237602910205
583 0.6850469079073329
584 0.6928968026038675
585 0.6919394983725828
586 0.6925138809113536
587 0.6867700555236455
588 0.688110281447444
589 0.6886846639862149
590 0.6884932031399579
591 0.6854298295998469
592 0.6865785946773885
593 0.6883017422937009
594 0.6902163507562703
595 0.6835152211372775
596 0.6856212904461038
597 0.6837066819835343
598 0.6865785946773885
599 0.6810262301359372
600 0.6825579169059928
601 0.684663986214819
602 0.6831322994447635
603 0.6852383687535899
604 0.6892590465249856
605 0.6905992724487843
606 0.697874784606548
607 0.6930882634501244
608 0.6953857936052077
609 0.691365115833812
610 0.69461995022018
611 0.6930882634501244
612 0.688110281447444
613 0.6898334290637564
614 0.6980662454528049
615 0.6976833237602911
616 0.7022783840704576
617 0.704192992533027
618 0.697874784606548
619 0.7013210798391729
620 0.6965345586827494
621 0.694811411066437
622 0.7005552364541451
623 0.6955772544514647
624 0.694428489373923
625 0.6928968026038675
626 0.6934711851426383
627 0.7028527666092285
628 0.6988320888378327
629 0.6980662454528049
630 0.6992150105303465
631 0.6950028719126938
632 0.694811411066437
633 0.7018954623779438
634 0.7001723147616312
635 0.6969174803752632
636 0.7015125406854298
637 0.6980662454528049
638 0.7024698449167145
639 0.7030442274554853
640 0.70400153168677
641 0.7062990618418533
642 0.7133831131533601
643 0.7156806433084434
644 0.7124258089220754
645 0.7070649052268811
646 0.7007466973004021
647 0.7013210798391729
648 0.7036186099942562
649 0.7018954623779438
650 0.7034271491479992
651 0.6990235496840896
652 0.7051502967643117
653 0.7059161401493395
654 0.7047673750717978
655 0.7062990618418533
656 0.7087880528431936
657 0.7070649052268811
658 0.7049588359180547
659 0.7059161401493395
660 0.7082136703044227
661 0.7085965919969366
662 0.7011296189929159
663 0.7068734443806242
664 0.704192992533027
665 0.7028527666092285
666 0.6999808539153743
667 0.7001723147616312
668 0.6997893930691174
669 0.6974918629140341
670 0.69461995022018
671 0.6934711851426383
672 0.6884932031399579
673 0.6856212904461038
674 0.6854298295998469
675 0.6837066819835343
676 0.6814091518284511
677 0.6833237602910205
678 0.687918820601187
679 0.6877273597549302
680 0.691173654987555
681 0.684855447061076
682 0.6852383687535899
683 0.684855447061076
684 0.6852383687535899
685 0.6838981428297913
686 0.6871529772161593
687 0.6867700555236455
688 0.6865785946773885
689 0.6865785946773885
690 0.6838981428297913
691 0.6842810645223052
692 0.6883017422937009
693 0.6831322994447635
694 0.6900248899100134
695 0.6928968026038675
696 0.6900248899100134
697 0.6894505073712426
698 0.6965345586827494
699 0.6971089412215202
700 0.6940455676814091
