1 0.0005743825387708214
2 0.0007658433850277618
3 0.0009573042312847023
4 0.0009573042312847023
5 0.0013402259237985832
6 0.0013402259237985832
7 0.002488991001340226
8 0.0034462952326249283
9 0.0044035994639096306
10 0.005552364541451273
11 0.006126747080222095
12 0.0072755121577637374
13 0.009381581466590082
14 0.010530346544131725
15 0.011296189929159487
16 0.013019337545471951
17 0.015508328546812177
18 0.01684855447061076
19 0.017805858701895463
20 0.019720467164464867
21 0.022017997319548153
22 0.023166762397089796
23 0.0250813708596592
24 0.026038675090943902
25 0.026804518475971664
26 0.028144744399770247
27 0.02986789201608271
28 0.03159103963239517
29 0.03427149147999234
30 0.03618609994256174
31 0.03848363009764503
32 0.04269576871529772
33 0.044418916331610186
34 0.047865211564235115
35 0.047482289871721234
36 0.049971280873061456
37 0.04901397664177676
38 0.0501627417193184
39 0.05150296764311698
40 0.053417576105686385
41 0.05533218456825579
42 0.05552364541451273
43 0.056289488799540495
44 0.05743825387708214
45 0.06260769672601953
46 0.0652881485736167
47 0.06624545280490139
48 0.07160635650009572
49 0.0752441125789776
50 0.07792456442657476
51 0.08041355542791499
52 0.08251962473674133
53 0.08347692896802604
54 0.08520007658433851
55 0.08902929350947732
56 0.0913268236645606
57 0.09439019720467165
58 0.09630480566724105
59 0.09726210989852575
60 0.10013402259237986
61 0.1022400919012062
62 0.10415470036377561
63 0.10798391728891442
64 0.11277043844533793
65 0.11372774267662263
66 0.11449358606165039
67 0.11698257706299062
68 0.12023741144935861
69 0.12387516752824047
70 0.1292360712234348
71 0.13325674899483056
72 0.1363201225349416
73 0.14129810453762207
74 0.1443614780777331
75 0.14531878230901782
76 0.14608462569404557
77 0.14780777331035802
78 0.14914799923415661
79 0.15029676431169825
80 0.1514455293892399
81 0.15450890292935096
82 0.15489182462186482
83 0.15929542408577446
84 0.15814665900823283
85 0.16025272831705917
86 0.16331610185717021
87 0.16350756270342715
88 0.16503924947348267
89 0.16599655370476737
90 0.16829408385985067
91 0.1698257706299062
92 0.17212330078498947
93 0.1749952134788436
94 0.1749952134788436
95 0.17920735209649627
96 0.18112196055906568
97 0.18341949071414895
98 0.18820601187057248
99 0.1931839938732529
100 0.1939498372582807
101 0.19299253302699598
102 0.19529006318207925
103 0.19892781926096115
104 0.20122534941604442
105 0.19950220179973197
106 0.20084242772353053
107 0.20409726210989854
108 0.20428872295615547
109 0.2035228795711277
110 0.20409726210989854
111 0.2054374880336971
112 0.20964962665134979
113 0.21041547003637756
114 0.2115642351139192
115 0.21309592188397472
116 0.21462760865403024
117 0.21596783457782884
118 0.21788244304039825
119 0.22017997319548152
120 0.22171165996553704
121 0.22515795519816198
122 0.22745548535324525
123 0.2276469461995022
124 0.22783840704575914
125 0.2337736932797243
126 0.23453953666475205
127 0.23453953666475205
128 0.23683706681983535
129 0.24219797051502967
130 0.24487842236262683
131 0.24889910013402258
132 0.25157955198161974
133 0.25426000382921693
134 0.25540876890675857
135 0.25617461229178634
136 0.25770629906184184
137 0.26134405514072373
138 0.26383304614206393
139 0.2672793413746889
140 0.2672793413746889
141 0.2659391154508903
142 0.2682366456059736
143 0.2724487842236263
144 0.27283170591614014
145 0.2770438445337928
146 0.2812559831514455
147 0.2806816006126747
148 0.2856595826153552
149 0.28374497415278577
150 0.28604250430786904
151 0.2877656519241815
152 0.2883400344629523
153 0.2919777905418342
154 0.29331801646563277
155 0.2944667815431744
156 0.29695577254451466
157 0.3019337545471951
158 0.30308251962473676
159 0.30786904078116023
160 0.30786904078116023
161 0.30920926670495885
162 0.30825196247367415
163 0.3115067968600421
164 0.3109324143212713
165 0.3115067968600421
166 0.318399387325292
167 0.3164847788627226
168 0.3193566915565767
169 0.3180164656327781
170 0.3193566915565767
171 0.3218456825579169
172 0.32165422171165997
173 0.31725062224775036
174 0.3256748994830557
175 0.3264407428680835
176 0.3273980470993682
177 0.3254834386367988
178 0.32395175186674324
179 0.3273980470993682
180 0.3308443423319931
181 0.3333333333333333
182 0.3367796285659583
183 0.3350564809496458
184 0.33620524602718743
185 0.3402259237985832
186 0.34252345395366646
187 0.34328929733869423
188 0.3453953666475206
189 0.3465441317250622
190 0.3484587401876316
191 0.34769289680260385
192 0.35037334865020103
193 0.34788435764886083
194 0.3463526708788053
195 0.34730997511009
196 0.3519050354202566
197 0.35133065288148574
198 0.34884166188014554
199 0.353628183036569
200 0.35745739996170783
201 0.3624353819643883
202 0.36473291211947156
203 0.3662645988895271
204 0.36932797242963816
205 0.37315718935477693
206 0.37258280681600614
207 0.3775607888186866
208 0.38119854489756844
209 0.3823473099751101
210 0.3823473099751101
211 0.38253877082136706
212 0.38483630097645033
213 0.38770821367030445
214 0.38675090943901974
215 0.3896228221328738
216 0.3924947348267279
217 0.3959410300593529
218 0.3965154125981237
219 0.39632395175186674
220 0.3995787861382347
221 0.4064713766034846
222 0.4035994639096305
223 0.40532261152594296
224 0.40685429829599845
225 0.40723721998851237
226 0.4057055332184568
227 0.4047482289871721
228 0.405131150679686
229 0.408385985066054
230 0.40972621098985257
231 0.4089603676048248
232 0.4074286808347693
233 0.4076201416810262
234 0.40953475014359564
235 0.40685429829599845
236 0.40972621098985257
237 0.4103005935286234
238 0.41240666283744976
239 0.41240666283744976
240 0.4162358797625885
241 0.41815048822515793
242 0.41585295807007466
243 0.4150871146850469
244 0.4152785755313039
245 0.4189163316101857
246 0.4187248707639288
247 0.4240857744591231
248 0.42274554853532453
249 0.424468696151637
250 0.4267662263067203
251 0.42638330461420637
252 0.4279149913842619
253 0.434041738464484
254 0.43097836492437297
255 0.4305954432318591
256 0.4267662263067203
257 0.42638330461420637
258 0.4304039823856021
259 0.4296381390005744
260 0.43002106069308826
261 0.4296381390005744
262 0.42887229561554663
263 0.4296381390005744
264 0.4321271300019146
265 0.43423319931074095
266 0.43787095538962284
267 0.4407428680834769
268 0.44035994639096304
269 0.4407428680834769
270 0.44572085008615736
271 0.4482098410874976
272 0.44840130193375455
273 0.4480183802412407
274 0.4487842236262684
275 0.45223051885889337
276 0.4524219797051503
277 0.4547195098602336
278 0.4562511966302891
279 0.45548535324526135
280 0.45127321462760867
281 0.45223051885889337
282 0.4505073712425809
283 0.4531878230901781
284 0.4491671453187823
285 0.45108175378135174
286 0.4529963622439211
287 0.46084625694045567
288 0.4612291786329696
289 0.4614206394792265
290 0.46065479609419874
291 0.46218648286425423
292 0.4618035611717404
293 0.46429255217308063
294 0.46544131725062227
295 0.462952326249282
296 0.46410109132682364
297 0.4665900823281639
298 0.4732912119471568
299 0.4761631246410109
300 0.47922649818112195
301 0.4755887421022401
302 0.47386559448592763
303 0.4765460463335248
304 0.4784606547960942
305 0.4771204288722956
306 0.4815240283362052
307 0.48726785372391346
308 0.488799540493969
309 0.4910970706490523
310 0.4972238177292744
311 0.4972238177292744
312 0.49856404365307294
313 0.5014359563469271
314 0.5022017997319548
315 0.4981811219605591
316 0.4964579743442466
317 0.4949262875741911
318 0.49435190503542026
319 0.498372582806816
320 0.49416044418916333
321 0.49588359180547575
322 0.5000957304231285
323 0.5018188780394409
324 0.49952134788435765
325 0.5031591039632395
326 0.5073712425808922
327 0.5073712425808922
328 0.5115833811985449
329 0.5102431552747463
330 0.511200459506031
331 0.5104346161210033
332 0.5125406854298296
333 0.5108175378135171
334 0.5142638330461421
335 0.5138809113536282
336 0.517710128278767
337 0.5154125981236837
338 0.5179015891250239
339 0.517710128278767
340 0.5182845108175378
341 0.5182845108175378
342 0.5182845108175378
343 0.5213478843576489
344 0.5228795711277043
345 0.5324526134405514
346 0.5330269959793222
347 0.5311123875167528
348 0.5326440742868084
349 0.53379283936435
350 0.530538004977982
351 0.5299636224392111
352 0.5351330652881485
353 0.5355159869806625
354 0.5299636224392111
355 0.5341757610568638
356 0.5372391345969749
357 0.5341757610568638
358 0.5336013785180931
359 0.5330269959793222
360 0.5368562129044611
361 0.539919586444572
362 0.5412598123683706
363 0.5406854298295999
364 0.5422171165996553
365 0.5393452039058013
366 0.5439402642159679
367 0.5439402642159679
368 0.5412598123683706
369 0.5410683515221137
370 0.5471950986023358
371 0.5470036377560789
372 0.5470036377560789
373 0.5473865594485927
374 0.546429255217308
375 0.546812176909822
376 0.5496840896036761
377 0.5496840896036761
378 0.5487267853723914
379 0.5479609419873636
380 0.5475780202948497
381 0.5523645414512732
382 0.5567681409151829
383 0.5529389239900441
384 0.5596400536090369
385 0.5563852192226689
386 0.5567681409151829
387 0.5596400536090369
388 0.5584912885314953
389 0.5540876890675857
390 0.5552364541451273
391 0.5605973578403216
392 0.5588742102240092
393 0.5577254451464676
394 0.5577254451464676
395 0.5617461229178633
396 0.5630863488416619
397 0.5577254451464676
398 0.5596400536090369
399 0.5623205054566341
400 0.5630863488416619
401 0.562511966302891
402 0.5611717403790925
403 0.566149722381773
404 0.5739996170783075
405 0.5705533218456825
406 0.5761056863871339
407 0.5730423128470228
408 0.5812751292360713
409 0.5824238943136129
410 0.5858701895462378
411 0.5912310932414321
412 0.5996553704767376
413 0.594868849320314
414 0.5952517710128279
415 0.5971663794753973
416 0.5950603101665709
417 0.594677388474057
418 0.5998468313229944
419 0.6059735784032165
420 0.6034845874018763
421 0.6055906567107027
422 0.6040589699406471
423 0.6042504307869041
424 0.6107600995596401
425 0.6092284127895845
426 0.6061650392494735
427 0.6061650392494735
428 0.6086540302508137
429 0.6080796477120429
430 0.6088454910970706
431 0.6055906567107027
432 0.6088454910970706
433 0.6025272831705916
434 0.6050162741719318
435 0.6105686387133831
436 0.6111430212521539
437 0.6130576297147233
438 0.6159295424085774
439 0.614206394792265
440 0.6128661688684663
441 0.6115259429446678
442 0.6115259429446678
443 0.6107600995596401
444 0.6099942561746123
445 0.6099942561746123
446 0.6134405514072372
447 0.6188014551024316
448 0.6203331418724871
449 0.6199502201799731
450 0.6230135937200842
451 0.6201416810262301
452 0.6201416810262301
453 0.6195672984874593
454 0.6245452804901398
455 0.6276086540302508
456 0.6245452804901398
457 0.623779437105112
458 0.6281830365690216
459 0.6276086540302508
460 0.6289488799540494
461 0.6287574191077925
462 0.6287574191077925
463 0.630289105877848
464 0.6260769672601952
465 0.6289488799540494
466 0.6297147233390772
467 0.633543940264216
468 0.6327780968791882
469 0.6339268619567299
470 0.6348841661880146
471 0.6329695577254452
472 0.6299061841853341
473 0.6354585487267854
474 0.633352479417959
475 0.6371816963430978
476 0.6337354011104729
477 0.6402450698832088
478 0.6381390005743826
479 0.6337354011104729
480 0.6406279915757228
481 0.6440742868083477
482 0.6433084434233199
483 0.6490522688110282
484 0.6456059735784032
485 0.6469461995022018
486 0.6473291211947156
487 0.6479035037334865
488 0.6459888952709171
489 0.6475205820409726
490 0.6488608079647712
491 0.6457974344246602
492 0.6421596783457783
493 0.6440742868083477
494 0.6457974344246602
495 0.6471376603484588
496 0.6465632778096879
497 0.6503924947348267
498 0.649243729657285
499 0.6538387899674517
500 0.6582423894313613
501 0.6651349798966112
502 0.6666666666666666
503 0.6697300402067777
504 0.6662837449741528
505 0.6618801455102431
506 0.6622630672027571
507 0.6586253111238751
508 0.6599655370476738
509 0.662454528049014
510 0.6693471185142639
511 0.6727934137468887
512 0.6701129618992916
513 0.6680068925904652
514 0.6676239708979513
515 0.6651349798966112
516 0.6714531878230902
517 0.671836109515604
518 0.672219031208118
519 0.6745165613632013
520 0.6724104920543749
521 0.671836109515604
522 0.6762397089795137
523 0.6791116216733678
524 0.6829408385985066
525 0.6856212904461038
526 0.6810262301359372
527 0.684855447061076
528 0.6810262301359372
529 0.6762397089795137
530 0.6838981428297913
531 0.6838981428297913
532 0.6869615163699023
533 0.6838981428297913
534 0.6804518475971664
535 0.6781543174420831
536 0.6783457782883401
537 0.6748994830557151
538 0.6704958835918055
539 0.6766226306720275
540 0.6768140915182845
541 0.6729848745931457
542 0.6703044227455486
543 0.6764311698257707
544 0.6798774650583955
545 0.6735592571319166
546 0.6760482481332567
547 0.6739421788244304
548 0.6771970132107984
549 0.6781543174420831
550 0.6810262301359372
551 0.678728699980854
552 0.6808347692896802
553 0.6871529772161593
554 0.6865785946773885
555 0.6856212904461038
556 0.687918820601187
557 0.6844725253685622
558 0.684855447061076
559 0.6850469079073329
560 0.6854298295998469
561 0.6856212904461038
562 0.6840896036760482
563 0.6798774650583955
564 0.6833237602910205
565 0.6796860042121387
566 0.6794945433658817
567 0.6806433084434234
568 0.6766226306720275
569 0.6727934137468887
570 0.6706873444380624
571 0.675473865594486
572 0.6768140915182845
573 0.6748994830557151
574 0.6737507179781734
575 0.6816006126747081
576 0.6781543174420831
577 0.6777713957495692
578 0.6739421788244304
579 0.6783457782883401
580 0.6817920735209649
581 0.6766226306720275
582 0.6829408385985066
583 0.684855447061076
584 0.6840896036760482
585 0.6896419682174996
586 0.6886846639862149
587 0.6875358989086732
588 0.6905992724487843
589 0.6898334290637564
590 0.691365115833812
591 0.6938541068351523
592 0.6917480375263259
593 0.6921309592188397
594 0.6875358989086732
595 0.6875358989086732
596 0.6861956729848746
597 0.6886846639862149
598 0.6898334290637564
599 0.6892590465249856
600 0.6894505073712426
601 0.694428489373923
602 0.6905992724487843
603 0.6921309592188397
604 0.6900248899100134
605 0.6888761248324717
606 0.6858127512923607
607 0.6890675856787287
608 0.6892590465249856
609 0.6886846639862149
610 0.6869615163699023
611 0.6821749952134788
612 0.6884932031399579
613 0.6869615163699023
614 0.6852383687535899
615 0.6812176909821941
616 0.6789201608271108
617 0.6842810645223052
618 0.6814091518284511
619 0.6833237602910205
620 0.691173654987555
621 0.6837066819835343
622 0.6823664560597358
623 0.6838981428297913
624 0.6842810645223052
625 0.6883017422937009
626 0.6852383687535899
627 0.6812176909821941
628 0.6823664560597358
629 0.6833237602910205
630 0.6821749952134788
631 0.6840896036760482
632 0.6812176909821941
633 0.6854298295998469
634 0.6884932031399579
635 0.691365115833812
636 0.6890675856787287
637 0.6909821941412981
638 0.6861956729848746
639 0.6854298295998469
640 0.6819835343672219
641 0.684663986214819
642 0.6856212904461038
643 0.687918820601187
644 0.691556576680069
645 0.6863871338311315
646 0.6835152211372775
647 0.6798774650583955
648 0.6814091518284511
649 0.6800689259046525
650 0.6814091518284511
651 0.6831322994447635
652 0.6810262301359372
653 0.6770055523645414
654 0.6766226306720275
655 0.6844725253685622
656 0.6838981428297913
657 0.6844725253685622
658 0.6831322994447635
659 0.6840896036760482
660 0.6817920735209649
661 0.6894505073712426
662 0.6902163507562703
663 0.6909821941412981
664 0.6875358989086732
665 0.6873444380624162
666 0.6896419682174996
667 0.6917480375263259
668 0.6875358989086732
669 0.6888761248324717
670 0.6890675856787287
671 0.6909821941412981
672 0.6950028719126938
673 0.6923224200650967
674 0.6856212904461038
675 0.6888761248324717
676 0.6905992724487843
677 0.6902163507562703
678 0.6909821941412981
679 0.6928968026038675
680 0.6959601761439785
681 0.7024698449167145
682 0.7062990618418533
683 0.7049588359180547
684 0.7017040015316868
685 0.707256366073138
686 0.7032356883017423
687 0.6984491671453188
688 0.691556576680069
689 0.6842810645223052
690 0.6883017422937009
691 0.6886846639862149
692 0.6886846639862149
693 0.69461995022018
694 0.6921309592188397
695 0.694428489373923
696 0.6961516369902355
697 0.6974918629140341
698 0.7018954623779438
699 0.6942370285276661
700 0.697874784606548
