1 0.00019146084625694046
2 0.00019146084625694046
3 0.00019146084625694046
4 0.00019146084625694046
5 0.00019146084625694046
6 0.00019146084625694046
7 0.00019146084625694046
8 0.00019146084625694046
9 0.00019146084625694046
10 0.00019146084625694046
11 0.00019146084625694046
12 0.00019146084625694046
13 0.0003829216925138809
14 0.0003829216925138809
15 0.00019146084625694046
16 0.00019146084625694046
17 0.00019146084625694046
18 0.00019146084625694046
19 0.00019146084625694046
20 0.00019146084625694046
21 0.0003829216925138809
22 0.0003829216925138809
23 0.00019146084625694046
24 0.00019146084625694046
25 0.0003829216925138809
26 0.0003829216925138809
27 0.0005743825387708214
28 0.0005743825387708214
29 0.0007658433850277618
30 0.0007658433850277618
31 0.0007658433850277618
32 0.0007658433850277618
33 0.0005743825387708214
34 0.0005743825387708214
35 0.0005743825387708214
36 0.0005743825387708214
37 0.0005743825387708214
38 0.0005743825387708214
39 0.0005743825387708214
40 0.0005743825387708214
41 0.0005743825387708214
42 0.0005743825387708214
43 0.0005743825387708214
44 0.0005743825387708214
45 0.0005743825387708214
46 0.0005743825387708214
47 0.0005743825387708214
48 0.0007658433850277618
49 0.0007658433850277618
50 0.0005743825387708214
51 0.0005743825387708214
52 0.0005743825387708214
53 0.0005743825387708214
54 0.0003829216925138809
55 0.0003829216925138809
56 0.0003829216925138809
57 0.0003829216925138809
58 0.0003829216925138809
59 0.0005743825387708214
60 0.0005743825387708214
61 0.0005743825387708214
62 0.0005743825387708214
63 0.0005743825387708214
64 0.0005743825387708214
65 0.0003829216925138809
66 0.0007658433850277618
67 0.0007658433850277618
68 0.0007658433850277618
69 0.0009573042312847023
70 0.0009573042312847023
71 0.0005743825387708214
72 0.0005743825387708214
73 0.0007658433850277618
74 0.0007658433850277618
75 0.0005743825387708214
76 0.0009573042312847023
77 0.0009573042312847023
78 0.0011487650775416428
79 0.0011487650775416428
80 0.0011487650775416428
81 0.0013402259237985832
82 0.0017231476163124641
83 0.0019146084625694046
84 0.0019146084625694046
85 0.002106069308826345
86 0.002488991001340226
87 0.0026804518475971664
88 0.002488991001340226
89 0.0030633735401110473
90 0.0036377560788818687
91 0.00421213861765269
92 0.0047865211564235115
93 0.004977982002680452
94 0.005169442848937392
95 0.005552364541451273
96 0.005743825387708214
97 0.005743825387708214
98 0.005360903695194333
99 0.005935286233965154
100 0.006126747080222095
101 0.006126747080222095
102 0.006509668772735976
103 0.006509668772735976
104 0.006509668772735976
105 0.0068925904652498565
106 0.0072755121577637374
107 0.007658433850277618
108 0.00823281638904844
109 0.009190120620333142
110 0.009381581466590082
111 0.008998659774076202
112 0.009381581466590082
113 0.010147424851617844
114 0.010338885697874785
115 0.010913268236645606
116 0.011104729082902547
117 0.01225349416044419
118 0.01225349416044419
119 0.01282787669921501
120 0.01263641585295807
121 0.013019337545471951
122 0.013019337545471951
123 0.013785180930499713
124 0.014551024315527475
125 0.013976641776756654
126 0.014551024315527475
127 0.015125406854298296
128 0.015508328546812177
129 0.015508328546812177
130 0.01627417193183994
131 0.016082711085583
132 0.015891250239326058
133 0.015125406854298296
134 0.015508328546812177
135 0.0170400153168677
136 0.017614397855638522
137 0.01723147616312464
138 0.01723147616312464
139 0.017805858701895463
140 0.017422937009381582
141 0.017997319548152403
142 0.019146084625694046
143 0.020103388856978748
144 0.02125215393452039
145 0.021826536473291212
146 0.023358223243346736
147 0.02431552747463144
148 0.02527283170591614
149 0.02469844916714532
150 0.02469844916714532
151 0.026613057629714724
152 0.027570361860999426
153 0.027761822707256367
154 0.02871912693854107
155 0.02910204863105495
156 0.02948497032356883
157 0.030442274554853533
158 0.030633735401110473
159 0.03159103963239517
160 0.032356883017422934
161 0.03254834386367988
162 0.0340800306337354
163 0.03618609994256174
164 0.037334865020103386
165 0.03924947348267279
166 0.04097262109898526
167 0.0430786904078116
168 0.04480183802412407
169 0.04652498564043653
170 0.04709936817920735
171 0.049588359180547575
172 0.0501627417193184
173 0.051694428489373924
174 0.053800497798200266
175 0.05494926287574191
176 0.056289488799540495
177 0.05648094964579743
178 0.058012636415852956
179 0.05782117556959602
180 0.05935286233965154
181 0.05954432318590848
182 0.06337354011104729
183 0.06586253111238752
184 0.06911736549875551
185 0.07313804327015125
186 0.0762014168102623
187 0.07869040781160253
188 0.08156232050545663
189 0.08366838981428298
190 0.08577445912310933
191 0.08845491097070649
192 0.0913268236645606
193 0.09381581466590082
194 0.09726210989852575
195 0.09994256174612291
196 0.09994256174612291
197 0.10051694428489374
198 0.1012827876699215
199 0.1022400919012062
200 0.10338885697874785
201 0.10626076967260195
202 0.10683515221137277
203 0.11104729082902547
204 0.1135362818303657
205 0.11659965537047674
206 0.11947156806433085
207 0.12234348075818495
208 0.1263641585295807
209 0.13038483630097644
210 0.13325674899483056
211 0.13459697491862915
212 0.1363201225349416
213 0.13785180930499713
214 0.13995787861382347
215 0.13938349607505265
216 0.14321271300019145
217 0.14531878230901782
218 0.1472333907715872
219 0.15029676431169825
220 0.15450890292935096
221 0.15642351139192034
222 0.16121003254834387
223 0.16312464101091326
224 0.16676239708979515
225 0.16733677962856597
226 0.17078307486119088
227 0.1698257706299062
228 0.17174037909247558
229 0.17537813517135745
230 0.1749952134788436
231 0.1749952134788436
232 0.1755695960176144
233 0.17805858701895463
234 0.18054757802029486
235 0.1836109515604059
236 0.19088646371816964
237 0.19299253302699598
238 0.19471568064330844
239 0.20007658433850278
240 0.20371434041738465
241 0.20601187057246792
242 0.20850086157380815
243 0.21003254834386367
244 0.21615929542408577
245 0.21654221711659966
246 0.21749952134788436
247 0.2199885123492246
248 0.2209458165805093
249 0.22496649435190502
250 0.22611525942944669
251 0.22592379858318973
252 0.22783840704575914
253 0.23013593720084244
254 0.23434807581849512
255 0.23587976258855065
256 0.2366456059735784
257 0.23702852766609228
258 0.24238943136128663
259 0.24583572659391154
260 0.25062224775033504
261 0.2504307869040781
262 0.2556002297530155
263 0.2588550641393835
264 0.2617269768332376
265 0.2621098985257515
266 0.2619184376794945
267 0.25904652498564046
268 0.26057821175569595
269 0.2628757419107792
270 0.26498181121960557
271 0.26842810645223053
272 0.2697683323760291
273 0.27091709745357073
274 0.2743633926861957
275 0.2749377752249665
276 0.2795328355351331
277 0.27914991384261917
278 0.2785755313038484
279 0.2806816006126747
280 0.2816389048439594
281 0.2864254260003829
282 0.28795711277043845
283 0.28968026038675093
284 0.2912119471568064
285 0.29676431169825773
286 0.2937009381581467
287 0.29504116408194525
288 0.2986789201608271
289 0.3009764503159104
290 0.30040206777713957
291 0.3032739804709937
292 0.3019337545471951
293 0.302316676239709
294 0.29925330269959793
295 0.3028910587784798
296 0.30729465824238944
297 0.3048056672410492
298 0.3015508328546812
299 0.30212521539345205
300 0.30633735401110473
301 0.31246410109132683
302 0.3155274746314379
303 0.31782500478652115
304 0.31782500478652115
305 0.3218456825579169
306 0.32299444763545854
307 0.3191652307103197
308 0.3170591614014934
309 0.32165422171165997
310 0.3228029867892016
311 0.32433467355925716
312 0.3270151254068543
313 0.3281638904843959
314 0.32682366456059736
315 0.3298870381007084
316 0.3306528814857362
317 0.3340991767183611
318 0.33582232433467357
319 0.3369710894122152
320 0.33907715872104155
321 0.3411832280298679
322 0.3457782883400345
323 0.34424660156997894
324 0.3482672793413747
325 0.3446295232624928
326 0.3446295232624928
327 0.34711851426383306
328 0.3475014359563469
329 0.3465441317250622
330 0.3436722190312081
331 0.3446295232624928
332 0.344055140723722
333 0.34443806241623587
334 0.3519050354202566
335 0.35056480949645796
336 0.35381964388282594
337 0.35420256557533986
338 0.35515986980662456
339 0.3595634692705342
340 0.35745739996170783
341 0.35745739996170783
342 0.35745739996170783
343 0.36032931265556195
344 0.36186099942561745
345 0.3649243729657285
346 0.3658816771970132
347 0.3687535898908673
348 0.3737315718935478
349 0.37449741527857555
350 0.3773693279724296
351 0.376220562894888
352 0.37966685812751294
353 0.3771778671261727
354 0.37526325866360327
355 0.379283936434999
356 0.37870955389622823
357 0.3785180930499713
358 0.38119854489756844
359 0.382730231667624
360 0.38024124066628373
361 0.38119854489756844
362 0.3819643882825962
363 0.38253877082136706
364 0.38253877082136706
365 0.38579360520773504
366 0.3980470993681792
367 0.4003446295232625
368 0.401876316293318
369 0.40264215967834577
370 0.39862148190695
371 0.39728125598315145
372 0.39823856021443615
373 0.3961324909056098
374 0.39287765651924184
375 0.3915374305954432
376 0.39268619567298485
377 0.3913459697491863
378 0.3957495692130959
379 0.39364349990426956
380 0.3957495692130959
381 0.3967068734443806
382 0.3978556385219223
383 0.4041738464484013
384 0.40589699406471375
385 0.41393834960750525
386 0.4103005935286234
387 0.41106643691365113
388 0.40857744591231093
389 0.41106643691365113
390 0.4135554279149914
391 0.41661880145510244
392 0.4233199310740953
393 0.4231284702278384
394 0.41949071414895656
395 0.42197970515029676
396 0.4248516178441509
397 0.4233199310740953
398 0.4231284702278384
399 0.42542600038292167
400 0.427723530538005
401 0.4282979130767758
402 0.42619184376794944
403 0.4260003829216925
404 0.4279149913842619
405 0.4273406088454911
406 0.43174420830940075
407 0.42982959984683133
408 0.4311698257706299
409 0.43155274746314376
410 0.4348075818495118
411 0.43231859084817154
412 0.43002106069308826
413 0.4321271300019146
414 0.43327589507945624
415 0.4296381390005744
416 0.43078690407811604
417 0.4302125215393452
418 0.427723530538005
419 0.4311698257706299
420 0.4305954432318591
421 0.4304039823856021
422 0.4302125215393452
423 0.4321271300019146
424 0.43365881677197016
425 0.437296572850852
426 0.4382538770821367
427 0.44323185908481716
428 0.44514646754738657
429 0.4418916331610186
430 0.4445720850086157
431 0.4445720850086157
432 0.44476354585487266
433 0.44495500670112964
434 0.4505073712425809
435 0.4462952326249282
436 0.446869615163699
437 0.44514646754738657
438 0.4461037717786713
439 0.44591231093241435
440 0.45127321462760867
441 0.45108175378135174
442 0.4531878230901781
443 0.4539536664752058
444 0.4529963622439211
445 0.4539536664752058
446 0.45127321462760867
447 0.4495500670112962
448 0.45108175378135174
449 0.453379283936435
450 0.4541451273214628
451 0.4610377177867126
452 0.46352670878805285
453 0.46429255217308063
454 0.462952326249282
455 0.46678154317442083
456 0.4639096304805667
457 0.46639862148190697
458 0.46678154317442083
459 0.47309975110089986
460 0.47865211564235116
461 0.4780777331035803
462 0.48190695002871914
463 0.4805667241049205
464 0.47865211564235116
465 0.4761631246410109
466 0.4826727934137469
467 0.48573616695385796
468 0.4903312272640245
469 0.4972238177292744
470 0.49856404365307294
471 0.49626651349798967
472 0.4935860616503925
473 0.4981811219605591
474 0.49875550449932987
475 0.5000957304231285
476 0.5022017997319548
477 0.5004786521156424
478 0.5027761822707256
479 0.5022017997319548
480 0.5060310166570936
481 0.5131150679686004
482 0.5154125981236837
483 0.5163699023549684
484 0.5182845108175378
485 0.520964962665135
486 0.5251771012827877
487 0.5309209266704958
488 0.5326440742868084
489 0.5332184568255792
490 0.530538004977982
491 0.5309209266704958
492 0.5345586827493778
493 0.5358989086731764
494 0.5372391345969749
495 0.5437488033697109
496 0.5414512732146276
497 0.5410683515221137
498 0.5422171165996553
499 0.5412598123683706
500 0.540111047290829
501 0.5336013785180931
502 0.5349416044418916
503 0.5332184568255792
504 0.5355159869806625
505 0.5345586827493778
506 0.5339843002106069
507 0.5364732912119472
508 0.5366647520582041
509 0.540111047290829
510 0.5420256557533984
511 0.5418341949071415
512 0.5418341949071415
513 0.5416427340608846
514 0.5439402642159679
515 0.5408768906758568
516 0.5470036377560789
517 0.5523645414512732
518 0.5510243155274747
519 0.556193758376412
520 0.5571510626076968
521 0.5634692705341757
522 0.5640436530729466
523 0.5638521922266897
524 0.5646180356117174
525 0.5695960176143978
526 0.5707447826919395
527 0.5707447826919395
528 0.5732337736932798
529 0.5745739996170783
530 0.5772544514646755
531 0.5845299636224393
532 0.5812751292360713
533 0.5837641202374114
534 0.5810836683898143
535 0.5856787286999808
536 0.5927627800114876
537 0.5906567107026613
538 0.5883591805475781
539 0.5879762588550641
540 0.5877847980088072
541 0.5900823281638905
542 0.5904652498564044
543 0.5921883974727168
544 0.594677388474057
545 0.5935286233965155
546 0.5969749186291403
547 0.5983151445529389
548 0.5965919969366265
549 0.597932222860425
550 0.6025272831705916
551 0.6017614397855638
552 0.6038675090943902
553 0.60137851809305
554 0.607696726019529
555 0.6052077350181888
556 0.6063565000957304
557 0.6075052651732721
558 0.6057821175569597
559 0.6029102048631055
560 0.6082711085582998
561 0.6084625694045568
562 0.6084625694045568
563 0.6067394217882442
564 0.6053991958644457
565 0.6040589699406471
566 0.6094198736358415
567 0.6159295424085774
568 0.6151636990235497
569 0.6188014551024316
570 0.6186099942561746
571 0.6195672984874593
572 0.6233965154125981
573 0.6264598889527092
574 0.6214819069500287
575 0.6274171931839939
576 0.6278001148765078
577 0.6253111238751675
578 0.6228221328738273
579 0.6232050545663412
580 0.6293318016465633
581 0.6279915757227647
582 0.6337354011104729
583 0.633161018571702
584 0.6356500095730423
585 0.6299061841853341
586 0.6295232624928202
587 0.6266513497989661
588 0.6264598889527092
589 0.6278001148765078
590 0.6268428106452231
591 0.6249282021826537
592 0.6186099942561746
593 0.620716063565001
594 0.6241623587976259
595 0.6312464101091326
596 0.6318207926479035
597 0.6322037143404173
598 0.6323951751866743
599 0.6358414704192993
600 0.6408194524219797
601 0.6406279915757228
602 0.6375646180356117
603 0.636798774650584
604 0.6360329312655562
605 0.6387133831131534
606 0.6394792264981811
607 0.6389048439594103
608 0.6383304614206394
609 0.6373731571893547
610 0.6394792264981811
611 0.640053609036952
612 0.6356500095730423
613 0.6339268619567299
614 0.6314378709553896
615 0.630097645031591
616 0.6345012444955007
617 0.6383304614206394
618 0.6389048439594103
619 0.6383304614206394
620 0.6413938349607505
621 0.6396706873444381
622 0.6389048439594103
623 0.6444572085008615
624 0.6479035037334865
625 0.643116982577063
626 0.6442657476546046
627 0.640053609036952
628 0.6433084434233199
629 0.6467547386559449
630 0.6469461995022018
631 0.6502010338885698
632 0.6488608079647712
633 0.6498181121960559
634 0.6532644074286809
635 0.6496266513497989
636 0.6502010338885698
637 0.6534558682749377
638 0.6477120428872296
639 0.6502010338885698
640 0.6502010338885698
641 0.6507754164273406
642 0.6553704767375071
643 0.6549875550449933
644 0.6609228412789585
645 0.6618801455102431
646 0.6607313804327015
647 0.6626459888952709
648 0.6614972238177292
649 0.6605399195864445
650 0.6626459888952709
651 0.6590082328163891
652 0.6603484587401877
653 0.6611143021252154
654 0.6628374497415278
655 0.659391154508903
656 0.6567107026613057
657 0.6532644074286809
658 0.6595826153551598
659 0.6613057629714724
660 0.6553704767375071
661 0.6540302508137086
662 0.6473291211947156
663 0.6471376603484588
664 0.6488608079647712
665 0.6452230518858894
666 0.6448401301933755
667 0.6459888952709171
668 0.6425426000382922
669 0.6509668772735976
670 0.6454145127321462
671 0.649243729657285
672 0.6507754164273406
673 0.6507754164273406
674 0.6538387899674517
675 0.6511583381198545
676 0.6532644074286809
677 0.6538387899674517
678 0.6618801455102431
679 0.6637947539728125
680 0.6636032931265556
681 0.6710702661305763
682 0.6693471185142639
683 0.6683898142829792
684 0.668581275129236
685 0.6672410492054375
686 0.6611143021252154
687 0.6613057629714724
688 0.6607313804327015
689 0.6595826153551598
690 0.6576680068925904
691 0.65269002488991
692 0.652498564043653
693 0.6513497989661114
694 0.6469461995022018
695 0.6486693471185143
696 0.6503924947348267
697 0.655753398430021
698 0.6653264407428681
699 0.6689641968217499
700 0.6647520582040972
