1 0.0003829216925138809
2 0.0005743825387708214
3 0.0003829216925138809
4 0.0003829216925138809
5 0.0003829216925138809
6 0.0005743825387708214
7 0.0003829216925138809
8 0.0003829216925138809
9 0.0003829216925138809
10 0.0003829216925138809
11 0.0003829216925138809
12 0.0003829216925138809
13 0.0003829216925138809
14 0.0005743825387708214
15 0.0005743825387708214
16 0.0007658433850277618
17 0.0007658433850277618
18 0.0009573042312847023
19 0.0009573042312847023
20 0.0011487650775416428
21 0.0011487650775416428
22 0.0011487650775416428
23 0.0015316867700555237
24 0.0022975301550832855
25 0.002488991001340226
26 0.0026804518475971664
27 0.0022975301550832855
28 0.002488991001340226
29 0.002488991001340226
30 0.0030633735401110473
31 0.003254834386367988
32 0.0034462952326249283
33 0.003829216925138809
34 0.0036377560788818687
35 0.0036377560788818687
36 0.00402067777139575
37 0.0036377560788818687
38 0.0036377560788818687
39 0.003254834386367988
40 0.002871912693854107
41 0.0036377560788818687
42 0.0034462952326249283
43 0.0036377560788818687
44 0.0036377560788818687
45 0.003829216925138809
46 0.00402067777139575
47 0.00421213861765269
48 0.0044035994639096306
49 0.004595060310166571
50 0.004977982002680452
51 0.0047865211564235115
52 0.004977982002680452
53 0.005169442848937392
54 0.005360903695194333
55 0.005360903695194333
56 0.005169442848937392
57 0.005743825387708214
58 0.006318207926479035
59 0.005743825387708214
60 0.006126747080222095
61 0.006509668772735976
62 0.0068925904652498565
63 0.0068925904652498565
64 0.006701129618992916
65 0.007084051311506797
66 0.0068925904652498565
67 0.0068925904652498565
68 0.0068925904652498565
69 0.007466973004020678
70 0.0080413555427915
71 0.0080413555427915
72 0.007849894696534559
73 0.0080413555427915
74 0.007849894696534559
75 0.00842427723530538
76 0.009573042312847023
77 0.009955964005360904
78 0.010147424851617844
79 0.010721807390388666
80 0.010338885697874785
81 0.010147424851617844
82 0.009764503159103963
83 0.009955964005360904
84 0.010147424851617844
85 0.010338885697874785
86 0.010530346544131725
87 0.011296189929159487
88 0.011679111621673368
89 0.01244495500670113
90 0.013019337545471951
91 0.01263641585295807
92 0.01225349416044419
93 0.01225349416044419
94 0.01282787669921501
95 0.013210798391728892
96 0.013976641776756654
97 0.014742485161784415
98 0.014933946008041356
99 0.014742485161784415
100 0.014168102623013594
101 0.014168102623013594
102 0.013976641776756654
103 0.014168102623013594
104 0.013593720084242773
105 0.013210798391728892
106 0.01263641585295807
107 0.013976641776756654
108 0.013402259237985832
109 0.014359563469270534
110 0.013402259237985832
111 0.013402259237985832
112 0.013210798391728892
113 0.013785180930499713
114 0.014168102623013594
115 0.013976641776756654
116 0.013976641776756654
117 0.014359563469270534
118 0.014933946008041356
119 0.014933946008041356
120 0.014551024315527475
121 0.013593720084242773
122 0.014742485161784415
123 0.014551024315527475
124 0.013976641776756654
125 0.014551024315527475
126 0.013785180930499713
127 0.013785180930499713
128 0.014168102623013594
129 0.014168102623013594
130 0.014933946008041356
131 0.015125406854298296
132 0.014742485161784415
133 0.014551024315527475
134 0.014359563469270534
135 0.013785180930499713
136 0.013785180930499713
137 0.01282787669921501
138 0.013019337545471951
139 0.011870572467930308
140 0.011104729082902547
141 0.010913268236645606
142 0.011679111621673368
143 0.011296189929159487
144 0.011296189929159487
145 0.011296189929159487
146 0.011679111621673368
147 0.011296189929159487
148 0.011296189929159487
149 0.011679111621673368
150 0.011296189929159487
151 0.011679111621673368
152 0.01225349416044419
153 0.01282787669921501
154 0.013976641776756654
155 0.013593720084242773
156 0.013785180930499713
157 0.013785180930499713
158 0.01282787669921501
159 0.01244495500670113
160 0.013210798391728892
161 0.01282787669921501
162 0.013785180930499713
163 0.013402259237985832
164 0.013593720084242773
165 0.014168102623013594
166 0.014168102623013594
167 0.014359563469270534
168 0.014168102623013594
169 0.013593720084242773
170 0.013402259237985832
171 0.013402259237985832
172 0.013785180930499713
173 0.013402259237985832
174 0.013019337545471951
175 0.013210798391728892
176 0.013019337545471951
177 0.01282787669921501
178 0.01263641585295807
179 0.01282787669921501
180 0.013210798391728892
181 0.013976641776756654
182 0.013976641776756654
183 0.013976641776756654
184 0.013785180930499713
185 0.013976641776756654
186 0.013976641776756654
187 0.013785180930499713
188 0.013785180930499713
189 0.013976641776756654
190 0.014359563469270534
191 0.014359563469270534
192 0.014551024315527475
193 0.014933946008041356
194 0.014742485161784415
195 0.014742485161784415
196 0.015316867700555237
197 0.015125406854298296
198 0.014742485161784415
199 0.015125406854298296
200 0.014551024315527475
201 0.014933946008041356
202 0.015125406854298296
203 0.014933946008041356
204 0.015316867700555237
205 0.015125406854298296
206 0.014168102623013594
207 0.014933946008041356
208 0.014742485161784415
209 0.014359563469270534
210 0.013785180930499713
211 0.013785180930499713
212 0.013593720084242773
213 0.013593720084242773
214 0.014359563469270534
215 0.014359563469270534
216 0.014168102623013594
217 0.013976641776756654
218 0.014551024315527475
219 0.014551024315527475
220 0.013785180930499713
221 0.013593720084242773
222 0.014168102623013594
223 0.014551024315527475
224 0.014551024315527475
225 0.014551024315527475
226 0.014168102623013594
227 0.014359563469270534
228 0.014168102623013594
229 0.014742485161784415
230 0.014933946008041356
231 0.015125406854298296
232 0.015125406854298296
233 0.014933946008041356
234 0.015316867700555237
235 0.015891250239326058
236 0.015891250239326058
237 0.015508328546812177
238 0.015699789393069118
239 0.016082711085583
240 0.016082711085583
241 0.01646563277809688
242 0.015891250239326058
243 0.015699789393069118
244 0.014933946008041356
245 0.014933946008041356
246 0.013593720084242773
247 0.013402259237985832
248 0.013785180930499713
249 0.013785180930499713
250 0.013976641776756654
251 0.013593720084242773
252 0.013019337545471951
253 0.01282787669921501
254 0.013210798391728892
255 0.01282787669921501
256 0.013402259237985832
257 0.01263641585295807
258 0.013019337545471951
259 0.013019337545471951
260 0.013210798391728892
261 0.013785180930499713
262 0.013210798391728892
263 0.013019337545471951
264 0.013210798391728892
265 0.013019337545471951
266 0.013210798391728892
267 0.013019337545471951
268 0.01282787669921501
269 0.01263641585295807
270 0.013402259237985832
271 0.013785180930499713
272 0.013785180930499713
273 0.014551024315527475
274 0.015316867700555237
275 0.014551024315527475
276 0.014933946008041356
277 0.014933946008041356
278 0.015125406854298296
279 0.015125406854298296
280 0.014742485161784415
281 0.014933946008041356
282 0.014359563469270534
283 0.014168102623013594
284 0.013976641776756654
285 0.013402259237985832
286 0.014359563469270534
287 0.014359563469270534
288 0.014168102623013594
289 0.014359563469270534
290 0.013976641776756654
291 0.013976641776756654
292 0.013402259237985832
293 0.01244495500670113
294 0.013019337545471951
295 0.013019337545471951
296 0.013593720084242773
297 0.013976641776756654
298 0.013785180930499713
299 0.013402259237985832
300 0.013402259237985832
301 0.013402259237985832
302 0.013593720084242773
303 0.013976641776756654
304 0.013976641776756654
305 0.013976641776756654
306 0.013976641776756654
307 0.013785180930499713
308 0.014168102623013594
309 0.014551024315527475
310 0.014742485161784415
311 0.014359563469270534
312 0.013785180930499713
313 0.013593720084242773
314 0.014168102623013594
315 0.014168102623013594
316 0.014933946008041356
317 0.014933946008041356
318 0.014168102623013594
319 0.013785180930499713
320 0.013210798391728892
321 0.013593720084242773
322 0.014551024315527475
323 0.014933946008041356
324 0.014551024315527475
325 0.015125406854298296
326 0.014359563469270534
327 0.014742485161784415
328 0.014359563469270534
329 0.014742485161784415
330 0.014933946008041356
331 0.014742485161784415
332 0.014168102623013594
333 0.014168102623013594
334 0.014359563469270534
335 0.014551024315527475
336 0.014359563469270534
337 0.014168102623013594
338 0.014933946008041356
339 0.013593720084242773
340 0.014168102623013594
341 0.014551024315527475
342 0.014359563469270534
343 0.014359563469270534
344 0.015125406854298296
345 0.014551024315527475
346 0.014551024315527475
347 0.014742485161784415
348 0.014551024315527475
349 0.015125406854298296
350 0.014168102623013594
351 0.013976641776756654
352 0.014359563469270534
353 0.014168102623013594
354 0.013593720084242773
355 0.013976641776756654
356 0.014551024315527475
357 0.013210798391728892
358 0.013210798391728892
359 0.013019337545471951
360 0.01282787669921501
361 0.013210798391728892
362 0.013210798391728892
363 0.013785180930499713
364 0.013785180930499713
365 0.013976641776756654
366 0.014168102623013594
367 0.013785180930499713
368 0.013593720084242773
369 0.013785180930499713
370 0.013402259237985832
371 0.013593720084242773
372 0.01282787669921501
373 0.01225349416044419
374 0.01225349416044419
375 0.013210798391728892
376 0.013402259237985832
377 0.013785180930499713
378 0.013593720084242773
379 0.013785180930499713
380 0.013402259237985832
381 0.013785180930499713
382 0.013785180930499713
383 0.014168102623013594
384 0.014168102623013594
385 0.014359563469270534
386 0.014742485161784415
387 0.014742485161784415
388 0.013976641776756654
389 0.014359563469270534
390 0.014551024315527475
391 0.014742485161784415
392 0.014168102623013594
393 0.015125406854298296
394 0.014551024315527475
395 0.013785180930499713
396 0.013402259237985832
397 0.013593720084242773
398 0.013976641776756654
399 0.014551024315527475
400 0.015125406854298296
401 0.014933946008041356
402 0.015316867700555237
403 0.015125406854298296
404 0.014168102623013594
405 0.014359563469270534
406 0.014359563469270534
407 0.013976641776756654
408 0.013593720084242773
409 0.014359563469270534
410 0.014742485161784415
411 0.013976641776756654
412 0.013593720084242773
413 0.013402259237985832
414 0.014359563469270534
415 0.015125406854298296
416 0.014933946008041356
417 0.015125406854298296
418 0.014359563469270534
419 0.014933946008041356
420 0.015699789393069118
421 0.015891250239326058
422 0.015891250239326058
423 0.016082711085583
424 0.01646563277809688
425 0.01627417193183994
426 0.015699789393069118
427 0.015699789393069118
428 0.015891250239326058
429 0.01646563277809688
430 0.01684855447061076
431 0.015891250239326058
432 0.015891250239326058
433 0.015508328546812177
434 0.015699789393069118
435 0.015316867700555237
436 0.015316867700555237
437 0.014933946008041356
438 0.015125406854298296
439 0.015125406854298296
440 0.015125406854298296
441 0.015125406854298296
442 0.015316867700555237
443 0.015125406854298296
444 0.015508328546812177
445 0.015508328546812177
446 0.014551024315527475
447 0.014551024315527475
448 0.014359563469270534
449 0.013402259237985832
450 0.014359563469270534
451 0.014168102623013594
452 0.014742485161784415
453 0.015316867700555237
454 0.015316867700555237
455 0.015699789393069118
456 0.015508328546812177
457 0.015891250239326058
458 0.016082711085583
459 0.015699789393069118
460 0.015508328546812177
461 0.014359563469270534
462 0.015125406854298296
463 0.014742485161784415
464 0.014933946008041356
465 0.014359563469270534
466 0.013976641776756654
467 0.014168102623013594
468 0.014168102623013594
469 0.013593720084242773
470 0.014359563469270534
471 0.014933946008041356
472 0.015316867700555237
473 0.014933946008041356
474 0.014933946008041356
475 0.015316867700555237
476 0.015125406854298296
477 0.014742485161784415
478 0.015508328546812177
479 0.015699789393069118
480 0.015316867700555237
481 0.014742485161784415
482 0.014359563469270534
483 0.014933946008041356
484 0.014742485161784415
485 0.013785180930499713
486 0.014168102623013594
487 0.013976641776756654
488 0.013785180930499713
489 0.013976641776756654
490 0.013976641776756654
491 0.013593720084242773
492 0.013402259237985832
493 0.01263641585295807
494 0.013593720084242773
495 0.013593720084242773
496 0.01263641585295807
497 0.013593720084242773
498 0.013210798391728892
499 0.013593720084242773
500 0.013785180930499713
501 0.013402259237985832
502 0.013976641776756654
503 0.013402259237985832
504 0.014168102623013594
505 0.015316867700555237
506 0.015316867700555237
507 0.015508328546812177
508 0.015316867700555237
509 0.014933946008041356
510 0.014551024315527475
511 0.014551024315527475
512 0.014742485161784415
513 0.014551024315527475
514 0.014168102623013594
515 0.014551024315527475
516 0.015316867700555237
517 0.015508328546812177
518 0.015508328546812177
519 0.015125406854298296
520 0.014742485161784415
521 0.014359563469270534
522 0.014742485161784415
523 0.015891250239326058
524 0.016082711085583
525 0.01646563277809688
526 0.016082711085583
527 0.016082711085583
528 0.015125406854298296
529 0.015316867700555237
530 0.015316867700555237
531 0.015508328546812177
532 0.015891250239326058
533 0.015891250239326058
534 0.015316867700555237
535 0.014933946008041356
536 0.014168102623013594
537 0.014168102623013594
538 0.014168102623013594
539 0.014168102623013594
540 0.014742485161784415
541 0.014742485161784415
542 0.015125406854298296
543 0.014933946008041356
544 0.015125406854298296
545 0.014933946008041356
546 0.015508328546812177
547 0.014551024315527475
548 0.014933946008041356
549 0.014742485161784415
550 0.013593720084242773
551 0.013785180930499713
552 0.013210798391728892
553 0.013593720084242773
554 0.013593720084242773
555 0.013019337545471951
556 0.01263641585295807
557 0.013593720084242773
558 0.013210798391728892
559 0.01263641585295807
560 0.01263641585295807
561 0.01282787669921501
562 0.011870572467930308
563 0.012062033314187249
564 0.011679111621673368
565 0.011870572467930308
566 0.01282787669921501
567 0.01282787669921501
568 0.013210798391728892
569 0.01282787669921501
570 0.013402259237985832
571 0.013593720084242773
572 0.013019337545471951
573 0.013402259237985832
574 0.013593720084242773
575 0.013593720084242773
576 0.014359563469270534
577 0.014933946008041356
578 0.013976641776756654
579 0.014359563469270534
580 0.013402259237985832
581 0.013210798391728892
582 0.013210798391728892
583 0.01244495500670113
584 0.013402259237985832
585 0.014168102623013594
586 0.014933946008041356
587 0.014359563469270534
588 0.013976641776756654
589 0.013210798391728892
590 0.013019337545471951
591 0.01282787669921501
592 0.013210798391728892
593 0.013210798391728892
594 0.013402259237985832
595 0.014359563469270534
596 0.013785180930499713
597 0.014933946008041356
598 0.014933946008041356
599 0.015125406854298296
600 0.014933946008041356
601 0.014742485161784415
602 0.015125406854298296
603 0.015699789393069118
604 0.015699789393069118
605 0.015508328546812177
606 0.01627417193183994
607 0.016082711085583
608 0.01646563277809688
609 0.016082711085583
610 0.015891250239326058
611 0.015316867700555237
612 0.014359563469270534
613 0.014551024315527475
614 0.013976641776756654
615 0.013785180930499713
616 0.014168102623013594
617 0.014359563469270534
618 0.014551024315527475
619 0.014359563469270534
620 0.014551024315527475
621 0.015125406854298296
622 0.015125406854298296
623 0.015508328546812177
624 0.015508328546812177
625 0.015316867700555237
626 0.015316867700555237
627 0.014551024315527475
628 0.014933946008041356
629 0.014933946008041356
630 0.015125406854298296
631 0.014933946008041356
632 0.015891250239326058
633 0.015699789393069118
634 0.015125406854298296
635 0.015125406854298296
636 0.014551024315527475
637 0.014933946008041356
638 0.014359563469270534
639 0.014359563469270534
640 0.015508328546812177
641 0.014359563469270534
642 0.014933946008041356
643 0.015508328546812177
644 0.015125406854298296
645 0.014551024315527475
646 0.013976641776756654
647 0.013402259237985832
648 0.013593720084242773
649 0.013019337545471951
650 0.013019337545471951
651 0.013019337545471951
652 0.01282787669921501
653 0.013402259237985832
654 0.013785180930499713
655 0.013976641776756654
656 0.013402259237985832
657 0.013019337545471951
658 0.013402259237985832
659 0.013976641776756654
660 0.013976641776756654
661 0.014168102623013594
662 0.014551024315527475
663 0.014359563469270534
664 0.014551024315527475
665 0.015125406854298296
666 0.014359563469270534
667 0.014933946008041356
668 0.014933946008041356
669 0.014742485161784415
670 0.014551024315527475
671 0.015125406854298296
672 0.015125406854298296
673 0.014742485161784415
674 0.014168102623013594
675 0.013976641776756654
676 0.013976641776756654
677 0.013976641776756654
678 0.013785180930499713
679 0.013785180930499713
680 0.013785180930499713
681 0.014359563469270534
682 0.014742485161784415
683 0.014359563469270534
684 0.014742485161784415
685 0.015699789393069118
686 0.015699789393069118
687 0.015508328546812177
688 0.015891250239326058
689 0.015508328546812177
690 0.015508328546812177
691 0.014359563469270534
692 0.013210798391728892
693 0.013785180930499713
694 0.014359563469270534
695 0.014551024315527475
696 0.014168102623013594
697 0.013785180930499713
698 0.013976641776756654
699 0.014168102623013594
700 0.014168102623013594
