1 0.00019146084625694046
2 0.0003829216925138809
3 0.0003829216925138809
4 0.0003829216925138809
5 0.0005743825387708214
6 0.0005743825387708214
7 0.0005743825387708214
8 0.0003829216925138809
9 0.0003829216925138809
10 0.0003829216925138809
11 0.0005743825387708214
12 0.0005743825387708214
13 0.0003829216925138809
14 0.00019146084625694046
15 0.0003829216925138809
16 0.0003829216925138809
17 0.0003829216925138809
18 0.0005743825387708214
19 0.0009573042312847023
20 0.0011487650775416428
21 0.0011487650775416428
22 0.0009573042312847023
23 0.0009573042312847023
24 0.0009573042312847023
25 0.0009573042312847023
26 0.0009573042312847023
27 0.0009573042312847023
28 0.0009573042312847023
29 0.0009573042312847023
30 0.0007658433850277618
31 0.0007658433850277618
32 0.0005743825387708214
33 0.0007658433850277618
34 0.0009573042312847023
35 0.0009573042312847023
36 0.0009573042312847023
37 0.0009573042312847023
38 0.0009573042312847023
39 0.0009573042312847023
40 0.0007658433850277618
41 0.0007658433850277618
42 0.0007658433850277618
43 0.0007658433850277618
44 0.0007658433850277618
45 0.0007658433850277618
46 0.0007658433850277618
47 0.0007658433850277618
48 0.0007658433850277618
49 0.0007658433850277618
50 0.0007658433850277618
51 0.0007658433850277618
52 0.0007658433850277618
53 0.0007658433850277618
54 0.0005743825387708214
55 0.0005743825387708214
56 0.0005743825387708214
57 0.0009573042312847023
58 0.0011487650775416428
59 0.0011487650775416428
60 0.0015316867700555237
61 0.0015316867700555237
62 0.0015316867700555237
63 0.0015316867700555237
64 0.0015316867700555237
65 0.0017231476163124641
66 0.0017231476163124641
67 0.0017231476163124641
68 0.0017231476163124641
69 0.0017231476163124641
70 0.0015316867700555237
71 0.0017231476163124641
72 0.0015316867700555237
73 0.0015316867700555237
74 0.0017231476163124641
75 0.0015316867700555237
76 0.0019146084625694046
77 0.0019146084625694046
78 0.002488991001340226
79 0.002871912693854107
80 0.0030633735401110473
81 0.002871912693854107
82 0.0026804518475971664
83 0.0022975301550832855
84 0.0022975301550832855
85 0.002106069308826345
86 0.002106069308826345
87 0.0019146084625694046
88 0.0017231476163124641
89 0.0019146084625694046
90 0.0019146084625694046
91 0.002106069308826345
92 0.0022975301550832855
93 0.0022975301550832855
94 0.002488991001340226
95 0.0026804518475971664
96 0.002488991001340226
97 0.002488991001340226
98 0.002488991001340226
99 0.0026804518475971664
100 0.002488991001340226
101 0.002488991001340226
102 0.002488991001340226
103 0.002488991001340226
104 0.002488991001340226
105 0.0026804518475971664
106 0.0026804518475971664
107 0.0026804518475971664
108 0.0034462952326249283
109 0.0034462952326249283
110 0.0034462952326249283
111 0.004595060310166571
112 0.0044035994639096306
113 0.005169442848937392
114 0.006509668772735976
115 0.006701129618992916
116 0.007658433850277618
117 0.0080413555427915
118 0.008998659774076202
119 0.008807198927819261
120 0.009190120620333142
121 0.009764503159103963
122 0.010530346544131725
123 0.011870572467930308
124 0.01263641585295807
125 0.013593720084242773
126 0.015316867700555237
127 0.01684855447061076
128 0.018380241240666284
129 0.02144361478077733
130 0.023166762397089796
131 0.025847214244686962
132 0.027187440168485545
133 0.028336205246027188
134 0.030633735401110473
135 0.03159103963239517
136 0.035228795711277044
137 0.03886655179015891
138 0.04001531686770055
139 0.04135554279149914
140 0.04422745548535324
141 0.04671644648669347
142 0.047482289871721234
143 0.049588359180547575
144 0.05226881102814474
145 0.054183419490714146
146 0.057629714723339075
147 0.0591614014933946
148 0.05973578403216542
149 0.05973578403216542
150 0.06031016657093624
151 0.06126747080222095
152 0.06701129618992915
153 0.07064905226881103
154 0.07256366073138043
155 0.07390388665517901
156 0.07869040781160253
157 0.08175378135171357
158 0.08462569404556768
159 0.08654030250813709
160 0.08960367604824813
161 0.09056098027953284
162 0.0922841278958453
163 0.09553896228221329
164 0.09841087497606739
165 0.10109132682366456
166 0.10166570936243538
167 0.10472908290254643
168 0.10492054374880337
169 0.10434616121003255
170 0.10798391728891442
171 0.10970706490522689
172 0.11143021252153934
173 0.11487650775416428
174 0.11621673367796286
175 0.11621673367796286
176 0.11717403790924756
177 0.12119471568064331
178 0.12234348075818495
179 0.12483247175952518
180 0.1263641585295807
181 0.12770438445337928
182 0.13210798391728892
183 0.1334482098410875
184 0.13861765269002488
185 0.1420639479226498
186 0.14551024315527475
187 0.1476163124641011
188 0.1476163124641011
189 0.14838215584912887
190 0.1504882251579552
191 0.154317442083094
192 0.15584912885314953
193 0.16082711085582999
194 0.16484778862722574
195 0.16331610185717021
196 0.16637947539728126
197 0.17059161401493395
198 0.17346352670878806
199 0.17633543940264215
200 0.17710128278766993
201 0.18016465632778098
202 0.18093049971280872
203 0.1813134214053226
204 0.1845682557916906
205 0.1883974727168294
206 0.19031208117939882
207 0.18992915948688494
208 0.18801455102431552
209 0.1887803944093433
210 0.18935477694811412
211 0.1939498372582807
212 0.19854489756844726
213 0.20199119280107217
214 0.2002680451847597
215 0.20371434041738465
216 0.20907524411257897
217 0.21367030442274554
218 0.21654221711659966
219 0.22017997319548152
220 0.22209458165805093
221 0.22132873827302316
222 0.22190312081179397
223 0.22592379858318973
224 0.22554087689067587
225 0.2270725636607314
226 0.22898717212330078
227 0.22688110281447443
228 0.23300784989469653
229 0.2395175186674325
230 0.24315527474631438
231 0.24717595251771013
232 0.24928202182653647
233 0.2511966302891059
234 0.2521539345203906
235 0.25713191652307105
236 0.2617269768332376
237 0.263641585295807
238 0.2653647329121195
239 0.27091709745357073
240 0.2690024889910013
241 0.2707256366073138
242 0.27225732337736935
243 0.2707256366073138
244 0.2726402450698832
245 0.27819260961133446
246 0.2812559831514455
247 0.28508520007658433
248 0.2866168868466399
249 0.2919777905418342
250 0.29657285085200075
251 0.30040206777713957
252 0.3038483630097645
253 0.30174229370093814
254 0.3028910587784798
255 0.30269959793222284
256 0.30269959793222284
257 0.3044227455485353
258 0.30920926670495885
259 0.3138043270151254
260 0.31878230901780585
261 0.31878230901780585
262 0.3218456825579169
263 0.32069691748037527
264 0.32050545663411834
265 0.31878230901780585
266 0.32069691748037527
267 0.3235688301742294
268 0.3235688301742294
269 0.324717595251771
270 0.324717595251771
271 0.3256748994830557
272 0.32835535133065286
273 0.32873827302316677
274 0.3318016465632778
275 0.33390771587210416
276 0.33658816771970135
277 0.33582232433467357
278 0.34328929733869423
279 0.3436722190312081
280 0.3482672793413747
281 0.34711851426383306
282 0.3484587401876316
283 0.3519050354202566
284 0.3565000957304231
285 0.35764886080796476
286 0.35573425234539535
287 0.35573425234539535
288 0.35841470419299254
289 0.35994639096304804
290 0.3605207735018189
291 0.36358414704192993
292 0.3626268428106452
293 0.3649243729657285
294 0.3676048248133257
295 0.37085965919969366
296 0.37449741527857555
297 0.3714340417384645
298 0.3758376412023741
299 0.37775224966494353
300 0.38062416235879765
301 0.3771778671261727
302 0.37966685812751294
303 0.38311315336013785
304 0.38253877082136706
305 0.379475397281256
306 0.3773693279724296
307 0.3766034845874019
308 0.376220562894888
309 0.38139000574382537
310 0.382730231667624
311 0.38502776182270726
312 0.38847405705533217
313 0.38828259620907524
314 0.38847405705533217
315 0.3974727168294084
316 0.3965154125981237
317 0.3993873252919778
318 0.3980470993681792
319 0.40245069883208884
320 0.40111047290829027
321 0.40264215967834577
322 0.4032165422171166
323 0.4003446295232625
324 0.4032165422171166
325 0.40627991575722766
326 0.4047482289871721
327 0.40876890675856786
328 0.40723721998851237
329 0.40953475014359564
330 0.40857744591231093
331 0.41010913268236643
332 0.41202374114493584
333 0.41585295807007466
334 0.41853340991767185
335 0.4208309400727551
336 0.4258089220754356
337 0.42542600038292167
338 0.42389431361286617
339 0.4235113919203523
340 0.4225540876890676
341 0.4240857744591231
342 0.4258089220754356
343 0.4286808347692897
344 0.4302125215393452
345 0.4319356691556577
346 0.43327589507945624
347 0.4349990426957687
348 0.43691365115833813
349 0.4363392686195673
350 0.43595634692705343
351 0.4346161210032548
352 0.43365881677197016
353 0.43787095538962284
354 0.4409343289297339
355 0.44399770246984493
356 0.44840130193375455
357 0.44514646754738657
358 0.4415087114685047
359 0.44495500670112964
360 0.44552938923990043
361 0.44935860616503925
362 0.44993298870381004
363 0.4549109707064905
364 0.45835726593911547
365 0.4585487267853724
366 0.4595060310166571
367 0.46084625694045567
368 0.4600804135554279
369 0.456634118322803
370 0.45739996170783076
371 0.4595060310166571
372 0.4658242389431361
373 0.4704192992533027
374 0.47578020294849704
375 0.48018380241240666
376 0.48439594103005934
377 0.48573616695385796
378 0.48458740187631627
379 0.47960941987363587
380 0.4788435764886081
381 0.48248133256748993
382 0.47673750717978175
383 0.479035037334865
384 0.48190695002871914
385 0.48439594103005934
386 0.4865020103388857
387 0.4799923415661497
388 0.48477886272257326
389 0.48822515795519816
390 0.48803369710894123
391 0.49339460080413555
392 0.49760673942178824
393 0.49626651349798967
394 0.49875550449932987
395 0.5041164081945242
396 0.5025847214244687
397 0.5020103388856979
398 0.5029676431169826
399 0.504499329887038
400 0.5039249473482673
401 0.5037334865020103
402 0.504499329887038
403 0.5050737124258089
404 0.5066053991958644
405 0.504499329887038
406 0.5056480949645797
407 0.5098602335822324
408 0.5096687727359754
409 0.5161784415087115
410 0.5165613632012254
411 0.5188588933563086
412 0.5219222668964196
413 0.5230710319739613
414 0.5276660922841279
415 0.5251771012827877
416 0.5265173272065863
417 0.5267087880528432
418 0.5284319356691557
419 0.527283170591614
420 0.5311123875167528
421 0.5336013785180931
422 0.523836875358989
423 0.5265173272065863
424 0.524219797051503
425 0.523836875358989
426 0.5267087880528432
427 0.5301550832854681
428 0.5290063182079264
429 0.5246027187440169
430 0.5232624928202183
431 0.5200076584338503
432 0.5203905801263642
433 0.5261344055140724
434 0.5324526134405514
435 0.5343672219031208
436 0.5372391345969749
437 0.5420256557533984
438 0.5381964388282596
439 0.5362818303656902
440 0.5381964388282596
441 0.5376220562894888
442 0.5372391345969749
443 0.5366647520582041
444 0.5404939689833429
445 0.55006701129619
446 0.5494926287574191
447 0.5519816197587594
448 0.5533218456825579
449 0.5542791499138426
450 0.556193758376412
451 0.5558108366838982
452 0.5584912885314953
453 0.5630863488416619
454 0.5638521922266897
455 0.5680643308443424
456 0.562894887995405
457 0.5669155657668007
458 0.5724679303082519
459 0.5738081562320505
460 0.5774459123109325
461 0.5747654604633352
462 0.5757227646946199
463 0.5726593911545089
464 0.5688301742293701
465 0.5711277043844534
466 0.5726593911545089
467 0.5724679303082519
468 0.5730423128470228
469 0.5686387133831131
470 0.5709362435381964
471 0.575339843002106
472 0.578594677388474
473 0.5849128853149531
474 0.5835726593911545
475 0.5843385027761823
476 0.585295807007467
477 0.5845299636224393
478 0.5793605207735019
479 0.5860616503924947
480 0.5847214244686961
481 0.5889335630863488
482 0.5879762588550641
483 0.5862531112387517
484 0.5872104154700364
485 0.5831897376986406
486 0.5845299636224393
487 0.5893164847788627
488 0.591614014933946
489 0.5927627800114876
490 0.5941030059352862
491 0.5927627800114876
492 0.5960176143978556
493 0.5990809879379667
494 0.5983151445529389
495 0.6000382921692514
496 0.601187057246793
497 0.6006126747080222
498 0.604441891633161
499 0.6107600995596401
500 0.6090369519433276
501 0.6099942561746123
502 0.6073138043270151
503 0.604633352479418
504 0.601187057246793
505 0.5983151445529389
506 0.5937200842427723
507 0.5927627800114876
508 0.5942944667815432
509 0.5964005360903695
510 0.5931457017040015
511 0.5969749186291403
512 0.5971663794753973
513 0.597932222860425
514 0.5985066053991959
515 0.5994639096304806
516 0.6000382921692514
517 0.6050162741719318
518 0.6036760482481333
519 0.6050162741719318
520 0.6036760482481333
521 0.6067394217882442
522 0.6063565000957304
523 0.6050162741719318
524 0.6052077350181888
525 0.6080796477120429
526 0.6061650392494735
527 0.610951560405897
528 0.6057821175569597
529 0.6071223434807582
530 0.604824813325675
531 0.6086540302508137
532 0.6092284127895845
533 0.6096113344820984
534 0.6101857170208692
535 0.6086540302508137
536 0.6128661688684663
537 0.6136320122534942
538 0.6115259429446678
539 0.6134405514072372
540 0.6210989852575148
541 0.6199502201799731
542 0.6222477503350565
543 0.6214819069500287
544 0.6224392111813134
545 0.6184185334099177
546 0.6132490905609803
547 0.6143978556385219
548 0.6130576297147233
549 0.6078881868657859
550 0.6098027953283554
551 0.6117174037909248
552 0.6115259429446678
553 0.6103771778671262
554 0.614014933946008
555 0.6155466207160636
556 0.6159295424085774
557 0.620716063565001
558 0.6195672984874593
559 0.6191843767949454
560 0.617269768332376
561 0.6199502201799731
562 0.6241623587976259
563 0.6230135937200842
564 0.6264598889527092
565 0.6251196630289105
566 0.6247367413363967
567 0.6268428106452231
568 0.6287574191077925
569 0.6323951751866743
570 0.6337354011104729
571 0.6343097836492437
572 0.636798774650584
573 0.6379475397281256
574 0.636798774650584
575 0.6375646180356117
576 0.6352670878805284
577 0.6352670878805284
578 0.6345012444955007
579 0.6327780968791882
580 0.6352670878805284
581 0.6285659582615355
582 0.6274171931839939
583 0.6262684281064522
584 0.6264598889527092
585 0.6314378709553896
586 0.6345012444955007
587 0.6356500095730423
588 0.6371816963430978
589 0.6312464101091326
590 0.6346927053417576
591 0.633352479417959
592 0.636798774650584
593 0.6433084434233199
594 0.6465632778096879
595 0.6463718169634309
596 0.6500095730423129
597 0.6452230518858894
598 0.6427340608845491
599 0.6446486693471185
600 0.6385219222668964
601 0.6413938349607505
602 0.6404365307294658
603 0.6423511391920352
604 0.6381390005743826
605 0.6348841661880146
606 0.6423511391920352
607 0.6442657476546046
608 0.6425426000382922
609 0.6427340608845491
610 0.6381390005743826
611 0.6438828259620908
612 0.6482864254260003
613 0.6480949645797435
614 0.6473291211947156
615 0.6459888952709171
616 0.6438828259620908
617 0.6436913651158338
618 0.6442657476546046
619 0.6477120428872296
620 0.6484778862722573
621 0.652881485736167
622 0.6547960941987364
623 0.6551790158912503
624 0.6565192418150488
625 0.6616886846639862
626 0.662454528049014
627 0.6601569978939307
628 0.6580509285851044
629 0.6574765460463335
630 0.6534558682749377
631 0.6517327206586253
632 0.6540302508137086
633 0.6567107026613057
634 0.6503924947348267
635 0.6515412598123683
636 0.6488608079647712
637 0.6486693471185143
638 0.6502010338885698
639 0.6519241815048823
640 0.6567107026613057
641 0.6597740762014168
642 0.6567107026613057
643 0.6507754164273406
644 0.6521156423511392
645 0.6570936243538197
646 0.6613057629714724
647 0.6628374497415278
648 0.662454528049014
649 0.6567107026613057
650 0.6565192418150488
651 0.6549875550449933
652 0.6555619375837641
653 0.6572850852000766
654 0.655944859276278
655 0.652498564043653
656 0.655944859276278
657 0.656136320122535
658 0.6582423894313613
659 0.6578594677388474
660 0.655944859276278
661 0.6641776756653265
662 0.6645605973578403
663 0.6680068925904652
664 0.668581275129236
665 0.6703044227455486
666 0.6708788052843193
667 0.6693471185142639
668 0.6697300402067777
669 0.6695385793605207
670 0.672027570361861
671 0.6726019529006318
672 0.675090943901972
673 0.6760482481332567
674 0.6808347692896802
675 0.6821749952134788
676 0.6756653264407428
677 0.6760482481332567
678 0.6831322994447635
679 0.6791116216733678
680 0.6802603867509094
681 0.6779628565958261
682 0.6724104920543749
683 0.675090943901972
684 0.6731763354394027
685 0.6729848745931457
686 0.6791116216733678
687 0.675090943901972
688 0.6704958835918055
689 0.6733677962856596
690 0.6659008232816389
691 0.6653264407428681
692 0.6649435190503542
693 0.6643691365115834
694 0.6681983534367222
695 0.6666666666666666
696 0.6645605973578403
697 0.6614972238177292
698 0.6609228412789585
699 0.6576680068925904
700 0.6614972238177292
