1 0.0003829216925138809
2 0.0003829216925138809
3 0.0009573042312847023
4 0.0013402259237985832
5 0.002488991001340226
6 0.0030633735401110473
7 0.003829216925138809
8 0.0044035994639096306
9 0.0047865211564235115
10 0.005935286233965154
11 0.007084051311506797
12 0.00861573808156232
13 0.008998659774076202
14 0.009573042312847023
15 0.010721807390388666
16 0.011487650775416428
17 0.01282787669921501
18 0.014359563469270534
19 0.014933946008041356
20 0.014933946008041356
21 0.015699789393069118
22 0.017422937009381582
23 0.018380241240666284
24 0.018380241240666284
25 0.02125215393452039
26 0.02125215393452039
27 0.023358223243346736
28 0.026230135937200843
29 0.027953283553513307
30 0.027953283553513307
31 0.030442274554853533
32 0.031782500478652116
33 0.03388856978747846
34 0.03350564809496458
35 0.03637756078881869
36 0.03829216925138809
37 0.04058969940647138
38 0.04135554279149914
39 0.04384453379283936
40 0.04480183802412407
41 0.047865211564235115
42 0.05054566341183228
43 0.05188588933563086
44 0.05265173272065862
45 0.053417576105686385
46 0.05475780202948497
47 0.05571510626076967
48 0.05973578403216542
49 0.061076009955964
50 0.06279915757227647
51 0.0672027570361861
52 0.0714148956538388
53 0.07275512157763737
54 0.0742868083476929
55 0.0742868083476929
56 0.07830748611908865
57 0.08539153743059544
58 0.08788052843193567
59 0.08845491097070649
60 0.08902929350947732
61 0.09113536281830366
62 0.09343289297338694
63 0.0961133448209841
64 0.09726210989852575
65 0.10089986597740762
66 0.10472908290254643
67 0.10511200459506032
68 0.10587784798008808
69 0.10836683898142829
70 0.11085582998276852
71 0.1135362818303657
72 0.11659965537047674
73 0.11851426383304614
74 0.12042887229561555
75 0.12138617652690024
76 0.12559831514455294
77 0.1278958452996362
78 0.13268236645605974
79 0.13268236645605974
80 0.1367030442274555
81 0.13880911353628184
82 0.13880911353628184
83 0.14608462569404557
84 0.1472333907715872
85 0.14838215584912887
86 0.1499138426191844
87 0.14972238177292743
88 0.1524028336205246
89 0.157572276469462
90 0.15986980662454528
91 0.16063565000957306
92 0.16465632778096878
93 0.16523071031973963
94 0.16676239708979515
95 0.16925138809113535
96 0.17288914417001724
97 0.1749952134788436
98 0.17786712617269768
99 0.17576105686387133
100 0.1759525177101283
101 0.17710128278766993
102 0.18016465632778098
103 0.18284510817537813
104 0.18571702086923225
105 0.18514263833046143
106 0.18495117748420448
107 0.18533409917671836
108 0.18590848171548918
109 0.19012062033314187
110 0.19203522879571128
111 0.1954815240283362
112 0.19950220179973197
113 0.19567298487459314
114 0.19777905418341948
115 0.20333141872487076
116 0.2077350181887804
117 0.2138617652690025
118 0.21424468696151636
119 0.21539345203905802
120 0.2182653647329121
121 0.2199885123492246
122 0.22037143404173845
123 0.2305188588933563
124 0.22937009381581466
125 0.23166762397089796
126 0.2318590848171549
127 0.23645414512732146
128 0.23779437105112006
129 0.24392111813134215
130 0.2437296572850852
131 0.2466015699789393
132 0.2511966302891059
133 0.2536856212904461
134 0.25291977790541836
135 0.2533026995979322
136 0.25521730806050164
137 0.25636607313804327
138 0.2607696726019529
139 0.26000382921692516
140 0.2644074286808348
141 0.2690024889910013
142 0.2716829408385985
143 0.27570361860999426
144 0.273214627608654
145 0.27225732337736935
146 0.26766226306720275
147 0.27130001914608465
148 0.2776182270725637
149 0.27551215776373733
150 0.2760865403025081
151 0.2751292360712234
152 0.27800114876507753
153 0.28240474822898715
154 0.2839364349990427
155 0.28604250430786904
156 0.2919777905418342
157 0.2944667815431744
158 0.2961899291594869
159 0.2977216159295424
160 0.2996362243921118
161 0.30403982385602146
162 0.3005935286233965
163 0.3044227455485353
164 0.30633735401110473
165 0.31495309209266703
166 0.3157189354776948
167 0.315144552938924
168 0.31686770055523644
169 0.3166762397089795
170 0.3164847788627226
171 0.32433467355925716
172 0.3218456825579169
173 0.3273980470993682
174 0.3281638904843959
175 0.331227264024507
176 0.33026995979322227
177 0.33007849894696534
178 0.33026995979322227
179 0.3308443423319931
180 0.3296955772544515
181 0.32931265556193756
182 0.3281638904843959
183 0.3251005169442849
184 0.3262492820218265
185 0.327972429638139
186 0.3306528814857362
187 0.33467355925713194
188 0.3392686195672985
189 0.3360137851809305
190 0.337545471950986
191 0.3411832280298679
192 0.3453953666475206
193 0.3455868274937775
194 0.3475014359563469
195 0.3507562703427149
196 0.3511391920352288
197 0.3494160444189163
198 0.35133065288148574
199 0.35037334865020103
200 0.3519050354202566
201 0.3610951560405897
202 0.35994639096304804
203 0.3572659391154509
204 0.3580317825004787
205 0.363392686195673
206 0.36128661688684666
207 0.3658816771970132
208 0.36741336396706875
209 0.3676048248133257
210 0.37181696343097836
211 0.3691365115833812
212 0.37066819835343673
213 0.3720084242772353
214 0.37296572850852
215 0.37411449358606164
216 0.3721998851234922
217 0.3695194332758951
218 0.3720084242772353
219 0.37507179781734634
220 0.37430595443231857
221 0.37430595443231857
222 0.3781351713574574
223 0.38043270151254066
224 0.37870955389622823
225 0.38119854489756844
226 0.38158146659008235
227 0.3844533792839364
228 0.38866551790158915
229 0.3903886655179016
230 0.3915374305954432
231 0.38751675282404746
232 0.3917288914417002
233 0.3951751866743251
234 0.4005360903695194
235 0.40015316867700557
236 0.40245069883208884
237 0.4009190120620333
238 0.40340800306337354
239 0.4035994639096305
240 0.40111047290829027
241 0.4009190120620333
242 0.4032165422171166
243 0.4055140723721999
244 0.4028336205246027
245 0.40589699406471375
246 0.4030250813708597
247 0.40436530729465825
248 0.4009190120620333
249 0.4028336205246027
250 0.40627991575722766
251 0.40781160252728316
252 0.40972621098985257
253 0.4127895845299636
254 0.40781160252728316
255 0.41106643691365113
256 0.4125981236837067
257 0.4170017231476163
258 0.4198736358414704
259 0.42427723530538003
260 0.42466015699789394
261 0.4292552173080605
262 0.4269576871529772
263 0.4240857744591231
264 0.4231284702278384
265 0.424468696151637
266 0.424468696151637
267 0.42657476546046336
268 0.4284893739230327
269 0.42619184376794944
270 0.42619184376794944
271 0.42887229561554663
272 0.43136128661688683
273 0.43519050354202565
274 0.4344246601569979
275 0.4349990426957687
276 0.4330844342331993
277 0.4363392686195673
278 0.43844533792839363
279 0.4417001723147616
280 0.44399770246984493
281 0.44323185908481716
282 0.44399770246984493
283 0.4420830940072755
284 0.4424660156997894
285 0.44744399770246984
286 0.4418916331610186
287 0.44380624162358795
288 0.44418916331610186
289 0.44514646754738657
290 0.44744399770246984
291 0.44591231093241435
292 0.4556768140915183
293 0.45739996170783076
294 0.4575914225540877
295 0.4506988320888378
296 0.4497415278575531
297 0.4489756844725254
298 0.45127321462760867
299 0.4541451273214628
300 0.45452804901397664
301 0.45644265747654605
302 0.45969749186291403
303 0.4591231093241432
304 0.4551024315527475
305 0.4551024315527475
306 0.4587401876316293
307 0.46065479609419874
308 0.4637181696343098
309 0.4658242389431361
310 0.46410109132682364
311 0.4623779437105112
312 0.4671644648669347
313 0.46965345586827495
314 0.47118514263833045
315 0.4688876124832472
316 0.46831322994447633
317 0.47022783840704574
318 0.47501435956346927
319 0.47673750717978175
320 0.4798008807198928
321 0.47750335056480947
322 0.47769481141106646
323 0.47578020294849704
324 0.47865211564235116
325 0.4794179590273789
326 0.4746314378709554
327 0.4788435764886081
328 0.47865211564235116
329 0.4830557151062608
330 0.4803752632586636
331 0.48382155849128855
332 0.4815240283362052
333 0.48190695002871914
334 0.48477886272257326
335 0.48822515795519816
336 0.48975684472525366
337 0.4859276278001149
338 0.4878422362626843
339 0.4878422362626843
340 0.49052268811028144
341 0.4939689833429064
342 0.49186291403408006
343 0.49186291403408006
344 0.4981811219605591
345 0.49952134788435765
346 0.4999042695768715
347 0.4999042695768715
348 0.49779820026804517
349 0.4999042695768715
350 0.5004786521156424
351 0.5010530346544132
352 0.49952134788435765
353 0.5043078690407812
354 0.504882251579552
355 0.5075627034271492
356 0.5052651732720659
357 0.5064139383496075
358 0.5090943901972047
359 0.5106260769672601
360 0.5121577637373157
361 0.5125406854298296
362 0.5190503542025656
363 0.514646754738656
364 0.5152211372774268
365 0.517710128278767
366 0.5251771012827877
367 0.5265173272065863
368 0.5269002488991001
369 0.5263258663603293
370 0.5366647520582041
371 0.5385793605207735
372 0.5378135171357458
373 0.5376220562894888
374 0.5368562129044611
375 0.5397281255983152
376 0.5395366647520582
377 0.539919586444572
378 0.5424085774459123
379 0.5448975684472526
380 0.5481524028336205
381 0.5487267853723914
382 0.5489182462186483
383 0.5470036377560789
384 0.5494926287574191
385 0.5548535324526135
386 0.556193758376412
387 0.5579169059927245
388 0.5596400536090369
389 0.5602144361478077
390 0.55944859276278
391 0.5558108366838982
392 0.5565766800689259
393 0.5573425234539536
394 0.5577254451464676
395 0.5558108366838982
396 0.5521730806050162
397 0.5519816197587594
398 0.5519816197587594
399 0.5554279149913842
400 0.5581083668389815
401 0.5602144361478077
402 0.5598315144552939
403 0.5644265747654604
404 0.5623205054566341
405 0.5632778096879189
406 0.5619375837641203
407 0.5722764694619951
408 0.5747654604633352
409 0.575531303848363
410 0.5778288340034463
411 0.5808922075435573
412 0.5776373731571893
413 0.5782117556959602
414 0.5797434424660157
415 0.5803178250047866
416 0.582040972621099
417 0.5877847980088072
418 0.5910396323951752
419 0.5883591805475781
420 0.5941030059352862
421 0.5944859276278002
422 0.5960176143978556
423 0.5895079456251197
424 0.5906567107026613
425 0.5904652498564044
426 0.591614014933946
427 0.5952517710128279
428 0.6002297530155083
429 0.6021443614780777
430 0.6034845874018763
431 0.6029102048631055
432 0.604441891633161
433 0.6042504307869041
434 0.6050162741719318
435 0.6069308826345012
436 0.6096113344820984
437 0.6105686387133831
438 0.6176526900248899
439 0.6224392111813134
440 0.6258855064139384
441 0.6241623587976259
442 0.6228221328738273
443 0.6232050545663412
444 0.620524602718744
445 0.6143978556385219
446 0.6134405514072372
447 0.6151636990235497
448 0.6157380815623205
449 0.6111430212521539
450 0.6147807773310358
451 0.6203331418724871
452 0.623779437105112
453 0.6268428106452231
454 0.6312464101091326
455 0.6306720275703619
456 0.6299061841853341
457 0.6232050545663412
458 0.6241623587976259
459 0.6247367413363967
460 0.6274171931839939
461 0.6295232624928202
462 0.6276086540302508
463 0.633352479417959
464 0.6312464101091326
465 0.6348841661880146
466 0.630289105877848
467 0.633543940264216
468 0.6318207926479035
469 0.6356500095730423
470 0.640053609036952
471 0.6389048439594103
472 0.6387133831131534
473 0.6389048439594103
474 0.6433084434233199
475 0.6421596783457783
476 0.6438828259620908
477 0.6417767566532644
478 0.6396706873444381
479 0.6394792264981811
480 0.6402450698832088
481 0.6417767566532644
482 0.6390963048056673
483 0.6425426000382922
484 0.6406279915757228
485 0.6373731571893547
486 0.6436913651158338
487 0.6396706873444381
488 0.6406279915757228
489 0.6394792264981811
490 0.6434999042695768
491 0.6396706873444381
492 0.6433084434233199
493 0.6396706873444381
494 0.6427340608845491
495 0.6477120428872296
496 0.6423511391920352
497 0.6421596783457783
498 0.6436913651158338
499 0.6477120428872296
500 0.6459888952709171
501 0.6515412598123683
502 0.6477120428872296
503 0.6490522688110282
504 0.6446486693471185
505 0.6469461995022018
506 0.6448401301933755
507 0.6450315910396324
508 0.6482864254260003
509 0.6509668772735976
510 0.6546046333524794
511 0.6538387899674517
512 0.6538387899674517
513 0.6534558682749377
514 0.6576680068925904
515 0.659199693662646
516 0.6599655370476738
517 0.6578594677388474
518 0.6567107026613057
519 0.6578594677388474
520 0.6586253111238751
521 0.6601569978939307
522 0.6569021635075627
523 0.6509668772735976
524 0.6498181121960559
525 0.6479035037334865
526 0.6542217116599656
527 0.6601569978939307
528 0.6618801455102431
529 0.6595826153551598
530 0.6609228412789585
531 0.6639862148190695
532 0.6582423894313613
533 0.6551790158912503
534 0.6574765460463335
535 0.6546046333524794
536 0.6540302508137086
537 0.652881485736167
538 0.6590082328163891
539 0.6597740762014168
540 0.6532644074286809
541 0.6567107026613057
542 0.659199693662646
543 0.6582423894313613
544 0.6618801455102431
545 0.6603484587401877
546 0.6647520582040972
547 0.6660922841278959
548 0.6659008232816389
549 0.6643691365115834
550 0.6674325100516945
551 0.6689641968217499
552 0.6714531878230902
553 0.671836109515604
554 0.671836109515604
555 0.6664752058204098
556 0.665517901589125
557 0.6611143021252154
558 0.6607313804327015
559 0.6601569978939307
560 0.6666666666666666
561 0.6681983534367222
562 0.6660922841278959
563 0.6699215010530346
564 0.6724104920543749
565 0.6712617269768333
566 0.6670495883591806
567 0.6716446486693471
568 0.6735592571319166
569 0.6706873444380624
570 0.6739421788244304
571 0.6747080222094581
572 0.672219031208118
573 0.668581275129236
574 0.6672410492054375
575 0.6689641968217499
576 0.6659008232816389
577 0.665517901589125
578 0.6670495883591806
579 0.6649435190503542
580 0.6645605973578403
581 0.6662837449741528
582 0.6676239708979513
583 0.6693471185142639
584 0.6666666666666666
585 0.6662837449741528
586 0.6672410492054375
587 0.6706873444380624
588 0.6714531878230902
589 0.6710702661305763
590 0.6670495883591806
591 0.6659008232816389
592 0.6676239708979513
593 0.6706873444380624
594 0.6800689259046525
595 0.6798774650583955
596 0.6758567872869998
597 0.6712617269768333
598 0.6741336396706873
599 0.6737507179781734
600 0.6737507179781734
601 0.675282404748229
602 0.6852383687535899
603 0.6829408385985066
604 0.6831322994447635
605 0.6856212904461038
606 0.691365115833812
607 0.6871529772161593
608 0.6852383687535899
609 0.6890675856787287
610 0.6888761248324717
611 0.6886846639862149
612 0.6871529772161593
613 0.6898334290637564
614 0.6883017422937009
615 0.6884932031399579
616 0.6869615163699023
617 0.6894505073712426
618 0.6831322994447635
619 0.6844725253685622
620 0.6873444380624162
621 0.6852383687535899
622 0.6890675856787287
623 0.6917480375263259
624 0.697874784606548
625 0.6951943327589508
626 0.6923224200650967
627 0.6907907332950411
628 0.6875358989086732
629 0.6904078116025273
630 0.6892590465249856
631 0.6875358989086732
632 0.6858127512923607
633 0.6808347692896802
634 0.6789201608271108
635 0.6817920735209649
636 0.6796860042121387
637 0.6837066819835343
638 0.6844725253685622
639 0.6837066819835343
640 0.6835152211372775
641 0.6884932031399579
642 0.6905992724487843
643 0.6934711851426383
644 0.6921309592188397
645 0.691365115833812
646 0.6921309592188397
647 0.6951943327589508
648 0.6951943327589508
649 0.6930882634501244
650 0.6927053417576106
651 0.694428489373923
652 0.6936626459888953
653 0.6844725253685622
654 0.684855447061076
655 0.6898334290637564
656 0.6961516369902355
657 0.6940455676814091
658 0.6898334290637564
659 0.684855447061076
660 0.6835152211372775
661 0.6800689259046525
662 0.6867700555236455
663 0.6934711851426383
664 0.6902163507562703
665 0.6896419682174996
666 0.6884932031399579
667 0.6858127512923607
668 0.6884932031399579
669 0.6898334290637564
670 0.6927053417576106
671 0.6921309592188397
672 0.6898334290637564
673 0.6898334290637564
674 0.691365115833812
675 0.6860042121386176
676 0.6930882634501244
677 0.6921309592188397
678 0.6894505073712426
679 0.6883017422937009
680 0.6869615163699023
681 0.6883017422937009
682 0.6867700555236455
683 0.6873444380624162
684 0.6890675856787287
685 0.6909821941412981
686 0.687918820601187
687 0.6953857936052077
688 0.6934711851426383
689 0.6930882634501244
690 0.6971089412215202
691 0.6936626459888953
692 0.6890675856787287
693 0.691556576680069
694 0.6835152211372775
695 0.6823664560597358
696 0.687918820601187
697 0.6892590465249856
698 0.6894505073712426
699 0.6894505073712426
700 0.6917480375263259
