1 0.0007658433850277618
2 0.0011487650775416428
3 0.0015316867700555237
4 0.002106069308826345
5 0.003254834386367988
6 0.00421213861765269
7 0.005743825387708214
8 0.006318207926479035
9 0.006318207926479035
10 0.0068925904652498565
11 0.009381581466590082
12 0.011679111621673368
13 0.013210798391728892
14 0.01627417193183994
15 0.017805858701895463
16 0.019529006318207927
17 0.02144361478077733
18 0.023549684089603676
19 0.026230135937200843
20 0.026613057629714724
21 0.02910204863105495
22 0.030250813708596593
23 0.03331418724870764
24 0.03465441317250622
25 0.03752632586636033
26 0.04001531686770055
27 0.044035994639096306
28 0.04633352479417959
29 0.04767375071797817
30 0.051694428489373924
31 0.05456634118322803
32 0.05705533218456826
33 0.05935286233965154
34 0.060501627417193185
35 0.06299061841853341
36 0.06509668772735976
37 0.0681600612674708
38 0.07179781734635267
39 0.07447826919394984
40 0.07677579934903313
41 0.07754164273406089
42 0.08213670304422746
43 0.08539153743059544
44 0.09056098027953284
45 0.09113536281830366
46 0.09458165805092858
47 0.09534750143595634
48 0.09668772735975494
49 0.09955964005360904
50 0.10472908290254643
51 0.10702661305762971
52 0.1074095347501436
53 0.109324143212713
54 0.11123875167528241
55 0.11277043844533793
56 0.11506796860042122
57 0.11851426383304614
58 0.12196055906567108
59 0.1273214627608654
60 0.12751292360712235
61 0.13000191460846258
62 0.13095921883974726
63 0.13287382730231667
64 0.1340225923798583
65 0.1401493394600804
66 0.1411066436913651
67 0.1420639479226498
68 0.14397855638521923
69 0.14417001723147616
70 0.14838215584912887
71 0.15010530346544132
72 0.15163699023549684
73 0.15604058969940648
74 0.15986980662454528
75 0.16312464101091326
76 0.16867700555236453
77 0.16867700555236453
78 0.1698257706299062
79 0.16925138809113535
80 0.17097453570744783
81 0.17288914417001724
82 0.17403790924755888
83 0.1793988129427532
84 0.18150488225157954
85 0.18322802986789202
86 0.18590848171548918
87 0.18916331610185716
88 0.19088646371816964
89 0.19299253302699598
90 0.19050354202565575
91 0.19433275895079458
92 0.19624736741336396
93 0.19758759333716255
94 0.20084242772353053
95 0.2044801838024124
96 0.20524602718744017
97 0.20505456634118321
98 0.20562894887995406
99 0.20754355734252344
100 0.20945816580509286
101 0.20964962665134979
102 0.2134788435764886
103 0.2148190695002872
104 0.21462760865403024
105 0.2176909821941413
106 0.22113727742676623
107 0.22190312081179397
108 0.2243921118131342
109 0.22362626842810646
110 0.2238177292743634
111 0.22822132873827303
112 0.2309017805858702
113 0.2309017805858702
114 0.23530538004977983
115 0.23683706681983535
116 0.24124066628374496
117 0.244304039823856
118 0.24889910013402258
119 0.2504307869040781
120 0.2531112387516753
121 0.2556002297530155
122 0.25770629906184184
123 0.2569404556768141
124 0.2617269768332376
125 0.26613057629714726
126 0.2674708022209458
127 0.2682366456059736
128 0.2691939498372583
129 0.269959793222286
130 0.2697683323760291
131 0.2691939498372583
132 0.27551215776373733
133 0.27800114876507753
134 0.27914991384261917
135 0.27570361860999426
136 0.27723530538004976
137 0.27972429638139
138 0.28183036569021636
139 0.2881485736166954
140 0.28527666092284126
141 0.28623396515412597
142 0.2873827302316676
143 0.28891441700172316
144 0.29216925138809113
145 0.2910204863105495
146 0.2929350947731189
147 0.29599846831322996
148 0.2977216159295424
149 0.30116791116216735
150 0.3038483630097645
151 0.3048056672410492
152 0.30882634501244494
153 0.311889718552556
154 0.31437870955389624
155 0.31686770055523644
156 0.3208883783266322
157 0.32854681217690984
158 0.3306528814857362
159 0.3323760291020486
160 0.32950411640819455
161 0.3298870381007084
162 0.3316101857170209
163 0.3335247941795903
164 0.32912119471568063
165 0.3262492820218265
166 0.3256748994830557
167 0.3252919777905418
168 0.3273980470993682
169 0.32778096879188207
170 0.32835535133065286
171 0.33007849894696534
172 0.3321845682557917
173 0.3350564809496458
174 0.33658816771970135
175 0.33658816771970135
176 0.3394600804135554
177 0.3385027761822707
178 0.34348075818495116
179 0.344055140723722
180 0.3450124449550067
181 0.3484587401876316
182 0.3507562703427149
183 0.3507562703427149
184 0.3545854872678537
185 0.35669155657668006
186 0.3580317825004787
187 0.35994639096304804
188 0.35994639096304804
189 0.3626268428106452
190 0.36377560788818686
191 0.36377560788818686
192 0.3630097645031591
193 0.36549875550449934
194 0.36703044227455484
195 0.3649243729657285
196 0.366647520582041
197 0.3685621290446104
198 0.3695194332758951
199 0.37296572850852
200 0.3723913459697492
201 0.37775224966494353
202 0.3773693279724296
203 0.37985831897376987
204 0.3785180930499713
205 0.3790924755887421
206 0.379283936434999
207 0.37890101474248516
208 0.37890101474248516
209 0.3808156232050546
210 0.38253877082136706
211 0.38502776182270726
212 0.38732529197779053
213 0.38407045759142255
214 0.3861765269002489
215 0.3842619184376795
216 0.38311315336013785
217 0.3844533792839364
218 0.3808156232050546
219 0.38139000574382537
220 0.38483630097645033
221 0.38215584912885314
222 0.38139000574382537
223 0.3823473099751101
224 0.3888569787478461
225 0.39115450890292935
226 0.3907715872104155
227 0.3903886655179016
228 0.3915374305954432
229 0.39364349990426956
230 0.38770821367030445
231 0.38598506605399197
232 0.38694237028527667
233 0.38828259620907524
234 0.38751675282404746
235 0.3924947348267279
236 0.39364349990426956
237 0.39268619567298485
238 0.39460080413555426
239 0.3965154125981237
240 0.39268619567298485
241 0.3970897951368945
242 0.3951751866743251
243 0.39919586444572086
244 0.40398238560214433
245 0.39862148190695
246 0.3978556385219223
247 0.4005360903695194
248 0.40149339460080413
249 0.39900440359946393
250 0.402067777139575
251 0.40340800306337354
252 0.4057055332184568
253 0.40608845491097073
254 0.411640819452422
255 0.4127895845299636
256 0.41049205437488034
257 0.408385985066054
258 0.40340800306337354
259 0.4066628374497415
260 0.4041738464484013
261 0.40608845491097073
262 0.4099176718361095
263 0.4127895845299636
264 0.4122152019911928
265 0.4154700363775608
266 0.4198736358414704
267 0.4189163316101857
268 0.4248516178441509
269 0.42657476546046336
270 0.42982959984683133
271 0.4282979130767758
272 0.43002106069308826
273 0.4302125215393452
274 0.4296381390005744
275 0.4302125215393452
276 0.43002106069308826
277 0.43078690407811604
278 0.4353819643882826
279 0.43787095538962284
280 0.43270151254068545
281 0.43710511200459506
282 0.4418916331610186
283 0.4401684855447061
284 0.4409343289297339
285 0.4485927627800115
286 0.44993298870381004
287 0.447061076009956
288 0.4462952326249282
289 0.44418916331610186
290 0.44667815431744207
291 0.4428489373923033
292 0.44667815431744207
293 0.44552938923990043
294 0.4461037717786713
295 0.4516561363201225
296 0.453379283936435
297 0.4552938923990044
298 0.4556768140915183
299 0.45644265747654605
300 0.45739996170783076
301 0.45127321462760867
302 0.45031591039632396
303 0.44935860616503925
304 0.4505073712425809
305 0.45280490139766416
306 0.45605973578403214
307 0.45931457017040017
308 0.45988895270917096
309 0.4585487267853724
310 0.4618035611717404
311 0.4591231093241432
312 0.45816580509285854
313 0.46084625694045567
314 0.4639096304805667
315 0.462952326249282
316 0.4675473865594486
317 0.46639862148190697
318 0.4652498564043653
319 0.46314378709553894
320 0.4665900823281639
321 0.46869615163699024
322 0.4673559257131917
323 0.4671644648669347
324 0.469461995022018
325 0.4708022209458166
326 0.47482289871721234
327 0.4761631246410109
328 0.47673750717978175
329 0.47769481141106646
330 0.47578020294849704
331 0.472716829408386
332 0.4778862722573234
333 0.47539728125598313
334 0.4778862722573234
335 0.48209841087497607
336 0.4815240283362052
337 0.4769289680260387
338 0.48382155849128855
339 0.4840130193375455
340 0.48535324526134405
341 0.48018380241240666
342 0.4842044801838024
343 0.4840130193375455
344 0.4832471759525177
345 0.4832471759525177
346 0.48248133256748993
347 0.4826727934137469
348 0.482289871721233
349 0.4840130193375455
350 0.4815240283362052
351 0.48726785372391346
352 0.48918246218648287
353 0.4893739230327398
354 0.49090560980279535
355 0.4928202182653647
356 0.49588359180547575
357 0.4949262875741911
358 0.5018188780394409
359 0.5056480949645797
360 0.5025847214244687
361 0.4972238177292744
362 0.5018188780394409
363 0.5071797817346353
364 0.5094773118897186
365 0.5110089986597741
366 0.5104346161210033
367 0.5100516944284894
368 0.5131150679686004
369 0.5142638330461421
370 0.5167528240474822
371 0.5201991192801072
372 0.5215393452039058
373 0.5215393452039058
374 0.5217308060501628
375 0.5198161975875933
376 0.523836875358989
377 0.5247941795902737
378 0.524219797051503
379 0.5156040589699407
380 0.5223051885889336
381 0.5203905801263642
382 0.5219222668964196
383 0.5198161975875933
384 0.5219222668964196
385 0.5246027187440169
386 0.5244112578977599
387 0.5200076584338503
388 0.5215393452039058
389 0.5280490139766417
390 0.5276660922841279
391 0.530538004977982
392 0.5276660922841279
393 0.5318782309017805
394 0.5297721615929543
395 0.5288148573616696
396 0.5326440742868084
397 0.5318782309017805
398 0.5353245261344055
399 0.5353245261344055
400 0.5366647520582041
401 0.5391537430595443
402 0.539919586444572
403 0.5376220562894888
404 0.5410683515221137
405 0.5389622822132873
406 0.5385793605207735
407 0.5381964388282596
408 0.5414512732146276
409 0.5443231859084817
410 0.5420256557533984
411 0.5427914991384262
412 0.5460463335247941
413 0.5496840896036761
414 0.553130384836301
415 0.5535133065288148
416 0.5523645414512732
417 0.5554279149913842
418 0.5560022975301551
419 0.5552364541451273
420 0.5542791499138426
421 0.5552364541451273
422 0.5552364541451273
423 0.5604058969940647
424 0.5604058969940647
425 0.5590656710702662
426 0.5609802795328356
427 0.5678728699980854
428 0.5653838789967451
429 0.5671070266130577
430 0.5726593911545089
431 0.5766800689259046
432 0.5780202948497032
433 0.5831897376986406
434 0.5812751292360713
435 0.5826153551598698
436 0.5831897376986406
437 0.5833811985448976
438 0.578594677388474
439 0.5791690599272449
440 0.5778288340034463
441 0.5795519816197587
442 0.5789775990809879
443 0.58510434616121
444 0.581849511774842
445 0.582040972621099
446 0.5877847980088072
447 0.5960176143978556
448 0.5937200842427723
449 0.5960176143978556
450 0.5881677197013211
451 0.5927627800114876
452 0.598123683706682
453 0.5992724487842236
454 0.6027187440168486
455 0.6053991958644457
456 0.6017614397855638
457 0.6000382921692514
458 0.6021443614780777
459 0.594868849320314
460 0.5954432318590848
461 0.598123683706682
462 0.6002297530155083
463 0.607696726019529
464 0.6067394217882442
465 0.6119088646371817
466 0.6117174037909248
467 0.6103771778671262
468 0.6132490905609803
469 0.6155466207160636
470 0.6147807773310358
471 0.6161210032548344
472 0.6163124641010913
473 0.6170783074861191
474 0.614206394792265
475 0.6155466207160636
476 0.6170783074861191
477 0.6203331418724871
478 0.6197587593337163
479 0.6232050545663412
480 0.6258855064139384
481 0.6233965154125981
482 0.6274171931839939
483 0.6266513497989661
484 0.6258855064139384
485 0.6232050545663412
486 0.6249282021826537
487 0.6256940455676814
488 0.6289488799540494
489 0.633352479417959
490 0.6348841661880146
491 0.6343097836492437
492 0.6358414704192993
493 0.636607313804327
494 0.640053609036952
495 0.6352670878805284
496 0.6364158529580701
497 0.6354585487267854
498 0.6352670878805284
499 0.6360329312655562
500 0.6312464101091326
501 0.6346927053417576
502 0.6360329312655562
503 0.633543940264216
504 0.6327780968791882
505 0.6375646180356117
506 0.6379475397281256
507 0.6390963048056673
508 0.6406279915757228
509 0.6369902354968409
510 0.633161018571702
511 0.6360329312655562
512 0.6352670878805284
513 0.6350756270342715
514 0.6394792264981811
515 0.6385219222668964
516 0.6385219222668964
517 0.6390963048056673
518 0.6362243921118131
519 0.6350756270342715
520 0.6377560788818687
521 0.6429255217308061
522 0.6488608079647712
523 0.6538387899674517
524 0.6459888952709171
525 0.6509668772735976
526 0.6536473291211947
527 0.6637947539728125
528 0.662454528049014
529 0.662454528049014
530 0.6618801455102431
531 0.6618801455102431
532 0.6645605973578403
533 0.6641776756653265
534 0.6607313804327015
535 0.6626459888952709
536 0.6681983534367222
537 0.6672410492054375
538 0.6647520582040972
539 0.6714531878230902
540 0.675282404748229
541 0.672027570361861
542 0.6659008232816389
543 0.6727934137468887
544 0.6735592571319166
545 0.6699215010530346
546 0.6712617269768333
547 0.675473865594486
548 0.6729848745931457
549 0.6689641968217499
550 0.6668581275129236
551 0.6674325100516945
552 0.6683898142829792
553 0.6651349798966112
554 0.6664752058204098
555 0.6674325100516945
556 0.6616886846639862
557 0.6666666666666666
558 0.6637947539728125
559 0.6703044227455486
560 0.6716446486693471
561 0.6731763354394027
562 0.6693471185142639
563 0.6678154317442083
564 0.6693471185142639
565 0.672219031208118
566 0.6710702661305763
567 0.6773884740570554
568 0.6773884740570554
569 0.678728699980854
570 0.6760482481332567
571 0.675282404748229
572 0.6743251005169443
573 0.671836109515604
574 0.6666666666666666
575 0.6668581275129236
576 0.6651349798966112
577 0.6659008232816389
578 0.671836109515604
579 0.6768140915182845
580 0.6762397089795137
581 0.6703044227455486
582 0.6704958835918055
583 0.6695385793605207
584 0.6672410492054375
585 0.6674325100516945
586 0.6691556576680069
587 0.6699215010530346
588 0.6701129618992916
589 0.6699215010530346
590 0.6724104920543749
591 0.6768140915182845
592 0.6724104920543749
593 0.6743251005169443
594 0.6739421788244304
595 0.6710702661305763
596 0.6716446486693471
597 0.6735592571319166
598 0.6714531878230902
599 0.6726019529006318
600 0.6689641968217499
601 0.6699215010530346
602 0.671836109515604
603 0.6779628565958261
604 0.6800689259046525
605 0.6827493777522496
606 0.6802603867509094
607 0.6817920735209649
608 0.6810262301359372
609 0.6810262301359372
610 0.6873444380624162
611 0.6850469079073329
612 0.6861956729848746
613 0.6883017422937009
614 0.6852383687535899
615 0.6904078116025273
616 0.6869615163699023
617 0.6871529772161593
618 0.6802603867509094
619 0.6863871338311315
620 0.6863871338311315
621 0.6883017422937009
622 0.6888761248324717
623 0.694428489373923
624 0.6961516369902355
625 0.6971089412215202
626 0.700938158146659
627 0.6980662454528049
628 0.6938541068351523
629 0.6955772544514647
630 0.6990235496840896
631 0.6988320888378327
632 0.7003637756078882
633 0.6992150105303465
634 0.6973004020677771
635 0.6904078116025273
636 0.6963430978364924
637 0.6902163507562703
638 0.6969174803752632
639 0.6984491671453188
640 0.7001723147616312
641 0.6907907332950411
642 0.6873444380624162
643 0.6825579169059928
644 0.6789201608271108
645 0.6773884740570554
646 0.678728699980854
647 0.6779628565958261
648 0.6823664560597358
649 0.6867700555236455
650 0.6837066819835343
651 0.6775799349033123
652 0.6762397089795137
653 0.6771970132107984
654 0.6838981428297913
655 0.6858127512923607
656 0.6833237602910205
657 0.6821749952134788
658 0.6817920735209649
659 0.6804518475971664
660 0.6789201608271108
661 0.6829408385985066
662 0.687918820601187
663 0.6890675856787287
664 0.6928968026038675
665 0.6951943327589508
666 0.6917480375263259
667 0.6925138809113536
668 0.6890675856787287
669 0.687918820601187
670 0.691173654987555
671 0.688110281447444
672 0.6921309592188397
673 0.6967260195290064
674 0.6955772544514647
675 0.6950028719126938
676 0.6875358989086732
677 0.6917480375263259
678 0.691365115833812
679 0.6950028719126938
680 0.6950028719126938
681 0.6961516369902355
682 0.6940455676814091
683 0.691173654987555
684 0.6909821941412981
685 0.6927053417576106
686 0.6950028719126938
687 0.694811411066437
688 0.6994064713766035
689 0.6955772544514647
690 0.6984491671453188
691 0.6917480375263259
692 0.6930882634501244
693 0.694428489373923
694 0.6936626459888953
695 0.6967260195290064
696 0.6999808539153743
697 0.6969174803752632
698 0.6852383687535899
699 0.6873444380624162
700 0.6950028719126938
