1 0.0009573042312847023
2 0.0015316867700555237
3 0.0019146084625694046
4 0.002488991001340226
5 0.002871912693854107
6 0.0034462952326249283
7 0.003829216925138809
8 0.00402067777139575
9 0.003829216925138809
10 0.00402067777139575
11 0.00402067777139575
12 0.00402067777139575
13 0.004595060310166571
14 0.005169442848937392
15 0.006318207926479035
16 0.007084051311506797
17 0.007084051311506797
18 0.007849894696534559
19 0.00861573808156232
20 0.008998659774076202
21 0.009381581466590082
22 0.008998659774076202
23 0.009190120620333142
24 0.008807198927819261
25 0.008998659774076202
26 0.009190120620333142
27 0.009955964005360904
28 0.010721807390388666
29 0.011104729082902547
30 0.011679111621673368
31 0.01263641585295807
32 0.012062033314187249
33 0.013210798391728892
34 0.013019337545471951
35 0.013785180930499713
36 0.013976641776756654
37 0.014359563469270534
38 0.014742485161784415
39 0.014933946008041356
40 0.01646563277809688
41 0.015699789393069118
42 0.01665709362435382
43 0.017422937009381582
44 0.018188780394409344
45 0.017805858701895463
46 0.018380241240666284
47 0.018954623779437105
48 0.018763162933180165
49 0.019146084625694046
50 0.019529006318207927
51 0.019720467164464867
52 0.02067777139574957
53 0.02067777139574957
54 0.021635075627034272
55 0.02144361478077733
56 0.02106069308826345
57 0.02106069308826345
58 0.02125215393452039
59 0.021635075627034272
60 0.022975301550832855
61 0.022592379858318974
62 0.023166762397089796
63 0.023549684089603676
64 0.02469844916714532
65 0.023549684089603676
66 0.024124066628374498
67 0.02469844916714532
68 0.0250813708596592
69 0.025847214244686962
70 0.026613057629714724
71 0.026421596783457783
72 0.027378901014742486
73 0.02852766609228413
74 0.028144744399770247
75 0.027953283553513307
76 0.02929350947731189
77 0.02986789201608271
78 0.030250813708596593
79 0.030825196247367414
80 0.031782500478652116
81 0.03254834386367988
82 0.032356883017422934
83 0.034845874018763164
84 0.03427149147999234
85 0.03446295232624928
86 0.034845874018763164
87 0.03714340417384645
88 0.037334865020103386
89 0.039058012636415854
90 0.039440934328929735
91 0.04058969940647138
92 0.04288722956155466
93 0.04346161210032548
94 0.044610377177867123
95 0.04518475971663795
96 0.04709936817920735
97 0.04556768140915183
98 0.047865211564235115
99 0.04939689833429064
100 0.05188588933563086
101 0.051694428489373924
102 0.0511200459506031
103 0.05054566341183228
104 0.05322611525942945
105 0.053417576105686385
106 0.053800497798200266
107 0.053800497798200266
108 0.05571510626076967
109 0.05648094964579743
110 0.056672410492054376
111 0.0582040972621099
112 0.05896994064713766
113 0.061076009955964
114 0.061841853340991765
115 0.060884549109707066
116 0.06356500095730423
117 0.06318207926479034
118 0.06547960941987363
119 0.06739421788244304
120 0.06777713957495692
121 0.06969174803752633
122 0.06988320888378327
123 0.06950028719126938
124 0.06911736549875551
125 0.0710319739613249
126 0.07064905226881103
127 0.0710319739613249
128 0.07179781734635267
129 0.07179781734635267
130 0.07275512157763737
131 0.07313804327015125
132 0.07371242580892208
133 0.07352096496266514
134 0.07409534750143595
135 0.07754164273406089
136 0.07869040781160253
137 0.07964771204288723
138 0.07869040781160253
139 0.07983917288914417
140 0.0800306337354011
141 0.08156232050545663
142 0.08290254642925522
143 0.08271108558299828
144 0.08347692896802604
145 0.08500861573808156
146 0.0871146850469079
147 0.08673176335439403
148 0.08654030250813709
149 0.08845491097070649
150 0.08864637181696343
151 0.08960367604824813
152 0.08768906758567872
153 0.09017805858701895
154 0.08902929350947732
155 0.08883783266322037
156 0.08807198927819261
157 0.08864637181696343
158 0.08902929350947732
159 0.08922075435573425
160 0.09113536281830366
161 0.09017805858701895
162 0.09056098027953284
163 0.08960367604824813
164 0.09094390197204671
165 0.0922841278958453
166 0.09400727551215776
167 0.09534750143595634
168 0.09534750143595634
169 0.09496457974344247
170 0.09362435381964389
171 0.09400727551215776
172 0.09285851043461613
173 0.09304997128087306
174 0.09573042312847023
175 0.0961133448209841
176 0.09726210989852575
177 0.09898525751483822
178 0.10051694428489374
179 0.09975110089986598
180 0.10109132682366456
181 0.10243155274746314
182 0.10338885697874785
183 0.10396323951751867
184 0.10472908290254643
185 0.10606930882634501
186 0.10511200459506032
187 0.1064522305188589
188 0.10721807390388666
189 0.1121960559065671
190 0.11487650775416428
191 0.11755695960176143
192 0.11889718552556003
193 0.12157763737315719
194 0.12023741144935861
195 0.11947156806433085
196 0.12100325483438637
197 0.12291786329695577
198 0.12368370668198353
199 0.12387516752824047
200 0.12483247175952518
201 0.12808730614589317
202 0.1301933754547195
203 0.13517135745739997
204 0.13861765269002488
205 0.13938349607505265
206 0.1424468696151637
207 0.141489565383879
208 0.14493586061650393
209 0.14704192992533027
210 0.1476163124641011
211 0.15010530346544132
212 0.15297721615929544
213 0.15355159869806626
214 0.15489182462186482
215 0.15910396323951753
216 0.16312464101091326
217 0.1665709362435382
218 0.16637947539728126
219 0.16829408385985067
220 0.17193183993873254
221 0.1726976833237603
222 0.17537813517135745
223 0.18054757802029486
224 0.18705724679303082
225 0.19031208117939882
226 0.19107792456442657
227 0.19624736741336396
228 0.19892781926096115
229 0.20141681026230135
230 0.20294849703235687
231 0.20486310549492628
232 0.20945816580509286
233 0.21443614780777331
234 0.21501053034654413
235 0.2138617652690025
236 0.21577637373157188
237 0.2205628948879954
238 0.21979705150296763
239 0.2247750335056481
240 0.22515795519816198
241 0.22783840704575914
242 0.23013593720084244
243 0.23358223243346735
244 0.23607122343480758
245 0.24392111813134215
246 0.24411257897759908
247 0.2460271874401685
248 0.2513880911353628
249 0.25674899483055713
250 0.26000382921692516
251 0.2601952900631821
252 0.263641585295807
253 0.2655561937583764
254 0.2672793413746889
255 0.269959793222286
256 0.2714914799923416
257 0.2793413746888761
258 0.27895845299636224
259 0.2822132873827302
260 0.28699980853915374
261 0.28853149530920924
262 0.28795711277043845
263 0.28508520007658433
264 0.2875741910779246
265 0.29082902546429257
266 0.2915948688493203
267 0.2998276852383688
268 0.2977216159295424
269 0.3025081370859659
270 0.30499712808730617
271 0.31074095347501435
272 0.31361286616886846
273 0.31495309209266703
274 0.3157189354776948
275 0.31686770055523644
276 0.3226115259429447
277 0.3208883783266322
278 0.32490905609802795
279 0.3281638904843959
280 0.327972429638139
281 0.3321845682557917
282 0.33295041164081945
283 0.3352479417959027
284 0.3369710894122152
285 0.3383113153360138
286 0.3429063756461804
287 0.34884166188014554
288 0.3519050354202566
289 0.35286233965154123
290 0.3534367221903121
291 0.35515986980662456
292 0.35669155657668006
293 0.3607122343480758
294 0.36281830365690215
295 0.36569021635075627
296 0.37066819835343673
297 0.37354011104729085
298 0.38253877082136706
299 0.382730231667624
300 0.389048439594103
301 0.38751675282404746
302 0.3917288914417002
303 0.39440934328929733
304 0.3984300210606931
305 0.4022592379858319
306 0.39862148190695
307 0.3993873252919778
308 0.40168485544706106
309 0.4045567681409152
310 0.4080030633735401
311 0.41202374114493584
312 0.4160444189163316
313 0.4198736358414704
314 0.4215967834577829
315 0.42542600038292167
316 0.4296381390005744
317 0.4282979130767758
318 0.4330844342331993
319 0.4349990426957687
320 0.43710511200459506
321 0.43767949454336585
322 0.44131725062224775
323 0.44572085008615736
324 0.44131725062224775
325 0.44380624162358795
326 0.4443806241623588
327 0.4478269193949837
328 0.4505073712425809
329 0.45644265747654605
330 0.45701704001531684
331 0.4612291786329696
332 0.4633352479417959
333 0.46697300402067776
334 0.4744399770246984
335 0.47731188971855254
336 0.47539728125598313
337 0.4794179590273789
338 0.4752058204097262
339 0.4784606547960942
340 0.47731188971855254
341 0.47731188971855254
342 0.48018380241240666
343 0.479035037334865
344 0.4807581849511775
345 0.4826727934137469
346 0.4868849320313996
347 0.4884166188014551
348 0.4935860616503925
349 0.4956921309592188
350 0.5002871912693854
351 0.5020103388856979
352 0.5056480949645797
353 0.5115833811985449
354 0.5148382155849129
355 0.5219222668964196
356 0.5276660922841279
357 0.530729465824239
358 0.5328355351330653
359 0.5374305954432319
360 0.5387708213670305
361 0.5397281255983152
362 0.5360903695194332
363 0.5358989086731764
364 0.5374305954432319
365 0.540111047290829
366 0.5424085774459123
367 0.5481524028336205
368 0.5454719509860234
369 0.5485353245261344
370 0.5479609419873636
371 0.5462377943710511
372 0.5471950986023358
373 0.5502584721424468
374 0.5540876890675857
375 0.5579169059927245
376 0.5584912885314953
377 0.55944859276278
378 0.5638521922266897
379 0.566149722381773
380 0.5680643308443424
381 0.565766800689259
382 0.5667241049205437
383 0.565766800689259
384 0.5688301742293701
385 0.569213095921884
386 0.5732337736932798
387 0.5768715297721616
388 0.5805092858510434
389 0.5816580509285851
390 0.5797434424660157
391 0.5782117556959602
392 0.5793605207735019
393 0.5764886080796477
394 0.5801263641585296
395 0.5814665900823281
396 0.5803178250047866
397 0.5874018763162934
398 0.5921883974727168
399 0.5879762588550641
400 0.5933371625502585
401 0.5898908673176335
402 0.5887421022400919
403 0.5914225540876891
404 0.5925713191652308
405 0.5927627800114876
406 0.5944859276278002
407 0.5962090752441126
408 0.5975493011679112
409 0.5986980662454529
410 0.6052077350181888
411 0.6061650392494735
412 0.6090369519433276
413 0.6111430212521539
414 0.6136320122534942
415 0.6151636990235497
416 0.6155466207160636
417 0.6103771778671262
418 0.6098027953283554
419 0.6115259429446678
420 0.6170783074861191
421 0.6147807773310358
422 0.6180356117174038
423 0.620716063565001
424 0.6258855064139384
425 0.6268428106452231
426 0.6210989852575148
427 0.620524602718744
428 0.6157380815623205
429 0.6134405514072372
430 0.6124832471759525
431 0.610951560405897
432 0.6052077350181888
433 0.6069308826345012
434 0.6105686387133831
435 0.6071223434807582
436 0.6099942561746123
437 0.6080796477120429
438 0.6096113344820984
439 0.6159295424085774
440 0.6134405514072372
441 0.6191843767949454
442 0.6235879762588551
443 0.6235879762588551
444 0.6220562894887995
445 0.6199502201799731
446 0.6232050545663412
447 0.6230135937200842
448 0.6230135937200842
449 0.6210989852575148
450 0.6197587593337163
451 0.6216733677962857
452 0.6270342714914799
453 0.6285659582615355
454 0.6241623587976259
455 0.6312464101091326
456 0.6245452804901398
457 0.633161018571702
458 0.633543940264216
459 0.6383304614206394
460 0.6419682174995214
461 0.6427340608845491
462 0.6404365307294658
463 0.6396706873444381
464 0.6360329312655562
465 0.6392877656519241
466 0.6362243921118131
467 0.6341183228029867
468 0.6385219222668964
469 0.6423511391920352
470 0.6387133831131534
471 0.6429255217308061
472 0.6364158529580701
473 0.6381390005743826
474 0.6345012444955007
475 0.6329695577254452
476 0.6360329312655562
477 0.6339268619567299
478 0.6350756270342715
479 0.6369902354968409
480 0.6345012444955007
481 0.6360329312655562
482 0.6417767566532644
483 0.6417767566532644
484 0.6404365307294658
485 0.6358414704192993
486 0.6375646180356117
487 0.6377560788818687
488 0.6369902354968409
489 0.6421596783457783
490 0.6459888952709171
491 0.6410109132682367
492 0.6408194524219797
493 0.6423511391920352
494 0.6410109132682367
495 0.6421596783457783
496 0.6410109132682367
497 0.6457974344246602
498 0.6479035037334865
499 0.6461803561171741
500 0.6503924947348267
501 0.652498564043653
502 0.6496266513497989
503 0.6482864254260003
504 0.6475205820409726
505 0.6450315910396324
506 0.6502010338885698
507 0.6482864254260003
508 0.6500095730423129
509 0.6500095730423129
510 0.6479035037334865
511 0.6463718169634309
512 0.6482864254260003
513 0.6546046333524794
514 0.6549875550449933
515 0.6578594677388474
516 0.6567107026613057
517 0.6580509285851044
518 0.6553704767375071
519 0.6540302508137086
520 0.6574765460463335
521 0.6569021635075627
522 0.6595826153551598
523 0.6553704767375071
524 0.6546046333524794
525 0.6486693471185143
526 0.6475205820409726
527 0.6532644074286809
528 0.6519241815048823
529 0.6549875550449933
530 0.6515412598123683
531 0.6513497989661114
532 0.6496266513497989
533 0.6505839555810836
534 0.6572850852000766
535 0.6614972238177292
536 0.6613057629714724
537 0.662454528049014
538 0.6576680068925904
539 0.6590082328163891
540 0.6643691365115834
541 0.6664752058204098
542 0.6735592571319166
543 0.6699215010530346
544 0.672027570361861
545 0.6739421788244304
546 0.6756653264407428
547 0.6764311698257707
548 0.6777713957495692
549 0.6779628565958261
550 0.6802603867509094
551 0.6808347692896802
552 0.6825579169059928
553 0.6827493777522496
554 0.6802603867509094
555 0.6777713957495692
556 0.6777713957495692
557 0.6819835343672219
558 0.6796860042121387
559 0.6825579169059928
560 0.6844725253685622
561 0.6871529772161593
562 0.6806433084434234
563 0.6831322994447635
564 0.6863871338311315
565 0.6823664560597358
566 0.6802603867509094
567 0.6819835343672219
568 0.6838981428297913
569 0.6831322994447635
570 0.6838981428297913
571 0.6825579169059928
572 0.6854298295998469
573 0.6894505073712426
574 0.6917480375263259
575 0.6984491671453188
576 0.6957687152977217
577 0.6936626459888953
578 0.694811411066437
579 0.6907907332950411
580 0.6860042121386176
581 0.684855447061076
582 0.684855447061076
583 0.6852383687535899
584 0.6852383687535899
585 0.6842810645223052
586 0.6860042121386176
587 0.684855447061076
588 0.687918820601187
589 0.684663986214819
590 0.6869615163699023
591 0.6909821941412981
592 0.6942370285276661
593 0.6963430978364924
594 0.694428489373923
595 0.6971089412215202
596 0.6904078116025273
597 0.6994064713766035
598 0.6984491671453188
599 0.6988320888378327
600 0.6963430978364924
601 0.6971089412215202
602 0.6928968026038675
603 0.691556576680069
604 0.691173654987555
605 0.6886846639862149
606 0.6938541068351523
607 0.6917480375263259
608 0.6976833237602911
609 0.6994064713766035
610 0.6973004020677771
611 0.6955772544514647
612 0.6982577062990618
613 0.6986406279915757
614 0.6971089412215202
615 0.7017040015316868
616 0.7034271491479992
617 0.7030442274554853
618 0.7007466973004021
619 0.694428489373923
620 0.6988320888378327
621 0.6942370285276661
622 0.697874784606548
623 0.6942370285276661
624 0.694811411066437
625 0.6967260195290064
626 0.6969174803752632
627 0.6976833237602911
628 0.6988320888378327
629 0.7018954623779438
630 0.6990235496840896
631 0.6961516369902355
632 0.694811411066437
633 0.6905992724487843
634 0.6890675856787287
635 0.6904078116025273
636 0.697874784606548
637 0.6959601761439785
638 0.6927053417576106
639 0.6890675856787287
640 0.6990235496840896
641 0.7005552364541451
642 0.6988320888378327
643 0.6961516369902355
644 0.6938541068351523
645 0.69461995022018
646 0.6934711851426383
647 0.6957687152977217
648 0.7001723147616312
649 0.6984491671453188
650 0.6999808539153743
651 0.7017040015316868
652 0.6994064713766035
653 0.6990235496840896
654 0.700938158146659
655 0.6994064713766035
656 0.6953857936052077
657 0.6984491671453188
658 0.6980662454528049
659 0.6971089412215202
660 0.69461995022018
661 0.6923224200650967
662 0.691365115833812
663 0.6905992724487843
664 0.6950028719126938
665 0.6940455676814091
666 0.6909821941412981
667 0.6988320888378327
668 0.697874784606548
669 0.7038100708405132
670 0.7024698449167145
671 0.6976833237602911
672 0.697874784606548
673 0.7020869232242006
674 0.6976833237602911
675 0.6967260195290064
676 0.6928968026038675
677 0.6961516369902355
678 0.6951943327589508
679 0.6907907332950411
680 0.6894505073712426
681 0.6890675856787287
682 0.6860042121386176
683 0.6831322994447635
684 0.6833237602910205
685 0.6871529772161593
686 0.6940455676814091
687 0.6930882634501244
688 0.6961516369902355
689 0.6932797242963814
690 0.6934711851426383
691 0.69461995022018
692 0.6971089412215202
693 0.6982577062990618
694 0.694811411066437
695 0.6976833237602911
696 0.6965345586827494
697 0.6957687152977217
698 0.6986406279915757
699 0.6950028719126938
700 0.6883017422937009
