1 0.0005743825387708214
2 0.0009573042312847023
3 0.0011487650775416428
4 0.0017231476163124641
5 0.0026804518475971664
6 0.0034462952326249283
7 0.00402067777139575
8 0.005360903695194333
9 0.006318207926479035
10 0.007849894696534559
11 0.0080413555427915
12 0.009190120620333142
13 0.010338885697874785
14 0.01225349416044419
15 0.013402259237985832
16 0.014551024315527475
17 0.015508328546812177
18 0.017805858701895463
19 0.019720467164464867
20 0.02048631054949263
21 0.022209458165805093
22 0.023549684089603676
23 0.0250813708596592
24 0.025847214244686962
25 0.027378901014742486
26 0.02910204863105495
27 0.030442274554853533
28 0.03197396132490905
29 0.03369710894122152
30 0.03580317825004786
31 0.039058012636415854
32 0.04039823856021443
33 0.041547003637756076
34 0.044035994639096306
35 0.04480183802412407
36 0.04614206394792265
37 0.04977982002680452
38 0.053800497798200266
39 0.05609802795328355
40 0.05782117556959602
41 0.05954432318590848
42 0.061841853340991765
43 0.06509668772735976
44 0.06605399195864446
45 0.06739421788244304
46 0.06854298295998468
47 0.07371242580892208
48 0.07581849511774842
49 0.07964771204288723
50 0.08175378135171357
51 0.08347692896802604
52 0.0874976067394218
53 0.08902929350947732
54 0.09209266704958836
55 0.09534750143595634
56 0.09630480566724105
57 0.10051694428489374
58 0.10243155274746314
59 0.10281447443997703
60 0.10568638713383113
61 0.10855829982768524
62 0.11238751675282405
63 0.11430212521539346
64 0.11564235113919204
65 0.11793988129427532
66 0.12062033314187248
67 0.1234922458357266
68 0.12770438445337928
69 0.12942753206969174
70 0.13134214053226115
71 0.13249090560980278
72 0.13210798391728892
73 0.13651158338119854
74 0.141489565383879
75 0.14665900823281638
76 0.14512732146276086
77 0.1485736166953858
78 0.15412598123683707
79 0.15718935477694812
80 0.15891250239326057
81 0.15967834577828835
82 0.1627417193183994
83 0.1604441891633161
84 0.16503924947348267
85 0.16791116216733679
86 0.17116599655370476
87 0.17442083094007277
88 0.17767566532644075
89 0.17901589125023934
90 0.17805858701895463
91 0.17920735209649627
92 0.18112196055906568
93 0.18571702086923225
94 0.18763162933180164
95 0.19241815048822516
96 0.19567298487459314
97 0.19758759333716255
98 0.2010338885697875
99 0.20237411449358605
100 0.2063947922649818
101 0.21405322611525943
102 0.21673367796285659
103 0.22017997319548152
104 0.22266896419682175
105 0.22726402450698832
106 0.23032739804709937
107 0.2328163890484396
108 0.23415661497223816
109 0.23645414512732146
110 0.23970897951368944
111 0.24315527474631438
112 0.2466015699789393
113 0.2527283170591614
114 0.25426000382921693
115 0.25808922075435575
116 0.2569404556768141
117 0.2575148382155849
118 0.2609611334482098
119 0.2621098985257515
120 0.26230135937200844
121 0.266896419682175
122 0.26957687152977217
123 0.27206586253111237
124 0.2724487842236263
125 0.273214627608654
126 0.27130001914608465
127 0.27627800114876505
128 0.27723530538004976
129 0.2810645223051886
130 0.2816389048439594
131 0.2820218265364733
132 0.28891441700172316
133 0.29331801646563277
134 0.29465824238943134
135 0.2937009381581467
136 0.2938923990044036
137 0.30040206777713957
138 0.30365690216350755
139 0.3048056672410492
140 0.3080605016274172
141 0.3084434233199311
142 0.3128470227838407
143 0.3164847788627226
144 0.3228029867892016
145 0.3245261344055141
146 0.31973961324909056
147 0.31629331801646565
148 0.3174420830940073
149 0.31820792647903506
150 0.3164847788627226
151 0.324717595251771
152 0.3273980470993682
153 0.3296955772544515
154 0.3298870381007084
155 0.33007849894696534
156 0.3333333333333333
157 0.33620524602718743
158 0.3421405322611526
159 0.3455868274937775
160 0.34271491479992344
161 0.34271491479992344
162 0.34616121003254835
163 0.34520390580126364
164 0.3436722190312081
165 0.3446295232624928
166 0.34520390580126364
167 0.3450124449550067
168 0.3446295232624928
169 0.3453953666475206
170 0.34788435764886083
171 0.35152211372774267
172 0.35515986980662456
173 0.3580317825004787
174 0.3614780777331036
175 0.36817920735209647
176 0.36932797242963816
177 0.36990235496840895
178 0.3695194332758951
179 0.37277426766226307
180 0.3758376412023741
181 0.3756461803561172
182 0.37354011104729085
183 0.37698640627991575
184 0.3783266322037143
185 0.38024124066628373
186 0.3854106835152211
187 0.38407045759142255
188 0.38866551790158915
189 0.38770821367030445
190 0.3894313612866169
191 0.3913459697491863
192 0.3903886655179016
193 0.38694237028527667
194 0.3932605782117557
195 0.4005360903695194
196 0.4009190120620333
197 0.39919586444572086
198 0.39728125598315145
199 0.40264215967834577
200 0.4032165422171166
201 0.40857744591231093
202 0.40953475014359564
203 0.4093432892973387
204 0.408385985066054
205 0.4103005935286234
206 0.41240666283744976
207 0.4150871146850469
208 0.41240666283744976
209 0.41049205437488034
210 0.41049205437488034
211 0.4108749760673942
212 0.4127895845299636
213 0.41489565383878996
214 0.41681026230135937
215 0.42006509668772735
216 0.42370285276660924
217 0.427723530538005
218 0.43251005169442847
219 0.42982959984683133
220 0.43346735592571317
221 0.43519050354202565
222 0.43423319931074095
223 0.4401684855447061
224 0.4392111813134214
225 0.4411257897759908
226 0.4461037717786713
227 0.44591231093241435
228 0.4480183802412407
229 0.45031591039632396
230 0.45108175378135174
231 0.44935860616503925
232 0.44840130193375455
233 0.44935860616503925
234 0.4505073712425809
235 0.4551024315527475
236 0.45835726593911547
237 0.46448401301933756
238 0.4709936817920735
239 0.4690790733295041
240 0.46965345586827495
241 0.47118514263833045
242 0.47022783840704574
243 0.46620716063565
244 0.462952326249282
245 0.4602718744016849
246 0.4675473865594486
247 0.47501435956346927
248 0.47635458548726783
249 0.47214244686961515
250 0.47214244686961515
251 0.47214244686961515
252 0.4755887421022401
253 0.4755887421022401
254 0.4732912119471568
255 0.475971663794754
256 0.4788435764886081
257 0.4734826727934138
258 0.4771204288722956
259 0.47922649818112195
260 0.4830557151062608
261 0.48477886272257326
262 0.48956538387899673
263 0.49052268811028144
264 0.4935860616503925
265 0.49684089603676046
266 0.49626651349798967
267 0.4930116791116217
268 0.49703235688301745
269 0.5002871912693854
270 0.5018188780394409
271 0.5033505648094965
272 0.5031591039632395
273 0.5039249473482673
274 0.5033505648094965
275 0.5089029293509477
276 0.5119663028910588
277 0.5117748420448018
278 0.5140723721998851
279 0.5142638330461421
280 0.5148382155849129
281 0.5121577637373157
282 0.5154125981236837
283 0.5173272065862531
284 0.5142638330461421
285 0.5188588933563086
286 0.5246027187440169
287 0.5318782309017805
288 0.5326440742868084
289 0.5336013785180931
290 0.5316867700555237
291 0.5282404748228987
292 0.5278575531303848
293 0.5257514838215585
294 0.5249856404365307
295 0.5219222668964196
296 0.5286233965154126
297 0.5311123875167528
298 0.5345586827493778
299 0.5353245261344055
300 0.5314953092092667
301 0.5288148573616696
302 0.5330269959793222
303 0.5351330652881485
304 0.5351330652881485
305 0.5360903695194332
306 0.5385793605207735
307 0.5427914991384262
308 0.5427914991384262
309 0.5454719509860234
310 0.5441317250622247
311 0.5462377943710511
312 0.5496840896036761
313 0.5519816197587594
314 0.5479609419873636
315 0.5508328546812177
316 0.5510243155274747
317 0.5493011679111621
318 0.5479609419873636
319 0.5450890292935094
320 0.5483438636798774
321 0.5408768906758568
322 0.5447061076009956
323 0.5525560022975301
324 0.5567681409151829
325 0.5521730806050162
326 0.5540876890675857
327 0.5479609419873636
328 0.5489182462186483
329 0.5487267853723914
330 0.5521730806050162
331 0.5517901589125024
332 0.5573425234539536
333 0.5529389239900441
334 0.5506413938349608
335 0.5544706107600995
336 0.556193758376412
337 0.5573425234539536
338 0.5542791499138426
339 0.5550449932988704
340 0.5571510626076968
341 0.5607888186865786
342 0.5600229753015509
343 0.559257131916523
344 0.559257131916523
345 0.5609802795328356
346 0.5600229753015509
347 0.5604058969940647
348 0.5619375837641203
349 0.562894887995405
350 0.565766800689259
351 0.5663411832280298
352 0.569213095921884
353 0.5713191652307104
354 0.5732337736932798
355 0.5697874784606548
356 0.5741910779245645
357 0.575531303848363
358 0.5715106260769672
359 0.5780202948497032
360 0.5774459123109325
361 0.575531303848363
362 0.5791690599272449
363 0.582232433467356
364 0.5841470419299253
365 0.5927627800114876
366 0.5906567107026613
367 0.5935286233965155
368 0.5929542408577446
369 0.5977407620141681
370 0.5964005360903695
371 0.5994639096304806
372 0.594868849320314
373 0.5960176143978556
374 0.60137851809305
375 0.6073138043270151
376 0.6096113344820984
377 0.6111430212521539
378 0.607696726019529
379 0.6063565000957304
380 0.6053991958644457
381 0.6025272831705916
382 0.6023358223243347
383 0.6078881868657859
384 0.6032931265556194
385 0.6031016657093624
386 0.6053991958644457
387 0.6092284127895845
388 0.6071223434807582
389 0.6094198736358415
390 0.6094198736358415
391 0.6113344820984109
392 0.6151636990235497
393 0.6193758376412024
394 0.6241623587976259
395 0.6256940455676814
396 0.6243538196438828
397 0.6220562894887995
398 0.6222477503350565
399 0.6245452804901398
400 0.6276086540302508
401 0.6278001148765078
402 0.6268428106452231
403 0.623970897951369
404 0.623970897951369
405 0.6260769672601952
406 0.6283744974152786
407 0.6306720275703619
408 0.630289105877848
409 0.6293318016465633
410 0.636607313804327
411 0.6421596783457783
412 0.6456059735784032
413 0.6419682174995214
414 0.6412023741144935
415 0.6385219222668964
416 0.6348841661880146
417 0.6356500095730423
418 0.6322037143404173
419 0.6345012444955007
420 0.6318207926479035
421 0.6410109132682367
422 0.6387133831131534
423 0.6450315910396324
424 0.6434999042695768
425 0.6454145127321462
426 0.6459888952709171
427 0.6486693471185143
428 0.6505839555810836
429 0.6540302508137086
430 0.6503924947348267
431 0.655753398430021
432 0.6542217116599656
433 0.6534558682749377
434 0.6459888952709171
435 0.652498564043653
436 0.6540302508137086
437 0.6484778862722573
438 0.6457974344246602
439 0.6419682174995214
440 0.6339268619567299
441 0.6373731571893547
442 0.6412023741144935
443 0.6381390005743826
444 0.6425426000382922
445 0.6457974344246602
446 0.6450315910396324
447 0.6413938349607505
448 0.6473291211947156
449 0.6509668772735976
450 0.6519241815048823
451 0.6547960941987364
452 0.6532644074286809
453 0.6507754164273406
454 0.6536473291211947
455 0.6519241815048823
456 0.65269002488991
457 0.6601569978939307
458 0.6632203714340418
459 0.6538387899674517
460 0.6574765460463335
461 0.6567107026613057
462 0.6630289105877848
463 0.6643691365115834
464 0.659391154508903
465 0.6628374497415278
466 0.659391154508903
467 0.6586253111238751
468 0.6636032931265556
469 0.6659008232816389
470 0.6636032931265556
471 0.6611143021252154
472 0.6613057629714724
473 0.6578594677388474
474 0.6576680068925904
475 0.6570936243538197
476 0.6549875550449933
477 0.6530729465824239
478 0.6436913651158338
479 0.6461803561171741
480 0.6471376603484588
481 0.6463718169634309
482 0.6469461995022018
483 0.6511583381198545
484 0.659199693662646
485 0.6611143021252154
486 0.6613057629714724
487 0.659199693662646
488 0.662454528049014
489 0.6601569978939307
490 0.6641776756653265
491 0.6636032931265556
492 0.6645605973578403
493 0.6678154317442083
494 0.6649435190503542
495 0.6657093624353819
496 0.6712617269768333
497 0.6691556576680069
498 0.6758567872869998
499 0.6762397089795137
500 0.6762397089795137
501 0.675282404748229
502 0.6766226306720275
503 0.6844725253685622
504 0.6844725253685622
505 0.6877273597549302
506 0.6812176909821941
507 0.6835152211372775
508 0.6838981428297913
509 0.6804518475971664
510 0.6892590465249856
511 0.687918820601187
512 0.6861956729848746
513 0.691173654987555
514 0.6927053417576106
515 0.6883017422937009
516 0.6875358989086732
517 0.6833237602910205
518 0.6808347692896802
519 0.684663986214819
520 0.6825579169059928
521 0.6816006126747081
522 0.6816006126747081
523 0.6890675856787287
524 0.6877273597549302
525 0.6888761248324717
526 0.6808347692896802
527 0.6804518475971664
528 0.6783457782883401
529 0.6812176909821941
530 0.684855447061076
531 0.6838981428297913
532 0.6842810645223052
533 0.6840896036760482
534 0.6810262301359372
535 0.6779628565958261
536 0.6768140915182845
537 0.6840896036760482
538 0.6819835343672219
539 0.6833237602910205
540 0.6812176909821941
541 0.6837066819835343
542 0.6863871338311315
543 0.6860042121386176
544 0.6825579169059928
545 0.6800689259046525
546 0.678728699980854
547 0.6808347692896802
548 0.6779628565958261
549 0.6783457782883401
550 0.6794945433658817
551 0.6854298295998469
552 0.6829408385985066
553 0.6838981428297913
554 0.684663986214819
555 0.6827493777522496
556 0.6844725253685622
557 0.6888761248324717
558 0.688110281447444
559 0.6904078116025273
560 0.6940455676814091
561 0.6950028719126938
562 0.6938541068351523
563 0.6928968026038675
564 0.6957687152977217
565 0.697874784606548
566 0.6927053417576106
567 0.6984491671453188
568 0.6965345586827494
569 0.6959601761439785
570 0.6934711851426383
571 0.6942370285276661
572 0.6999808539153743
573 0.7001723147616312
574 0.6995979322228604
575 0.6990235496840896
576 0.6953857936052077
577 0.691173654987555
578 0.6934711851426383
579 0.6890675856787287
580 0.6856212904461038
581 0.6812176909821941
582 0.6840896036760482
583 0.6835152211372775
584 0.6907907332950411
585 0.6886846639862149
586 0.6927053417576106
587 0.6936626459888953
588 0.69461995022018
589 0.6950028719126938
590 0.6863871338311315
591 0.6837066819835343
592 0.6766226306720275
593 0.6798774650583955
594 0.6861956729848746
595 0.6869615163699023
596 0.6850469079073329
597 0.6883017422937009
598 0.6875358989086732
599 0.684855447061076
600 0.6783457782883401
601 0.684855447061076
602 0.6865785946773885
603 0.6884932031399579
604 0.6884932031399579
605 0.6919394983725828
606 0.6900248899100134
607 0.6930882634501244
608 0.6936626459888953
609 0.6940455676814091
610 0.6938541068351523
611 0.691556576680069
612 0.6896419682174996
613 0.6942370285276661
614 0.6936626459888953
615 0.6927053417576106
616 0.6930882634501244
617 0.69461995022018
618 0.6951943327589508
619 0.6919394983725828
620 0.6917480375263259
621 0.6890675856787287
622 0.6904078116025273
623 0.6921309592188397
624 0.6950028719126938
625 0.6932797242963814
626 0.6976833237602911
627 0.6957687152977217
628 0.6934711851426383
629 0.691173654987555
630 0.6886846639862149
631 0.6814091518284511
632 0.6812176909821941
633 0.6871529772161593
634 0.6934711851426383
635 0.6896419682174996
636 0.6827493777522496
637 0.6852383687535899
638 0.6808347692896802
639 0.6802603867509094
640 0.6781543174420831
641 0.6808347692896802
642 0.6810262301359372
643 0.678537239134597
644 0.6789201608271108
645 0.6806433084434234
646 0.6773884740570554
647 0.6783457782883401
648 0.6837066819835343
649 0.684663986214819
650 0.6800689259046525
651 0.678537239134597
652 0.678537239134597
653 0.6802603867509094
654 0.6837066819835343
655 0.6883017422937009
656 0.6844725253685622
657 0.6796860042121387
658 0.6819835343672219
659 0.6794945433658817
660 0.6783457782883401
661 0.6766226306720275
662 0.6802603867509094
663 0.6808347692896802
664 0.6773884740570554
665 0.6800689259046525
666 0.6800689259046525
667 0.6802603867509094
668 0.6829408385985066
669 0.6791116216733678
670 0.6804518475971664
671 0.6831322994447635
672 0.6867700555236455
673 0.6783457782883401
674 0.6852383687535899
675 0.6865785946773885
676 0.6873444380624162
677 0.6925138809113536
678 0.6890675856787287
679 0.6974918629140341
680 0.6965345586827494
681 0.7047673750717978
682 0.7013210798391729
683 0.7038100708405132
684 0.7015125406854298
685 0.7036186099942562
686 0.7053417576105686
687 0.7038100708405132
688 0.7018954623779438
689 0.7017040015316868
690 0.6961516369902355
691 0.6936626459888953
692 0.6938541068351523
693 0.6905992724487843
694 0.6884932031399579
695 0.688110281447444
696 0.694811411066437
697 0.6959601761439785
698 0.6938541068351523
699 0.6923224200650967
700 0.6898334290637564
