1 0.00019146084625694046
2 0.00019146084625694046
3 0.0003829216925138809
4 0.0003829216925138809
5 0.0005743825387708214
6 0.0005743825387708214
7 0.0005743825387708214
8 0.0005743825387708214
9 0.0005743825387708214
10 0.0003829216925138809
11 0.0005743825387708214
12 0.0005743825387708214
13 0.0005743825387708214
14 0.0005743825387708214
15 0.0005743825387708214
16 0.0005743825387708214
17 0.0005743825387708214
18 0.0005743825387708214
19 0.0005743825387708214
20 0.0005743825387708214
21 0.0005743825387708214
22 0.0007658433850277618
23 0.0005743825387708214
24 0.0005743825387708214
25 0.0005743825387708214
26 0.0003829216925138809
27 0.0007658433850277618
28 0.0009573042312847023
29 0.0011487650775416428
30 0.0015316867700555237
31 0.0013402259237985832
32 0.0017231476163124641
33 0.0017231476163124641
34 0.0017231476163124641
35 0.0019146084625694046
36 0.0019146084625694046
37 0.002106069308826345
38 0.002106069308826345
39 0.0022975301550832855
40 0.002871912693854107
41 0.0026804518475971664
42 0.0026804518475971664
43 0.002488991001340226
44 0.002871912693854107
45 0.003829216925138809
46 0.0047865211564235115
47 0.005743825387708214
48 0.006509668772735976
49 0.006701129618992916
50 0.006701129618992916
51 0.008807198927819261
52 0.010530346544131725
53 0.01225349416044419
54 0.015508328546812177
55 0.01665709362435382
56 0.020103388856978748
57 0.02431552747463144
58 0.026038675090943902
59 0.030825196247367414
60 0.03350564809496458
61 0.035228795711277044
62 0.03867509094390197
63 0.04097262109898526
64 0.04231284702278384
65 0.044993298870381004
66 0.047482289871721234
67 0.04767375071797817
68 0.049205437488033694
69 0.05131150679686004
70 0.05399195864445721
71 0.05743825387708214
72 0.061076009955964
73 0.06471376603484587
74 0.06758567872869999
75 0.06892590465249857
76 0.0714148956538388
77 0.0752441125789776
78 0.07735018188780395
79 0.08022209458165805
80 0.08213670304422746
81 0.08405131150679686
82 0.0871146850469079
83 0.08979513689450508
84 0.09324143212713
85 0.09668772735975494
86 0.09668772735975494
87 0.1003254834386368
88 0.10070840513115067
89 0.10377177867126172
90 0.10894122152019912
91 0.10913268236645605
92 0.11162167336779628
93 0.11411066436913651
94 0.1154508902929351
95 0.1164081945242198
96 0.11717403790924756
97 0.12234348075818495
98 0.12444955006701129
99 0.1278958452996362
100 0.13000191460846258
101 0.13325674899483056
102 0.1357457399961708
103 0.1367030442274555
104 0.13995787861382347
105 0.14072372199885125
106 0.1424468696151637
107 0.1462760865403025
108 0.15067968600421214
109 0.15182845108175377
110 0.157572276469462
111 0.1604441891633161
112 0.15910396323951753
113 0.16101857170208692
114 0.16446486693471185
115 0.16695385793605208
116 0.1688684663986215
117 0.1723147616312464
118 0.17729274363392686
119 0.1759525177101283
120 0.1759525177101283
121 0.17920735209649627
122 0.1813134214053226
123 0.18284510817537813
124 0.18495117748420448
125 0.18916331610185716
126 0.19280107218073905
127 0.19509860233582232
128 0.1987363584147042
129 0.20390580126364158
130 0.20524602718744017
131 0.20964962665134979
132 0.21003254834386367
133 0.2129044610377178
134 0.2129044610377178
135 0.22132873827302316
136 0.22420065096687727
137 0.2234348075818495
138 0.22554087689067587
139 0.22917863296955773
140 0.23530538004977983
141 0.23779437105112006
142 0.24124066628374496
143 0.2469844916714532
144 0.25100516944284895
145 0.2523453953666475
146 0.2502393260578212
147 0.2536856212904461
148 0.2601952900631821
149 0.26000382921692516
150 0.2626842810645223
151 0.26230135937200844
152 0.2659391154508903
153 0.2670878805284319
154 0.26938541068351524
155 0.2716829408385985
156 0.2735975493011679
157 0.27723530538004976
158 0.27914991384261917
159 0.2778096879188206
160 0.2816389048439594
161 0.2816389048439594
162 0.28374497415278577
163 0.28527666092284126
164 0.29140340800306336
165 0.29504116408194525
166 0.2971472333907716
167 0.30021060693088264
168 0.3034654413172506
169 0.3028910587784798
170 0.3015508328546812
171 0.2986789201608271
172 0.30269959793222284
173 0.30978364924372964
174 0.3115067968600421
175 0.315144552938924
176 0.31533601378518095
177 0.3180164656327781
178 0.32146276086540304
179 0.3252919777905418
180 0.32912119471568063
181 0.331227264024507
182 0.32912119471568063
183 0.32912119471568063
184 0.3298870381007084
185 0.3321845682557917
186 0.33582232433467357
187 0.337545471950986
188 0.33543940264215966
189 0.33658816771970135
190 0.3369710894122152
191 0.3388856978747846
192 0.3398430021060693
193 0.334290637564618
194 0.3367796285659583
195 0.3383113153360138
196 0.3436722190312081
197 0.3463526708788053
198 0.35381964388282594
199 0.35381964388282594
200 0.35669155657668006
201 0.35669155657668006
202 0.3587976258855064
203 0.3572659391154509
204 0.3597549301167911
205 0.36473291211947156
206 0.3695194332758951
207 0.36645605973578405
208 0.3712425808922075
209 0.37296572850852
210 0.37411449358606164
211 0.37296572850852
212 0.37258280681600614
213 0.3748803369710894
214 0.37641202374114496
215 0.37545471950986026
216 0.3781351713574574
217 0.3808156232050546
218 0.3856021443614781
219 0.3871338311315336
220 0.38694237028527667
221 0.3844533792839364
222 0.38311315336013785
223 0.3833046142063948
224 0.38675090943901974
225 0.38502776182270726
226 0.3898142829791308
227 0.3896228221328738
228 0.39364349990426956
229 0.3951751866743251
230 0.39900440359946393
231 0.40245069883208884
232 0.40340800306337354
233 0.4028336205246027
234 0.40149339460080413
235 0.4032165422171166
236 0.40685429829599845
237 0.408385985066054
238 0.40857744591231093
239 0.4112578977599081
240 0.4074286808347693
241 0.4074286808347693
242 0.40876890675856786
243 0.40723721998851237
244 0.40532261152594296
245 0.4064713766034846
246 0.4070457591422554
247 0.4137468887612483
248 0.4137468887612483
249 0.4177675665326441
250 0.4187248707639288
251 0.41661880145510244
252 0.4189163316101857
253 0.4215967834577829
254 0.42293700938158146
255 0.42619184376794944
256 0.4282979130767758
257 0.43002106069308826
258 0.4296381390005744
259 0.43002106069308826
260 0.4311698257706299
261 0.43136128661688683
262 0.434041738464484
263 0.4365307294658242
264 0.4407428680834769
265 0.44055140723721997
266 0.4428489373923033
267 0.43882825962090755
268 0.4411257897759908
269 0.4409343289297339
270 0.4409343289297339
271 0.4392111813134214
272 0.4443806241623588
273 0.44476354585487266
274 0.44648669347118514
275 0.4443806241623588
276 0.44304039823856023
277 0.44840130193375455
278 0.44840130193375455
279 0.4497415278575531
280 0.4495500670112962
281 0.44993298870381004
282 0.4495500670112962
283 0.45031591039632396
284 0.44840130193375455
285 0.4497415278575531
286 0.45835726593911547
287 0.4639096304805667
288 0.46448401301933756
289 0.4656327780968792
290 0.46429255217308063
291 0.4656327780968792
292 0.4665900823281639
293 0.46773884740570554
294 0.4698449167145319
295 0.47635458548726783
296 0.4755887421022401
297 0.47405705533218456
298 0.47673750717978175
299 0.47635458548726783
300 0.47769481141106646
301 0.47578020294849704
302 0.4813325674899483
303 0.4840130193375455
304 0.4817154891824622
305 0.48535324526134405
306 0.4826727934137469
307 0.4884166188014551
308 0.48822515795519816
309 0.48975684472525366
310 0.4945433658816772
311 0.48956538387899673
312 0.49626651349798967
313 0.5041164081945242
314 0.5075627034271492
315 0.5087114685046908
316 0.5067968600421214
317 0.5090943901972047
318 0.5083285468121769
319 0.5104346161210033
320 0.511391920352288
321 0.5096687727359754
322 0.5083285468121769
323 0.507945625119663
324 0.5096687727359754
325 0.504882251579552
326 0.5064139383496075
327 0.5087114685046908
328 0.5067968600421214
329 0.5066053991958644
330 0.5052651732720659
331 0.5069883208883783
332 0.5077541642734061
333 0.5092858510434616
334 0.5100516944284894
335 0.5169442848937392
336 0.5171357457399962
337 0.5186674325100517
338 0.5133065288148574
339 0.5156040589699407
340 0.5157955198161975
341 0.5163699023549684
342 0.5201991192801072
343 0.5182845108175378
344 0.5217308060501628
345 0.5226881102814475
346 0.5196247367413364
347 0.520964962665135
348 0.5228795711277043
349 0.5219222668964196
350 0.5255600229753016
351 0.5236454145127322
352 0.5226881102814475
353 0.5303465441317251
354 0.530729465824239
355 0.5360903695194332
356 0.54317442083094
357 0.5416427340608846
358 0.5424085774459123
359 0.5447061076009956
360 0.5508328546812177
361 0.553130384836301
362 0.5533218456825579
363 0.5542791499138426
364 0.5563852192226689
365 0.5515986980662455
366 0.5493011679111621
367 0.5533218456825579
368 0.5588742102240092
369 0.5600229753015509
370 0.5615546620716063
371 0.5582998276852383
372 0.5565766800689259
373 0.5648094964579743
374 0.5697874784606548
375 0.5684472525368562
376 0.5682557916905993
377 0.569213095921884
378 0.569213095921884
379 0.5703618609994257
380 0.5728508520007658
381 0.5707447826919395
382 0.5734252345395366
383 0.5761056863871339
384 0.5736166953857936
385 0.5835726593911545
386 0.5831897376986406
387 0.5808922075435573
388 0.5856787286999808
389 0.5889335630863488
390 0.588550641393835
391 0.5952517710128279
392 0.5954432318590848
393 0.598123683706682
394 0.5971663794753973
395 0.5900823281638905
396 0.5841470419299253
397 0.5889335630863488
398 0.5879762588550641
399 0.5939115450890293
400 0.5960176143978556
401 0.6002297530155083
402 0.5994639096304806
403 0.6025272831705916
404 0.604633352479418
405 0.6042504307869041
406 0.6027187440168486
407 0.5990809879379667
408 0.598123683706682
409 0.5969749186291403
410 0.5994639096304806
411 0.5960176143978556
412 0.5964005360903695
413 0.5969749186291403
414 0.5975493011679112
415 0.5896994064713766
416 0.5910396323951752
417 0.5985066053991959
418 0.6034845874018763
419 0.6042504307869041
420 0.6082711085582998
421 0.6055906567107027
422 0.604441891633161
423 0.6073138043270151
424 0.6069308826345012
425 0.6069308826345012
426 0.6061650392494735
427 0.6059735784032165
428 0.6002297530155083
429 0.6019529006318208
430 0.6042504307869041
431 0.6019529006318208
432 0.610951560405897
433 0.6121003254834386
434 0.6153551598698066
435 0.6157380815623205
436 0.6180356117174038
437 0.6195672984874593
438 0.6105686387133831
439 0.6149722381772927
440 0.6153551598698066
441 0.6178441508711469
442 0.6147807773310358
443 0.6136320122534942
444 0.6216733677962857
445 0.6253111238751675
446 0.6323951751866743
447 0.6268428106452231
448 0.6304805667241049
449 0.6281830365690216
450 0.6295232624928202
451 0.6262684281064522
452 0.6268428106452231
453 0.6289488799540494
454 0.6348841661880146
455 0.6320122534941605
456 0.6327780968791882
457 0.6379475397281256
458 0.6327780968791882
459 0.6381390005743826
460 0.6436913651158338
461 0.6448401301933755
462 0.6461803561171741
463 0.6425426000382922
464 0.6423511391920352
465 0.6408194524219797
466 0.6433084434233199
467 0.6457974344246602
468 0.6410109132682367
469 0.6429255217308061
470 0.6479035037334865
471 0.6509668772735976
472 0.6553704767375071
473 0.6477120428872296
474 0.6459888952709171
475 0.6482864254260003
476 0.6553704767375071
477 0.655944859276278
478 0.6484778862722573
479 0.6467547386559449
480 0.6517327206586253
481 0.6505839555810836
482 0.6547960941987364
483 0.6507754164273406
484 0.6515412598123683
485 0.6553704767375071
486 0.6511583381198545
487 0.6534558682749377
488 0.6567107026613057
489 0.6586253111238751
490 0.6578594677388474
491 0.6590082328163891
492 0.6670495883591806
493 0.6699215010530346
494 0.668772735975493
495 0.6651349798966112
496 0.6660922841278959
497 0.6678154317442083
498 0.671836109515604
499 0.6703044227455486
500 0.6710702661305763
501 0.6701129618992916
502 0.6695385793605207
503 0.6758567872869998
504 0.6760482481332567
505 0.675473865594486
506 0.6660922841278959
507 0.6622630672027571
508 0.6647520582040972
509 0.6632203714340418
510 0.6609228412789585
511 0.662454528049014
512 0.6649435190503542
513 0.6586253111238751
514 0.6595826153551598
515 0.6645605973578403
516 0.6666666666666666
517 0.6735592571319166
518 0.6714531878230902
519 0.6737507179781734
520 0.6739421788244304
521 0.675090943901972
522 0.6739421788244304
523 0.6712617269768333
524 0.6693471185142639
525 0.672219031208118
526 0.675282404748229
527 0.6775799349033123
528 0.6735592571319166
529 0.672027570361861
530 0.6664752058204098
531 0.6693471185142639
532 0.662454528049014
533 0.6674325100516945
534 0.6672410492054375
535 0.6643691365115834
536 0.6603484587401877
537 0.6620716063565001
538 0.6563277809687919
539 0.6630289105877848
540 0.6616886846639862
541 0.6645605973578403
542 0.6716446486693471
543 0.6636032931265556
544 0.672219031208118
545 0.6716446486693471
546 0.672027570361861
547 0.668581275129236
548 0.672219031208118
549 0.6748994830557151
550 0.6771970132107984
551 0.675090943901972
552 0.6814091518284511
553 0.6819835343672219
554 0.6798774650583955
555 0.6756653264407428
556 0.6729848745931457
557 0.6737507179781734
558 0.6758567872869998
559 0.6770055523645414
560 0.672027570361861
561 0.6701129618992916
562 0.6706873444380624
563 0.6699215010530346
564 0.6743251005169443
565 0.6806433084434234
566 0.6810262301359372
567 0.6814091518284511
568 0.6748994830557151
569 0.6794945433658817
570 0.6798774650583955
571 0.6804518475971664
572 0.6837066819835343
573 0.6825579169059928
574 0.6840896036760482
575 0.6819835343672219
576 0.6825579169059928
577 0.6869615163699023
578 0.6840896036760482
579 0.6896419682174996
580 0.6865785946773885
581 0.6814091518284511
582 0.6806433084434234
583 0.6816006126747081
584 0.6829408385985066
585 0.6860042121386176
586 0.6806433084434234
587 0.6819835343672219
588 0.6827493777522496
589 0.6816006126747081
590 0.684855447061076
591 0.6875358989086732
592 0.6884932031399579
593 0.6852383687535899
594 0.684855447061076
595 0.6930882634501244
596 0.7003637756078882
597 0.697874784606548
598 0.6957687152977217
599 0.6961516369902355
600 0.6886846639862149
601 0.688110281447444
602 0.6835152211372775
603 0.6875358989086732
604 0.6894505073712426
605 0.6886846639862149
606 0.6942370285276661
607 0.6942370285276661
608 0.697874784606548
609 0.6940455676814091
610 0.6927053417576106
611 0.6854298295998469
612 0.6925138809113536
613 0.6909821941412981
614 0.694811411066437
615 0.6923224200650967
616 0.6907907332950411
617 0.6875358989086732
618 0.6850469079073329
619 0.684663986214819
620 0.6871529772161593
621 0.691556576680069
622 0.6909821941412981
623 0.691556576680069
624 0.6904078116025273
625 0.684663986214819
626 0.6871529772161593
627 0.678728699980854
628 0.6823664560597358
629 0.6833237602910205
630 0.6840896036760482
631 0.6816006126747081
632 0.6800689259046525
633 0.684663986214819
634 0.6821749952134788
635 0.6804518475971664
636 0.6783457782883401
637 0.6731763354394027
638 0.6745165613632013
639 0.6821749952134788
640 0.691556576680069
641 0.6921309592188397
642 0.6898334290637564
643 0.6904078116025273
644 0.6907907332950411
645 0.6886846639862149
646 0.6898334290637564
647 0.6932797242963814
648 0.6850469079073329
649 0.6821749952134788
650 0.6794945433658817
651 0.6829408385985066
652 0.6837066819835343
653 0.6819835343672219
654 0.6852383687535899
655 0.684855447061076
656 0.6900248899100134
657 0.6917480375263259
658 0.6884932031399579
659 0.6867700555236455
660 0.6858127512923607
661 0.6884932031399579
662 0.6900248899100134
663 0.6873444380624162
664 0.6865785946773885
665 0.6814091518284511
666 0.678537239134597
667 0.6804518475971664
668 0.6835152211372775
669 0.6842810645223052
670 0.6925138809113536
671 0.684855447061076
672 0.6800689259046525
673 0.6833237602910205
674 0.6850469079073329
675 0.687918820601187
676 0.6909821941412981
677 0.6871529772161593
678 0.6869615163699023
679 0.6892590465249856
680 0.6871529772161593
681 0.6884932031399579
682 0.6919394983725828
683 0.6900248899100134
684 0.6904078116025273
685 0.6892590465249856
686 0.6856212904461038
687 0.6829408385985066
688 0.6892590465249856
689 0.6905992724487843
690 0.6875358989086732
691 0.6860042121386176
692 0.687918820601187
693 0.6873444380624162
694 0.6917480375263259
695 0.6850469079073329
696 0.6827493777522496
697 0.6766226306720275
698 0.6856212904461038
699 0.6867700555236455
700 0.6850469079073329
