1 0.0007658433850277618
2 0.0019146084625694046
3 0.002488991001340226
4 0.003254834386367988
5 0.0034462952326249283
6 0.00402067777139575
7 0.005169442848937392
8 0.006126747080222095
9 0.006509668772735976
10 0.0080413555427915
11 0.008807198927819261
12 0.010913268236645606
13 0.01244495500670113
14 0.013976641776756654
15 0.015316867700555237
16 0.0170400153168677
17 0.019337545471950986
18 0.02029484970323569
19 0.023741144935860617
20 0.0250813708596592
21 0.027570361860999426
22 0.030250813708596593
23 0.030442274554853533
24 0.03388856978747846
25 0.035228795711277044
26 0.03637756078881869
27 0.036951943327589505
28 0.03867509094390197
29 0.0421213861765269
30 0.04346161210032548
31 0.04518475971663795
32 0.04671644648669347
33 0.049205437488033694
34 0.05150296764311698
35 0.052460271874401686
36 0.05399195864445721
37 0.056289488799540495
38 0.057629714723339075
39 0.06260769672601953
40 0.06490522688110281
41 0.0672027570361861
42 0.06892590465249857
43 0.07218073903886656
44 0.07505265173272066
45 0.07735018188780395
46 0.07811602527283171
47 0.07983917288914417
48 0.0813708596591997
49 0.08251962473674133
50 0.08654030250813709
51 0.09094390197204671
52 0.09266704958835918
53 0.09496457974344247
54 0.09687918820601187
55 0.09955964005360904
56 0.10204863105494927
57 0.1064522305188589
58 0.10721807390388666
59 0.10855829982768524
60 0.11008998659774076
61 0.11411066436913651
62 0.11813134214053227
63 0.11985448975684472
64 0.12272640245069884
65 0.1263641585295807
66 0.1305762971472334
67 0.13191652307103197
68 0.1344055140723722
69 0.1376603484587402
70 0.13957495692130958
71 0.14168102623013593
72 0.1434041738464484
73 0.14397855638521923
74 0.14589316484778864
75 0.14704192992533027
76 0.14799923415661498
77 0.15201991192801073
78 0.15623205054566341
79 0.15795519816197587
80 0.15891250239326057
81 0.15891250239326057
82 0.1614014933946008
83 0.1636990235496841
84 0.1656136320122535
85 0.16867700555236453
86 0.17116599655370476
87 0.17576105686387133
88 0.1784415087114685
89 0.18016465632778098
90 0.18054757802029486
91 0.1797817346352671
92 0.18705724679303082
93 0.19050354202565575
94 0.19126938541068353
95 0.19375837641202373
96 0.19624736741336396
97 0.2006509668772736
98 0.2054374880336971
99 0.20371434041738465
100 0.2063947922649818
101 0.20945816580509286
102 0.21175569596017615
103 0.2148190695002872
104 0.21615929542408577
105 0.2196055906567107
106 0.2205628948879954
107 0.22362626842810646
108 0.22783840704575914
109 0.22688110281447443
110 0.2295615546620716
111 0.23109324143212712
112 0.23319931074095349
113 0.234730997511009
114 0.24028336205246026
115 0.24009190120620333
116 0.24296381390005745
117 0.24909056098027954
118 0.25100516944284895
119 0.2550258472142447
120 0.25713191652307105
121 0.2592379858318974
122 0.26230135937200844
123 0.26383304614206393
124 0.26498181121960557
125 0.2659391154508903
126 0.26842810645223053
127 0.27015125406854296
128 0.2749377752249665
129 0.273214627608654
130 0.273214627608654
131 0.27474631437870956
132 0.27838407045759145
133 0.28183036569021636
134 0.2822132873827302
135 0.28623396515412597
136 0.2875741910779246
137 0.28853149530920924
138 0.2910204863105495
139 0.2961899291594869
140 0.29465824238943134
141 0.29791307677579937
142 0.30021060693088264
143 0.3025081370859659
144 0.30633735401110473
145 0.30882634501244494
146 0.3122726402450699
147 0.30997511008998657
148 0.3128470227838407
149 0.3170591614014934
150 0.3176335439402642
151 0.3170591614014934
152 0.3191652307103197
153 0.3218456825579169
154 0.3245261344055141
155 0.32069691748037527
156 0.3298870381007084
157 0.33486502010338887
158 0.3333333333333333
159 0.331227264024507
160 0.3323760291020486
161 0.334290637564618
162 0.3327589507945625
163 0.33026995979322227
164 0.33103580317825004
165 0.3333333333333333
166 0.3394600804135554
167 0.3394600804135554
168 0.34328929733869423
169 0.3436722190312081
170 0.337736932797243
171 0.3398430021060693
172 0.3421405322611526
173 0.3450124449550067
174 0.3497989661114302
175 0.3524794179590274
176 0.3497989661114302
177 0.35133065288148574
178 0.3534367221903121
179 0.34903312272640247
180 0.3497989661114302
181 0.3543940264215968
182 0.35841470419299254
183 0.35898908673176333
184 0.36224392111813136
185 0.3653072946582424
186 0.363392686195673
187 0.36645605973578405
188 0.36741336396706875
189 0.369710894122152
190 0.37296572850852
191 0.37162550258472143
192 0.3781351713574574
193 0.37890101474248516
194 0.3808156232050546
195 0.37890101474248516
196 0.3810070840513115
197 0.37870955389622823
198 0.3808156232050546
199 0.3829216925138809
200 0.38579360520773504
201 0.38579360520773504
202 0.3861765269002489
203 0.38847405705533217
204 0.38770821367030445
205 0.3856021443614781
206 0.3888569787478461
207 0.3878996745165614
208 0.38770821367030445
209 0.3846448401301934
210 0.3856021443614781
211 0.38502776182270726
212 0.3903886655179016
213 0.39383496075052654
214 0.3934520390580126
215 0.39555810836683897
216 0.401876316293318
217 0.4009190120620333
218 0.4064713766034846
219 0.4045567681409152
220 0.40340800306337354
221 0.40589699406471375
222 0.40436530729465825
223 0.4112578977599081
224 0.41393834960750525
225 0.41336396706873446
226 0.4135554279149914
227 0.41681026230135937
228 0.41910779245644264
229 0.4196821749952135
230 0.42140532261152597
231 0.42140532261152597
232 0.421213861765269
233 0.4231284702278384
234 0.4223626268428106
235 0.4217882443040398
236 0.4273406088454911
237 0.42887229561554663
238 0.43078690407811604
239 0.43231859084817154
240 0.4328929733869424
241 0.43327589507945624
242 0.4367221903120812
243 0.4367221903120812
244 0.43614780777331036
245 0.4353819643882826
246 0.43863679877465056
247 0.4418916331610186
248 0.4417001723147616
249 0.44591231093241435
250 0.44323185908481716
251 0.4428489373923033
252 0.44476354585487266
253 0.4478269193949837
254 0.4485927627800115
255 0.45261344055140723
256 0.45605973578403214
257 0.45223051885889337
258 0.45376220562894887
259 0.45644265747654605
260 0.45644265747654605
261 0.4610377177867126
262 0.45893164847788626
263 0.46448401301933756
264 0.4671644648669347
265 0.46601569978939306
266 0.4646754738655945
267 0.46697300402067776
268 0.4681217690982194
269 0.46965345586827495
270 0.4765460463335248
271 0.47405705533218456
272 0.4771204288722956
273 0.4734826727934138
274 0.4769289680260387
275 0.47826919394983725
276 0.4778862722573234
277 0.47578020294849704
278 0.47482289871721234
279 0.47960941987363587
280 0.48726785372391346
281 0.48899100134022594
282 0.49052268811028144
283 0.48956538387899673
284 0.48822515795519816
285 0.4884166188014551
286 0.48631054949262875
287 0.4930116791116217
288 0.4851617844150871
289 0.4874593145701704
290 0.4922458357265939
291 0.49186291403408006
292 0.4935860616503925
293 0.4955006701129619
294 0.488799540493969
295 0.48975684472525366
296 0.48994830557151064
297 0.4878422362626843
298 0.49052268811028144
299 0.4935860616503925
300 0.4926287574191078
301 0.49607505265173274
302 0.4922458357265939
303 0.49530920926670496
304 0.49339460080413555
305 0.4930116791116217
306 0.4922458357265939
307 0.4955006701129619
308 0.49588359180547575
309 0.498372582806816
310 0.49588359180547575
311 0.498372582806816
312 0.49339460080413555
313 0.4939689833429064
314 0.48918246218648287
315 0.48822515795519816
316 0.492054374880337
317 0.49186291403408006
318 0.4949262875741911
319 0.4991384261918438
320 0.5012444955006701
321 0.507945625119663
322 0.5117748420448018
323 0.5138809113536282
324 0.5129236071223435
325 0.514455293892399
326 0.5165613632012254
327 0.5215393452039058
328 0.5217308060501628
329 0.5175186674325101
330 0.5175186674325101
331 0.520773501818878
332 0.5188588933563086
333 0.5186674325100517
334 0.5182845108175378
335 0.5171357457399962
336 0.5161784415087115
337 0.5179015891250239
338 0.5232624928202183
339 0.5180930499712809
340 0.5169442848937392
341 0.5131150679686004
342 0.5156040589699407
343 0.5161784415087115
344 0.5133065288148574
345 0.5211564235113919
346 0.5188588933563086
347 0.520773501818878
348 0.5190503542025656
349 0.5190503542025656
350 0.5213478843576489
351 0.5234539536664752
352 0.5313038483630098
353 0.5320696917480375
354 0.5357074478269194
355 0.5366647520582041
356 0.5358989086731764
357 0.5311123875167528
358 0.5286233965154126
359 0.5288148573616696
360 0.5259429446678154
361 0.5282404748228987
362 0.5343672219031208
363 0.5364732912119472
364 0.5364732912119472
365 0.5374305954432319
366 0.540111047290829
367 0.543365881677197
368 0.54317442083094
369 0.5483438636798774
370 0.5483438636798774
371 0.5514072372199885
372 0.5529389239900441
373 0.5510243155274747
374 0.5496840896036761
375 0.5470036377560789
376 0.5523645414512732
377 0.55944859276278
378 0.5617461229178633
379 0.569404556768141
380 0.5699789393069118
381 0.5722764694619951
382 0.5678728699980854
383 0.5751483821558492
384 0.5718935477694811
385 0.5697874784606548
386 0.5728508520007658
387 0.5718935477694811
388 0.5722764694619951
389 0.5730423128470228
390 0.5738081562320505
391 0.5762971472333908
392 0.5764886080796477
393 0.5808922075435573
394 0.5845299636224393
395 0.5826153551598698
396 0.5801263641585296
397 0.5789775990809879
398 0.5780202948497032
399 0.578594677388474
400 0.5826153551598698
401 0.5812751292360713
402 0.5921883974727168
403 0.5921883974727168
404 0.5965919969366265
405 0.597932222860425
406 0.6004212138617653
407 0.5977407620141681
408 0.5992724487842236
409 0.6053991958644457
410 0.610951560405897
411 0.6136320122534942
412 0.6155466207160636
413 0.6151636990235497
414 0.6153551598698066
415 0.6180356117174038
416 0.6186099942561746
417 0.6111430212521539
418 0.6132490905609803
419 0.6107600995596401
420 0.6145893164847789
421 0.6130576297147233
422 0.6199502201799731
423 0.6216733677962857
424 0.6226306720275704
425 0.620524602718744
426 0.620524602718744
427 0.6226306720275704
428 0.6220562894887995
429 0.6247367413363967
430 0.6209075244112578
431 0.6287574191077925
432 0.6241623587976259
433 0.6251196630289105
434 0.6184185334099177
435 0.6220562894887995
436 0.6276086540302508
437 0.6322037143404173
438 0.6318207926479035
439 0.630097645031591
440 0.630097645031591
441 0.6247367413363967
442 0.620524602718744
443 0.6258855064139384
444 0.6297147233390772
445 0.6266513497989661
446 0.6291403408003063
447 0.6241623587976259
448 0.6249282021826537
449 0.6312464101091326
450 0.6316293318016466
451 0.6346927053417576
452 0.6278001148765078
453 0.6293318016465633
454 0.633161018571702
455 0.6387133831131534
456 0.6356500095730423
457 0.6358414704192993
458 0.6413938349607505
459 0.6440742868083477
460 0.6456059735784032
461 0.6459888952709171
462 0.6446486693471185
463 0.6463718169634309
464 0.6484778862722573
465 0.6461803561171741
466 0.6456059735784032
467 0.6444572085008615
468 0.6385219222668964
469 0.6385219222668964
470 0.6413938349607505
471 0.6392877656519241
472 0.6339268619567299
473 0.6392877656519241
474 0.6394792264981811
475 0.6419682174995214
476 0.6436913651158338
477 0.6402450698832088
478 0.6410109132682367
479 0.6484778862722573
480 0.6456059735784032
481 0.6417767566532644
482 0.6375646180356117
483 0.6406279915757228
484 0.6456059735784032
485 0.6417767566532644
486 0.6469461995022018
487 0.6450315910396324
488 0.6433084434233199
489 0.6473291211947156
490 0.6473291211947156
491 0.6417767566532644
492 0.640053609036952
493 0.6457974344246602
494 0.6488608079647712
495 0.6502010338885698
496 0.6429255217308061
497 0.6467547386559449
498 0.6484778862722573
499 0.65269002488991
500 0.6515412598123683
501 0.6511583381198545
502 0.6484778862722573
503 0.6536473291211947
504 0.6534558682749377
505 0.6538387899674517
506 0.6574765460463335
507 0.6567107026613057
508 0.6609228412789585
509 0.659199693662646
510 0.655944859276278
511 0.6599655370476738
512 0.6611143021252154
513 0.6634118322802987
514 0.6614972238177292
515 0.6645605973578403
516 0.6649435190503542
517 0.6674325100516945
518 0.6683898142829792
519 0.6697300402067777
520 0.6779628565958261
521 0.6825579169059928
522 0.678728699980854
523 0.6791116216733678
524 0.675090943901972
525 0.6741336396706873
526 0.6726019529006318
527 0.6695385793605207
528 0.6662837449741528
529 0.6662837449741528
530 0.6683898142829792
531 0.672219031208118
532 0.6739421788244304
533 0.6735592571319166
534 0.6714531878230902
535 0.6657093624353819
536 0.6710702661305763
537 0.6747080222094581
538 0.6727934137468887
539 0.6678154317442083
540 0.6695385793605207
541 0.6680068925904652
542 0.6674325100516945
543 0.6670495883591806
544 0.6649435190503542
545 0.6666666666666666
546 0.6716446486693471
547 0.6764311698257707
548 0.6806433084434234
549 0.6814091518284511
550 0.6802603867509094
551 0.6779628565958261
552 0.6737507179781734
553 0.6704958835918055
554 0.6798774650583955
555 0.6825579169059928
556 0.6816006126747081
557 0.6804518475971664
558 0.6758567872869998
559 0.6812176909821941
560 0.6823664560597358
561 0.6806433084434234
562 0.6831322994447635
563 0.6812176909821941
564 0.6770055523645414
565 0.6842810645223052
566 0.6775799349033123
567 0.6791116216733678
568 0.6823664560597358
569 0.6817920735209649
570 0.6850469079073329
571 0.6829408385985066
572 0.6808347692896802
573 0.6840896036760482
574 0.6842810645223052
575 0.6814091518284511
576 0.6886846639862149
577 0.6861956729848746
578 0.6892590465249856
579 0.684663986214819
580 0.6871529772161593
581 0.6844725253685622
582 0.6806433084434234
583 0.6840896036760482
584 0.6802603867509094
585 0.6768140915182845
586 0.6741336396706873
587 0.6748994830557151
588 0.6760482481332567
589 0.6748994830557151
590 0.6731763354394027
591 0.6770055523645414
592 0.6733677962856596
593 0.6741336396706873
594 0.6756653264407428
595 0.6779628565958261
596 0.684663986214819
597 0.684663986214819
598 0.678728699980854
599 0.6770055523645414
600 0.6760482481332567
601 0.678537239134597
602 0.6816006126747081
603 0.6827493777522496
604 0.6871529772161593
605 0.6865785946773885
606 0.6904078116025273
607 0.6909821941412981
608 0.6961516369902355
609 0.6986406279915757
610 0.6969174803752632
611 0.6973004020677771
612 0.6936626459888953
613 0.6919394983725828
614 0.6971089412215202
615 0.7003637756078882
616 0.7032356883017423
617 0.7057246793030825
618 0.7089795136894506
619 0.7103197396132491
620 0.7085965919969366
621 0.7078307486119089
622 0.707447826919395
623 0.6988320888378327
624 0.6984491671453188
625 0.6984491671453188
626 0.7047673750717978
627 0.6997893930691174
628 0.7047673750717978
629 0.7034271491479992
630 0.7020869232242006
631 0.6988320888378327
632 0.6984491671453188
633 0.6951943327589508
634 0.6957687152977217
635 0.6957687152977217
636 0.6969174803752632
637 0.6957687152977217
638 0.6971089412215202
639 0.700938158146659
640 0.6974918629140341
641 0.694811411066437
642 0.6967260195290064
643 0.6988320888378327
644 0.704192992533027
645 0.6980662454528049
646 0.6928968026038675
647 0.6886846639862149
648 0.6905992724487843
649 0.6875358989086732
650 0.6894505073712426
651 0.6902163507562703
652 0.6917480375263259
653 0.6892590465249856
654 0.688110281447444
655 0.6900248899100134
656 0.691556576680069
657 0.6921309592188397
658 0.6900248899100134
659 0.6938541068351523
660 0.6963430978364924
661 0.6940455676814091
662 0.6969174803752632
663 0.6955772544514647
664 0.6953857936052077
665 0.6942370285276661
666 0.69461995022018
667 0.6930882634501244
668 0.6934711851426383
669 0.6951943327589508
670 0.69461995022018
671 0.6921309592188397
672 0.694811411066437
673 0.6967260195290064
674 0.6959601761439785
675 0.6976833237602911
676 0.6925138809113536
677 0.6934711851426383
678 0.6953857936052077
679 0.6938541068351523
680 0.6950028719126938
681 0.6900248899100134
682 0.6883017422937009
683 0.6873444380624162
684 0.6852383687535899
685 0.6831322994447635
686 0.6850469079073329
687 0.6831322994447635
688 0.6863871338311315
689 0.6831322994447635
690 0.6884932031399579
691 0.6856212904461038
692 0.6796860042121387
693 0.6768140915182845
694 0.678728699980854
695 0.675473865594486
696 0.6691556576680069
697 0.6737507179781734
698 0.6789201608271108
699 0.6760482481332567
700 0.6793030825196248
