1 0.0009573042312847023
2 0.0019146084625694046
3 0.0017231476163124641
4 0.002871912693854107
5 0.00402067777139575
6 0.00421213861765269
7 0.005169442848937392
8 0.006126747080222095
9 0.0080413555427915
10 0.010530346544131725
11 0.011870572467930308
12 0.013402259237985832
13 0.014168102623013594
14 0.0170400153168677
15 0.019337545471950986
16 0.02106069308826345
17 0.023741144935860617
18 0.026230135937200843
19 0.026613057629714724
20 0.02910204863105495
21 0.032739804709936815
22 0.035228795711277044
23 0.03714340417384645
24 0.039440934328929735
25 0.041164081945242195
26 0.044418916331610186
27 0.04633352479417959
28 0.047865211564235115
29 0.04977982002680452
30 0.05131150679686004
31 0.053417576105686385
32 0.05609802795328355
33 0.05705533218456826
34 0.05858701895462378
35 0.06069308826345012
36 0.06203331418724871
37 0.06452230518858894
38 0.06490522688110281
39 0.06509668772735976
40 0.0652881485736167
41 0.06777713957495692
42 0.07026613057629714
43 0.07390388665517901
44 0.077158721041547
45 0.08041355542791499
46 0.08213670304422746
47 0.08500861573808156
48 0.0842427723530538
49 0.0874976067394218
50 0.0903695194332759
51 0.09285851043461613
52 0.09630480566724105
53 0.10013402259237986
54 0.10185717020869232
55 0.10415470036377561
56 0.10683515221137277
57 0.10836683898142829
58 0.11066436913651158
59 0.11602527283170591
60 0.11985448975684472
61 0.12062033314187248
62 0.11889718552556003
63 0.12119471568064331
64 0.12464101091326824
65 0.12674708022209458
66 0.12885314953092092
67 0.13115067968600422
68 0.13421405322611527
69 0.13612866168868468
70 0.1376603484587402
71 0.13900057438253877
72 0.13995787861382347
73 0.14263833046142063
74 0.1443614780777331
75 0.14704192992533027
76 0.15182845108175377
77 0.15297721615929544
78 0.15623205054566341
79 0.1614014933946008
80 0.16427340608845492
81 0.16867700555236453
82 0.16925138809113535
83 0.17001723147616313
84 0.17193183993873254
85 0.1732720658625311
86 0.17403790924755888
87 0.173654987555045
88 0.17346352670878806
89 0.17767566532644075
90 0.1826536473291212
91 0.18322802986789202
92 0.18495117748420448
93 0.18801455102431552
94 0.1845682557916906
95 0.1860999425617461
96 0.1878230901780586
97 0.19126938541068353
98 0.1931839938732529
99 0.19797051502967644
100 0.19816197587593337
101 0.20122534941604442
102 0.20313995787861383
103 0.20505456634118321
104 0.2063947922649818
105 0.2106069308826345
106 0.21367030442274554
107 0.2134788435764886
108 0.21577637373157188
109 0.21558491288531495
110 0.2176909821941413
111 0.2176909821941413
112 0.21845682557916907
113 0.2234348075818495
114 0.22649818112196055
115 0.22994447635458548
116 0.23166762397089796
117 0.23205054566341182
118 0.23224200650966878
119 0.23702852766609228
120 0.2389431361286617
121 0.23702852766609228
122 0.24181504882251578
123 0.24219797051502967
124 0.24755887421022402
125 0.24755887421022402
126 0.24889910013402258
127 0.2521539345203906
128 0.2527283170591614
129 0.2531112387516753
130 0.2548343863679877
131 0.2546429255217308
132 0.2565575339843002
133 0.2559831514455294
134 0.2559831514455294
135 0.26057821175569595
136 0.25866360329312654
137 0.2628757419107792
138 0.26479035037334864
139 0.26383304614206393
140 0.26574765460463334
141 0.2678537239134597
142 0.27034271491479994
143 0.2690024889910013
144 0.27283170591614014
145 0.273406088454911
146 0.2726402450698832
147 0.2753206969174804
148 0.2768523836875359
149 0.27742676622630674
150 0.2795328355351331
151 0.2810645223051886
152 0.2801072180739039
153 0.28336205246027185
154 0.2873827302316676
155 0.2935094773118897
156 0.29331801646563277
157 0.3009764503159104
158 0.2998276852383688
159 0.29753015508328545
160 0.302316676239709
161 0.3080605016274172
162 0.30920926670495885
163 0.31112387516752826
164 0.3155274746314379
165 0.3164847788627226
166 0.3199310740953475
167 0.32069691748037527
168 0.32242006509668775
169 0.3210798391728891
170 0.31973961324909056
171 0.31725062224775036
172 0.32203714340417383
173 0.32490905609802795
174 0.32318590848171547
175 0.32395175186674324
176 0.32586636032931265
177 0.3260578211755696
178 0.3281638904843959
179 0.32950411640819455
180 0.32854681217690984
181 0.3289297338694237
182 0.3256748994830557
183 0.32931265556193756
184 0.3289297338694237
185 0.334290637564618
186 0.337736932797243
187 0.33811985448975684
188 0.34194907141489567
189 0.3404173846448401
190 0.34711851426383306
191 0.3494160444189163
192 0.34903312272640247
193 0.3519050354202566
194 0.353628183036569
195 0.35515986980662456
196 0.353628183036569
197 0.3543940264215968
198 0.3605207735018189
199 0.3610951560405897
200 0.36186099942561745
201 0.35994639096304804
202 0.36224392111813136
203 0.3641585295807008
204 0.36894505073712425
205 0.3700938158146659
206 0.3720084242772353
207 0.37296572850852
208 0.37354011104729085
209 0.37411449358606164
210 0.3721998851234922
211 0.3704767375071798
212 0.3756461803561172
213 0.37641202374114496
214 0.37870955389622823
215 0.37794371051120046
216 0.37985831897376987
217 0.38158146659008235
218 0.38579360520773504
219 0.3856021443614781
220 0.38923990044035994
221 0.3917288914417002
222 0.39211181313421406
223 0.3905801263641585
224 0.3915374305954432
225 0.39115450890292935
226 0.39268619567298485
227 0.39440934328929733
228 0.39996170783074864
229 0.40589699406471375
230 0.402067777139575
231 0.4022592379858319
232 0.4037909247558874
233 0.4030250813708597
234 0.40111047290829027
235 0.4057055332184568
236 0.40627991575722766
237 0.41298104537622055
238 0.4135554279149914
239 0.41010913268236643
240 0.41106643691365113
241 0.41432127130001917
242 0.41336396706873446
243 0.4135554279149914
244 0.41757610568638714
245 0.4198736358414704
246 0.4215967834577829
247 0.4215967834577829
248 0.4260003829216925
249 0.42714914799923415
250 0.4282979130767758
251 0.42657476546046336
252 0.4235113919203523
253 0.42638330461420637
254 0.42542600038292167
255 0.421213861765269
256 0.4233199310740953
257 0.42714914799923415
258 0.42523453953666474
259 0.42427723530538003
260 0.4305954432318591
261 0.43097836492437297
262 0.4353819643882826
263 0.43155274746314376
264 0.43519050354202565
265 0.4363392686195673
266 0.43806241623587977
267 0.4424660156997894
268 0.4411257897759908
269 0.44323185908481716
270 0.44304039823856023
271 0.4434233199310741
272 0.4453379283936435
273 0.44476354585487266
274 0.44418916331610186
275 0.44935860616503925
276 0.447061076009956
277 0.45223051885889337
278 0.4547195098602336
279 0.45089029293509475
280 0.45931457017040017
281 0.4604633352479418
282 0.45969749186291403
283 0.46256940455676815
284 0.46544131725062227
285 0.46448401301933756
286 0.46601569978939306
287 0.46965345586827495
288 0.47309975110089986
289 0.47386559448592763
290 0.47156806433084436
291 0.47750335056480947
292 0.47960941987363587
293 0.4788435764886081
294 0.4794179590273789
295 0.48018380241240666
296 0.4815240283362052
297 0.4849703235688302
298 0.4851617844150871
299 0.48363009764503156
300 0.48286425426000384
301 0.4805667241049205
302 0.47731188971855254
303 0.4788435764886081
304 0.47731188971855254
305 0.48458740187631627
306 0.48918246218648287
307 0.488608079647712
308 0.4949262875741911
309 0.49684089603676046
310 0.4945433658816772
311 0.49779820026804517
312 0.49703235688301745
313 0.4964579743442466
314 0.4964579743442466
315 0.4972238177292744
316 0.4997128087306146
317 0.5010530346544132
318 0.5008615738081562
319 0.5008615738081562
320 0.5014359563469271
321 0.5100516944284894
322 0.5115833811985449
323 0.5133065288148574
324 0.5161784415087115
325 0.5159869806624545
326 0.5152211372774268
327 0.5152211372774268
328 0.5085200076584339
329 0.5108175378135171
330 0.5094773118897186
331 0.5115833811985449
332 0.5129236071223435
333 0.5140723721998851
334 0.5213478843576489
335 0.5213478843576489
336 0.5203905801263642
337 0.5215393452039058
338 0.5196247367413364
339 0.5234539536664752
340 0.520964962665135
341 0.520773501818878
342 0.5230710319739613
343 0.5253685621290446
344 0.5309209266704958
345 0.5332184568255792
346 0.5349416044418916
347 0.5309209266704958
348 0.5330269959793222
349 0.5332184568255792
350 0.5378135171357458
351 0.5336013785180931
352 0.5334099176718361
353 0.5387708213670305
354 0.53379283936435
355 0.5309209266704958
356 0.5324526134405514
357 0.5341757610568638
358 0.5364732912119472
359 0.5362818303656902
360 0.5372391345969749
361 0.5426000382921693
362 0.5389622822132873
363 0.543365881677197
364 0.5475780202948497
365 0.5445146467547387
366 0.5529389239900441
367 0.5556193758376412
368 0.5602144361478077
369 0.5646180356117174
370 0.5636607313804327
371 0.5615546620716063
372 0.5613632012253494
373 0.5644265747654604
374 0.5646180356117174
375 0.5646180356117174
376 0.5651924181504883
377 0.5655753398430021
378 0.5676814091518284
379 0.5672984874593145
380 0.5690216350756271
381 0.565958261535516
382 0.5676814091518284
383 0.5634692705341757
384 0.5644265747654604
385 0.5684472525368562
386 0.5663411832280298
387 0.5678728699980854
388 0.5699789393069118
389 0.5751483821558492
390 0.5761056863871339
391 0.5726593911545089
392 0.5713191652307104
393 0.5686387133831131
394 0.5724679303082519
395 0.5761056863871339
396 0.5743825387708213
397 0.5722764694619951
398 0.5680643308443424
399 0.5736166953857936
400 0.5724679303082519
401 0.5774459123109325
402 0.5766800689259046
403 0.5782117556959602
404 0.582232433467356
405 0.5879762588550641
406 0.5833811985448976
407 0.5856787286999808
408 0.58510434616121
409 0.5919969366264599
410 0.5921883974727168
411 0.5904652498564044
412 0.5877847980088072
413 0.5891250239326058
414 0.5931457017040015
415 0.5960176143978556
416 0.5962090752441126
417 0.5902737890101474
418 0.5889335630863488
419 0.5889335630863488
420 0.5939115450890293
421 0.5985066053991959
422 0.5971663794753973
423 0.6009955964005361
424 0.5988895270917097
425 0.5967834577828834
426 0.6000382921692514
427 0.6027187440168486
428 0.6055906567107027
429 0.6067394217882442
430 0.6053991958644457
431 0.6063565000957304
432 0.6084625694045568
433 0.6092284127895845
434 0.6105686387133831
435 0.6216733677962857
436 0.6251196630289105
437 0.6228221328738273
438 0.6157380815623205
439 0.6153551598698066
440 0.6218648286425426
441 0.6224392111813134
442 0.6293318016465633
443 0.633543940264216
444 0.6318207926479035
445 0.6299061841853341
446 0.633161018571702
447 0.6255025847214245
448 0.6299061841853341
449 0.6322037143404173
450 0.6339268619567299
451 0.6314378709553896
452 0.6289488799540494
453 0.6287574191077925
454 0.6276086540302508
455 0.6253111238751675
456 0.6197587593337163
457 0.6188014551024316
458 0.6245452804901398
459 0.6262684281064522
460 0.6264598889527092
461 0.6258855064139384
462 0.6220562894887995
463 0.6178441508711469
464 0.617269768332376
465 0.617461229178633
466 0.6218648286425426
467 0.6295232624928202
468 0.6308634884166188
469 0.6341183228029867
470 0.6260769672601952
471 0.6308634884166188
472 0.639862148190695
473 0.6364158529580701
474 0.6406279915757228
475 0.6419682174995214
476 0.6394792264981811
477 0.6385219222668964
478 0.6394792264981811
479 0.6404365307294658
480 0.6364158529580701
481 0.6410109132682367
482 0.6408194524219797
483 0.6448401301933755
484 0.6465632778096879
485 0.6450315910396324
486 0.6417767566532644
487 0.6442657476546046
488 0.6471376603484588
489 0.6507754164273406
490 0.6536473291211947
491 0.6523071031973962
492 0.6584338502776182
493 0.6555619375837641
494 0.6532644074286809
495 0.6544131725062224
496 0.6517327206586253
497 0.6569021635075627
498 0.6630289105877848
499 0.6626459888952709
500 0.6618801455102431
501 0.6590082328163891
502 0.6613057629714724
503 0.6611143021252154
504 0.6601569978939307
505 0.6599655370476738
506 0.6603484587401877
507 0.6590082328163891
508 0.6569021635075627
509 0.659199693662646
510 0.6509668772735976
511 0.6536473291211947
512 0.6549875550449933
513 0.6588167719701321
514 0.6511583381198545
515 0.6486693471185143
516 0.6538387899674517
517 0.6519241815048823
518 0.6540302508137086
519 0.659199693662646
520 0.6657093624353819
521 0.6659008232816389
522 0.6637947539728125
523 0.6676239708979513
524 0.6693471185142639
525 0.665517901589125
526 0.6662837449741528
527 0.6649435190503542
528 0.6620716063565001
529 0.6643691365115834
530 0.6653264407428681
531 0.6643691365115834
532 0.6620716063565001
533 0.6659008232816389
534 0.6636032931265556
535 0.662454528049014
536 0.6662837449741528
537 0.6637947539728125
538 0.6637947539728125
539 0.6660922841278959
540 0.6699215010530346
541 0.6773884740570554
542 0.6739421788244304
543 0.6680068925904652
544 0.6622630672027571
545 0.6605399195864445
546 0.6597740762014168
547 0.6634118322802987
548 0.6634118322802987
549 0.6636032931265556
550 0.6637947539728125
551 0.6599655370476738
552 0.6618801455102431
553 0.662454528049014
554 0.6634118322802987
555 0.6611143021252154
556 0.6572850852000766
557 0.6569021635075627
558 0.6603484587401877
559 0.6639862148190695
560 0.6618801455102431
561 0.6605399195864445
562 0.6616886846639862
563 0.6599655370476738
564 0.662454528049014
565 0.6676239708979513
566 0.6674325100516945
567 0.6641776756653265
568 0.6645605973578403
569 0.6659008232816389
570 0.6653264407428681
571 0.6708788052843193
572 0.6689641968217499
573 0.6724104920543749
574 0.672219031208118
575 0.6741336396706873
576 0.6693471185142639
577 0.6714531878230902
578 0.6745165613632013
579 0.6802603867509094
580 0.6837066819835343
581 0.6844725253685622
582 0.6823664560597358
583 0.6829408385985066
584 0.6791116216733678
585 0.6781543174420831
586 0.6770055523645414
587 0.6729848745931457
588 0.6716446486693471
589 0.6701129618992916
590 0.6706873444380624
591 0.6748994830557151
592 0.6731763354394027
593 0.6689641968217499
594 0.6670495883591806
595 0.6680068925904652
596 0.6693471185142639
597 0.6680068925904652
598 0.6680068925904652
599 0.6691556576680069
600 0.6641776756653265
601 0.6611143021252154
602 0.6597740762014168
603 0.6672410492054375
604 0.6706873444380624
605 0.6666666666666666
606 0.6672410492054375
607 0.6743251005169443
608 0.6733677962856596
609 0.6758567872869998
610 0.668581275129236
611 0.6628374497415278
612 0.6611143021252154
613 0.6630289105877848
614 0.6668581275129236
615 0.6683898142829792
616 0.668581275129236
617 0.671836109515604
618 0.6662837449741528
619 0.6704958835918055
620 0.6678154317442083
621 0.6668581275129236
622 0.6681983534367222
623 0.6712617269768333
624 0.6714531878230902
625 0.668581275129236
626 0.6695385793605207
627 0.6731763354394027
628 0.6676239708979513
629 0.6731763354394027
630 0.6662837449741528
631 0.6748994830557151
632 0.6695385793605207
633 0.6678154317442083
634 0.6622630672027571
635 0.6708788052843193
636 0.6726019529006318
637 0.6716446486693471
638 0.675282404748229
639 0.6771970132107984
640 0.6775799349033123
641 0.6777713957495692
642 0.6794945433658817
643 0.684855447061076
644 0.6823664560597358
645 0.6793030825196248
646 0.6798774650583955
647 0.6783457782883401
648 0.6840896036760482
649 0.6833237602910205
650 0.6865785946773885
651 0.684855447061076
652 0.6850469079073329
653 0.6816006126747081
654 0.6829408385985066
655 0.6817920735209649
656 0.6812176909821941
657 0.6837066819835343
658 0.6808347692896802
659 0.6831322994447635
660 0.6823664560597358
661 0.6816006126747081
662 0.6844725253685622
663 0.6867700555236455
664 0.688110281447444
665 0.6896419682174996
666 0.688110281447444
667 0.6871529772161593
668 0.6816006126747081
669 0.6804518475971664
670 0.6858127512923607
671 0.6867700555236455
672 0.6810262301359372
673 0.6781543174420831
674 0.6777713957495692
675 0.684855447061076
676 0.6890675856787287
677 0.6902163507562703
678 0.6940455676814091
679 0.6896419682174996
680 0.6856212904461038
681 0.6873444380624162
682 0.6863871338311315
683 0.6817920735209649
684 0.6865785946773885
685 0.6896419682174996
686 0.6919394983725828
687 0.6871529772161593
688 0.6821749952134788
689 0.6840896036760482
690 0.6869615163699023
691 0.6873444380624162
692 0.6852383687535899
693 0.6838981428297913
694 0.6802603867509094
695 0.6793030825196248
696 0.678728699980854
697 0.6794945433658817
698 0.6760482481332567
699 0.6756653264407428
700 0.6724104920543749
