1 0.00019146084625694046
2 0.0003829216925138809
3 0.0003829216925138809
4 0.0005743825387708214
5 0.0005743825387708214
6 0.002488991001340226
7 0.00402067777139575
8 0.00421213861765269
9 0.0044035994639096306
10 0.006126747080222095
11 0.007658433850277618
12 0.009764503159103963
13 0.010338885697874785
14 0.011679111621673368
15 0.013593720084242773
16 0.015316867700555237
17 0.017422937009381582
18 0.02106069308826345
19 0.022209458165805093
20 0.026230135937200843
21 0.02852766609228413
22 0.030442274554853533
23 0.03350564809496458
24 0.03637756078881869
25 0.040206777713957496
26 0.04346161210032548
27 0.04652498564043653
28 0.04901397664177676
29 0.053417576105686385
30 0.053417576105686385
31 0.056289488799540495
32 0.05858701895462378
33 0.06126747080222095
34 0.06471376603484587
35 0.06873444380624162
36 0.0710319739613249
37 0.07332950411640819
38 0.07677579934903313
39 0.07792456442657476
40 0.0800306337354011
41 0.0842427723530538
42 0.08768906758567872
43 0.08979513689450508
44 0.0941987363584147
45 0.09592188397472717
46 0.09630480566724105
47 0.09802795328355352
48 0.10109132682366456
49 0.10798391728891442
50 0.1121960559065671
51 0.11391920352287957
52 0.1173654987555045
53 0.11755695960176143
54 0.12081179398812943
55 0.12081179398812943
56 0.12330078498946966
57 0.1278958452996362
58 0.13115067968600422
59 0.13306528814857363
60 0.13746888761248324
61 0.14302125215393452
62 0.14551024315527475
63 0.14742485161784416
64 0.1499138426191844
65 0.15316867700555237
66 0.15929542408577446
67 0.1614014933946008
68 0.16389048439594103
69 0.1665709362435382
70 0.16925138809113535
71 0.1723147616312464
72 0.1742293700938158
73 0.17863296955772545
74 0.17825004786521156
75 0.18093049971280872
76 0.18380241240666284
77 0.18763162933180164
78 0.1868657859467739
79 0.19088646371816964
80 0.1939498372582807
81 0.19950220179973197
82 0.20141681026230135
83 0.20333141872487076
84 0.20696917480375263
85 0.20811793988129426
86 0.2086923224200651
87 0.2086923224200651
88 0.21022400919012063
89 0.21175569596017615
90 0.2129044610377178
91 0.21941412981045377
92 0.22362626842810646
93 0.22783840704575914
94 0.2305188588933563
95 0.2356883017422937
96 0.24104920543748803
97 0.24487842236262683
98 0.25100516944284895
99 0.2531112387516753
100 0.25196247367413366
101 0.2536856212904461
102 0.2548343863679877
103 0.25808922075435575
104 0.25674899483055713
105 0.25962090752441125
106 0.260386750909439
107 0.25962090752441125
108 0.26057821175569595
109 0.263641585295807
110 0.26517327206586255
111 0.26402450698832086
112 0.26383304614206393
113 0.26498181121960557
114 0.2688110281447444
115 0.2724487842236263
116 0.2758950794562512
117 0.2802986789201608
118 0.28355351330652884
119 0.282979130767758
120 0.2877656519241815
121 0.2917863296955773
122 0.2910204863105495
123 0.29236071223434806
124 0.2929350947731189
125 0.2948497032356883
126 0.29561554662071604
127 0.29829599846831323
128 0.29695577254451466
129 0.3005935286233965
130 0.3009764503159104
131 0.3051885889335631
132 0.3071031973961325
133 0.30978364924372964
134 0.3141872487076393
135 0.3176335439402642
136 0.31629331801646565
137 0.3193566915565767
138 0.31686770055523644
139 0.31725062224775036
140 0.32203714340417383
141 0.3251005169442849
142 0.3260578211755696
143 0.3252919777905418
144 0.32395175186674324
145 0.33007849894696534
146 0.32873827302316677
147 0.3296955772544515
148 0.33467355925713194
149 0.33907715872104155
150 0.3396515412598124
151 0.34271491479992344
152 0.34520390580126364
153 0.34616121003254835
154 0.3463526708788053
155 0.34788435764886083
156 0.34807581849511776
157 0.34865020103388855
158 0.3482672793413747
159 0.34730997511009
160 0.3459697491862914
161 0.34807581849511776
162 0.35133065288148574
163 0.3524794179590274
164 0.34960750526517326
165 0.3492245835726594
166 0.34807581849511776
167 0.3453953666475206
168 0.3482672793413747
169 0.34769289680260385
170 0.3494160444189163
171 0.356883017422937
172 0.3591805475780203
173 0.3626268428106452
174 0.36607313804327013
175 0.36837066819835346
176 0.37181696343097836
177 0.37411449358606164
178 0.36990235496840895
179 0.3691365115833812
180 0.37028527666092287
181 0.37258280681600614
182 0.3748803369710894
183 0.37315718935477693
184 0.37315718935477693
185 0.37449741527857555
186 0.3748803369710894
187 0.37775224966494353
188 0.38158146659008235
189 0.37890101474248516
190 0.38062416235879765
191 0.3833046142063948
192 0.3823473099751101
193 0.3829216925138809
194 0.38215584912885314
195 0.37794371051120046
196 0.376220562894888
197 0.3781351713574574
198 0.3800497798200268
199 0.38024124066628373
200 0.3819643882825962
201 0.3852192226689642
202 0.38579360520773504
203 0.38866551790158915
204 0.38866551790158915
205 0.38866551790158915
206 0.3896228221328738
207 0.3917288914417002
208 0.39440934328929733
209 0.3970897951368945
210 0.39881294275320694
211 0.4005360903695194
212 0.4013019337545472
213 0.4003446295232625
214 0.402067777139575
215 0.3984300210606931
216 0.3976641776756653
217 0.3967068734443806
218 0.3968983342906376
219 0.401876316293318
220 0.4030250813708597
221 0.4064713766034846
222 0.4081945242197971
223 0.4035994639096305
224 0.4035994639096305
225 0.4035994639096305
226 0.4103005935286234
227 0.4118322802986789
228 0.41010913268236643
229 0.40493968983342904
230 0.4041738464484013
231 0.4080030633735401
232 0.41049205437488034
233 0.4099176718361095
234 0.41298104537622055
235 0.4145127321462761
236 0.4118322802986789
237 0.41010913268236643
238 0.41566149722381773
239 0.4160444189163316
240 0.41432127130001917
241 0.41585295807007466
242 0.41432127130001917
243 0.4145127321462761
244 0.41585295807007466
245 0.41757610568638714
246 0.41757610568638714
247 0.4135554279149914
248 0.4112578977599081
249 0.4076201416810262
250 0.40627991575722766
251 0.40972621098985257
252 0.4152785755313039
253 0.4141298104537622
254 0.4170017231476163
255 0.41815048822515793
256 0.41929925330269957
257 0.4215967834577829
258 0.42523453953666474
259 0.4215967834577829
260 0.42619184376794944
261 0.4305954432318591
262 0.4282979130767758
263 0.4279149913842619
264 0.4284893739230327
265 0.4267662263067203
266 0.4273406088454911
267 0.4258089220754356
268 0.4279149913842619
269 0.42906375646180356
270 0.42542600038292167
271 0.4286808347692897
272 0.427723530538005
273 0.43270151254068545
274 0.4338502776182271
275 0.434041738464484
276 0.43863679877465056
277 0.4367221903120812
278 0.4338502776182271
279 0.4374880336971089
280 0.4344246601569979
281 0.43251005169442847
282 0.4338502776182271
283 0.4348075818495118
284 0.4330844342331993
285 0.43959410300593527
286 0.4392111813134214
287 0.4418916331610186
288 0.44131725062224775
289 0.4415087114685047
290 0.44131725062224775
291 0.44227455485353245
292 0.44380624162358795
293 0.44591231093241435
294 0.4472525368562129
295 0.4461037717786713
296 0.4491671453187823
297 0.44514646754738657
298 0.44744399770246984
299 0.44993298870381004
300 0.45376220562894887
301 0.4549109707064905
302 0.4531878230901781
303 0.4524219797051503
304 0.4552938923990044
305 0.45280490139766416
306 0.4556768140915183
307 0.46256940455676815
308 0.4618035611717404
309 0.46218648286425423
310 0.4665900823281639
311 0.46831322994447633
312 0.4633352479417959
313 0.45893164847788626
314 0.4633352479417959
315 0.4656327780968792
316 0.4656327780968792
317 0.4675473865594486
318 0.46831322994447633
319 0.4665900823281639
320 0.4637181696343098
321 0.4604633352479418
322 0.46429255217308063
323 0.46601569978939306
324 0.46697300402067776
325 0.4656327780968792
326 0.4639096304805667
327 0.4723339077158721
328 0.47539728125598313
329 0.47769481141106646
330 0.48114110664369136
331 0.482289871721233
332 0.48363009764503156
333 0.4849703235688302
334 0.485544706107601
335 0.4868849320313996
336 0.4876507754164273
337 0.48956538387899673
338 0.492054374880337
339 0.492054374880337
340 0.4964579743442466
341 0.498372582806816
342 0.4981811219605591
343 0.5012444955006701
344 0.5025847214244687
345 0.504499329887038
346 0.5037334865020103
347 0.5073712425808922
348 0.5077541642734061
349 0.5069883208883783
350 0.5089029293509477
351 0.5085200076584339
352 0.5102431552747463
353 0.5121577637373157
354 0.5163699023549684
355 0.5125406854298296
356 0.5140723721998851
357 0.5152211372774268
358 0.5136894505073712
359 0.5100516944284894
360 0.511391920352288
361 0.5106260769672601
362 0.5163699023549684
363 0.5134979896611143
364 0.5127321462760865
365 0.5154125981236837
366 0.5127321462760865
367 0.5175186674325101
368 0.5182845108175378
369 0.5213478843576489
370 0.5215393452039058
371 0.5184759716637948
372 0.5198161975875933
373 0.5192418150488225
374 0.5205820409726211
375 0.5167528240474822
376 0.5221137277426766
377 0.5265173272065863
378 0.524028336205246
379 0.5269002488991001
380 0.5284319356691557
381 0.530538004977982
382 0.5360903695194332
383 0.5309209266704958
384 0.527474631437871
385 0.5324526134405514
386 0.5291977790541834
387 0.5334099176718361
388 0.5330269959793222
389 0.5326440742868084
390 0.5259429446678154
391 0.5286233965154126
392 0.5332184568255792
393 0.5357074478269194
394 0.5393452039058013
395 0.5391537430595443
396 0.5381964388282596
397 0.5397281255983152
398 0.5439402642159679
399 0.54317442083094
400 0.5414512732146276
401 0.5477694811411067
402 0.5527474631437871
403 0.5514072372199885
404 0.5573425234539536
405 0.5556193758376412
406 0.5552364541451273
407 0.5533218456825579
408 0.5565766800689259
409 0.5512157763737315
410 0.5512157763737315
411 0.5515986980662455
412 0.5525560022975301
413 0.546620716063565
414 0.5510243155274747
415 0.5473865594485927
416 0.5447061076009956
417 0.5523645414512732
418 0.5571510626076968
419 0.5525560022975301
420 0.5565766800689259
421 0.5550449932988704
422 0.5598315144552939
423 0.5607888186865786
424 0.5619375837641203
425 0.5667241049205437
426 0.5615546620716063
427 0.5682557916905993
428 0.5674899483055715
429 0.5715106260769672
430 0.5736166953857936
431 0.5768715297721616
432 0.5780202948497032
433 0.5728508520007658
434 0.5709362435381964
435 0.5720850086157381
436 0.569213095921884
437 0.5684472525368562
438 0.5734252345395366
439 0.5684472525368562
440 0.5705533218456825
441 0.5743825387708213
442 0.5770629906184185
443 0.5743825387708213
444 0.5791690599272449
445 0.5795519816197587
446 0.5801263641585296
447 0.5816580509285851
448 0.5879762588550641
449 0.5921883974727168
450 0.5919969366264599
451 0.5902737890101474
452 0.5914225540876891
453 0.5847214244686961
454 0.5864445720850087
455 0.5875933371625502
456 0.5868274937775225
457 0.5912310932414321
458 0.5935286233965155
459 0.5952517710128279
460 0.5931457017040015
461 0.5923798583189738
462 0.5937200842427723
463 0.5958261535515987
464 0.5944859276278002
465 0.598123683706682
466 0.5998468313229944
467 0.6021443614780777
468 0.604441891633161
469 0.5954432318590848
470 0.5973578403216542
471 0.6029102048631055
472 0.6052077350181888
473 0.6092284127895845
474 0.6052077350181888
475 0.604824813325675
476 0.6050162741719318
477 0.6071223434807582
478 0.6053991958644457
479 0.6092284127895845
480 0.6029102048631055
481 0.6061650392494735
482 0.6031016657093624
483 0.604441891633161
484 0.6034845874018763
485 0.6063565000957304
486 0.6069308826345012
487 0.6061650392494735
488 0.6032931265556194
489 0.6057821175569597
490 0.6025272831705916
491 0.6038675090943902
492 0.6119088646371817
493 0.6119088646371817
494 0.6107600995596401
495 0.6128661688684663
496 0.6161210032548344
497 0.6136320122534942
498 0.6199502201799731
499 0.6291403408003063
500 0.6297147233390772
501 0.6278001148765078
502 0.6279915757227647
503 0.6276086540302508
504 0.6287574191077925
505 0.6320122534941605
506 0.6297147233390772
507 0.6295232624928202
508 0.636607313804327
509 0.6341183228029867
510 0.6339268619567299
511 0.6339268619567299
512 0.6337354011104729
513 0.6339268619567299
514 0.6402450698832088
515 0.6427340608845491
516 0.6448401301933755
517 0.6467547386559449
518 0.6505839555810836
519 0.6461803561171741
520 0.6446486693471185
521 0.6463718169634309
522 0.6440742868083477
523 0.6410109132682367
524 0.6427340608845491
525 0.6385219222668964
526 0.6346927053417576
527 0.6392877656519241
528 0.6417767566532644
529 0.6461803561171741
530 0.6502010338885698
531 0.6519241815048823
532 0.6532644074286809
533 0.6534558682749377
534 0.6538387899674517
535 0.659391154508903
536 0.6597740762014168
537 0.6607313804327015
538 0.6595826153551598
539 0.659199693662646
540 0.6576680068925904
541 0.6609228412789585
542 0.662454528049014
543 0.668772735975493
544 0.6664752058204098
545 0.6609228412789585
546 0.6628374497415278
547 0.6603484587401877
548 0.6630289105877848
549 0.6634118322802987
550 0.6632203714340418
551 0.6660922841278959
552 0.6645605973578403
553 0.6639862148190695
554 0.6567107026613057
555 0.6584338502776182
556 0.655944859276278
557 0.662454528049014
558 0.6586253111238751
559 0.659199693662646
560 0.6647520582040972
561 0.662454528049014
562 0.6660922841278959
563 0.6693471185142639
564 0.6653264407428681
565 0.6622630672027571
566 0.6628374497415278
567 0.6609228412789585
568 0.6613057629714724
569 0.6620716063565001
570 0.6649435190503542
571 0.6620716063565001
572 0.6580509285851044
573 0.6620716063565001
574 0.6628374497415278
575 0.6584338502776182
576 0.6641776756653265
577 0.6637947539728125
578 0.6643691365115834
579 0.6632203714340418
580 0.6666666666666666
581 0.6683898142829792
582 0.6647520582040972
583 0.6641776756653265
584 0.6666666666666666
585 0.6678154317442083
586 0.6660922841278959
587 0.6681983534367222
588 0.6704958835918055
589 0.6680068925904652
590 0.6649435190503542
591 0.6674325100516945
592 0.6649435190503542
593 0.6647520582040972
594 0.6618801455102431
595 0.656136320122535
596 0.655944859276278
597 0.6603484587401877
598 0.6532644074286809
599 0.655944859276278
600 0.6580509285851044
601 0.6630289105877848
602 0.6641776756653265
603 0.6706873444380624
604 0.6697300402067777
605 0.6737507179781734
606 0.675090943901972
607 0.6724104920543749
608 0.6727934137468887
609 0.6729848745931457
610 0.6735592571319166
611 0.6737507179781734
612 0.671836109515604
613 0.6697300402067777
614 0.6622630672027571
615 0.6704958835918055
616 0.6681983534367222
617 0.665517901589125
618 0.6693471185142639
619 0.6710702661305763
620 0.6758567872869998
621 0.6716446486693471
622 0.6699215010530346
623 0.6683898142829792
624 0.6645605973578403
625 0.6662837449741528
626 0.6668581275129236
627 0.6634118322802987
628 0.6672410492054375
629 0.6666666666666666
630 0.6724104920543749
631 0.6756653264407428
632 0.6812176909821941
633 0.6804518475971664
634 0.678728699980854
635 0.678537239134597
636 0.6771970132107984
637 0.6794945433658817
638 0.6779628565958261
639 0.6747080222094581
640 0.6760482481332567
641 0.6748994830557151
642 0.6731763354394027
643 0.6739421788244304
644 0.675473865594486
645 0.6737507179781734
646 0.6739421788244304
647 0.6800689259046525
648 0.6748994830557151
649 0.6766226306720275
650 0.6743251005169443
651 0.675282404748229
652 0.6762397089795137
653 0.6764311698257707
654 0.6808347692896802
655 0.6737507179781734
656 0.6729848745931457
657 0.6741336396706873
658 0.6748994830557151
659 0.6706873444380624
660 0.6703044227455486
661 0.6741336396706873
662 0.6733677962856596
663 0.6727934137468887
664 0.6699215010530346
665 0.6691556576680069
666 0.6768140915182845
667 0.6783457782883401
668 0.6823664560597358
669 0.6837066819835343
670 0.6814091518284511
671 0.6873444380624162
672 0.6890675856787287
673 0.6909821941412981
674 0.6921309592188397
675 0.6894505073712426
676 0.6888761248324717
677 0.6898334290637564
678 0.6921309592188397
679 0.6919394983725828
680 0.6873444380624162
681 0.6902163507562703
682 0.688110281447444
683 0.6917480375263259
684 0.6921309592188397
685 0.6917480375263259
686 0.6936626459888953
687 0.6919394983725828
688 0.6875358989086732
689 0.6905992724487843
690 0.6902163507562703
691 0.6892590465249856
692 0.6884932031399579
693 0.6833237602910205
694 0.6827493777522496
695 0.6771970132107984
696 0.6814091518284511
697 0.6781543174420831
698 0.6804518475971664
699 0.6854298295998469
700 0.6835152211372775
