1 0.00019146084625694046
2 0.0007658433850277618
3 0.0009573042312847023
4 0.0009573042312847023
5 0.0011487650775416428
6 0.0013402259237985832
7 0.0013402259237985832
8 0.0015316867700555237
9 0.0013402259237985832
10 0.0017231476163124641
11 0.0019146084625694046
12 0.002488991001340226
13 0.0030633735401110473
14 0.0030633735401110473
15 0.0044035994639096306
16 0.0044035994639096306
17 0.006126747080222095
18 0.006509668772735976
19 0.0080413555427915
20 0.009381581466590082
21 0.011679111621673368
22 0.013785180930499713
23 0.014742485161784415
24 0.01684855447061076
25 0.018954623779437105
26 0.022783840704575915
27 0.02527283170591614
28 0.027761822707256367
29 0.030442274554853533
30 0.032165422171166
31 0.032356883017422934
32 0.03580317825004786
33 0.03924947348267279
34 0.04173846448401302
35 0.044035994639096306
36 0.044418916331610186
37 0.04595060310166571
38 0.049971280873061456
39 0.05035420256557534
40 0.05284319356691557
41 0.05514072372199885
42 0.05743825387708214
43 0.05992724487842236
44 0.062224775033505646
45 0.0652881485736167
46 0.06835152211372775
47 0.07026613057629714
48 0.07218073903886656
49 0.07639287765651924
50 0.07696726019529006
51 0.08060501627417194
52 0.08366838981428298
53 0.08539153743059544
54 0.08577445912310933
55 0.08807198927819261
56 0.08902929350947732
57 0.09094390197204671
58 0.09170974535707448
59 0.0922841278958453
60 0.09381581466590082
61 0.09534750143595634
62 0.09821941412981046
63 0.10147424851617844
64 0.10281447443997703
65 0.10415470036377561
66 0.10415470036377561
67 0.10606930882634501
68 0.10798391728891442
69 0.11085582998276852
70 0.11564235113919204
71 0.1164081945242198
72 0.11947156806433085
73 0.12157763737315719
74 0.12176909821941413
75 0.12444955006701129
76 0.12598123683706683
77 0.12885314953092092
78 0.128661688684664
79 0.1305762971472334
80 0.13172506222477504
81 0.1344055140723722
82 0.13746888761248324
83 0.13804327015125406
84 0.14072372199885125
85 0.14551024315527475
86 0.14799923415661498
87 0.15374305954432319
88 0.1547003637756079
89 0.15316867700555237
90 0.154317442083094
91 0.15833811985448976
92 0.1614014933946008
93 0.16465632778096878
94 0.16771970132107983
95 0.17078307486119088
96 0.17059161401493395
97 0.17480375263258663
98 0.1759525177101283
99 0.1765269002488991
100 0.17614397855638522
101 0.17614397855638522
102 0.17710128278766993
103 0.17863296955772545
104 0.1820792647903504
105 0.1845682557916906
106 0.1860999425617461
107 0.19088646371816964
108 0.19146084625694046
109 0.1945242197970515
110 0.19720467164464867
111 0.19854489756844726
112 0.202565575339843
113 0.20792647903503733
114 0.21271300019146083
115 0.21194715680643308
116 0.21673367796285659
117 0.22266896419682175
118 0.22400919012062034
119 0.22324334673559257
120 0.22611525942944669
121 0.2318590848171549
122 0.23587976258855065
123 0.24143212713000192
124 0.244304039823856
125 0.24487842236262683
126 0.24200650966877274
127 0.244304039823856
128 0.250813708596592
129 0.25196247367413366
130 0.2569404556768141
131 0.2588550641393835
132 0.260386750909439
133 0.2626842810645223
134 0.2630672027570362
135 0.26498181121960557
136 0.26842810645223053
137 0.26842810645223053
138 0.2714914799923416
139 0.27551215776373733
140 0.2778096879188206
141 0.2801072180739039
142 0.2785755313038484
143 0.2787669921501053
144 0.2820218265364733
145 0.28431935669155656
146 0.2858510434616121
147 0.28431935669155656
148 0.28948879954049395
149 0.29082902546429257
150 0.2937009381581467
151 0.2938923990044036
152 0.2944667815431744
153 0.3009764503159104
154 0.29829599846831323
155 0.29657285085200075
156 0.30212521539345205
157 0.3042312847022784
158 0.31016657093624356
159 0.31361286616886846
160 0.3157189354776948
161 0.3201225349416044
162 0.3226115259429447
163 0.3245261344055141
164 0.32433467355925716
165 0.3260578211755696
166 0.32663220371434043
167 0.32395175186674324
168 0.32203714340417383
169 0.3298870381007084
170 0.32873827302316677
171 0.32912119471568063
172 0.32835535133065286
173 0.327972429638139
174 0.331227264024507
175 0.33390771587210416
176 0.3327589507945625
177 0.3350564809496458
178 0.3327589507945625
179 0.33582232433467357
180 0.33563086348841664
181 0.33563086348841664
182 0.3369710894122152
183 0.3352479417959027
184 0.33563086348841664
185 0.3369710894122152
186 0.3413746888761248
187 0.3423319931074095
188 0.34194907141489567
189 0.3455868274937775
190 0.3482672793413747
191 0.35669155657668006
192 0.3595634692705342
193 0.35860616503924947
194 0.35841470419299254
195 0.3595634692705342
196 0.363392686195673
197 0.36645605973578405
198 0.3651158338119854
199 0.363392686195673
200 0.363392686195673
201 0.3614780777331036
202 0.3614780777331036
203 0.3626268428106452
204 0.366647520582041
205 0.37181696343097836
206 0.3710511200459506
207 0.3758376412023741
208 0.376220562894888
209 0.37430595443231857
210 0.37602910204863105
211 0.3710511200459506
212 0.3712425808922075
213 0.37258280681600614
214 0.3758376412023741
215 0.37890101474248516
216 0.3810070840513115
217 0.3817729274363393
218 0.38215584912885314
219 0.3861765269002489
220 0.3900057438253877
221 0.3917288914417002
222 0.3957495692130959
223 0.39460080413555426
224 0.4003446295232625
225 0.40627991575722766
226 0.4064713766034846
227 0.4064713766034846
228 0.4081945242197971
229 0.4093432892973387
230 0.40876890675856786
231 0.41240666283744976
232 0.4152785755313039
233 0.41681026230135937
234 0.4189163316101857
235 0.42293700938158146
236 0.42370285276660924
237 0.4231284702278384
238 0.4231284702278384
239 0.42370285276660924
240 0.42140532261152597
241 0.42638330461420637
242 0.43231859084817154
243 0.43365881677197016
244 0.4348075818495118
245 0.43767949454336585
246 0.4382538770821367
247 0.4428489373923033
248 0.4418916331610186
249 0.43710511200459506
250 0.43614780777331036
251 0.43710511200459506
252 0.43978556385219225
253 0.4434233199310741
254 0.4418916331610186
255 0.44323185908481716
256 0.44380624162358795
257 0.4462952326249282
258 0.4472525368562129
259 0.45203905801263644
260 0.447061076009956
261 0.45127321462760867
262 0.44418916331610186
263 0.44552938923990043
264 0.4489756844725254
265 0.45203905801263644
266 0.45376220562894887
267 0.45931457017040017
268 0.4612291786329696
269 0.46256940455676815
270 0.46314378709553894
271 0.4610377177867126
272 0.45835726593911547
273 0.4639096304805667
274 0.4648669347118514
275 0.4658242389431361
276 0.46793030825196247
277 0.46678154317442083
278 0.4673559257131917
279 0.47156806433084436
280 0.4729082902546429
281 0.47214244686961515
282 0.47405705533218456
283 0.47501435956346927
284 0.47539728125598313
285 0.475971663794754
286 0.4734826727934138
287 0.4755887421022401
288 0.4752058204097262
289 0.4784606547960942
290 0.4755887421022401
291 0.4794179590273789
292 0.47539728125598313
293 0.4765460463335248
294 0.4761631246410109
295 0.47769481141106646
296 0.482289871721233
297 0.485544706107601
298 0.48477886272257326
299 0.4849703235688302
300 0.48573616695385796
301 0.48573616695385796
302 0.4805667241049205
303 0.48363009764503156
304 0.48114110664369136
305 0.4859276278001149
306 0.48535324526134405
307 0.48439594103005934
308 0.4866934711851426
309 0.49052268811028144
310 0.4937775224966494
311 0.4947348267279341
312 0.4939689833429064
313 0.49052268811028144
314 0.49703235688301745
315 0.5008615738081562
316 0.5014359563469271
317 0.5029676431169826
318 0.5050737124258089
319 0.5058395558108367
320 0.5066053991958644
321 0.5029676431169826
322 0.5094773118897186
323 0.5100516944284894
324 0.5085200076584339
325 0.5067968600421214
326 0.5094773118897186
327 0.511200459506031
328 0.5171357457399962
329 0.5173272065862531
330 0.5171357457399962
331 0.5255600229753016
332 0.530729465824239
333 0.5328355351330653
334 0.5309209266704958
335 0.53379283936435
336 0.5320696917480375
337 0.5334099176718361
338 0.5380049779820026
339 0.5426000382921693
340 0.5408768906758568
341 0.5389622822132873
342 0.5393452039058013
343 0.5357074478269194
344 0.5397281255983152
345 0.5412598123683706
346 0.5443231859084817
347 0.543365881677197
348 0.5439402642159679
349 0.5456634118322803
350 0.546620716063565
351 0.5489182462186483
352 0.5485353245261344
353 0.5496840896036761
354 0.5477694811411067
355 0.5491097070649053
356 0.5496840896036761
357 0.55006701129619
358 0.556193758376412
359 0.5569596017614398
360 0.5605973578403216
361 0.5630863488416619
362 0.5640436530729466
363 0.5688301742293701
364 0.5680643308443424
365 0.5642351139192036
366 0.5653838789967451
367 0.5623205054566341
368 0.5602144361478077
369 0.5602144361478077
370 0.562703427149148
371 0.5646180356117174
372 0.5640436530729466
373 0.5638521922266897
374 0.5632778096879189
375 0.5711277043844534
376 0.5743825387708213
377 0.5741910779245645
378 0.5739996170783075
379 0.5768715297721616
380 0.5808922075435573
381 0.578594677388474
382 0.5801263641585296
383 0.5824238943136129
384 0.5864445720850087
385 0.5858701895462378
386 0.5881677197013211
387 0.5912310932414321
388 0.58510434616121
389 0.5881677197013211
390 0.582232433467356
391 0.585295807007467
392 0.591614014933946
393 0.5923798583189738
394 0.5985066053991959
395 0.594868849320314
396 0.5990809879379667
397 0.594677388474057
398 0.5973578403216542
399 0.5964005360903695
400 0.6019529006318208
401 0.5958261535515987
402 0.5960176143978556
403 0.5960176143978556
404 0.5990809879379667
405 0.6036760482481333
406 0.601187057246793
407 0.6008041355542791
408 0.6008041355542791
409 0.5960176143978556
410 0.5942944667815432
411 0.60137851809305
412 0.6050162741719318
413 0.6071223434807582
414 0.6099942561746123
415 0.6050162741719318
416 0.6084625694045568
417 0.6073138043270151
418 0.607696726019529
419 0.6092284127895845
420 0.6111430212521539
421 0.6099942561746123
422 0.6084625694045568
423 0.6094198736358415
424 0.6111430212521539
425 0.6111430212521539
426 0.604824813325675
427 0.6092284127895845
428 0.6057821175569597
429 0.6078881868657859
430 0.6113344820984109
431 0.6153551598698066
432 0.617461229178633
433 0.6180356117174038
434 0.620524602718744
435 0.6165039249473483
436 0.6203331418724871
437 0.6247367413363967
438 0.6251196630289105
439 0.6249282021826537
440 0.630097645031591
441 0.6220562894887995
442 0.6245452804901398
443 0.6209075244112578
444 0.6195672984874593
445 0.6128661688684663
446 0.614014933946008
447 0.6155466207160636
448 0.6245452804901398
449 0.6249282021826537
450 0.6262684281064522
451 0.623970897951369
452 0.6260769672601952
453 0.6272257323377369
454 0.6253111238751675
455 0.6216733677962857
456 0.6199502201799731
457 0.620716063565001
458 0.6228221328738273
459 0.6287574191077925
460 0.6297147233390772
461 0.6352670878805284
462 0.6377560788818687
463 0.6371816963430978
464 0.6390963048056673
465 0.6343097836492437
466 0.630097645031591
467 0.6297147233390772
468 0.6394792264981811
469 0.6404365307294658
470 0.6385219222668964
471 0.640053609036952
472 0.640053609036952
473 0.6482864254260003
474 0.6394792264981811
475 0.636798774650584
476 0.6345012444955007
477 0.6406279915757228
478 0.6415852958070075
479 0.6383304614206394
480 0.6375646180356117
481 0.6329695577254452
482 0.6304805667241049
483 0.6306720275703619
484 0.6279915757227647
485 0.6306720275703619
486 0.6343097836492437
487 0.6408194524219797
488 0.6406279915757228
489 0.6390963048056673
490 0.6427340608845491
491 0.6440742868083477
492 0.6450315910396324
493 0.6440742868083477
494 0.6446486693471185
495 0.6482864254260003
496 0.6484778862722573
497 0.6519241815048823
498 0.6523071031973962
499 0.6555619375837641
500 0.6586253111238751
501 0.6584338502776182
502 0.6542217116599656
503 0.659391154508903
504 0.6620716063565001
505 0.6620716063565001
506 0.6611143021252154
507 0.6618801455102431
508 0.6586253111238751
509 0.6628374497415278
510 0.6605399195864445
511 0.6605399195864445
512 0.6601569978939307
513 0.6555619375837641
514 0.6544131725062224
515 0.6549875550449933
516 0.6572850852000766
517 0.6601569978939307
518 0.6597740762014168
519 0.6563277809687919
520 0.6563277809687919
521 0.6576680068925904
522 0.6616886846639862
523 0.6626459888952709
524 0.6643691365115834
525 0.6691556576680069
526 0.6599655370476738
527 0.6618801455102431
528 0.6634118322802987
529 0.6668581275129236
530 0.6660922841278959
531 0.6637947539728125
532 0.6651349798966112
533 0.6703044227455486
534 0.6680068925904652
535 0.672027570361861
536 0.6699215010530346
537 0.6701129618992916
538 0.6699215010530346
539 0.6710702661305763
540 0.6681983534367222
541 0.6634118322802987
542 0.6670495883591806
543 0.6683898142829792
544 0.6703044227455486
545 0.6672410492054375
546 0.6727934137468887
547 0.6760482481332567
548 0.6747080222094581
549 0.6727934137468887
550 0.675282404748229
551 0.6773884740570554
552 0.6773884740570554
553 0.6781543174420831
554 0.6760482481332567
555 0.6762397089795137
556 0.6729848745931457
557 0.6710702661305763
558 0.675090943901972
559 0.6764311698257707
560 0.6716446486693471
561 0.6697300402067777
562 0.6681983534367222
563 0.6664752058204098
564 0.6727934137468887
565 0.6747080222094581
566 0.6726019529006318
567 0.675090943901972
568 0.6793030825196248
569 0.678537239134597
570 0.6768140915182845
571 0.6796860042121387
572 0.6729848745931457
573 0.675473865594486
574 0.6777713957495692
575 0.6804518475971664
576 0.6844725253685622
577 0.6842810645223052
578 0.6861956729848746
579 0.6875358989086732
580 0.691173654987555
581 0.691365115833812
582 0.6873444380624162
583 0.688110281447444
584 0.6858127512923607
585 0.6928968026038675
586 0.6938541068351523
587 0.6904078116025273
588 0.6904078116025273
589 0.6934711851426383
590 0.6940455676814091
591 0.691365115833812
592 0.6854298295998469
593 0.6817920735209649
594 0.6791116216733678
595 0.6775799349033123
596 0.6775799349033123
597 0.6735592571319166
598 0.6762397089795137
599 0.6729848745931457
600 0.6798774650583955
601 0.684663986214819
602 0.6861956729848746
603 0.6798774650583955
604 0.6806433084434234
605 0.6844725253685622
606 0.6835152211372775
607 0.6861956729848746
608 0.6860042121386176
609 0.6877273597549302
610 0.6917480375263259
611 0.6923224200650967
612 0.6957687152977217
613 0.6961516369902355
614 0.7032356883017423
615 0.6988320888378327
616 0.6938541068351523
617 0.6890675856787287
618 0.6863871338311315
619 0.688110281447444
620 0.6850469079073329
621 0.6825579169059928
622 0.6856212904461038
623 0.6867700555236455
624 0.6892590465249856
625 0.6900248899100134
626 0.6934711851426383
627 0.6971089412215202
628 0.6963430978364924
629 0.6973004020677771
630 0.6928968026038675
631 0.6955772544514647
632 0.6967260195290064
633 0.691365115833812
634 0.688110281447444
635 0.6865785946773885
636 0.6900248899100134
637 0.6925138809113536
638 0.6900248899100134
639 0.6902163507562703
640 0.6890675856787287
641 0.6940455676814091
642 0.7015125406854298
643 0.7032356883017423
644 0.7017040015316868
645 0.7024698449167145
646 0.6974918629140341
647 0.6986406279915757
648 0.697874784606548
649 0.6995979322228604
650 0.6957687152977217
651 0.6928968026038675
652 0.6955772544514647
653 0.69461995022018
654 0.694428489373923
655 0.6938541068351523
656 0.6961516369902355
657 0.6860042121386176
658 0.6810262301359372
659 0.684855447061076
660 0.6840896036760482
661 0.6808347692896802
662 0.6890675856787287
663 0.6894505073712426
664 0.6900248899100134
665 0.6904078116025273
666 0.6871529772161593
667 0.691173654987555
668 0.6898334290637564
669 0.6907907332950411
670 0.6942370285276661
671 0.6953857936052077
672 0.6950028719126938
673 0.6932797242963814
674 0.6919394983725828
675 0.6928968026038675
676 0.6974918629140341
677 0.6999808539153743
678 0.7013210798391729
679 0.700938158146659
680 0.7034271491479992
681 0.6984491671453188
682 0.6969174803752632
683 0.694428489373923
684 0.6917480375263259
685 0.6925138809113536
686 0.6919394983725828
687 0.6917480375263259
688 0.6921309592188397
689 0.6928968026038675
690 0.6961516369902355
691 0.6967260195290064
692 0.6980662454528049
693 0.7061076009955964
694 0.7045759142255409
695 0.7038100708405132
696 0.7045759142255409
697 0.7089795136894506
698 0.7053417576105686
699 0.7038100708405132
700 0.7017040015316868
