1 0.00019146084625694046
2 0.00019146084625694046
3 0.0003829216925138809
4 0.0003829216925138809
5 0.0003829216925138809
6 0.0003829216925138809
7 0.0007658433850277618
8 0.0005743825387708214
9 0.0007658433850277618
10 0.0007658433850277618
11 0.0007658433850277618
12 0.0015316867700555237
13 0.0017231476163124641
14 0.0015316867700555237
15 0.0015316867700555237
16 0.0019146084625694046
17 0.0019146084625694046
18 0.0019146084625694046
19 0.0022975301550832855
20 0.0030633735401110473
21 0.002871912693854107
22 0.0026804518475971664
23 0.0030633735401110473
24 0.002488991001340226
25 0.0026804518475971664
26 0.0026804518475971664
27 0.0026804518475971664
28 0.003254834386367988
29 0.003254834386367988
30 0.003254834386367988
31 0.0034462952326249283
32 0.0034462952326249283
33 0.0036377560788818687
34 0.003829216925138809
35 0.00402067777139575
36 0.00421213861765269
37 0.0044035994639096306
38 0.0044035994639096306
39 0.00421213861765269
40 0.0044035994639096306
41 0.004595060310166571
42 0.0047865211564235115
43 0.0047865211564235115
44 0.00421213861765269
45 0.004595060310166571
46 0.0047865211564235115
47 0.0044035994639096306
48 0.0044035994639096306
49 0.004595060310166571
50 0.00402067777139575
51 0.0047865211564235115
52 0.005360903695194333
53 0.005743825387708214
54 0.006126747080222095
55 0.006126747080222095
56 0.005935286233965154
57 0.005552364541451273
58 0.006126747080222095
59 0.006126747080222095
60 0.006126747080222095
61 0.006509668772735976
62 0.0072755121577637374
63 0.007658433850277618
64 0.00823281638904844
65 0.00861573808156232
66 0.00861573808156232
67 0.00861573808156232
68 0.008998659774076202
69 0.008998659774076202
70 0.00861573808156232
71 0.00861573808156232
72 0.0080413555427915
73 0.00861573808156232
74 0.00861573808156232
75 0.00823281638904844
76 0.007658433850277618
77 0.00823281638904844
78 0.007466973004020678
79 0.0072755121577637374
80 0.0080413555427915
81 0.007658433850277618
82 0.0080413555427915
83 0.0080413555427915
84 0.007658433850277618
85 0.0080413555427915
86 0.00842427723530538
87 0.009764503159103963
88 0.009573042312847023
89 0.009381581466590082
90 0.009955964005360904
91 0.010530346544131725
92 0.010721807390388666
93 0.011679111621673368
94 0.010913268236645606
95 0.012062033314187249
96 0.011296189929159487
97 0.012062033314187249
98 0.01225349416044419
99 0.011679111621673368
100 0.010913268236645606
101 0.010913268236645606
102 0.011487650775416428
103 0.011870572467930308
104 0.011870572467930308
105 0.01225349416044419
106 0.011870572467930308
107 0.011870572467930308
108 0.01225349416044419
109 0.01225349416044419
110 0.011679111621673368
111 0.01282787669921501
112 0.013785180930499713
113 0.014168102623013594
114 0.015125406854298296
115 0.015508328546812177
116 0.015699789393069118
117 0.015125406854298296
118 0.015125406854298296
119 0.014742485161784415
120 0.014359563469270534
121 0.014168102623013594
122 0.013785180930499713
123 0.014742485161784415
124 0.013976641776756654
125 0.013402259237985832
126 0.013976641776756654
127 0.015125406854298296
128 0.01627417193183994
129 0.01665709362435382
130 0.015699789393069118
131 0.015508328546812177
132 0.015125406854298296
133 0.014933946008041356
134 0.014551024315527475
135 0.014551024315527475
136 0.014933946008041356
137 0.014933946008041356
138 0.015316867700555237
139 0.014742485161784415
140 0.014551024315527475
141 0.014359563469270534
142 0.014933946008041356
143 0.015125406854298296
144 0.014742485161784415
145 0.014551024315527475
146 0.014742485161784415
147 0.014168102623013594
148 0.014742485161784415
149 0.014742485161784415
150 0.014168102623013594
151 0.014168102623013594
152 0.016082711085583
153 0.015699789393069118
154 0.015316867700555237
155 0.016082711085583
156 0.015316867700555237
157 0.015508328546812177
158 0.015316867700555237
159 0.014551024315527475
160 0.014933946008041356
161 0.015508328546812177
162 0.014933946008041356
163 0.015125406854298296
164 0.014359563469270534
165 0.014551024315527475
166 0.014551024315527475
167 0.014742485161784415
168 0.015508328546812177
169 0.015508328546812177
170 0.01627417193183994
171 0.01646563277809688
172 0.01627417193183994
173 0.015891250239326058
174 0.016082711085583
175 0.01627417193183994
176 0.01665709362435382
177 0.01665709362435382
178 0.0170400153168677
179 0.01627417193183994
180 0.016082711085583
181 0.015508328546812177
182 0.015891250239326058
183 0.015125406854298296
184 0.015508328546812177
185 0.015125406854298296
186 0.015125406854298296
187 0.015316867700555237
188 0.015699789393069118
189 0.015508328546812177
190 0.015699789393069118
191 0.015891250239326058
192 0.01627417193183994
193 0.01684855447061076
194 0.01627417193183994
195 0.017422937009381582
196 0.01684855447061076
197 0.01646563277809688
198 0.015699789393069118
199 0.015508328546812177
200 0.015508328546812177
201 0.015125406854298296
202 0.015125406854298296
203 0.015125406854298296
204 0.015125406854298296
205 0.014742485161784415
206 0.014551024315527475
207 0.014742485161784415
208 0.014742485161784415
209 0.014168102623013594
210 0.013976641776756654
211 0.013210798391728892
212 0.013785180930499713
213 0.013976641776756654
214 0.014168102623013594
215 0.014168102623013594
216 0.015125406854298296
217 0.015316867700555237
218 0.014742485161784415
219 0.014933946008041356
220 0.015316867700555237
221 0.015316867700555237
222 0.014933946008041356
223 0.014742485161784415
224 0.014933946008041356
225 0.014933946008041356
226 0.015125406854298296
227 0.015316867700555237
228 0.015891250239326058
229 0.015316867700555237
230 0.014551024315527475
231 0.014551024315527475
232 0.014933946008041356
233 0.015125406854298296
234 0.015125406854298296
235 0.014742485161784415
236 0.014742485161784415
237 0.015891250239326058
238 0.015508328546812177
239 0.014933946008041356
240 0.014933946008041356
241 0.014933946008041356
242 0.014168102623013594
243 0.014551024315527475
244 0.013402259237985832
245 0.01244495500670113
246 0.013402259237985832
247 0.013402259237985832
248 0.013210798391728892
249 0.013019337545471951
250 0.013593720084242773
251 0.013785180930499713
252 0.014551024315527475
253 0.014933946008041356
254 0.014933946008041356
255 0.015508328546812177
256 0.01665709362435382
257 0.01665709362435382
258 0.01646563277809688
259 0.01627417193183994
260 0.01646563277809688
261 0.01646563277809688
262 0.01646563277809688
263 0.015891250239326058
264 0.015508328546812177
265 0.016082711085583
266 0.01665709362435382
267 0.01665709362435382
268 0.015699789393069118
269 0.015699789393069118
270 0.015508328546812177
271 0.015891250239326058
272 0.01627417193183994
273 0.015891250239326058
274 0.015316867700555237
275 0.015125406854298296
276 0.014551024315527475
277 0.014742485161784415
278 0.014742485161784415
279 0.014359563469270534
280 0.015125406854298296
281 0.015508328546812177
282 0.014933946008041356
283 0.015316867700555237
284 0.015508328546812177
285 0.015699789393069118
286 0.015508328546812177
287 0.015699789393069118
288 0.015891250239326058
289 0.015125406854298296
290 0.014933946008041356
291 0.015125406854298296
292 0.014742485161784415
293 0.014551024315527475
294 0.014168102623013594
295 0.014168102623013594
296 0.013785180930499713
297 0.013976641776756654
298 0.014168102623013594
299 0.013976641776756654
300 0.014168102623013594
301 0.014933946008041356
302 0.014742485161784415
303 0.014359563469270534
304 0.014933946008041356
305 0.015125406854298296
306 0.015125406854298296
307 0.014551024315527475
308 0.014168102623013594
309 0.013976641776756654
310 0.013976641776756654
311 0.013785180930499713
312 0.013785180930499713
313 0.013785180930499713
314 0.013976641776756654
315 0.014551024315527475
316 0.013785180930499713
317 0.014359563469270534
318 0.014359563469270534
319 0.014551024315527475
320 0.014551024315527475
321 0.013785180930499713
322 0.014359563469270534
323 0.014359563469270534
324 0.014168102623013594
325 0.014933946008041356
326 0.015508328546812177
327 0.014742485161784415
328 0.014359563469270534
329 0.014551024315527475
330 0.014933946008041356
331 0.014933946008041356
332 0.014359563469270534
333 0.014359563469270534
334 0.014933946008041356
335 0.014168102623013594
336 0.014359563469270534
337 0.013976641776756654
338 0.013976641776756654
339 0.014168102623013594
340 0.014551024315527475
341 0.014742485161784415
342 0.014742485161784415
343 0.014933946008041356
344 0.014933946008041356
345 0.014551024315527475
346 0.014168102623013594
347 0.013785180930499713
348 0.013785180930499713
349 0.013593720084242773
350 0.014168102623013594
351 0.014551024315527475
352 0.014168102623013594
353 0.014742485161784415
354 0.013593720084242773
355 0.013402259237985832
356 0.01263641585295807
357 0.01244495500670113
358 0.01244495500670113
359 0.01263641585295807
360 0.01244495500670113
361 0.013019337545471951
362 0.01282787669921501
363 0.01263641585295807
364 0.014551024315527475
365 0.015125406854298296
366 0.015316867700555237
367 0.015699789393069118
368 0.014933946008041356
369 0.015125406854298296
370 0.015125406854298296
371 0.014742485161784415
372 0.015125406854298296
373 0.015125406854298296
374 0.01665709362435382
375 0.016082711085583
376 0.01723147616312464
377 0.01665709362435382
378 0.015125406854298296
379 0.014551024315527475
380 0.014933946008041356
381 0.015125406854298296
382 0.016082711085583
383 0.014933946008041356
384 0.014933946008041356
385 0.015508328546812177
386 0.01627417193183994
387 0.0170400153168677
388 0.01665709362435382
389 0.016082711085583
390 0.01646563277809688
391 0.015891250239326058
392 0.01627417193183994
393 0.015316867700555237
394 0.014933946008041356
395 0.014551024315527475
396 0.015316867700555237
397 0.015125406854298296
398 0.015316867700555237
399 0.016082711085583
400 0.015891250239326058
401 0.015891250239326058
402 0.01684855447061076
403 0.016082711085583
404 0.015699789393069118
405 0.014933946008041356
406 0.015125406854298296
407 0.015125406854298296
408 0.014551024315527475
409 0.015316867700555237
410 0.015125406854298296
411 0.015316867700555237
412 0.015125406854298296
413 0.015125406854298296
414 0.015125406854298296
415 0.015508328546812177
416 0.014742485161784415
417 0.014742485161784415
418 0.015891250239326058
419 0.015891250239326058
420 0.014933946008041356
421 0.014551024315527475
422 0.014551024315527475
423 0.014168102623013594
424 0.013785180930499713
425 0.014551024315527475
426 0.014551024315527475
427 0.014933946008041356
428 0.015125406854298296
429 0.015316867700555237
430 0.014933946008041356
431 0.015125406854298296
432 0.015508328546812177
433 0.015316867700555237
434 0.015508328546812177
435 0.014551024315527475
436 0.014933946008041356
437 0.014551024315527475
438 0.014168102623013594
439 0.014359563469270534
440 0.014168102623013594
441 0.014168102623013594
442 0.014551024315527475
443 0.014168102623013594
444 0.014168102623013594
445 0.014168102623013594
446 0.014742485161784415
447 0.014168102623013594
448 0.014168102623013594
449 0.014168102623013594
450 0.014168102623013594
451 0.014933946008041356
452 0.015125406854298296
453 0.014933946008041356
454 0.014742485161784415
455 0.014168102623013594
456 0.014551024315527475
457 0.014742485161784415
458 0.015316867700555237
459 0.015508328546812177
460 0.014933946008041356
461 0.014933946008041356
462 0.015508328546812177
463 0.015699789393069118
464 0.015316867700555237
465 0.015508328546812177
466 0.015125406854298296
467 0.015125406854298296
468 0.015508328546812177
469 0.015699789393069118
470 0.015891250239326058
471 0.015891250239326058
472 0.015125406854298296
473 0.015125406854298296
474 0.015316867700555237
475 0.015699789393069118
476 0.015508328546812177
477 0.015316867700555237
478 0.014359563469270534
479 0.013976641776756654
480 0.013785180930499713
481 0.01282787669921501
482 0.013402259237985832
483 0.013210798391728892
484 0.013785180930499713
485 0.013019337545471951
486 0.013593720084242773
487 0.013593720084242773
488 0.013976641776756654
489 0.013402259237985832
490 0.013976641776756654
491 0.014168102623013594
492 0.014168102623013594
493 0.015125406854298296
494 0.014933946008041356
495 0.015316867700555237
496 0.015508328546812177
497 0.015125406854298296
498 0.015508328546812177
499 0.015891250239326058
500 0.015891250239326058
501 0.015125406854298296
502 0.015891250239326058
503 0.016082711085583
504 0.015508328546812177
505 0.015508328546812177
506 0.015316867700555237
507 0.015316867700555237
508 0.015699789393069118
509 0.01684855447061076
510 0.015891250239326058
511 0.016082711085583
512 0.01665709362435382
513 0.015891250239326058
514 0.015891250239326058
515 0.015508328546812177
516 0.015891250239326058
517 0.015316867700555237
518 0.015699789393069118
519 0.014742485161784415
520 0.014742485161784415
521 0.015508328546812177
522 0.014742485161784415
523 0.014359563469270534
524 0.014168102623013594
525 0.014359563469270534
526 0.014359563469270534
527 0.014168102623013594
528 0.014359563469270534
529 0.014359563469270534
530 0.014168102623013594
531 0.014359563469270534
532 0.014551024315527475
533 0.014551024315527475
534 0.014359563469270534
535 0.013019337545471951
536 0.013019337545471951
537 0.013785180930499713
538 0.013402259237985832
539 0.01282787669921501
540 0.01244495500670113
541 0.01225349416044419
542 0.011870572467930308
543 0.011679111621673368
544 0.012062033314187249
545 0.012062033314187249
546 0.012062033314187249
547 0.01244495500670113
548 0.01282787669921501
549 0.013019337545471951
550 0.013593720084242773
551 0.013593720084242773
552 0.013976641776756654
553 0.013976641776756654
554 0.013019337545471951
555 0.013019337545471951
556 0.013019337545471951
557 0.01282787669921501
558 0.01282787669921501
559 0.01282787669921501
560 0.011487650775416428
561 0.01282787669921501
562 0.013593720084242773
563 0.014359563469270534
564 0.015125406854298296
565 0.015508328546812177
566 0.015699789393069118
567 0.015316867700555237
568 0.015508328546812177
569 0.014933946008041356
570 0.014359563469270534
571 0.014933946008041356
572 0.014551024315527475
573 0.014551024315527475
574 0.014359563469270534
575 0.015316867700555237
576 0.015125406854298296
577 0.014551024315527475
578 0.014168102623013594
579 0.013593720084242773
580 0.013976641776756654
581 0.013976641776756654
582 0.013785180930499713
583 0.014551024315527475
584 0.015125406854298296
585 0.014742485161784415
586 0.014359563469270534
587 0.014168102623013594
588 0.013976641776756654
589 0.014168102623013594
590 0.014168102623013594
591 0.014742485161784415
592 0.015125406854298296
593 0.014359563469270534
594 0.013976641776756654
595 0.014359563469270534
596 0.014742485161784415
597 0.013976641776756654
598 0.014742485161784415
599 0.014359563469270534
600 0.013785180930499713
601 0.014933946008041356
602 0.014742485161784415
603 0.015699789393069118
604 0.015125406854298296
605 0.016082711085583
606 0.01646563277809688
607 0.01627417193183994
608 0.016082711085583
609 0.015891250239326058
610 0.015508328546812177
611 0.014551024315527475
612 0.015891250239326058
613 0.015316867700555237
614 0.015316867700555237
615 0.015699789393069118
616 0.016082711085583
617 0.015316867700555237
618 0.015699789393069118
619 0.015699789393069118
620 0.016082711085583
621 0.015699789393069118
622 0.016082711085583
623 0.015699789393069118
624 0.015125406854298296
625 0.014742485161784415
626 0.014742485161784415
627 0.015125406854298296
628 0.014933946008041356
629 0.015125406854298296
630 0.014742485161784415
631 0.015125406854298296
632 0.013976641776756654
633 0.013976641776756654
634 0.013593720084242773
635 0.014168102623013594
636 0.014551024315527475
637 0.013593720084242773
638 0.01282787669921501
639 0.01263641585295807
640 0.01263641585295807
641 0.01282787669921501
642 0.013019337545471951
643 0.013785180930499713
644 0.013593720084242773
645 0.013593720084242773
646 0.014359563469270534
647 0.013976641776756654
648 0.013402259237985832
649 0.013593720084242773
650 0.014168102623013594
651 0.014359563469270534
652 0.013976641776756654
653 0.013402259237985832
654 0.013210798391728892
655 0.012062033314187249
656 0.01244495500670113
657 0.011870572467930308
658 0.012062033314187249
659 0.012062033314187249
660 0.013019337545471951
661 0.013593720084242773
662 0.013976641776756654
663 0.015125406854298296
664 0.015316867700555237
665 0.014933946008041356
666 0.014742485161784415
667 0.014933946008041356
668 0.015125406854298296
669 0.015891250239326058
670 0.01646563277809688
671 0.01627417193183994
672 0.0170400153168677
673 0.0170400153168677
674 0.01723147616312464
675 0.01627417193183994
676 0.01627417193183994
677 0.01684855447061076
678 0.01665709362435382
679 0.01665709362435382
680 0.01627417193183994
681 0.016082711085583
682 0.016082711085583
683 0.01627417193183994
684 0.01627417193183994
685 0.015316867700555237
686 0.015508328546812177
687 0.015699789393069118
688 0.015508328546812177
689 0.015891250239326058
690 0.016082711085583
691 0.015699789393069118
692 0.016082711085583
693 0.01646563277809688
694 0.01665709362435382
695 0.01723147616312464
696 0.017805858701895463
697 0.01723147616312464
698 0.01665709362435382
699 0.01723147616312464
700 0.01684855447061076
