1 0.0003829216925138809
2 0.0005743825387708214
3 0.0007658433850277618
4 0.0017231476163124641
5 0.002106069308826345
6 0.002106069308826345
7 0.002871912693854107
8 0.003829216925138809
9 0.00421213861765269
10 0.0044035994639096306
11 0.005169442848937392
12 0.006509668772735976
13 0.007658433850277618
14 0.00842427723530538
15 0.009955964005360904
16 0.011296189929159487
17 0.013210798391728892
18 0.014742485161784415
19 0.01627417193183994
20 0.01684855447061076
21 0.018571702086923225
22 0.02048631054949263
23 0.022400919012062034
24 0.02431552747463144
25 0.026613057629714724
26 0.02967643116982577
27 0.03350564809496458
28 0.03637756078881869
29 0.03790924755887421
30 0.03752632586636033
31 0.039823856021443615
32 0.04269576871529772
33 0.04269576871529772
34 0.04595060310166571
35 0.04690790733295041
36 0.04863105494926288
37 0.05092858510434616
38 0.051694428489373924
39 0.05284319356691557
40 0.057246793030825194
41 0.06069308826345012
42 0.064330844342332
43 0.0672027570361861
44 0.0700746697300402
45 0.07562703427149148
46 0.07658433850277618
47 0.08022209458165805
48 0.08366838981428298
49 0.08788052843193567
50 0.08883783266322037
51 0.08998659774076201
52 0.09094390197204671
53 0.09190120620333142
54 0.09534750143595634
55 0.09802795328355352
56 0.10051694428489374
57 0.10204863105494927
58 0.10415470036377561
59 0.10434616121003255
60 0.10587784798008808
61 0.10970706490522689
62 0.10970706490522689
63 0.11315336013785181
64 0.11659965537047674
65 0.12272640245069884
66 0.12176909821941413
67 0.12559831514455294
68 0.12885314953092092
69 0.1305762971472334
70 0.13268236645605974
71 0.13478843576488608
72 0.13823473099751102
73 0.1372774267662263
74 0.13919203522879572
75 0.1428297913076776
76 0.1472333907715872
77 0.1495309209266705
78 0.15201991192801073
79 0.15163699023549684
80 0.15201991192801073
81 0.15489182462186482
82 0.15776373731571894
83 0.16082711085582999
84 0.16293318016465633
85 0.16350756270342715
86 0.16446486693471185
87 0.17001723147616313
88 0.17384644840130192
89 0.1759525177101283
90 0.1797817346352671
91 0.17901589125023934
92 0.1797817346352671
93 0.1797817346352671
94 0.18437679494543366
95 0.1826536473291212
96 0.18495117748420448
97 0.19069500287191268
98 0.1935669155657668
99 0.19758759333716255
100 0.19950220179973197
101 0.20294849703235687
102 0.20409726210989854
103 0.20716063565000958
104 0.20620333141872488
105 0.2067777139574957
106 0.20716063565000958
107 0.20964962665134979
108 0.21424468696151636
109 0.2129044610377178
110 0.21539345203905802
111 0.21501053034654413
112 0.21979705150296763
113 0.2205628948879954
114 0.2247750335056481
115 0.22611525942944669
116 0.2257323377369328
117 0.231476163124641
118 0.23530538004977983
119 0.23511391920352287
120 0.23779437105112006
121 0.237985831897377
122 0.24028336205246026
123 0.24296381390005745
124 0.24526134405514072
125 0.24717595251771013
126 0.24870763928776565
127 0.25406854298296
128 0.25291977790541836
129 0.2533026995979322
130 0.2569404556768141
131 0.25636607313804327
132 0.2569404556768141
133 0.25962090752441125
134 0.2630672027570362
135 0.26498181121960557
136 0.26421596783457785
137 0.26957687152977217
138 0.27091709745357073
139 0.2691939498372583
140 0.269959793222286
141 0.2735975493011679
142 0.273214627608654
143 0.27666092284127897
144 0.27627800114876505
145 0.27800114876507753
146 0.2814474439977025
147 0.28259620907524413
148 0.28508520007658433
149 0.2871912693854107
150 0.2891058778479801
151 0.29331801646563277
152 0.29408385985066055
153 0.2963813900057438
154 0.2996362243921118
155 0.302316676239709
156 0.30920926670495885
157 0.308634884166188
158 0.30920926670495885
159 0.3141872487076393
160 0.31437870955389624
161 0.31437870955389624
162 0.3170591614014934
163 0.3193566915565767
164 0.32050545663411834
165 0.32682366456059736
166 0.3281638904843959
167 0.32682366456059736
168 0.3281638904843959
169 0.33716255025847214
170 0.3360137851809305
171 0.33716255025847214
172 0.3386942370285277
173 0.34156614972238175
174 0.34328929733869423
175 0.34769289680260385
176 0.34520390580126364
177 0.34252345395366646
178 0.34328929733869423
179 0.34443806241623587
180 0.344055140723722
181 0.3475014359563469
182 0.3509477311889719
183 0.3519050354202566
184 0.3517135745739996
185 0.35420256557533986
186 0.3572659391154509
187 0.3616695385793605
188 0.3639670687344438
189 0.36703044227455484
190 0.3605207735018189
191 0.3639670687344438
192 0.3614780777331036
193 0.36320122534941607
194 0.3643499904269577
195 0.3691365115833812
196 0.3748803369710894
197 0.3790924755887421
198 0.3785180930499713
199 0.38062416235879765
200 0.3819643882825962
201 0.3861765269002489
202 0.3852192226689642
203 0.3854106835152211
204 0.38579360520773504
205 0.38694237028527667
206 0.38655944859276276
207 0.39019720467164465
208 0.39460080413555426
209 0.3896228221328738
210 0.3905801263641585
211 0.3976641776756653
212 0.4009190120620333
213 0.4022592379858319
214 0.40723721998851237
215 0.40532261152594296
216 0.40436530729465825
217 0.4035994639096305
218 0.4064713766034846
219 0.4076201416810262
220 0.4037909247558874
221 0.4057055332184568
222 0.40608845491097073
223 0.40876890675856786
224 0.4066628374497415
225 0.4055140723721999
226 0.4030250813708597
227 0.40532261152594296
228 0.40398238560214433
229 0.4045567681409152
230 0.4118322802986789
231 0.4141298104537622
232 0.41432127130001917
233 0.4206394792264982
234 0.41910779245644264
235 0.42389431361286617
236 0.42542600038292167
237 0.43002106069308826
238 0.43078690407811604
239 0.4286808347692897
240 0.4269576871529772
241 0.4282979130767758
242 0.43270151254068545
243 0.4401684855447061
244 0.4355734252345395
245 0.43346735592571317
246 0.43327589507945624
247 0.4344246601569979
248 0.43959410300593527
249 0.44035994639096304
250 0.4401684855447061
251 0.4392111813134214
252 0.43767949454336585
253 0.4417001723147616
254 0.4426574765460463
255 0.4418916331610186
256 0.43940264215967834
257 0.4415087114685047
258 0.44399770246984493
259 0.4491671453187823
260 0.4495500670112962
261 0.4551024315527475
262 0.45452804901397664
263 0.4539536664752058
264 0.45280490139766416
265 0.4556768140915183
266 0.4595060310166571
267 0.4610377177867126
268 0.4627608654030251
269 0.462952326249282
270 0.4656327780968792
271 0.46601569978939306
272 0.46601569978939306
273 0.4671644648669347
274 0.46429255217308063
275 0.46410109132682364
276 0.46352670878805285
277 0.46314378709553894
278 0.46314378709553894
279 0.4618035611717404
280 0.46084625694045567
281 0.45931457017040017
282 0.45835726593911547
283 0.45835726593911547
284 0.4610377177867126
285 0.4556768140915183
286 0.4556768140915183
287 0.45376220562894887
288 0.45969749186291403
289 0.46429255217308063
290 0.4665900823281639
291 0.4713766034845874
292 0.47309975110089986
293 0.47156806433084436
294 0.47156806433084436
295 0.47578020294849704
296 0.4719509860233582
297 0.4755887421022401
298 0.47386559448592763
299 0.4761631246410109
300 0.4765460463335248
301 0.47826919394983725
302 0.47865211564235116
303 0.47769481141106646
304 0.47673750717978175
305 0.48286425426000384
306 0.482289871721233
307 0.4803752632586636
308 0.4769289680260387
309 0.4794179590273789
310 0.48439594103005934
311 0.48726785372391346
312 0.48994830557151064
313 0.4922458357265939
314 0.4949262875741911
315 0.4974152785755313
316 0.49798966111430215
317 0.49856404365307294
318 0.4937775224966494
319 0.4932031399578786
320 0.4926287574191078
321 0.4974152785755313
322 0.49779820026804517
323 0.498372582806816
324 0.49684089603676046
325 0.4991384261918438
326 0.5014359563469271
327 0.4989469653455868
328 0.5058395558108367
329 0.5050737124258089
330 0.5043078690407812
331 0.5060310166570936
332 0.5056480949645797
333 0.5071797817346353
334 0.5043078690407812
335 0.5087114685046908
336 0.5077541642734061
337 0.5121577637373157
338 0.5138809113536282
339 0.5121577637373157
340 0.5136894505073712
341 0.5121577637373157
342 0.5156040589699407
343 0.5148382155849129
344 0.517710128278767
345 0.5163699023549684
346 0.5123492245835727
347 0.5152211372774268
348 0.5136894505073712
349 0.5156040589699407
350 0.5157955198161975
351 0.5163699023549684
352 0.5104346161210033
353 0.5152211372774268
354 0.5200076584338503
355 0.5213478843576489
356 0.5230710319739613
357 0.5257514838215585
358 0.527283170591614
359 0.5347501435956347
360 0.5378135171357458
361 0.5339843002106069
362 0.5311123875167528
363 0.5349416044418916
364 0.5345586827493778
365 0.5332184568255792
366 0.5290063182079264
367 0.5303465441317251
368 0.5290063182079264
369 0.53379283936435
370 0.5429829599846832
371 0.5410683515221137
372 0.5448975684472526
373 0.5473865594485927
374 0.5479609419873636
375 0.5487267853723914
376 0.5535133065288148
377 0.5550449932988704
378 0.5550449932988704
379 0.5537047673750718
380 0.55944859276278
381 0.5577254451464676
382 0.5569596017614398
383 0.5563852192226689
384 0.5573425234539536
385 0.5581083668389815
386 0.5630863488416619
387 0.5575339843002106
388 0.5644265747654604
389 0.562703427149148
390 0.5672984874593145
391 0.5674899483055715
392 0.5684472525368562
393 0.5705533218456825
394 0.5741910779245645
395 0.5747654604633352
396 0.5776373731571893
397 0.5764886080796477
398 0.5801263641585296
399 0.5814665900823281
400 0.5810836683898143
401 0.578594677388474
402 0.578786138234731
403 0.5797434424660157
404 0.581849511774842
405 0.5837641202374114
406 0.5793605207735019
407 0.5807007466973004
408 0.5772544514646755
409 0.5843385027761823
410 0.5891250239326058
411 0.5860616503924947
412 0.5877847980088072
413 0.5883591805475781
414 0.5925713191652308
415 0.5960176143978556
416 0.5956346927053418
417 0.5918054757802029
418 0.5896994064713766
419 0.5960176143978556
420 0.6065479609419874
421 0.601187057246793
422 0.6015699789393069
423 0.6029102048631055
424 0.5988895270917097
425 0.6038675090943902
426 0.6086540302508137
427 0.6117174037909248
428 0.6117174037909248
429 0.6132490905609803
430 0.614014933946008
431 0.6132490905609803
432 0.6176526900248899
433 0.6214819069500287
434 0.6184185334099177
435 0.6186099942561746
436 0.6170783074861191
437 0.620524602718744
438 0.6289488799540494
439 0.6293318016465633
440 0.6308634884166188
441 0.6289488799540494
442 0.6291403408003063
443 0.6255025847214245
444 0.6274171931839939
445 0.6287574191077925
446 0.6260769672601952
447 0.6278001148765078
448 0.6318207926479035
449 0.6354585487267854
450 0.6329695577254452
451 0.6278001148765078
452 0.6348841661880146
453 0.6337354011104729
454 0.633161018571702
455 0.6337354011104729
456 0.6375646180356117
457 0.639862148190695
458 0.6417767566532644
459 0.6469461995022018
460 0.6477120428872296
461 0.6490522688110282
462 0.6517327206586253
463 0.652881485736167
464 0.6547960941987364
465 0.655753398430021
466 0.6511583381198545
467 0.6532644074286809
468 0.649243729657285
469 0.6521156423511392
470 0.6475205820409726
471 0.6480949645797435
472 0.6425426000382922
473 0.6457974344246602
474 0.6429255217308061
475 0.6387133831131534
476 0.6463718169634309
477 0.649435190503542
478 0.640053609036952
479 0.6406279915757228
480 0.6446486693471185
481 0.6385219222668964
482 0.6425426000382922
483 0.6423511391920352
484 0.6356500095730423
485 0.6390963048056673
486 0.6362243921118131
487 0.6329695577254452
488 0.6341183228029867
489 0.6358414704192993
490 0.6345012444955007
491 0.6364158529580701
492 0.6379475397281256
493 0.6427340608845491
494 0.643116982577063
495 0.6469461995022018
496 0.6450315910396324
497 0.6479035037334865
498 0.6490522688110282
499 0.6479035037334865
500 0.6480949645797435
501 0.6457974344246602
502 0.6434999042695768
503 0.6438828259620908
504 0.6417767566532644
505 0.6436913651158338
506 0.6459888952709171
507 0.6427340608845491
508 0.6440742868083477
509 0.6448401301933755
510 0.6438828259620908
511 0.6425426000382922
512 0.6413938349607505
513 0.6454145127321462
514 0.6467547386559449
515 0.6519241815048823
516 0.6511583381198545
517 0.6540302508137086
518 0.6538387899674517
519 0.655753398430021
520 0.6584338502776182
521 0.6569021635075627
522 0.6513497989661114
523 0.6563277809687919
524 0.6580509285851044
525 0.659199693662646
526 0.6588167719701321
527 0.6576680068925904
528 0.656136320122535
529 0.6555619375837641
530 0.6546046333524794
531 0.6538387899674517
532 0.6574765460463335
533 0.655944859276278
534 0.6576680068925904
535 0.655753398430021
536 0.6578594677388474
537 0.6538387899674517
538 0.6509668772735976
539 0.6519241815048823
540 0.6448401301933755
541 0.6461803561171741
542 0.6463718169634309
543 0.6467547386559449
544 0.6482864254260003
545 0.6488608079647712
546 0.6486693471185143
547 0.6461803561171741
548 0.6457974344246602
549 0.6459888952709171
550 0.6513497989661114
551 0.6452230518858894
552 0.6490522688110282
553 0.6549875550449933
554 0.6546046333524794
555 0.6511583381198545
556 0.6570936243538197
557 0.6576680068925904
558 0.6509668772735976
559 0.6553704767375071
560 0.6513497989661114
561 0.6572850852000766
562 0.6569021635075627
563 0.6605399195864445
564 0.659391154508903
565 0.6670495883591806
566 0.668772735975493
567 0.6712617269768333
568 0.6653264407428681
569 0.6603484587401877
570 0.6576680068925904
571 0.6599655370476738
572 0.659199693662646
573 0.6618801455102431
574 0.6626459888952709
575 0.6660922841278959
576 0.662454528049014
577 0.6653264407428681
578 0.6622630672027571
579 0.6613057629714724
580 0.6599655370476738
581 0.6586253111238751
582 0.6551790158912503
583 0.6534558682749377
584 0.6523071031973962
585 0.6582423894313613
586 0.6622630672027571
587 0.6567107026613057
588 0.65269002488991
589 0.6547960941987364
590 0.6532644074286809
591 0.6553704767375071
592 0.6542217116599656
593 0.659391154508903
594 0.6597740762014168
595 0.6636032931265556
596 0.6649435190503542
597 0.6672410492054375
598 0.6660922841278959
599 0.6645605973578403
600 0.6689641968217499
601 0.6741336396706873
602 0.6762397089795137
603 0.6758567872869998
604 0.6775799349033123
605 0.6727934137468887
606 0.6760482481332567
607 0.6770055523645414
608 0.6781543174420831
609 0.6739421788244304
610 0.6743251005169443
611 0.6710702661305763
612 0.6760482481332567
613 0.6743251005169443
614 0.6745165613632013
615 0.6701129618992916
616 0.6731763354394027
617 0.6716446486693471
618 0.6729848745931457
619 0.6695385793605207
620 0.6768140915182845
621 0.6775799349033123
622 0.6781543174420831
623 0.675090943901972
624 0.6756653264407428
625 0.6697300402067777
626 0.6714531878230902
627 0.6729848745931457
628 0.6748994830557151
629 0.672027570361861
630 0.6651349798966112
631 0.6662837449741528
632 0.6614972238177292
633 0.6659008232816389
634 0.668772735975493
635 0.6714531878230902
636 0.6766226306720275
637 0.6762397089795137
638 0.675473865594486
639 0.675282404748229
640 0.6706873444380624
641 0.6745165613632013
642 0.6789201608271108
643 0.678537239134597
644 0.675473865594486
645 0.6737507179781734
646 0.6704958835918055
647 0.6745165613632013
648 0.6733677962856596
649 0.6777713957495692
650 0.6762397089795137
651 0.6804518475971664
652 0.6777713957495692
653 0.6798774650583955
654 0.6789201608271108
655 0.675282404748229
656 0.671836109515604
657 0.6739421788244304
658 0.6819835343672219
659 0.6816006126747081
660 0.6831322994447635
661 0.684663986214819
662 0.6890675856787287
663 0.691365115833812
664 0.6900248899100134
665 0.6938541068351523
666 0.6867700555236455
667 0.687918820601187
668 0.6838981428297913
669 0.6814091518284511
670 0.6810262301359372
671 0.6861956729848746
672 0.6838981428297913
673 0.6875358989086732
674 0.6928968026038675
675 0.6904078116025273
676 0.6896419682174996
677 0.6896419682174996
678 0.6905992724487843
679 0.6892590465249856
680 0.6869615163699023
681 0.6819835343672219
682 0.6756653264407428
683 0.6737507179781734
684 0.6760482481332567
685 0.6819835343672219
686 0.6905992724487843
687 0.6902163507562703
688 0.6961516369902355
689 0.6951943327589508
690 0.6953857936052077
691 0.6988320888378327
692 0.6932797242963814
693 0.6940455676814091
694 0.6896419682174996
695 0.684663986214819
696 0.688110281447444
697 0.6921309592188397
698 0.6902163507562703
699 0.6921309592188397
700 0.6858127512923607
