1 0.00019146084625694046
2 0.00019146084625694046
3 0.0003829216925138809
4 0.0005743825387708214
5 0.0005743825387708214
6 0.0005743825387708214
7 0.0003829216925138809
8 0.0005743825387708214
9 0.0005743825387708214
10 0.0005743825387708214
11 0.0005743825387708214
12 0.0005743825387708214
13 0.0005743825387708214
14 0.0005743825387708214
15 0.0005743825387708214
16 0.0007658433850277618
17 0.0007658433850277618
18 0.0007658433850277618
19 0.0007658433850277618
20 0.0007658433850277618
21 0.0007658433850277618
22 0.0007658433850277618
23 0.0005743825387708214
24 0.0005743825387708214
25 0.0003829216925138809
26 0.0003829216925138809
27 0.0003829216925138809
28 0.0003829216925138809
29 0.0003829216925138809
30 0.00019146084625694046
31 0.0003829216925138809
32 0.00019146084625694046
33 0.00019146084625694046
34 0.0003829216925138809
35 0.0003829216925138809
36 0.0005743825387708214
37 0.0005743825387708214
38 0.0005743825387708214
39 0.0005743825387708214
40 0.0005743825387708214
41 0.00019146084625694046
42 0.0003829216925138809
43 0.0003829216925138809
44 0.0003829216925138809
45 0.0003829216925138809
46 0.0003829216925138809
47 0.0003829216925138809
48 0.0003829216925138809
49 0.0005743825387708214
50 0.0005743825387708214
51 0.0009573042312847023
52 0.0009573042312847023
53 0.0009573042312847023
54 0.0009573042312847023
55 0.0009573042312847023
56 0.0009573042312847023
57 0.0009573042312847023
58 0.0011487650775416428
59 0.0009573042312847023
60 0.0007658433850277618
61 0.0007658433850277618
62 0.0007658433850277618
63 0.0005743825387708214
64 0.0005743825387708214
65 0.0005743825387708214
66 0.0007658433850277618
67 0.0007658433850277618
68 0.0007658433850277618
69 0.0009573042312847023
70 0.0009573042312847023
71 0.0015316867700555237
72 0.0015316867700555237
73 0.0015316867700555237
74 0.0015316867700555237
75 0.0013402259237985832
76 0.0017231476163124641
77 0.0019146084625694046
78 0.0017231476163124641
79 0.0015316867700555237
80 0.0015316867700555237
81 0.0015316867700555237
82 0.0015316867700555237
83 0.0015316867700555237
84 0.0013402259237985832
85 0.0011487650775416428
86 0.0011487650775416428
87 0.0013402259237985832
88 0.0015316867700555237
89 0.0015316867700555237
90 0.0017231476163124641
91 0.002488991001340226
92 0.0026804518475971664
93 0.0026804518475971664
94 0.00402067777139575
95 0.0034462952326249283
96 0.0036377560788818687
97 0.0036377560788818687
98 0.003829216925138809
99 0.003829216925138809
100 0.00421213861765269
101 0.0044035994639096306
102 0.0047865211564235115
103 0.004595060310166571
104 0.0044035994639096306
105 0.003829216925138809
106 0.00402067777139575
107 0.003254834386367988
108 0.0036377560788818687
109 0.0030633735401110473
110 0.002871912693854107
111 0.0036377560788818687
112 0.0034462952326249283
113 0.0034462952326249283
114 0.003829216925138809
115 0.0036377560788818687
116 0.00402067777139575
117 0.00421213861765269
118 0.004595060310166571
119 0.0047865211564235115
120 0.0047865211564235115
121 0.0047865211564235115
122 0.004595060310166571
123 0.004595060310166571
124 0.005169442848937392
125 0.005169442848937392
126 0.005360903695194333
127 0.005169442848937392
128 0.0047865211564235115
129 0.004595060310166571
130 0.0047865211564235115
131 0.004595060310166571
132 0.0044035994639096306
133 0.00402067777139575
134 0.003829216925138809
135 0.00402067777139575
136 0.00421213861765269
137 0.00421213861765269
138 0.0036377560788818687
139 0.003254834386367988
140 0.002488991001340226
141 0.0026804518475971664
142 0.002488991001340226
143 0.0026804518475971664
144 0.0026804518475971664
145 0.0026804518475971664
146 0.003254834386367988
147 0.0036377560788818687
148 0.00421213861765269
149 0.004977982002680452
150 0.004977982002680452
151 0.005743825387708214
152 0.006126747080222095
153 0.0068925904652498565
154 0.006701129618992916
155 0.006509668772735976
156 0.0068925904652498565
157 0.0068925904652498565
158 0.007084051311506797
159 0.007849894696534559
160 0.007658433850277618
161 0.0080413555427915
162 0.00823281638904844
163 0.00823281638904844
164 0.007849894696534559
165 0.00823281638904844
166 0.00823281638904844
167 0.00861573808156232
168 0.00861573808156232
169 0.008998659774076202
170 0.008807198927819261
171 0.008998659774076202
172 0.008998659774076202
173 0.008807198927819261
174 0.00861573808156232
175 0.008807198927819261
176 0.008807198927819261
177 0.00842427723530538
178 0.008998659774076202
179 0.009381581466590082
180 0.009190120620333142
181 0.009381581466590082
182 0.009381581466590082
183 0.009573042312847023
184 0.008998659774076202
185 0.009190120620333142
186 0.009573042312847023
187 0.009573042312847023
188 0.009573042312847023
189 0.009573042312847023
190 0.009573042312847023
191 0.009381581466590082
192 0.009190120620333142
193 0.009381581466590082
194 0.009190120620333142
195 0.009764503159103963
196 0.009381581466590082
197 0.009764503159103963
198 0.009955964005360904
199 0.009955964005360904
200 0.009955964005360904
201 0.009955964005360904
202 0.009764503159103963
203 0.009955964005360904
204 0.010721807390388666
205 0.009764503159103963
206 0.009381581466590082
207 0.009955964005360904
208 0.009764503159103963
209 0.009764503159103963
210 0.010147424851617844
211 0.010338885697874785
212 0.009955964005360904
213 0.009764503159103963
214 0.009764503159103963
215 0.008998659774076202
216 0.009381581466590082
217 0.010147424851617844
218 0.010721807390388666
219 0.010530346544131725
220 0.010721807390388666
221 0.010721807390388666
222 0.010913268236645606
223 0.010530346544131725
224 0.010147424851617844
225 0.009955964005360904
226 0.010721807390388666
227 0.011296189929159487
228 0.010530346544131725
229 0.011104729082902547
230 0.011487650775416428
231 0.01263641585295807
232 0.01282787669921501
233 0.013210798391728892
234 0.013402259237985832
235 0.013210798391728892
236 0.013976641776756654
237 0.014551024315527475
238 0.014742485161784415
239 0.014742485161784415
240 0.014359563469270534
241 0.013976641776756654
242 0.013976641776756654
243 0.014359563469270534
244 0.013593720084242773
245 0.013785180930499713
246 0.013210798391728892
247 0.01282787669921501
248 0.013402259237985832
249 0.013210798391728892
250 0.013593720084242773
251 0.013593720084242773
252 0.014359563469270534
253 0.014168102623013594
254 0.014933946008041356
255 0.014551024315527475
256 0.014359563469270534
257 0.014933946008041356
258 0.015125406854298296
259 0.015125406854298296
260 0.014359563469270534
261 0.014168102623013594
262 0.014551024315527475
263 0.015125406854298296
264 0.015316867700555237
265 0.015699789393069118
266 0.015508328546812177
267 0.015125406854298296
268 0.014742485161784415
269 0.015125406854298296
270 0.014933946008041356
271 0.014168102623013594
272 0.015125406854298296
273 0.014742485161784415
274 0.014933946008041356
275 0.014359563469270534
276 0.014551024315527475
277 0.014168102623013594
278 0.013785180930499713
279 0.013593720084242773
280 0.013593720084242773
281 0.013019337545471951
282 0.013019337545471951
283 0.013210798391728892
284 0.013402259237985832
285 0.013402259237985832
286 0.014551024315527475
287 0.014359563469270534
288 0.014551024315527475
289 0.014742485161784415
290 0.014551024315527475
291 0.013976641776756654
292 0.013593720084242773
293 0.013402259237985832
294 0.014551024315527475
295 0.014933946008041356
296 0.014933946008041356
297 0.014742485161784415
298 0.014359563469270534
299 0.013976641776756654
300 0.014551024315527475
301 0.013402259237985832
302 0.01263641585295807
303 0.01244495500670113
304 0.01282787669921501
305 0.01225349416044419
306 0.013019337545471951
307 0.01225349416044419
308 0.01282787669921501
309 0.013210798391728892
310 0.013402259237985832
311 0.013593720084242773
312 0.014551024315527475
313 0.014168102623013594
314 0.013593720084242773
315 0.013976641776756654
316 0.014168102623013594
317 0.014551024315527475
318 0.014933946008041356
319 0.014933946008041356
320 0.014551024315527475
321 0.014933946008041356
322 0.015125406854298296
323 0.015316867700555237
324 0.014933946008041356
325 0.015125406854298296
326 0.015316867700555237
327 0.015125406854298296
328 0.015699789393069118
329 0.015699789393069118
330 0.01665709362435382
331 0.01684855447061076
332 0.01684855447061076
333 0.01684855447061076
334 0.01646563277809688
335 0.01627417193183994
336 0.01646563277809688
337 0.01665709362435382
338 0.016082711085583
339 0.015508328546812177
340 0.014933946008041356
341 0.014359563469270534
342 0.014551024315527475
343 0.015125406854298296
344 0.015316867700555237
345 0.016082711085583
346 0.01627417193183994
347 0.01684855447061076
348 0.01646563277809688
349 0.01684855447061076
350 0.017614397855638522
351 0.01684855447061076
352 0.01665709362435382
353 0.01684855447061076
354 0.01627417193183994
355 0.015508328546812177
356 0.015508328546812177
357 0.015508328546812177
358 0.015699789393069118
359 0.015891250239326058
360 0.01665709362435382
361 0.01665709362435382
362 0.01684855447061076
363 0.01684855447061076
364 0.01665709362435382
365 0.0170400153168677
366 0.01684855447061076
367 0.01646563277809688
368 0.01723147616312464
369 0.01723147616312464
370 0.01646563277809688
371 0.016082711085583
372 0.015508328546812177
373 0.015891250239326058
374 0.015508328546812177
375 0.01627417193183994
376 0.01627417193183994
377 0.01684855447061076
378 0.01723147616312464
379 0.017614397855638522
380 0.0170400153168677
381 0.017422937009381582
382 0.01627417193183994
383 0.01665709362435382
384 0.016082711085583
385 0.015699789393069118
386 0.015508328546812177
387 0.015699789393069118
388 0.015699789393069118
389 0.014933946008041356
390 0.014933946008041356
391 0.015316867700555237
392 0.015699789393069118
393 0.01627417193183994
394 0.015508328546812177
395 0.015316867700555237
396 0.014551024315527475
397 0.013976641776756654
398 0.014551024315527475
399 0.014551024315527475
400 0.013402259237985832
401 0.013210798391728892
402 0.013402259237985832
403 0.013785180930499713
404 0.013593720084242773
405 0.013976641776756654
406 0.014742485161784415
407 0.014551024315527475
408 0.015125406854298296
409 0.014933946008041356
410 0.014551024315527475
411 0.013785180930499713
412 0.014168102623013594
413 0.014359563469270534
414 0.014742485161784415
415 0.014168102623013594
416 0.014168102623013594
417 0.014551024315527475
418 0.014551024315527475
419 0.014933946008041356
420 0.015316867700555237
421 0.014551024315527475
422 0.015125406854298296
423 0.014933946008041356
424 0.015316867700555237
425 0.015699789393069118
426 0.01627417193183994
427 0.01684855447061076
428 0.01646563277809688
429 0.016082711085583
430 0.015699789393069118
431 0.015699789393069118
432 0.016082711085583
433 0.015508328546812177
434 0.015699789393069118
435 0.015508328546812177
436 0.015891250239326058
437 0.016082711085583
438 0.015891250239326058
439 0.015125406854298296
440 0.014551024315527475
441 0.014933946008041356
442 0.014933946008041356
443 0.014551024315527475
444 0.014551024315527475
445 0.014551024315527475
446 0.014168102623013594
447 0.014168102623013594
448 0.014551024315527475
449 0.013785180930499713
450 0.014168102623013594
451 0.014168102623013594
452 0.015125406854298296
453 0.014933946008041356
454 0.015125406854298296
455 0.014551024315527475
456 0.015508328546812177
457 0.015699789393069118
458 0.014933946008041356
459 0.014551024315527475
460 0.014551024315527475
461 0.014742485161784415
462 0.015508328546812177
463 0.015699789393069118
464 0.015125406854298296
465 0.015125406854298296
466 0.014933946008041356
467 0.015125406854298296
468 0.014742485161784415
469 0.014933946008041356
470 0.014359563469270534
471 0.014742485161784415
472 0.014933946008041356
473 0.014933946008041356
474 0.014742485161784415
475 0.014742485161784415
476 0.014551024315527475
477 0.013976641776756654
478 0.015125406854298296
479 0.015508328546812177
480 0.015508328546812177
481 0.015508328546812177
482 0.015508328546812177
483 0.015699789393069118
484 0.015699789393069118
485 0.015508328546812177
486 0.015699789393069118
487 0.015891250239326058
488 0.015891250239326058
489 0.015699789393069118
490 0.015699789393069118
491 0.014933946008041356
492 0.015316867700555237
493 0.015125406854298296
494 0.014933946008041356
495 0.014551024315527475
496 0.014742485161784415
497 0.014551024315527475
498 0.015125406854298296
499 0.015316867700555237
500 0.015508328546812177
501 0.015508328546812177
502 0.014933946008041356
503 0.014551024315527475
504 0.015891250239326058
505 0.015125406854298296
506 0.014742485161784415
507 0.015508328546812177
508 0.015316867700555237
509 0.015316867700555237
510 0.014742485161784415
511 0.014933946008041356
512 0.016082711085583
513 0.016082711085583
514 0.016082711085583
515 0.016082711085583
516 0.015891250239326058
517 0.015316867700555237
518 0.015699789393069118
519 0.015699789393069118
520 0.015125406854298296
521 0.014551024315527475
522 0.015699789393069118
523 0.015699789393069118
524 0.016082711085583
525 0.015699789393069118
526 0.01627417193183994
527 0.015891250239326058
528 0.016082711085583
529 0.016082711085583
530 0.016082711085583
531 0.015699789393069118
532 0.015316867700555237
533 0.015699789393069118
534 0.015891250239326058
535 0.015316867700555237
536 0.015125406854298296
537 0.015316867700555237
538 0.015508328546812177
539 0.014551024315527475
540 0.014933946008041356
541 0.015699789393069118
542 0.016082711085583
543 0.01627417193183994
544 0.016082711085583
545 0.015891250239326058
546 0.015891250239326058
547 0.015891250239326058
548 0.015891250239326058
549 0.015699789393069118
550 0.015699789393069118
551 0.016082711085583
552 0.01646563277809688
553 0.01684855447061076
554 0.01646563277809688
555 0.01646563277809688
556 0.01684855447061076
557 0.01684855447061076
558 0.016082711085583
559 0.0170400153168677
560 0.01723147616312464
561 0.0170400153168677
562 0.01627417193183994
563 0.01627417193183994
564 0.01627417193183994
565 0.015508328546812177
566 0.014359563469270534
567 0.014933946008041356
568 0.014742485161784415
569 0.014742485161784415
570 0.014933946008041356
571 0.014551024315527475
572 0.014551024315527475
573 0.014168102623013594
574 0.013976641776756654
575 0.014168102623013594
576 0.013976641776756654
577 0.013402259237985832
578 0.013593720084242773
579 0.013785180930499713
580 0.014359563469270534
581 0.014551024315527475
582 0.014359563469270534
583 0.014168102623013594
584 0.014168102623013594
585 0.014742485161784415
586 0.014933946008041356
587 0.014933946008041356
588 0.014933946008041356
589 0.014551024315527475
590 0.014359563469270534
591 0.014551024315527475
592 0.014742485161784415
593 0.014742485161784415
594 0.014359563469270534
595 0.013976641776756654
596 0.013976641776756654
597 0.013976641776756654
598 0.014933946008041356
599 0.014742485161784415
600 0.014359563469270534
601 0.014168102623013594
602 0.013019337545471951
603 0.014359563469270534
604 0.014933946008041356
605 0.014933946008041356
606 0.014551024315527475
607 0.014168102623013594
608 0.013593720084242773
609 0.013593720084242773
610 0.013785180930499713
611 0.013785180930499713
612 0.013210798391728892
613 0.013593720084242773
614 0.013785180930499713
615 0.013785180930499713
616 0.013785180930499713
617 0.013785180930499713
618 0.013402259237985832
619 0.013210798391728892
620 0.013402259237985832
621 0.013593720084242773
622 0.013210798391728892
623 0.014168102623013594
624 0.013210798391728892
625 0.013019337545471951
626 0.013402259237985832
627 0.01282787669921501
628 0.013402259237985832
629 0.014168102623013594
630 0.014359563469270534
631 0.014933946008041356
632 0.014742485161784415
633 0.014933946008041356
634 0.014359563469270534
635 0.014551024315527475
636 0.014168102623013594
637 0.014742485161784415
638 0.014933946008041356
639 0.014742485161784415
640 0.014359563469270534
641 0.014168102623013594
642 0.013785180930499713
643 0.013976641776756654
644 0.013402259237985832
645 0.013210798391728892
646 0.013785180930499713
647 0.013785180930499713
648 0.014742485161784415
649 0.014168102623013594
650 0.014168102623013594
651 0.014168102623013594
652 0.013976641776756654
653 0.013593720084242773
654 0.014359563469270534
655 0.015125406854298296
656 0.015316867700555237
657 0.015125406854298296
658 0.013785180930499713
659 0.013785180930499713
660 0.013785180930499713
661 0.013402259237985832
662 0.013593720084242773
663 0.013593720084242773
664 0.013593720084242773
665 0.015125406854298296
666 0.014742485161784415
667 0.014168102623013594
668 0.014168102623013594
669 0.015125406854298296
670 0.015508328546812177
671 0.015316867700555237
672 0.015316867700555237
673 0.015125406854298296
674 0.015508328546812177
675 0.015699789393069118
676 0.015125406854298296
677 0.015316867700555237
678 0.015508328546812177
679 0.016082711085583
680 0.015508328546812177
681 0.015508328546812177
682 0.014551024315527475
683 0.014933946008041356
684 0.015891250239326058
685 0.015699789393069118
686 0.015316867700555237
687 0.014359563469270534
688 0.014359563469270534
689 0.013976641776756654
690 0.013785180930499713
691 0.014742485161784415
692 0.014359563469270534
693 0.014551024315527475
694 0.014742485161784415
695 0.014168102623013594
696 0.013593720084242773
697 0.013976641776756654
698 0.014359563469270534
699 0.014168102623013594
700 0.014359563469270534
