1 0.0009573042312847023
2 0.0013402259237985832
3 0.0017231476163124641
4 0.0022975301550832855
5 0.002871912693854107
6 0.0034462952326249283
7 0.004977982002680452
8 0.006126747080222095
9 0.006701129618992916
10 0.007658433850277618
11 0.009955964005360904
12 0.011104729082902547
13 0.01282787669921501
14 0.014742485161784415
15 0.01627417193183994
16 0.017997319548152403
17 0.019529006318207927
18 0.02144361478077733
19 0.023549684089603676
20 0.026230135937200843
21 0.027187440168485545
22 0.030059352862339652
23 0.031782500478652116
24 0.032356883017422934
25 0.034845874018763164
26 0.036569021635075624
27 0.03829216925138809
28 0.04001531686770055
29 0.043653072946582425
30 0.04709936817920735
31 0.048822515795519814
32 0.052077350181887805
33 0.05437488033697109
34 0.058012636415852956
35 0.06069308826345012
36 0.06490522688110281
37 0.06643691365115834
38 0.07026613057629714
39 0.07371242580892208
40 0.0762014168102623
41 0.07888186865785947
42 0.0800306337354011
43 0.0813708596591997
44 0.08194524219797052
45 0.08558299827685238
46 0.08902929350947732
47 0.0913268236645606
48 0.09266704958835918
49 0.0974535707447827
50 0.09860233582232433
51 0.10204863105494927
52 0.10549492628757419
53 0.10472908290254643
54 0.10664369136511584
55 0.10855829982768524
56 0.11066436913651158
57 0.1135362818303657
58 0.11506796860042122
59 0.11813134214053227
60 0.12004595060310166
61 0.12444955006701129
62 0.12368370668198353
63 0.12502393260578212
64 0.12693854106835153
65 0.1278958452996362
66 0.13210798391728892
67 0.13076775799349033
68 0.1344055140723722
69 0.13861765269002488
70 0.13880911353628184
71 0.14072372199885125
72 0.1428297913076776
73 0.14570170400153168
74 0.14704192992533027
75 0.15106260769672603
76 0.1514455293892399
77 0.1552747463143787
78 0.15623205054566341
79 0.1594868849320314
80 0.15986980662454528
81 0.1656136320122535
82 0.17212330078498947
83 0.17040015316867702
84 0.17346352670878806
85 0.17020869232242006
86 0.1726976833237603
87 0.1746122917863297
88 0.1784415087114685
89 0.17959027378901016
90 0.18322802986789202
91 0.18648286425426
92 0.18992915948688494
93 0.19146084625694046
94 0.19375837641202373
95 0.19701321079839174
96 0.19911928010721808
97 0.2010338885697875
98 0.202565575339843
99 0.2063947922649818
100 0.2067777139574957
101 0.21098985257514838
102 0.21558491288531495
103 0.2234348075818495
104 0.22745548535324525
105 0.2337736932797243
106 0.23875167528240474
107 0.24143212713000192
108 0.24104920543748803
109 0.2446869615163699
110 0.24889910013402258
111 0.25062224775033504
112 0.24775033505648095
113 0.24909056098027954
114 0.24966494351905036
115 0.24813325674899483
116 0.25100516944284895
117 0.25387708213670307
118 0.2546429255217308
119 0.2609611334482098
120 0.26134405514072373
121 0.266896419682175
122 0.2682366456059736
123 0.2690024889910013
124 0.2714914799923416
125 0.2714914799923416
126 0.2743633926861957
127 0.27551215776373733
128 0.27551215776373733
129 0.27646946199502204
130 0.2831705916140149
131 0.2858510434616121
132 0.2881485736166954
133 0.292552173080605
134 0.2915948688493203
135 0.2917863296955773
136 0.29331801646563277
137 0.29676431169825773
138 0.2919777905418342
139 0.29331801646563277
140 0.2977216159295424
141 0.3000191460846257
142 0.3009764503159104
143 0.3038483630097645
144 0.3048056672410492
145 0.3057629714723339
146 0.30652881485736166
147 0.3090178058587019
148 0.30997511008998657
149 0.3141872487076393
150 0.31361286616886846
151 0.31342140532261153
152 0.3139957878613823
153 0.3147616312464101
154 0.318399387325292
155 0.32337736932797245
156 0.32242006509668775
157 0.3272065862531112
158 0.3321845682557917
159 0.33046142063947925
160 0.33199310740953475
161 0.33582232433467357
162 0.3392686195672985
163 0.34099176718361096
164 0.34711851426383306
165 0.3482672793413747
166 0.3497989661114302
167 0.35133065288148574
168 0.35515986980662456
169 0.356883017422937
170 0.35841470419299254
171 0.3641585295807008
172 0.36454145127321463
173 0.3672219031208118
174 0.3651158338119854
175 0.3662645988895271
176 0.36817920735209647
177 0.36932797242963816
178 0.3691365115833812
179 0.36837066819835346
180 0.3668389814282979
181 0.36932797242963816
182 0.36990235496840895
183 0.3723913459697492
184 0.3775607888186866
185 0.3748803369710894
186 0.37449741527857555
187 0.3781351713574574
188 0.3785180930499713
189 0.379283936434999
190 0.38024124066628373
191 0.3800497798200268
192 0.3846448401301934
193 0.3861765269002489
194 0.3903886655179016
195 0.38732529197779053
196 0.3915374305954432
197 0.39460080413555426
198 0.3951751866743251
199 0.39440934328929733
200 0.39823856021443615
201 0.3974727168294084
202 0.4032165422171166
203 0.40245069883208884
204 0.4066628374497415
205 0.4081945242197971
206 0.4070457591422554
207 0.4055140723721999
208 0.40398238560214433
209 0.4080030633735401
210 0.40589699406471375
211 0.41298104537622055
212 0.4160444189163316
213 0.4177675665326441
214 0.4206394792264982
215 0.42274554853532453
216 0.4217882443040398
217 0.4202565575339843
218 0.41949071414895656
219 0.4231284702278384
220 0.42370285276660924
221 0.4248516178441509
222 0.42389431361286617
223 0.42619184376794944
224 0.43327589507945624
225 0.43270151254068545
226 0.43231859084817154
227 0.43519050354202565
228 0.4355734252345395
229 0.4346161210032548
230 0.43844533792839363
231 0.43844533792839363
232 0.44591231093241435
233 0.45031591039632396
234 0.45012444955006703
235 0.45357074478269194
236 0.4541451273214628
237 0.4558682749377752
238 0.45969749186291403
239 0.4610377177867126
240 0.46218648286425423
241 0.46601569978939306
242 0.4623779437105112
243 0.4627608654030251
244 0.46352670878805285
245 0.46256940455676815
246 0.4623779437105112
247 0.4595060310166571
248 0.4604633352479418
249 0.45816580509285854
250 0.45797434424660155
251 0.4610377177867126
252 0.46218648286425423
253 0.46314378709553894
254 0.4639096304805667
255 0.4637181696343098
256 0.46697300402067776
257 0.47309975110089986
258 0.4723339077158721
259 0.47539728125598313
260 0.4778862722573234
261 0.47922649818112195
262 0.4778862722573234
263 0.4769289680260387
264 0.4805667241049205
265 0.485544706107601
266 0.48209841087497607
267 0.4799923415661497
268 0.4761631246410109
269 0.4784606547960942
270 0.47769481141106646
271 0.48018380241240666
272 0.47865211564235116
273 0.4842044801838024
274 0.488608079647712
275 0.4861190886463718
276 0.4930116791116217
277 0.49090560980279535
278 0.4930116791116217
279 0.49186291403408006
280 0.4861190886463718
281 0.4910970706490523
282 0.49339460080413555
283 0.4935860616503925
284 0.49530920926670496
285 0.4972238177292744
286 0.504499329887038
287 0.5089029293509477
288 0.5089029293509477
289 0.5067968600421214
290 0.5119663028910588
291 0.5110089986597741
292 0.5090943901972047
293 0.5129236071223435
294 0.5138809113536282
295 0.5205820409726211
296 0.5230710319739613
297 0.5259429446678154
298 0.5234539536664752
299 0.524219797051503
300 0.5251771012827877
301 0.5282404748228987
302 0.5293892399004404
303 0.5261344055140724
304 0.5257514838215585
305 0.5255600229753016
306 0.5265173272065863
307 0.5314953092092667
308 0.530729465824239
309 0.5334099176718361
310 0.5355159869806625
311 0.5418341949071415
312 0.5381964388282596
313 0.5406854298295999
314 0.5389622822132873
315 0.5387708213670305
316 0.5408768906758568
317 0.5418341949071415
318 0.5418341949071415
319 0.5429829599846832
320 0.5406854298295999
321 0.5397281255983152
322 0.5408768906758568
323 0.5477694811411067
324 0.5485353245261344
325 0.5460463335247941
326 0.543557342523454
327 0.5439402642159679
328 0.5450890292935094
329 0.5471950986023358
330 0.5485353245261344
331 0.5506413938349608
332 0.5517901589125024
333 0.5502584721424468
334 0.5502584721424468
335 0.5506413938349608
336 0.5525560022975301
337 0.5584912885314953
338 0.5600229753015509
339 0.5638521922266897
340 0.5602144361478077
341 0.5569596017614398
342 0.5586827493777522
343 0.5569596017614398
344 0.5550449932988704
345 0.5573425234539536
346 0.5546620716063565
347 0.5586827493777522
348 0.5605973578403216
349 0.5619375837641203
350 0.5642351139192036
351 0.5684472525368562
352 0.5703618609994257
353 0.5688301742293701
354 0.566149722381773
355 0.5619375837641203
356 0.5665326440742868
357 0.5619375837641203
358 0.562894887995405
359 0.5671070266130577
360 0.5676814091518284
361 0.5715106260769672
362 0.5738081562320505
363 0.5826153551598698
364 0.5896994064713766
365 0.5891250239326058
366 0.5887421022400919
367 0.585487267853724
368 0.585487267853724
369 0.5845299636224393
370 0.5839555810836684
371 0.5872104154700364
372 0.5862531112387517
373 0.5914225540876891
374 0.5918054757802029
375 0.5864445720850087
376 0.5912310932414321
377 0.5960176143978556
378 0.5912310932414321
379 0.5925713191652308
380 0.5958261535515987
381 0.5967834577828834
382 0.5952517710128279
383 0.5952517710128279
384 0.598123683706682
385 0.5998468313229944
386 0.5985066053991959
387 0.5973578403216542
388 0.5988895270917097
389 0.5996553704767376
390 0.6036760482481333
391 0.6021443614780777
392 0.604633352479418
393 0.6017614397855638
394 0.6021443614780777
395 0.6084625694045568
396 0.6096113344820984
397 0.6128661688684663
398 0.6099942561746123
399 0.6052077350181888
400 0.6099942561746123
401 0.6080796477120429
402 0.6078881868657859
403 0.607696726019529
404 0.6094198736358415
405 0.6107600995596401
406 0.6107600995596401
407 0.6090369519433276
408 0.6149722381772927
409 0.6168868466398622
410 0.6191843767949454
411 0.6189929159486884
412 0.6228221328738273
413 0.6224392111813134
414 0.6260769672601952
415 0.6235879762588551
416 0.6226306720275704
417 0.6279915757227647
418 0.6310549492628758
419 0.6327780968791882
420 0.6299061841853341
421 0.6262684281064522
422 0.6270342714914799
423 0.6299061841853341
424 0.6325866360329313
425 0.6268428106452231
426 0.6295232624928202
427 0.6297147233390772
428 0.6279915757227647
429 0.6243538196438828
430 0.6295232624928202
431 0.6339268619567299
432 0.6379475397281256
433 0.6415852958070075
434 0.6383304614206394
435 0.6373731571893547
436 0.6339268619567299
437 0.6375646180356117
438 0.6413938349607505
439 0.6412023741144935
440 0.6415852958070075
441 0.6419682174995214
442 0.649435190503542
443 0.6482864254260003
444 0.6523071031973962
445 0.6521156423511392
446 0.6551790158912503
447 0.6590082328163891
448 0.6582423894313613
449 0.6567107026613057
450 0.6618801455102431
451 0.6647520582040972
452 0.6620716063565001
453 0.655753398430021
454 0.6536473291211947
455 0.656136320122535
456 0.6599655370476738
457 0.6546046333524794
458 0.656136320122535
459 0.6605399195864445
460 0.6609228412789585
461 0.6586253111238751
462 0.659391154508903
463 0.6480949645797435
464 0.652498564043653
465 0.6590082328163891
466 0.6613057629714724
467 0.6645605973578403
468 0.6676239708979513
469 0.6643691365115834
470 0.6683898142829792
471 0.6678154317442083
472 0.6693471185142639
473 0.6676239708979513
474 0.6649435190503542
475 0.6641776756653265
476 0.6681983534367222
477 0.6674325100516945
478 0.6622630672027571
479 0.6643691365115834
480 0.6645605973578403
481 0.665517901589125
482 0.6643691365115834
483 0.6664752058204098
484 0.6668581275129236
485 0.665517901589125
486 0.6683898142829792
487 0.672027570361861
488 0.671836109515604
489 0.6726019529006318
490 0.6697300402067777
491 0.6737507179781734
492 0.6770055523645414
493 0.6773884740570554
494 0.6821749952134788
495 0.6833237602910205
496 0.6831322994447635
497 0.6867700555236455
498 0.6890675856787287
499 0.6919394983725828
500 0.6888761248324717
501 0.6861956729848746
502 0.6850469079073329
503 0.6827493777522496
504 0.6812176909821941
505 0.6819835343672219
506 0.6817920735209649
507 0.6781543174420831
508 0.6800689259046525
509 0.6802603867509094
510 0.6829408385985066
511 0.6850469079073329
512 0.6837066819835343
513 0.687918820601187
514 0.6842810645223052
515 0.6854298295998469
516 0.6789201608271108
517 0.6766226306720275
518 0.6726019529006318
519 0.6726019529006318
520 0.671836109515604
521 0.6737507179781734
522 0.6808347692896802
523 0.6791116216733678
524 0.6793030825196248
525 0.6764311698257707
526 0.6789201608271108
527 0.6710702661305763
528 0.6745165613632013
529 0.6768140915182845
530 0.6791116216733678
531 0.6814091518284511
532 0.6854298295998469
533 0.6871529772161593
534 0.688110281447444
535 0.6873444380624162
536 0.6869615163699023
537 0.6875358989086732
538 0.691173654987555
539 0.69461995022018
540 0.6907907332950411
541 0.6921309592188397
542 0.6923224200650967
543 0.6904078116025273
544 0.6898334290637564
545 0.6921309592188397
546 0.6905992724487843
547 0.6900248899100134
548 0.684663986214819
549 0.6865785946773885
550 0.6875358989086732
551 0.6835152211372775
552 0.6896419682174996
553 0.6867700555236455
554 0.6869615163699023
555 0.6871529772161593
556 0.6884932031399579
557 0.6925138809113536
558 0.6869615163699023
559 0.6883017422937009
560 0.6925138809113536
561 0.6951943327589508
562 0.694428489373923
563 0.69461995022018
564 0.691556576680069
565 0.6890675856787287
566 0.6865785946773885
567 0.6869615163699023
568 0.6877273597549302
569 0.6850469079073329
570 0.6877273597549302
571 0.6796860042121387
572 0.6756653264407428
573 0.6733677962856596
574 0.6760482481332567
575 0.6737507179781734
576 0.6808347692896802
577 0.6800689259046525
578 0.6747080222094581
579 0.671836109515604
580 0.6762397089795137
581 0.6745165613632013
582 0.6745165613632013
583 0.6727934137468887
584 0.6745165613632013
585 0.6771970132107984
586 0.684855447061076
587 0.6867700555236455
588 0.6869615163699023
589 0.6871529772161593
590 0.6838981428297913
591 0.6854298295998469
592 0.6877273597549302
593 0.6806433084434234
594 0.6831322994447635
595 0.6835152211372775
596 0.6840896036760482
597 0.6777713957495692
598 0.6764311698257707
599 0.6821749952134788
600 0.6802603867509094
601 0.6804518475971664
602 0.6840896036760482
603 0.6817920735209649
604 0.6789201608271108
605 0.6802603867509094
606 0.6831322994447635
607 0.6904078116025273
608 0.6896419682174996
609 0.6936626459888953
610 0.6971089412215202
611 0.6927053417576106
612 0.6927053417576106
613 0.6976833237602911
614 0.6967260195290064
615 0.7036186099942562
616 0.6994064713766035
617 0.6982577062990618
618 0.694811411066437
619 0.6907907332950411
620 0.6961516369902355
621 0.6930882634501244
622 0.6980662454528049
623 0.7024698449167145
624 0.6990235496840896
625 0.6990235496840896
626 0.6994064713766035
627 0.7022783840704576
628 0.7020869232242006
629 0.6999808539153743
630 0.7003637756078882
631 0.7036186099942562
632 0.7043844533792839
633 0.7084051311506797
634 0.7013210798391729
635 0.6955772544514647
636 0.6932797242963814
637 0.6932797242963814
638 0.6921309592188397
639 0.700938158146659
640 0.6976833237602911
641 0.6980662454528049
642 0.700938158146659
643 0.7003637756078882
644 0.6934711851426383
645 0.6934711851426383
646 0.6938541068351523
647 0.6930882634501244
648 0.6950028719126938
649 0.6942370285276661
650 0.6917480375263259
651 0.684855447061076
652 0.6860042121386176
653 0.6871529772161593
654 0.6837066819835343
655 0.6902163507562703
656 0.6900248899100134
657 0.6904078116025273
658 0.6883017422937009
659 0.6883017422937009
660 0.6877273597549302
661 0.6831322994447635
662 0.6829408385985066
663 0.6812176909821941
664 0.6793030825196248
665 0.6810262301359372
666 0.6817920735209649
667 0.6827493777522496
668 0.6871529772161593
669 0.6840896036760482
670 0.684855447061076
671 0.6884932031399579
672 0.6861956729848746
673 0.6840896036760482
674 0.6812176909821941
675 0.6821749952134788
676 0.6793030825196248
677 0.6838981428297913
678 0.6825579169059928
679 0.6800689259046525
680 0.6796860042121387
681 0.6796860042121387
682 0.6829408385985066
683 0.6817920735209649
684 0.6796860042121387
685 0.6883017422937009
686 0.691173654987555
687 0.6921309592188397
688 0.6890675856787287
689 0.6955772544514647
690 0.6974918629140341
691 0.697874784606548
692 0.7007466973004021
693 0.7011296189929159
694 0.7026613057629715
695 0.7003637756078882
696 0.7076392877656519
697 0.7062990618418533
698 0.6974918629140341
699 0.6950028719126938
700 0.6898334290637564
