1 0.0007658433850277618
2 0.0003829216925138809
3 0.0005743825387708214
4 0.0007658433850277618
5 0.0005743825387708214
6 0.0003829216925138809
7 0.0005743825387708214
8 0.0005743825387708214
9 0.0005743825387708214
10 0.0011487650775416428
11 0.0013402259237985832
12 0.0015316867700555237
13 0.0019146084625694046
14 0.0019146084625694046
15 0.0022975301550832855
16 0.002488991001340226
17 0.0030633735401110473
18 0.0034462952326249283
19 0.00402067777139575
20 0.004595060310166571
21 0.005552364541451273
22 0.0068925904652498565
23 0.0080413555427915
24 0.008998659774076202
25 0.009955964005360904
26 0.011296189929159487
27 0.011679111621673368
28 0.01244495500670113
29 0.013785180930499713
30 0.014551024315527475
31 0.015508328546812177
32 0.016082711085583
33 0.01665709362435382
34 0.018188780394409344
35 0.019911928010721808
36 0.02125215393452039
37 0.022783840704575915
38 0.025847214244686962
39 0.026421596783457783
40 0.026995979322228605
41 0.028144744399770247
42 0.02986789201608271
43 0.03254834386367988
44 0.03427149147999234
45 0.035611717403790925
46 0.03790924755887421
47 0.040206777713957496
48 0.0421213861765269
49 0.04422745548535324
50 0.04671644648669347
51 0.04805667241049205
52 0.049971280873061456
53 0.05226881102814474
54 0.05456634118322803
55 0.057246793030825194
56 0.05877847980088072
57 0.06031016657093624
58 0.06337354011104729
59 0.06509668772735976
60 0.0672027570361861
61 0.07026613057629714
62 0.07218073903886656
63 0.07371242580892208
64 0.07486119088646372
65 0.07735018188780395
66 0.08098793796668581
67 0.08405131150679686
68 0.08692322420065096
69 0.08864637181696343
70 0.09170974535707448
71 0.09553896228221329
72 0.09630480566724105
73 0.09649626651349799
74 0.09783649243729657
75 0.09898525751483822
76 0.09783649243729657
77 0.09994256174612291
78 0.10396323951751867
79 0.1064522305188589
80 0.10721807390388666
81 0.11047290829025465
82 0.11449358606165039
83 0.11698257706299062
84 0.11793988129427532
85 0.12196055906567108
86 0.12674708022209458
87 0.12942753206969174
88 0.1315336013785181
89 0.1340225923798583
90 0.1363201225349416
91 0.13823473099751102
92 0.1424468696151637
93 0.1428297913076776
94 0.14646754738655945
95 0.14780777331035802
96 0.14876507754164273
97 0.15067968600421214
98 0.15201991192801073
99 0.15508328546812178
100 0.15814665900823283
101 0.16082711085582999
102 0.16484778862722574
103 0.16733677962856597
104 0.1675282404748229
105 0.1688684663986215
106 0.17040015316867702
107 0.17250622247750336
108 0.17480375263258663
109 0.17901589125023934
110 0.18016465632778098
111 0.1820792647903504
112 0.1820792647903504
113 0.18514263833046143
114 0.18858893356308634
115 0.18820601187057248
116 0.1883974727168294
117 0.189737698640628
118 0.19337545471950987
119 0.19529006318207925
120 0.1983534367221903
121 0.20084242772353053
122 0.2035228795711277
123 0.20371434041738465
124 0.2073520964962665
125 0.20830940072755122
126 0.21175569596017615
127 0.2138617652690025
128 0.21462760865403024
129 0.21615929542408577
130 0.21903120811793989
131 0.2205628948879954
132 0.22420065096687727
133 0.22688110281447443
134 0.23032739804709937
135 0.23032739804709937
136 0.23492245835726594
137 0.23683706681983535
138 0.23875167528240474
139 0.24028336205246026
140 0.24238943136128663
141 0.24353819643882826
142 0.24526134405514072
143 0.24755887421022402
144 0.2456442657476546
145 0.24889910013402258
146 0.25445146467547386
147 0.25674899483055713
148 0.2569404556768141
149 0.25349416044418915
150 0.2533026995979322
151 0.2548343863679877
152 0.2588550641393835
153 0.2611525942944668
154 0.2682366456059736
155 0.27187440168485544
156 0.273406088454911
157 0.27187440168485544
158 0.2758950794562512
159 0.2745548535324526
160 0.2758950794562512
161 0.2770438445337928
162 0.27972429638139
163 0.28508520007658433
164 0.2917863296955773
165 0.292743633926862
166 0.29236071223434806
167 0.29312655561937584
168 0.29082902546429257
169 0.2910204863105495
170 0.29561554662071604
171 0.2929350947731189
172 0.29331801646563277
173 0.2942753206969175
174 0.29561554662071604
175 0.2963813900057438
176 0.30021060693088264
177 0.3013593720084243
178 0.3048056672410492
179 0.308634884166188
180 0.31342140532261153
181 0.3176335439402642
182 0.32222860425043076
183 0.32146276086540304
184 0.3235688301742294
185 0.32433467355925716
186 0.3270151254068543
187 0.32758950794562514
188 0.3321845682557917
189 0.33390771587210416
190 0.334290637564618
191 0.33907715872104155
192 0.3394600804135554
193 0.34080030633735403
194 0.3402259237985832
195 0.34156614972238175
196 0.34175761056863874
197 0.3499904269576872
198 0.3526708788052843
199 0.35228795711277044
200 0.35324526134405515
201 0.356883017422937
202 0.357074478269194
203 0.3587976258855064
204 0.36090369519433274
205 0.3607122343480758
206 0.3630097645031591
207 0.37066819835343673
208 0.3737315718935478
209 0.3771778671261727
210 0.37794371051120046
211 0.3819643882825962
212 0.3823473099751101
213 0.3817729274363393
214 0.3823473099751101
215 0.38502776182270726
216 0.38751675282404746
217 0.39287765651924184
218 0.3917288914417002
219 0.39192035228795713
220 0.39268619567298485
221 0.3961324909056098
222 0.3968983342906376
223 0.39383496075052654
224 0.39900440359946393
225 0.3974727168294084
226 0.39900440359946393
227 0.39919586444572086
228 0.401876316293318
229 0.40340800306337354
230 0.40857744591231093
231 0.408385985066054
232 0.41432127130001917
233 0.414704192992533
234 0.4170017231476163
235 0.41910779245644264
236 0.4118322802986789
237 0.41106643691365113
238 0.41298104537622055
239 0.41393834960750525
240 0.41757610568638714
241 0.41949071414895656
242 0.41929925330269957
243 0.4187248707639288
244 0.41719318399387323
245 0.4206394792264982
246 0.41949071414895656
247 0.4202565575339843
248 0.4248516178441509
249 0.42982959984683133
250 0.42887229561554663
251 0.4328929733869424
252 0.43423319931074095
253 0.43002106069308826
254 0.4296381390005744
255 0.4321271300019146
256 0.4304039823856021
257 0.43078690407811604
258 0.4344246601569979
259 0.4296381390005744
260 0.43078690407811604
261 0.4319356691556577
262 0.4321271300019146
263 0.43231859084817154
264 0.4330844342331993
265 0.43806241623587977
266 0.4445720850086157
267 0.4495500670112962
268 0.44993298870381004
269 0.4529963622439211
270 0.45280490139766416
271 0.4539536664752058
272 0.4529963622439211
273 0.4491671453187823
274 0.4478269193949837
275 0.4482098410874976
276 0.44935860616503925
277 0.4462952326249282
278 0.4478269193949837
279 0.4472525368562129
280 0.45012444955006703
281 0.45701704001531684
282 0.4604633352479418
283 0.46161210032548344
284 0.4652498564043653
285 0.46505839555810835
286 0.4658242389431361
287 0.46639862148190697
288 0.4744399770246984
289 0.4815240283362052
290 0.47673750717978175
291 0.4815240283362052
292 0.48343863679877463
293 0.4865020103388857
294 0.4815240283362052
295 0.4851617844150871
296 0.4840130193375455
297 0.4912885314953092
298 0.4903312272640245
299 0.4945433658816772
300 0.4928202182653647
301 0.49167145318782307
302 0.4947348267279341
303 0.4930116791116217
304 0.4955006701129619
305 0.4955006701129619
306 0.49626651349798967
307 0.4989469653455868
308 0.5020103388856979
309 0.5039249473482673
310 0.4989469653455868
311 0.5000957304231285
312 0.5022017997319548
313 0.504882251579552
314 0.5018188780394409
315 0.49760673942178824
316 0.49607505265173274
317 0.5006701129618993
318 0.5031591039632395
319 0.5106260769672601
320 0.5148382155849129
321 0.5180930499712809
322 0.520964962665135
323 0.5175186674325101
324 0.5179015891250239
325 0.5244112578977599
326 0.520964962665135
327 0.5223051885889336
328 0.5246027187440169
329 0.5247941795902737
330 0.5284319356691557
331 0.5332184568255792
332 0.5330269959793222
333 0.5316867700555237
334 0.5349416044418916
335 0.5362818303656902
336 0.53379283936435
337 0.5297721615929543
338 0.5326440742868084
339 0.530538004977982
340 0.5313038483630098
341 0.5318782309017805
342 0.5366647520582041
343 0.5376220562894888
344 0.5324526134405514
345 0.5347501435956347
346 0.5372391345969749
347 0.5370476737507179
348 0.543557342523454
349 0.5427914991384262
350 0.5427914991384262
351 0.5424085774459123
352 0.5481524028336205
353 0.549875550449933
354 0.5517901589125024
355 0.5491097070649053
356 0.5506413938349608
357 0.5514072372199885
358 0.5546620716063565
359 0.5581083668389815
360 0.5609802795328356
361 0.559257131916523
362 0.5577254451464676
363 0.55944859276278
364 0.5623205054566341
365 0.5613632012253494
366 0.5678728699980854
367 0.5672984874593145
368 0.5705533218456825
369 0.5720850086157381
370 0.5728508520007658
371 0.5699789393069118
372 0.5707447826919395
373 0.5738081562320505
374 0.5759142255408769
375 0.5807007466973004
376 0.5780202948497032
377 0.5824238943136129
378 0.5780202948497032
379 0.5774459123109325
380 0.5757227646946199
381 0.5739996170783075
382 0.5705533218456825
383 0.5684472525368562
384 0.5709362435381964
385 0.5734252345395366
386 0.5732337736932798
387 0.5717020869232242
388 0.5699789393069118
389 0.5747654604633352
390 0.5776373731571893
391 0.5841470419299253
392 0.5879762588550641
393 0.585295807007467
394 0.5864445720850087
395 0.5923798583189738
396 0.5891250239326058
397 0.5906567107026613
398 0.5881677197013211
399 0.5849128853149531
400 0.585295807007467
401 0.5879762588550641
402 0.5837641202374114
403 0.5831897376986406
404 0.5839555810836684
405 0.5845299636224393
406 0.5889335630863488
407 0.5875933371625502
408 0.585487267853724
409 0.5872104154700364
410 0.5868274937775225
411 0.5925713191652308
412 0.5985066053991959
413 0.6008041355542791
414 0.6000382921692514
415 0.6017614397855638
416 0.5992724487842236
417 0.604633352479418
418 0.6036760482481333
419 0.604824813325675
420 0.6008041355542791
421 0.6057821175569597
422 0.6073138043270151
423 0.6088454910970706
424 0.6117174037909248
425 0.6145893164847789
426 0.6166953857936052
427 0.610951560405897
428 0.6168868466398622
429 0.6168868466398622
430 0.6136320122534942
431 0.6197587593337163
432 0.6218648286425426
433 0.6193758376412024
434 0.620524602718744
435 0.6216733677962857
436 0.6189929159486884
437 0.6182270725636607
438 0.6145893164847789
439 0.623970897951369
440 0.6258855064139384
441 0.6264598889527092
442 0.6272257323377369
443 0.6260769672601952
444 0.6260769672601952
445 0.6241623587976259
446 0.6245452804901398
447 0.6310549492628758
448 0.6329695577254452
449 0.6312464101091326
450 0.6289488799540494
451 0.6241623587976259
452 0.6249282021826537
453 0.6268428106452231
454 0.630289105877848
455 0.633543940264216
456 0.6308634884166188
457 0.6289488799540494
458 0.6245452804901398
459 0.6224392111813134
460 0.6220562894887995
461 0.6276086540302508
462 0.6299061841853341
463 0.6249282021826537
464 0.6293318016465633
465 0.6276086540302508
466 0.6255025847214245
467 0.6243538196438828
468 0.6262684281064522
469 0.6283744974152786
470 0.6337354011104729
471 0.6375646180356117
472 0.6348841661880146
473 0.6343097836492437
474 0.6408194524219797
475 0.636798774650584
476 0.636798774650584
477 0.6404365307294658
478 0.6452230518858894
479 0.6465632778096879
480 0.655753398430021
481 0.6570936243538197
482 0.65269002488991
483 0.655944859276278
484 0.6586253111238751
485 0.6607313804327015
486 0.6582423894313613
487 0.6607313804327015
488 0.6683898142829792
489 0.6616886846639862
490 0.6653264407428681
491 0.6668581275129236
492 0.6643691365115834
493 0.6660922841278959
494 0.6595826153551598
495 0.6603484587401877
496 0.6586253111238751
497 0.6634118322802987
498 0.668772735975493
499 0.6726019529006318
500 0.6760482481332567
501 0.668581275129236
502 0.6695385793605207
503 0.6681983534367222
504 0.6697300402067777
505 0.6670495883591806
506 0.6645605973578403
507 0.656136320122535
508 0.6580509285851044
509 0.6605399195864445
510 0.6622630672027571
511 0.6616886846639862
512 0.6659008232816389
513 0.6637947539728125
514 0.6724104920543749
515 0.6770055523645414
516 0.6777713957495692
517 0.6768140915182845
518 0.6766226306720275
519 0.6747080222094581
520 0.6724104920543749
521 0.6724104920543749
522 0.6745165613632013
523 0.6762397089795137
524 0.6691556576680069
525 0.6697300402067777
526 0.6708788052843193
527 0.672219031208118
528 0.6741336396706873
529 0.6773884740570554
530 0.675282404748229
531 0.6756653264407428
532 0.6773884740570554
533 0.6800689259046525
534 0.6747080222094581
535 0.6737507179781734
536 0.672027570361861
537 0.6748994830557151
538 0.6737507179781734
539 0.6766226306720275
540 0.6739421788244304
541 0.6727934137468887
542 0.6747080222094581
543 0.6739421788244304
544 0.675090943901972
545 0.6762397089795137
546 0.6779628565958261
547 0.6819835343672219
548 0.678728699980854
549 0.6783457782883401
550 0.6821749952134788
551 0.6770055523645414
552 0.675473865594486
553 0.675282404748229
554 0.6704958835918055
555 0.6716446486693471
556 0.6729848745931457
557 0.6739421788244304
558 0.6727934137468887
559 0.6710702661305763
560 0.6689641968217499
561 0.6666666666666666
562 0.6632203714340418
563 0.6595826153551598
564 0.6588167719701321
565 0.6645605973578403
566 0.6691556576680069
567 0.6657093624353819
568 0.6662837449741528
569 0.6676239708979513
570 0.6641776756653265
571 0.6680068925904652
572 0.6716446486693471
573 0.6731763354394027
574 0.6794945433658817
575 0.6764311698257707
576 0.6741336396706873
577 0.6708788052843193
578 0.6771970132107984
579 0.6758567872869998
580 0.6779628565958261
581 0.6775799349033123
582 0.672027570361861
583 0.6745165613632013
584 0.6747080222094581
585 0.6758567872869998
586 0.672219031208118
587 0.6693471185142639
588 0.6727934137468887
589 0.6741336396706873
590 0.6741336396706873
591 0.6770055523645414
592 0.6808347692896802
593 0.6741336396706873
594 0.6735592571319166
595 0.6703044227455486
596 0.6659008232816389
597 0.6647520582040972
598 0.6649435190503542
599 0.6616886846639862
600 0.6649435190503542
601 0.6683898142829792
602 0.6693471185142639
603 0.6716446486693471
604 0.6762397089795137
605 0.6777713957495692
606 0.678537239134597
607 0.6779628565958261
608 0.6812176909821941
609 0.6812176909821941
610 0.6737507179781734
611 0.6806433084434234
612 0.6775799349033123
613 0.6771970132107984
614 0.6798774650583955
615 0.6756653264407428
616 0.6735592571319166
617 0.6777713957495692
618 0.6794945433658817
619 0.6850469079073329
620 0.6838981428297913
621 0.684855447061076
622 0.6877273597549302
623 0.6831322994447635
624 0.687918820601187
625 0.6884932031399579
626 0.6900248899100134
627 0.6873444380624162
628 0.6850469079073329
629 0.6900248899100134
630 0.6907907332950411
631 0.6838981428297913
632 0.6831322994447635
633 0.6802603867509094
634 0.6798774650583955
635 0.6844725253685622
636 0.6844725253685622
637 0.6861956729848746
638 0.6816006126747081
639 0.6840896036760482
640 0.6829408385985066
641 0.6814091518284511
642 0.6877273597549302
643 0.6896419682174996
644 0.6923224200650967
645 0.6921309592188397
646 0.6928968026038675
647 0.694811411066437
648 0.6963430978364924
649 0.6927053417576106
650 0.6904078116025273
651 0.6961516369902355
652 0.6974918629140341
653 0.6967260195290064
654 0.6921309592188397
655 0.6863871338311315
656 0.6816006126747081
657 0.6863871338311315
658 0.6850469079073329
659 0.6861956729848746
660 0.6884932031399579
661 0.6898334290637564
662 0.6869615163699023
663 0.6921309592188397
664 0.6905992724487843
665 0.6909821941412981
666 0.6860042121386176
667 0.6861956729848746
668 0.6928968026038675
669 0.6890675856787287
670 0.684663986214819
671 0.6819835343672219
672 0.6869615163699023
673 0.6886846639862149
674 0.6875358989086732
675 0.6904078116025273
676 0.6890675856787287
677 0.6909821941412981
678 0.6919394983725828
679 0.6932797242963814
680 0.691173654987555
681 0.6896419682174996
682 0.6905992724487843
683 0.688110281447444
684 0.6856212904461038
685 0.6909821941412981
686 0.6930882634501244
687 0.6969174803752632
688 0.6957687152977217
689 0.6955772544514647
690 0.7011296189929159
691 0.697874784606548
692 0.6928968026038675
693 0.6957687152977217
694 0.6950028719126938
695 0.6940455676814091
696 0.6921309592188397
697 0.6871529772161593
698 0.6854298295998469
699 0.688110281447444
700 0.6898334290637564
