1 0.00019146084625694046
2 0.0003829216925138809
3 0.0003829216925138809
4 0.0005743825387708214
5 0.0005743825387708214
6 0.0005743825387708214
7 0.0005743825387708214
8 0.0007658433850277618
9 0.0007658433850277618
10 0.0007658433850277618
11 0.0009573042312847023
12 0.0009573042312847023
13 0.0009573042312847023
14 0.0009573042312847023
15 0.0009573042312847023
16 0.0011487650775416428
17 0.0009573042312847023
18 0.0009573042312847023
19 0.0009573042312847023
20 0.0011487650775416428
21 0.0011487650775416428
22 0.0011487650775416428
23 0.0013402259237985832
24 0.0013402259237985832
25 0.002106069308826345
26 0.0022975301550832855
27 0.0026804518475971664
28 0.002871912693854107
29 0.0026804518475971664
30 0.0026804518475971664
31 0.0030633735401110473
32 0.003254834386367988
33 0.0034462952326249283
34 0.0030633735401110473
35 0.0034462952326249283
36 0.002871912693854107
37 0.002871912693854107
38 0.002871912693854107
39 0.002871912693854107
40 0.002488991001340226
41 0.0022975301550832855
42 0.0022975301550832855
43 0.002871912693854107
44 0.0030633735401110473
45 0.00402067777139575
46 0.0047865211564235115
47 0.005169442848937392
48 0.005169442848937392
49 0.005360903695194333
50 0.004977982002680452
51 0.005743825387708214
52 0.007084051311506797
53 0.007658433850277618
54 0.007849894696534559
55 0.0080413555427915
56 0.007658433850277618
57 0.0080413555427915
58 0.00842427723530538
59 0.0080413555427915
60 0.0080413555427915
61 0.007084051311506797
62 0.0080413555427915
63 0.0080413555427915
64 0.007849894696534559
65 0.0072755121577637374
66 0.00823281638904844
67 0.007849894696534559
68 0.0080413555427915
69 0.00823281638904844
70 0.007849894696534559
71 0.0080413555427915
72 0.0080413555427915
73 0.00861573808156232
74 0.008998659774076202
75 0.008807198927819261
76 0.009573042312847023
77 0.009955964005360904
78 0.010721807390388666
79 0.011296189929159487
80 0.010530346544131725
81 0.011679111621673368
82 0.011487650775416428
83 0.011679111621673368
84 0.012062033314187249
85 0.01244495500670113
86 0.01244495500670113
87 0.012062033314187249
88 0.01225349416044419
89 0.01225349416044419
90 0.01263641585295807
91 0.013210798391728892
92 0.014359563469270534
93 0.014359563469270534
94 0.014359563469270534
95 0.013976641776756654
96 0.013785180930499713
97 0.013785180930499713
98 0.013402259237985832
99 0.013593720084242773
100 0.013976641776756654
101 0.014168102623013594
102 0.013976641776756654
103 0.013785180930499713
104 0.013593720084242773
105 0.013019337545471951
106 0.013019337545471951
107 0.012062033314187249
108 0.01244495500670113
109 0.01282787669921501
110 0.013402259237985832
111 0.013785180930499713
112 0.013785180930499713
113 0.013402259237985832
114 0.013402259237985832
115 0.013785180930499713
116 0.013785180930499713
117 0.013402259237985832
118 0.013210798391728892
119 0.013593720084242773
120 0.014359563469270534
121 0.013976641776756654
122 0.013402259237985832
123 0.013210798391728892
124 0.013019337545471951
125 0.01263641585295807
126 0.01263641585295807
127 0.01282787669921501
128 0.013019337545471951
129 0.013019337545471951
130 0.01282787669921501
131 0.01244495500670113
132 0.013019337545471951
133 0.013210798391728892
134 0.013402259237985832
135 0.013785180930499713
136 0.013785180930499713
137 0.013976641776756654
138 0.014551024315527475
139 0.014742485161784415
140 0.014551024315527475
141 0.015316867700555237
142 0.015891250239326058
143 0.015891250239326058
144 0.015699789393069118
145 0.015699789393069118
146 0.01627417193183994
147 0.01684855447061076
148 0.017422937009381582
149 0.0170400153168677
150 0.01684855447061076
151 0.01665709362435382
152 0.016082711085583
153 0.0170400153168677
154 0.01627417193183994
155 0.015891250239326058
156 0.016082711085583
157 0.015891250239326058
158 0.01627417193183994
159 0.015316867700555237
160 0.015508328546812177
161 0.015508328546812177
162 0.01627417193183994
163 0.01627417193183994
164 0.015699789393069118
165 0.015699789393069118
166 0.014933946008041356
167 0.014933946008041356
168 0.014551024315527475
169 0.014551024315527475
170 0.015125406854298296
171 0.014742485161784415
172 0.014933946008041356
173 0.014742485161784415
174 0.014551024315527475
175 0.015125406854298296
176 0.015125406854298296
177 0.015316867700555237
178 0.015699789393069118
179 0.015891250239326058
180 0.01684855447061076
181 0.01646563277809688
182 0.015316867700555237
183 0.015508328546812177
184 0.015891250239326058
185 0.015508328546812177
186 0.015891250239326058
187 0.015316867700555237
188 0.014551024315527475
189 0.014168102623013594
190 0.013976641776756654
191 0.014551024315527475
192 0.013785180930499713
193 0.014359563469270534
194 0.013976641776756654
195 0.014359563469270534
196 0.014742485161784415
197 0.014359563469270534
198 0.015508328546812177
199 0.015316867700555237
200 0.016082711085583
201 0.015891250239326058
202 0.01627417193183994
203 0.015891250239326058
204 0.01627417193183994
205 0.01665709362435382
206 0.0170400153168677
207 0.01646563277809688
208 0.01646563277809688
209 0.01684855447061076
210 0.01684855447061076
211 0.016082711085583
212 0.01627417193183994
213 0.01627417193183994
214 0.01627417193183994
215 0.01684855447061076
216 0.01665709362435382
217 0.01627417193183994
218 0.01665709362435382
219 0.01646563277809688
220 0.01627417193183994
221 0.016082711085583
222 0.015699789393069118
223 0.01627417193183994
224 0.015891250239326058
225 0.01627417193183994
226 0.016082711085583
227 0.01684855447061076
228 0.01665709362435382
229 0.01723147616312464
230 0.0170400153168677
231 0.016082711085583
232 0.01627417193183994
233 0.016082711085583
234 0.015891250239326058
235 0.015699789393069118
236 0.01646563277809688
237 0.01646563277809688
238 0.01646563277809688
239 0.015699789393069118
240 0.015508328546812177
241 0.015508328546812177
242 0.01627417193183994
243 0.01627417193183994
244 0.01665709362435382
245 0.01627417193183994
246 0.015125406854298296
247 0.015125406854298296
248 0.015891250239326058
249 0.015125406854298296
250 0.013976641776756654
251 0.013785180930499713
252 0.013593720084242773
253 0.013785180930499713
254 0.013785180930499713
255 0.013785180930499713
256 0.013593720084242773
257 0.013593720084242773
258 0.014168102623013594
259 0.013976641776756654
260 0.013976641776756654
261 0.014168102623013594
262 0.014168102623013594
263 0.014168102623013594
264 0.014742485161784415
265 0.014742485161784415
266 0.013785180930499713
267 0.014168102623013594
268 0.014933946008041356
269 0.014742485161784415
270 0.015316867700555237
271 0.015316867700555237
272 0.015508328546812177
273 0.015508328546812177
274 0.015508328546812177
275 0.015125406854298296
276 0.014933946008041356
277 0.014933946008041356
278 0.015699789393069118
279 0.015508328546812177
280 0.015508328546812177
281 0.015508328546812177
282 0.015699789393069118
283 0.015125406854298296
284 0.015316867700555237
285 0.015699789393069118
286 0.015508328546812177
287 0.015316867700555237
288 0.014933946008041356
289 0.014742485161784415
290 0.015125406854298296
291 0.015125406854298296
292 0.015699789393069118
293 0.015316867700555237
294 0.015316867700555237
295 0.016082711085583
296 0.015125406854298296
297 0.014933946008041356
298 0.013976641776756654
299 0.014168102623013594
300 0.015316867700555237
301 0.01627417193183994
302 0.015891250239326058
303 0.01627417193183994
304 0.015891250239326058
305 0.015699789393069118
306 0.015699789393069118
307 0.01627417193183994
308 0.015699789393069118
309 0.015316867700555237
310 0.014742485161784415
311 0.014933946008041356
312 0.014551024315527475
313 0.014551024315527475
314 0.014168102623013594
315 0.014742485161784415
316 0.014742485161784415
317 0.014168102623013594
318 0.014551024315527475
319 0.014168102623013594
320 0.014551024315527475
321 0.014551024315527475
322 0.014359563469270534
323 0.013593720084242773
324 0.013402259237985832
325 0.013402259237985832
326 0.013210798391728892
327 0.013210798391728892
328 0.013210798391728892
329 0.01225349416044419
330 0.012062033314187249
331 0.01244495500670113
332 0.011870572467930308
333 0.012062033314187249
334 0.012062033314187249
335 0.01282787669921501
336 0.013785180930499713
337 0.013402259237985832
338 0.01282787669921501
339 0.013019337545471951
340 0.01263641585295807
341 0.01263641585295807
342 0.013210798391728892
343 0.01244495500670113
344 0.013019337545471951
345 0.01282787669921501
346 0.01263641585295807
347 0.01282787669921501
348 0.013210798391728892
349 0.014168102623013594
350 0.014551024315527475
351 0.014168102623013594
352 0.014359563469270534
353 0.013976641776756654
354 0.014168102623013594
355 0.014359563469270534
356 0.014551024315527475
357 0.014933946008041356
358 0.015316867700555237
359 0.015125406854298296
360 0.014551024315527475
361 0.015125406854298296
362 0.014551024315527475
363 0.014359563469270534
364 0.014359563469270534
365 0.014933946008041356
366 0.014168102623013594
367 0.014551024315527475
368 0.014359563469270534
369 0.014359563469270534
370 0.015125406854298296
371 0.015891250239326058
372 0.014933946008041356
373 0.014742485161784415
374 0.014933946008041356
375 0.014551024315527475
376 0.015125406854298296
377 0.015891250239326058
378 0.015508328546812177
379 0.015699789393069118
380 0.015125406854298296
381 0.015125406854298296
382 0.014551024315527475
383 0.014742485161784415
384 0.014551024315527475
385 0.014359563469270534
386 0.014742485161784415
387 0.015125406854298296
388 0.014359563469270534
389 0.014742485161784415
390 0.014742485161784415
391 0.014359563469270534
392 0.013402259237985832
393 0.013019337545471951
394 0.013210798391728892
395 0.01282787669921501
396 0.013593720084242773
397 0.01225349416044419
398 0.01263641585295807
399 0.013402259237985832
400 0.013593720084242773
401 0.013785180930499713
402 0.013593720084242773
403 0.013593720084242773
404 0.013785180930499713
405 0.014359563469270534
406 0.014742485161784415
407 0.014742485161784415
408 0.014359563469270534
409 0.014359563469270534
410 0.014551024315527475
411 0.014551024315527475
412 0.014742485161784415
413 0.014359563469270534
414 0.014742485161784415
415 0.014551024315527475
416 0.014933946008041356
417 0.014933946008041356
418 0.016082711085583
419 0.015699789393069118
420 0.015125406854298296
421 0.014168102623013594
422 0.014359563469270534
423 0.013785180930499713
424 0.01282787669921501
425 0.013402259237985832
426 0.013593720084242773
427 0.013210798391728892
428 0.013402259237985832
429 0.013019337545471951
430 0.01282787669921501
431 0.01244495500670113
432 0.01225349416044419
433 0.013976641776756654
434 0.013976641776756654
435 0.014168102623013594
436 0.014933946008041356
437 0.014933946008041356
438 0.014551024315527475
439 0.015699789393069118
440 0.014742485161784415
441 0.015891250239326058
442 0.015891250239326058
443 0.015316867700555237
444 0.014933946008041356
445 0.014742485161784415
446 0.014933946008041356
447 0.015891250239326058
448 0.014933946008041356
449 0.015125406854298296
450 0.015891250239326058
451 0.015699789393069118
452 0.01646563277809688
453 0.01665709362435382
454 0.01665709362435382
455 0.01627417193183994
456 0.015891250239326058
457 0.016082711085583
458 0.015891250239326058
459 0.016082711085583
460 0.015508328546812177
461 0.015125406854298296
462 0.015125406854298296
463 0.014742485161784415
464 0.014168102623013594
465 0.014359563469270534
466 0.014551024315527475
467 0.014742485161784415
468 0.015125406854298296
469 0.015508328546812177
470 0.014742485161784415
471 0.014742485161784415
472 0.014742485161784415
473 0.015316867700555237
474 0.014742485161784415
475 0.013593720084242773
476 0.013785180930499713
477 0.01282787669921501
478 0.013593720084242773
479 0.013019337545471951
480 0.01244495500670113
481 0.013210798391728892
482 0.013210798391728892
483 0.013019337545471951
484 0.013019337545471951
485 0.013019337545471951
486 0.013210798391728892
487 0.013976641776756654
488 0.013210798391728892
489 0.013019337545471951
490 0.013210798391728892
491 0.01282787669921501
492 0.011870572467930308
493 0.011679111621673368
494 0.011679111621673368
495 0.011870572467930308
496 0.01244495500670113
497 0.01282787669921501
498 0.013210798391728892
499 0.01282787669921501
500 0.013019337545471951
501 0.013402259237985832
502 0.013785180930499713
503 0.013976641776756654
504 0.013785180930499713
505 0.013402259237985832
506 0.013019337545471951
507 0.013019337545471951
508 0.01225349416044419
509 0.013019337545471951
510 0.01282787669921501
511 0.013402259237985832
512 0.013593720084242773
513 0.013402259237985832
514 0.013210798391728892
515 0.013593720084242773
516 0.013210798391728892
517 0.013976641776756654
518 0.014359563469270534
519 0.014168102623013594
520 0.014933946008041356
521 0.014742485161784415
522 0.015125406854298296
523 0.015125406854298296
524 0.015125406854298296
525 0.014742485161784415
526 0.014742485161784415
527 0.014933946008041356
528 0.014551024315527475
529 0.014933946008041356
530 0.014933946008041356
531 0.014359563469270534
532 0.014933946008041356
533 0.014551024315527475
534 0.014742485161784415
535 0.014359563469270534
536 0.014933946008041356
537 0.014359563469270534
538 0.014168102623013594
539 0.014168102623013594
540 0.014168102623013594
541 0.013976641776756654
542 0.014168102623013594
543 0.014551024315527475
544 0.015508328546812177
545 0.015125406854298296
546 0.014933946008041356
547 0.014359563469270534
548 0.014168102623013594
549 0.014933946008041356
550 0.015316867700555237
551 0.015891250239326058
552 0.015316867700555237
553 0.015891250239326058
554 0.016082711085583
555 0.015508328546812177
556 0.015316867700555237
557 0.015316867700555237
558 0.015316867700555237
559 0.015699789393069118
560 0.015125406854298296
561 0.015125406854298296
562 0.014933946008041356
563 0.014168102623013594
564 0.014742485161784415
565 0.014359563469270534
566 0.014742485161784415
567 0.014742485161784415
568 0.013976641776756654
569 0.013593720084242773
570 0.013785180930499713
571 0.013785180930499713
572 0.012062033314187249
573 0.01263641585295807
574 0.01244495500670113
575 0.01244495500670113
576 0.01282787669921501
577 0.013593720084242773
578 0.014168102623013594
579 0.013593720084242773
580 0.013210798391728892
581 0.013402259237985832
582 0.013785180930499713
583 0.013593720084242773
584 0.013593720084242773
585 0.01282787669921501
586 0.013402259237985832
587 0.013402259237985832
588 0.013785180930499713
589 0.013402259237985832
590 0.013593720084242773
591 0.013785180930499713
592 0.013593720084242773
593 0.013785180930499713
594 0.014168102623013594
595 0.013976641776756654
596 0.014742485161784415
597 0.015508328546812177
598 0.015508328546812177
599 0.015125406854298296
600 0.015699789393069118
601 0.015891250239326058
602 0.015699789393069118
603 0.015699789393069118
604 0.015699789393069118
605 0.01627417193183994
606 0.015699789393069118
607 0.015316867700555237
608 0.015508328546812177
609 0.014742485161784415
610 0.014933946008041356
611 0.014551024315527475
612 0.014551024315527475
613 0.014742485161784415
614 0.014742485161784415
615 0.014551024315527475
616 0.013976641776756654
617 0.013593720084242773
618 0.013976641776756654
619 0.013402259237985832
620 0.013402259237985832
621 0.013210798391728892
622 0.014168102623013594
623 0.015125406854298296
624 0.015891250239326058
625 0.015891250239326058
626 0.015316867700555237
627 0.015316867700555237
628 0.015316867700555237
629 0.015316867700555237
630 0.015699789393069118
631 0.015891250239326058
632 0.015508328546812177
633 0.015316867700555237
634 0.014742485161784415
635 0.014933946008041356
636 0.014551024315527475
637 0.013593720084242773
638 0.013210798391728892
639 0.013785180930499713
640 0.014551024315527475
641 0.014168102623013594
642 0.014359563469270534
643 0.013976641776756654
644 0.013976641776756654
645 0.013593720084242773
646 0.013593720084242773
647 0.013210798391728892
648 0.013785180930499713
649 0.014168102623013594
650 0.014551024315527475
651 0.015125406854298296
652 0.014742485161784415
653 0.014359563469270534
654 0.013976641776756654
655 0.013593720084242773
656 0.013785180930499713
657 0.013402259237985832
658 0.013785180930499713
659 0.014168102623013594
660 0.013976641776756654
661 0.014168102623013594
662 0.014168102623013594
663 0.013593720084242773
664 0.014551024315527475
665 0.014551024315527475
666 0.014551024315527475
667 0.014933946008041356
668 0.014551024315527475
669 0.014359563469270534
670 0.014933946008041356
671 0.015316867700555237
672 0.016082711085583
673 0.015699789393069118
674 0.015699789393069118
675 0.016082711085583
676 0.015891250239326058
677 0.015508328546812177
678 0.015508328546812177
679 0.015316867700555237
680 0.015316867700555237
681 0.015508328546812177
682 0.015891250239326058
683 0.015699789393069118
684 0.015125406854298296
685 0.01646563277809688
686 0.01684855447061076
687 0.01684855447061076
688 0.0170400153168677
689 0.0170400153168677
690 0.0170400153168677
691 0.0170400153168677
692 0.01646563277809688
693 0.016082711085583
694 0.015508328546812177
695 0.015699789393069118
696 0.016082711085583
697 0.015891250239326058
698 0.016082711085583
699 0.015508328546812177
700 0.015508328546812177
