1 0.0003829216925138809
2 0.0005743825387708214
3 0.0007658433850277618
4 0.0007658433850277618
5 0.0015316867700555237
6 0.0013402259237985832
7 0.0026804518475971664
8 0.00402067777139575
9 0.005360903695194333
10 0.006509668772735976
11 0.009190120620333142
12 0.010913268236645606
13 0.011296189929159487
14 0.012062033314187249
15 0.014168102623013594
16 0.015508328546812177
17 0.017997319548152403
18 0.019911928010721808
19 0.022783840704575915
20 0.023549684089603676
21 0.023932605782117557
22 0.02565575339843002
23 0.027953283553513307
24 0.030633735401110473
25 0.03293126555619376
26 0.035228795711277044
27 0.03790924755887421
28 0.04058969940647138
29 0.0430786904078116
30 0.04595060310166571
31 0.04863105494926288
32 0.05265173272065862
33 0.054183419490714146
34 0.05992724487842236
35 0.064330844342332
36 0.06471376603484587
37 0.06854298295998468
38 0.0714148956538388
39 0.07486119088646372
40 0.077158721041547
41 0.07773310358031782
42 0.07926479035037334
43 0.08175378135171357
44 0.08347692896802604
45 0.08596591996936627
46 0.08864637181696343
47 0.08883783266322037
48 0.09247558874210224
49 0.09439019720467165
50 0.09553896228221329
51 0.09707064905226881
52 0.09707064905226881
53 0.10051694428489374
54 0.1022400919012062
55 0.10472908290254643
56 0.10760099559640053
57 0.11066436913651158
58 0.11200459506031017
59 0.11334482098410875
60 0.11717403790924756
61 0.11793988129427532
62 0.11889718552556003
63 0.12196055906567108
64 0.12464101091326824
65 0.12713000191460846
66 0.1292360712234348
67 0.13191652307103197
68 0.13651158338119854
69 0.14129810453762207
70 0.14321271300019145
71 0.14493586061650393
72 0.1485736166953858
73 0.15393452039058012
74 0.15508328546812178
75 0.15833811985448976
76 0.15967834577828835
77 0.1623587976258855
78 0.16350756270342715
79 0.16637947539728126
80 0.17001723147616313
81 0.16733677962856597
82 0.16791116216733679
83 0.1694428489373923
84 0.17193183993873254
85 0.17403790924755888
86 0.18093049971280872
87 0.18399387325291977
88 0.18648286425426
89 0.1874401684855447
90 0.18954623779437105
91 0.1926096113344821
92 0.19663028910587785
93 0.19720467164464867
94 0.20333141872487076
95 0.20371434041738465
96 0.205820409726211
97 0.20505456634118321
98 0.20562894887995406
99 0.20754355734252344
100 0.21022400919012063
101 0.21309592188397472
102 0.21596783457782884
103 0.21692513880911354
104 0.21883974727168293
105 0.21922266896419682
106 0.22037143404173845
107 0.22324334673559257
108 0.22247750335056482
109 0.22420065096687727
110 0.22592379858318973
111 0.22879571127704385
112 0.23032739804709937
113 0.22975301550832855
114 0.2305188588933563
115 0.23453953666475205
116 0.23645414512732146
117 0.2372199885123492
118 0.23836875358989087
119 0.23779437105112006
120 0.2427723530538005
121 0.2433467355925713
122 0.24526134405514072
123 0.24870763928776565
124 0.25004786521156425
125 0.2521539345203906
126 0.25196247367413366
127 0.25445146467547386
128 0.2607696726019529
129 0.26402450698832086
130 0.26345012444955007
131 0.26498181121960557
132 0.2678537239134597
133 0.2688110281447444
134 0.26957687152977217
135 0.2707256366073138
136 0.2739804709936818
137 0.2735975493011679
138 0.2753206969174804
139 0.2795328355351331
140 0.2822132873827302
141 0.28355351330652884
142 0.28355351330652884
143 0.2868083476928968
144 0.28891441700172316
145 0.2871912693854107
146 0.28853149530920924
147 0.29504116408194525
148 0.29925330269959793
149 0.30116791116216735
150 0.302316676239709
151 0.3032739804709937
152 0.3067202757036186
153 0.30825196247367415
154 0.30825196247367415
155 0.30882634501244494
156 0.3113153360137852
157 0.3138043270151254
158 0.31265556193758376
159 0.3128470227838407
160 0.31437870955389624
161 0.32203714340417383
162 0.32165422171165997
163 0.3193566915565767
164 0.32318590848171547
165 0.324717595251771
166 0.3264407428680835
167 0.33046142063947925
168 0.3296955772544515
169 0.327972429638139
170 0.33007849894696534
171 0.331227264024507
172 0.33103580317825004
173 0.33543940264215966
174 0.3360137851809305
175 0.33486502010338887
176 0.33448209841087495
177 0.33543940264215966
178 0.3386942370285277
179 0.3413746888761248
180 0.33907715872104155
181 0.33811985448975684
182 0.34252345395366646
183 0.3402259237985832
184 0.3423319931074095
185 0.3446295232624928
186 0.34348075818495116
187 0.34673559257131914
188 0.34616121003254835
189 0.34520390580126364
190 0.35037334865020103
191 0.3526708788052843
192 0.35286233965154123
193 0.3530538004977982
194 0.35477694811411065
195 0.3559257131916523
196 0.3587976258855064
197 0.3597549301167911
198 0.3616695385793605
199 0.3620524602718744
200 0.3643499904269577
201 0.3668389814282979
202 0.36817920735209647
203 0.3687535898908673
204 0.37028527666092287
205 0.37602910204863105
206 0.37698640627991575
207 0.3756461803561172
208 0.37526325866360327
209 0.3773693279724296
210 0.3800497798200268
211 0.3810070840513115
212 0.3817729274363393
213 0.3842619184376795
214 0.3856021443614781
215 0.3903886655179016
216 0.39115450890292935
217 0.39019720467164465
218 0.3898142829791308
219 0.38675090943901974
220 0.3861765269002489
221 0.38024124066628373
222 0.38119854489756844
223 0.3854106835152211
224 0.38598506605399197
225 0.3829216925138809
226 0.3854106835152211
227 0.38732529197779053
228 0.39019720467164465
229 0.39019720467164465
230 0.39211181313421406
231 0.3934520390580126
232 0.3917288914417002
233 0.39460080413555426
234 0.39900440359946393
235 0.39996170783074864
236 0.40264215967834577
237 0.4028336205246027
238 0.40532261152594296
239 0.40723721998851237
240 0.41202374114493584
241 0.408385985066054
242 0.41010913268236643
243 0.4081945242197971
244 0.4103005935286234
245 0.4118322802986789
246 0.4127895845299636
247 0.4099176718361095
248 0.4141298104537622
249 0.4183419490714149
250 0.417959027378901
251 0.4164273406088455
252 0.41432127130001917
253 0.4141298104537622
254 0.41585295807007466
255 0.4164273406088455
256 0.41815048822515793
257 0.41681026230135937
258 0.4173846448401302
259 0.4189163316101857
260 0.4223626268428106
261 0.42140532261152597
262 0.41929925330269957
263 0.4258089220754356
264 0.4279149913842619
265 0.43002106069308826
266 0.4284893739230327
267 0.42714914799923415
268 0.42906375646180356
269 0.4349990426957687
270 0.43844533792839363
271 0.43959410300593527
272 0.4401684855447061
273 0.4409343289297339
274 0.43691365115833813
275 0.43710511200459506
276 0.4374880336971089
277 0.44131725062224775
278 0.44055140723721997
279 0.43767949454336585
280 0.43806241623587977
281 0.4374880336971089
282 0.4365307294658242
283 0.43691365115833813
284 0.43882825962090755
285 0.44418916331610186
286 0.4401684855447061
287 0.4480183802412407
288 0.44935860616503925
289 0.4482098410874976
290 0.44993298870381004
291 0.45108175378135174
292 0.4524219797051503
293 0.45605973578403214
294 0.4575914225540877
295 0.45739996170783076
296 0.4539536664752058
297 0.45203905801263644
298 0.4539536664752058
299 0.45280490139766416
300 0.4577828834003446
301 0.4595060310166571
302 0.4610377177867126
303 0.4639096304805667
304 0.46793030825196247
305 0.46601569978939306
306 0.4646754738655945
307 0.46218648286425423
308 0.45816580509285854
309 0.46314378709553894
310 0.46314378709553894
311 0.4600804135554279
312 0.4619950220179973
313 0.46410109132682364
314 0.46218648286425423
315 0.4627608654030251
316 0.46352670878805285
317 0.46505839555810835
318 0.46601569978939306
319 0.4671644648669347
320 0.4656327780968792
321 0.46544131725062227
322 0.4704192992533027
323 0.4717595251771013
324 0.4752058204097262
325 0.47731188971855254
326 0.4807581849511775
327 0.48286425426000384
328 0.4815240283362052
329 0.48631054949262875
330 0.48458740187631627
331 0.48382155849128855
332 0.4805667241049205
333 0.482289871721233
334 0.48726785372391346
335 0.48726785372391346
336 0.4861190886463718
337 0.48956538387899673
338 0.485544706107601
339 0.48726785372391346
340 0.4874593145701704
341 0.48956538387899673
342 0.4930116791116217
343 0.49511774842044803
344 0.49147999234156614
345 0.4993298870381007
346 0.49760673942178824
347 0.5069883208883783
348 0.5098602335822324
349 0.5096687727359754
350 0.5075627034271492
351 0.5069883208883783
352 0.5071797817346353
353 0.5087114685046908
354 0.5083285468121769
355 0.5133065288148574
356 0.5190503542025656
357 0.5263258663603293
358 0.523836875358989
359 0.5203905801263642
360 0.524219797051503
361 0.5246027187440169
362 0.5265173272065863
363 0.5265173272065863
364 0.5278575531303848
365 0.5290063182079264
366 0.530538004977982
367 0.5313038483630098
368 0.527474631437871
369 0.5251771012827877
370 0.5343672219031208
371 0.5343672219031208
372 0.5376220562894888
373 0.5426000382921693
374 0.5406854298295999
375 0.54317442083094
376 0.5475780202948497
377 0.5487267853723914
378 0.5523645414512732
379 0.5535133065288148
380 0.5575339843002106
381 0.5575339843002106
382 0.5605973578403216
383 0.5630863488416619
384 0.565766800689259
385 0.5682557916905993
386 0.5648094964579743
387 0.565958261535516
388 0.5632778096879189
389 0.5632778096879189
390 0.5665326440742868
391 0.5671070266130577
392 0.5718935477694811
393 0.5713191652307104
394 0.5684472525368562
395 0.5718935477694811
396 0.5728508520007658
397 0.5715106260769672
398 0.5730423128470228
399 0.5701704001531687
400 0.569404556768141
401 0.5697874784606548
402 0.5739996170783075
403 0.5734252345395366
404 0.5749569213095922
405 0.5780202948497032
406 0.5841470419299253
407 0.5856787286999808
408 0.5816580509285851
409 0.5829982768523837
410 0.5841470419299253
411 0.5824238943136129
412 0.5860616503924947
413 0.582040972621099
414 0.5803178250047866
415 0.5801263641585296
416 0.5816580509285851
417 0.5870189546237794
418 0.5824238943136129
419 0.5826153551598698
420 0.5801263641585296
421 0.5764886080796477
422 0.5772544514646755
423 0.5747654604633352
424 0.5717020869232242
425 0.5678728699980854
426 0.5676814091518284
427 0.5650009573042313
428 0.5726593911545089
429 0.5703618609994257
430 0.5757227646946199
431 0.5762971472333908
432 0.5805092858510434
433 0.5835726593911545
434 0.5858701895462378
435 0.5881677197013211
436 0.5921883974727168
437 0.5944859276278002
438 0.5965919969366265
439 0.5977407620141681
440 0.6025272831705916
441 0.6008041355542791
442 0.5990809879379667
443 0.6036760482481333
444 0.6015699789393069
445 0.6004212138617653
446 0.6073138043270151
447 0.6055906567107027
448 0.6069308826345012
449 0.6090369519433276
450 0.6111430212521539
451 0.614206394792265
452 0.6149722381772927
453 0.6119088646371817
454 0.6115259429446678
455 0.6122917863296956
456 0.6136320122534942
457 0.6186099942561746
458 0.6159295424085774
459 0.620716063565001
460 0.620716063565001
461 0.617269768332376
462 0.617269768332376
463 0.6153551598698066
464 0.6105686387133831
465 0.6117174037909248
466 0.6126747080222095
467 0.6082711085582998
468 0.6088454910970706
469 0.6052077350181888
470 0.6029102048631055
471 0.604441891633161
472 0.6040589699406471
473 0.604441891633161
474 0.6059735784032165
475 0.6084625694045568
476 0.6053991958644457
477 0.6061650392494735
478 0.6080796477120429
479 0.6099942561746123
480 0.6080796477120429
481 0.6103771778671262
482 0.6195672984874593
483 0.6220562894887995
484 0.6228221328738273
485 0.6262684281064522
486 0.623779437105112
487 0.6276086540302508
488 0.6320122534941605
489 0.636798774650584
490 0.6389048439594103
491 0.6442657476546046
492 0.6421596783457783
493 0.640053609036952
494 0.6410109132682367
495 0.6375646180356117
496 0.6415852958070075
497 0.6434999042695768
498 0.6446486693471185
499 0.6467547386559449
500 0.6505839555810836
501 0.6538387899674517
502 0.6547960941987364
503 0.649243729657285
504 0.6484778862722573
505 0.6547960941987364
506 0.655753398430021
507 0.6530729465824239
508 0.652881485736167
509 0.65269002488991
510 0.6536473291211947
511 0.65269002488991
512 0.6503924947348267
513 0.6502010338885698
514 0.6503924947348267
515 0.6540302508137086
516 0.6523071031973962
517 0.6500095730423129
518 0.6463718169634309
519 0.6434999042695768
520 0.6412023741144935
521 0.6469461995022018
522 0.6471376603484588
523 0.6434999042695768
524 0.6463718169634309
525 0.6433084434233199
526 0.6502010338885698
527 0.6490522688110282
528 0.6502010338885698
529 0.6519241815048823
530 0.6511583381198545
531 0.652881485736167
532 0.655753398430021
533 0.6588167719701321
534 0.6618801455102431
535 0.6657093624353819
536 0.6605399195864445
537 0.6668581275129236
538 0.6670495883591806
539 0.668772735975493
540 0.6613057629714724
541 0.6628374497415278
542 0.6708788052843193
543 0.6724104920543749
544 0.6676239708979513
545 0.6662837449741528
546 0.6704958835918055
547 0.6714531878230902
548 0.6643691365115834
549 0.6630289105877848
550 0.662454528049014
551 0.6578594677388474
552 0.6614972238177292
553 0.6691556576680069
554 0.6762397089795137
555 0.6821749952134788
556 0.6821749952134788
557 0.6775799349033123
558 0.6775799349033123
559 0.6789201608271108
560 0.6773884740570554
561 0.6812176909821941
562 0.675473865594486
563 0.6814091518284511
564 0.6810262301359372
565 0.6791116216733678
566 0.6838981428297913
567 0.6838981428297913
568 0.6816006126747081
569 0.6779628565958261
570 0.6775799349033123
571 0.6810262301359372
572 0.6766226306720275
573 0.6802603867509094
574 0.6850469079073329
575 0.6835152211372775
576 0.6860042121386176
577 0.6812176909821941
578 0.6817920735209649
579 0.678537239134597
580 0.6760482481332567
581 0.6814091518284511
582 0.6821749952134788
583 0.6823664560597358
584 0.678537239134597
585 0.6724104920543749
586 0.6748994830557151
587 0.6758567872869998
588 0.672027570361861
589 0.6724104920543749
590 0.6727934137468887
591 0.6748994830557151
592 0.6831322994447635
593 0.6819835343672219
594 0.6804518475971664
595 0.6814091518284511
596 0.6727934137468887
597 0.675473865594486
598 0.6743251005169443
599 0.6672410492054375
600 0.6710702661305763
601 0.6695385793605207
602 0.6664752058204098
603 0.6676239708979513
604 0.6693471185142639
605 0.6697300402067777
606 0.6706873444380624
607 0.6660922841278959
608 0.6653264407428681
609 0.6691556576680069
610 0.6762397089795137
611 0.6781543174420831
612 0.6812176909821941
613 0.6816006126747081
614 0.6791116216733678
615 0.6747080222094581
616 0.6775799349033123
617 0.6775799349033123
618 0.6821749952134788
619 0.6727934137468887
620 0.6704958835918055
621 0.672027570361861
622 0.6748994830557151
623 0.6783457782883401
624 0.675282404748229
625 0.6733677962856596
626 0.6768140915182845
627 0.6802603867509094
628 0.6783457782883401
629 0.6766226306720275
630 0.672219031208118
631 0.6653264407428681
632 0.6647520582040972
633 0.665517901589125
634 0.6681983534367222
635 0.6680068925904652
636 0.668772735975493
637 0.6681983534367222
638 0.6747080222094581
639 0.6748994830557151
640 0.6770055523645414
641 0.6810262301359372
642 0.6806433084434234
643 0.6823664560597358
644 0.6837066819835343
645 0.6840896036760482
646 0.6816006126747081
647 0.6771970132107984
648 0.6793030825196248
649 0.6844725253685622
650 0.6856212904461038
651 0.6827493777522496
652 0.6821749952134788
653 0.6817920735209649
654 0.6789201608271108
655 0.6775799349033123
656 0.6821749952134788
657 0.684855447061076
658 0.6921309592188397
659 0.6883017422937009
660 0.6925138809113536
661 0.687918820601187
662 0.6904078116025273
663 0.6884932031399579
664 0.6865785946773885
665 0.6814091518284511
666 0.6827493777522496
667 0.6804518475971664
668 0.6831322994447635
669 0.6873444380624162
670 0.684855447061076
671 0.6877273597549302
672 0.6827493777522496
673 0.6858127512923607
674 0.6898334290637564
675 0.6896419682174996
676 0.6840896036760482
677 0.6850469079073329
678 0.6863871338311315
679 0.6819835343672219
680 0.6816006126747081
681 0.6823664560597358
682 0.687918820601187
683 0.6860042121386176
684 0.6867700555236455
685 0.6896419682174996
686 0.684855447061076
687 0.6858127512923607
688 0.6904078116025273
689 0.6886846639862149
690 0.6938541068351523
691 0.6907907332950411
692 0.6892590465249856
693 0.691173654987555
694 0.6861956729848746
695 0.6871529772161593
696 0.6904078116025273
697 0.6917480375263259
698 0.6877273597549302
699 0.6873444380624162
700 0.6796860042121387
