1 0.0003829216925138809
2 0.0015316867700555237
3 0.002488991001340226
4 0.00421213861765269
5 0.005360903695194333
6 0.007466973004020678
7 0.009573042312847023
8 0.011487650775416428
9 0.013402259237985832
10 0.014551024315527475
11 0.015316867700555237
12 0.018380241240666284
13 0.02067777139574957
14 0.023166762397089796
15 0.025847214244686962
16 0.028336205246027188
17 0.02948497032356883
18 0.030825196247367414
19 0.03446295232624928
20 0.036951943327589505
21 0.03810070840513115
22 0.04058969940647138
23 0.04039823856021443
24 0.044610377177867123
25 0.04709936817920735
26 0.04805667241049205
27 0.05360903695194333
28 0.056289488799540495
29 0.05743825387708214
30 0.05935286233965154
31 0.060118705724679304
32 0.06299061841853341
33 0.06547960941987363
34 0.06758567872869999
35 0.0700746697300402
36 0.07084051311506796
37 0.07332950411640819
38 0.07543557342523453
39 0.07830748611908865
40 0.07792456442657476
41 0.08060501627417194
42 0.08405131150679686
43 0.08654030250813709
44 0.08941221520199119
45 0.09285851043461613
46 0.09553896228221329
47 0.09975110089986598
48 0.1003254834386368
49 0.10070840513115067
50 0.10511200459506032
51 0.10874976067394218
52 0.11008998659774076
53 0.11066436913651158
54 0.10894122152019912
55 0.11315336013785181
56 0.11717403790924756
57 0.12138617652690024
58 0.12425808922075436
59 0.12770438445337928
60 0.12885314953092092
61 0.13325674899483056
62 0.13651158338119854
63 0.1376603484587402
64 0.13708596591996935
65 0.14091518284510818
66 0.14493586061650393
67 0.14608462569404557
68 0.14914799923415661
69 0.15087114685046907
70 0.1504882251579552
71 0.15412598123683707
72 0.15795519816197587
73 0.1585295807007467
74 0.15910396323951753
75 0.16255025847214244
76 0.16676239708979515
77 0.1684855447061076
78 0.17116599655370476
79 0.1726976833237603
80 0.1759525177101283
81 0.17537813517135745
82 0.17671836109515604
83 0.17786712617269768
84 0.18016465632778098
85 0.1803561171740379
86 0.18533409917671836
87 0.1868657859467739
88 0.19050354202565575
89 0.19184376794945435
90 0.19146084625694046
91 0.19337545471950987
92 0.19605590656710703
93 0.2010338885697875
94 0.2002680451847597
95 0.20275703618609994
96 0.20696917480375263
97 0.20964962665134979
98 0.20830940072755122
99 0.20926670495883593
100 0.21041547003637756
101 0.21405322611525943
102 0.21673367796285659
103 0.2205628948879954
104 0.22362626842810646
105 0.22917863296955773
106 0.23128470227838407
107 0.2372199885123492
108 0.23607122343480758
109 0.23683706681983535
110 0.24258089220754356
111 0.24296381390005745
112 0.24526134405514072
113 0.24966494351905036
114 0.25445146467547386
115 0.260386750909439
116 0.2617269768332376
117 0.26498181121960557
118 0.2659391154508903
119 0.2688110281447444
120 0.26766226306720275
121 0.26861956729848746
122 0.27034271491479994
123 0.2724487842236263
124 0.2690024889910013
125 0.2735975493011679
126 0.2749377752249665
127 0.2776182270725637
128 0.2787669921501053
129 0.2822132873827302
130 0.28240474822898715
131 0.2871912693854107
132 0.28891441700172316
133 0.289297338694237
134 0.2900631820792648
135 0.2929350947731189
136 0.2952326249282022
137 0.2948497032356883
138 0.2944667815431744
139 0.29465824238943134
140 0.29676431169825773
141 0.29829599846831323
142 0.3025081370859659
143 0.30078498946965343
144 0.3057629714723339
145 0.308634884166188
146 0.3103580317825005
147 0.3115067968600421
148 0.31686770055523644
149 0.31878230901780585
150 0.31782500478652115
151 0.31878230901780585
152 0.3191652307103197
153 0.32299444763545854
154 0.3245261344055141
155 0.331227264024507
156 0.33199310740953475
157 0.3325674899483056
158 0.3321845682557917
159 0.3316101857170209
160 0.3333333333333333
161 0.33295041164081945
162 0.3352479417959027
163 0.3398430021060693
164 0.3392686195672985
165 0.3386942370285277
166 0.33658816771970135
167 0.337736932797243
168 0.337545471950986
169 0.3383113153360138
170 0.3402259237985832
171 0.3394600804135554
172 0.3413746888761248
173 0.34520390580126364
174 0.35056480949645796
175 0.35286233965154123
176 0.3545854872678537
177 0.35496840896036763
178 0.3591805475780203
179 0.35898908673176333
180 0.36377560788818686
181 0.3626268428106452
182 0.36090369519433274
183 0.3662645988895271
184 0.366647520582041
185 0.3676048248133257
186 0.36798774650583954
187 0.37028527666092287
188 0.3746888761248325
189 0.3721998851234922
190 0.37411449358606164
191 0.37085965919969366
192 0.37066819835343673
193 0.37296572850852
194 0.37698640627991575
195 0.3810070840513115
196 0.38407045759142255
197 0.3808156232050546
198 0.37985831897376987
199 0.37870955389622823
200 0.3790924755887421
201 0.38043270151254066
202 0.3819643882825962
203 0.3810070840513115
204 0.38253877082136706
205 0.3836875358989087
206 0.38675090943901974
207 0.38732529197779053
208 0.3894313612866169
209 0.39115450890292935
210 0.38847405705533217
211 0.3888569787478461
212 0.39019720467164465
213 0.3880911353628183
214 0.389048439594103
215 0.38732529197779053
216 0.39268619567298485
217 0.39479226498181125
218 0.3980470993681792
219 0.40245069883208884
220 0.3974727168294084
221 0.3959410300593529
222 0.39728125598315145
223 0.39996170783074864
224 0.4028336205246027
225 0.40493968983342904
226 0.40953475014359564
227 0.4081945242197971
228 0.4093432892973387
229 0.40436530729465825
230 0.4118322802986789
231 0.4150871146850469
232 0.4125981236837067
233 0.41049205437488034
234 0.4125981236837067
235 0.4135554279149914
236 0.4152785755313039
237 0.41681026230135937
238 0.41815048822515793
239 0.42006509668772735
240 0.4258089220754356
241 0.42523453953666474
242 0.4248516178441509
243 0.42619184376794944
244 0.4286808347692897
245 0.4296381390005744
246 0.42982959984683133
247 0.4284893739230327
248 0.4349990426957687
249 0.43155274746314376
250 0.43614780777331036
251 0.43365881677197016
252 0.4338502776182271
253 0.43251005169442847
254 0.43423319931074095
255 0.43691365115833813
256 0.4374880336971089
257 0.4355734252345395
258 0.43423319931074095
259 0.4382538770821367
260 0.43710511200459506
261 0.4418916331610186
262 0.4363392686195673
263 0.4363392686195673
264 0.4407428680834769
265 0.44495500670112964
266 0.44495500670112964
267 0.4418916331610186
268 0.44648669347118514
269 0.4489756844725254
270 0.4476354585487268
271 0.4539536664752058
272 0.45835726593911547
273 0.4551024315527475
274 0.4587401876316293
275 0.45931457017040017
276 0.4610377177867126
277 0.4602718744016849
278 0.4585487267853724
279 0.4614206394792265
280 0.4610377177867126
281 0.4604633352479418
282 0.4600804135554279
283 0.46352670878805285
284 0.4656327780968792
285 0.4637181696343098
286 0.4602718744016849
287 0.4665900823281639
288 0.4709936817920735
289 0.4746314378709554
290 0.4717595251771013
291 0.4719509860233582
292 0.472716829408386
293 0.47386559448592763
294 0.47750335056480947
295 0.4798008807198928
296 0.4788435764886081
297 0.47635458548726783
298 0.4771204288722956
299 0.4778862722573234
300 0.47635458548726783
301 0.4752058204097262
302 0.47750335056480947
303 0.4805667241049205
304 0.4788435764886081
305 0.4784606547960942
306 0.4813325674899483
307 0.479035037334865
308 0.47769481141106646
309 0.4794179590273789
310 0.4723339077158721
311 0.4765460463335248
312 0.479035037334865
313 0.48382155849128855
314 0.48343863679877463
315 0.4884166188014551
316 0.4939689833429064
317 0.4945433658816772
318 0.5023932605782118
319 0.5022017997319548
320 0.4964579743442466
321 0.4999042695768715
322 0.5000957304231285
323 0.4955006701129619
324 0.4964579743442466
325 0.5000957304231285
326 0.5041164081945242
327 0.5020103388856979
328 0.5090943901972047
329 0.5110089986597741
330 0.514646754738656
331 0.5179015891250239
332 0.5192418150488225
333 0.5190503542025656
334 0.5203905801263642
335 0.5228795711277043
336 0.5249856404365307
337 0.5295807007466973
338 0.5280490139766417
339 0.530729465824239
340 0.527474631437871
341 0.5293892399004404
342 0.530538004977982
343 0.5349416044418916
344 0.5341757610568638
345 0.5326440742868084
346 0.5395366647520582
347 0.5383878996745166
348 0.5403025081370859
349 0.5416427340608846
350 0.5441317250622247
351 0.54317442083094
352 0.5489182462186483
353 0.5471950986023358
354 0.5548535324526135
355 0.5550449932988704
356 0.5540876890675857
357 0.5489182462186483
358 0.5506413938349608
359 0.5508328546812177
360 0.5565766800689259
361 0.5596400536090369
362 0.5554279149913842
363 0.5540876890675857
364 0.5577254451464676
365 0.5582998276852383
366 0.5573425234539536
367 0.5611717403790925
368 0.5581083668389815
369 0.5611717403790925
370 0.5596400536090369
371 0.5665326440742868
372 0.5665326440742868
373 0.5642351139192036
374 0.5646180356117174
375 0.5684472525368562
376 0.5705533218456825
377 0.5655753398430021
378 0.5644265747654604
379 0.5715106260769672
380 0.5701704001531687
381 0.5684472525368562
382 0.5686387133831131
383 0.5699789393069118
384 0.5669155657668007
385 0.5734252345395366
386 0.5734252345395366
387 0.5738081562320505
388 0.5749569213095922
389 0.5772544514646755
390 0.5732337736932798
391 0.5726593911545089
392 0.5703618609994257
393 0.5667241049205437
394 0.5655753398430021
395 0.5695960176143978
396 0.569404556768141
397 0.5736166953857936
398 0.5778288340034463
399 0.5757227646946199
400 0.5751483821558492
401 0.575339843002106
402 0.5784032165422172
403 0.5843385027761823
404 0.5872104154700364
405 0.5849128853149531
406 0.5860616503924947
407 0.5784032165422172
408 0.5814665900823281
409 0.5814665900823281
410 0.5835726593911545
411 0.5868274937775225
412 0.5910396323951752
413 0.5908481715489182
414 0.5942944667815432
415 0.5900823281638905
416 0.5939115450890293
417 0.5973578403216542
418 0.5944859276278002
419 0.5918054757802029
420 0.5919969366264599
421 0.5919969366264599
422 0.5889335630863488
423 0.5931457017040015
424 0.5939115450890293
425 0.594677388474057
426 0.5941030059352862
427 0.5950603101665709
428 0.6008041355542791
429 0.6004212138617653
430 0.6015699789393069
431 0.6042504307869041
432 0.6029102048631055
433 0.6031016657093624
434 0.60137851809305
435 0.604441891633161
436 0.60137851809305
437 0.6086540302508137
438 0.6065479609419874
439 0.6009955964005361
440 0.6023358223243347
441 0.6065479609419874
442 0.6063565000957304
443 0.6078881868657859
444 0.6034845874018763
445 0.6002297530155083
446 0.6034845874018763
447 0.604633352479418
448 0.6071223434807582
449 0.6067394217882442
450 0.6082711085582998
451 0.6136320122534942
452 0.6170783074861191
453 0.620716063565001
454 0.620716063565001
455 0.6216733677962857
456 0.6209075244112578
457 0.6220562894887995
458 0.6249282021826537
459 0.630097645031591
460 0.620716063565001
461 0.6170783074861191
462 0.6180356117174038
463 0.6197587593337163
464 0.6166953857936052
465 0.6184185334099177
466 0.6195672984874593
467 0.617461229178633
468 0.6216733677962857
469 0.6191843767949454
470 0.6182270725636607
471 0.6195672984874593
472 0.6195672984874593
473 0.6176526900248899
474 0.6186099942561746
475 0.6218648286425426
476 0.6193758376412024
477 0.620524602718744
478 0.623970897951369
479 0.6182270725636607
480 0.6193758376412024
481 0.6216733677962857
482 0.6224392111813134
483 0.6293318016465633
484 0.6352670878805284
485 0.6291403408003063
486 0.6291403408003063
487 0.6247367413363967
488 0.6235879762588551
489 0.6291403408003063
490 0.6278001148765078
491 0.6322037143404173
492 0.6362243921118131
493 0.6323951751866743
494 0.6371816963430978
495 0.6297147233390772
496 0.6352670878805284
497 0.6362243921118131
498 0.6356500095730423
499 0.6354585487267854
500 0.6322037143404173
501 0.6385219222668964
502 0.6390963048056673
503 0.6346927053417576
504 0.6373731571893547
505 0.6383304614206394
506 0.6421596783457783
507 0.6423511391920352
508 0.6413938349607505
509 0.643116982577063
510 0.6425426000382922
511 0.6427340608845491
512 0.640053609036952
513 0.6392877656519241
514 0.6459888952709171
515 0.6488608079647712
516 0.6488608079647712
517 0.6588167719701321
518 0.656136320122535
519 0.6496266513497989
520 0.6498181121960559
521 0.6511583381198545
522 0.6482864254260003
523 0.6490522688110282
524 0.6490522688110282
525 0.6482864254260003
526 0.6477120428872296
527 0.6429255217308061
528 0.6404365307294658
529 0.6402450698832088
530 0.6484778862722573
531 0.6461803561171741
532 0.6452230518858894
533 0.6450315910396324
534 0.6423511391920352
535 0.6469461995022018
536 0.6507754164273406
537 0.6515412598123683
538 0.6456059735784032
539 0.6517327206586253
540 0.6513497989661114
541 0.6498181121960559
542 0.6496266513497989
543 0.6457974344246602
544 0.6463718169634309
545 0.6459888952709171
546 0.6505839555810836
547 0.6523071031973962
548 0.655944859276278
549 0.6622630672027571
550 0.6626459888952709
551 0.6605399195864445
552 0.6622630672027571
553 0.6599655370476738
554 0.6601569978939307
555 0.6630289105877848
556 0.6697300402067777
557 0.6672410492054375
558 0.662454528049014
559 0.6651349798966112
560 0.6639862148190695
561 0.6632203714340418
562 0.6609228412789585
563 0.6607313804327015
564 0.6630289105877848
565 0.6637947539728125
566 0.6626459888952709
567 0.6651349798966112
568 0.6645605973578403
569 0.6637947539728125
570 0.6676239708979513
571 0.671836109515604
572 0.6735592571319166
573 0.6747080222094581
574 0.6796860042121387
575 0.6825579169059928
576 0.6771970132107984
577 0.6758567872869998
578 0.6770055523645414
579 0.672219031208118
580 0.6762397089795137
581 0.6735592571319166
582 0.6779628565958261
583 0.6833237602910205
584 0.6873444380624162
585 0.6877273597549302
586 0.6875358989086732
587 0.6886846639862149
588 0.6904078116025273
589 0.6873444380624162
590 0.6829408385985066
591 0.6838981428297913
592 0.6867700555236455
593 0.684855447061076
594 0.6890675856787287
595 0.6875358989086732
596 0.688110281447444
597 0.6831322994447635
598 0.6829408385985066
599 0.6817920735209649
600 0.6837066819835343
601 0.6812176909821941
602 0.6852383687535899
603 0.6890675856787287
604 0.688110281447444
605 0.6892590465249856
606 0.6850469079073329
607 0.6817920735209649
608 0.6854298295998469
609 0.678728699980854
610 0.6798774650583955
611 0.6810262301359372
612 0.6856212904461038
613 0.6877273597549302
614 0.688110281447444
615 0.687918820601187
616 0.6909821941412981
617 0.6884932031399579
618 0.6909821941412981
619 0.6863871338311315
620 0.6819835343672219
621 0.6819835343672219
622 0.6808347692896802
623 0.678537239134597
624 0.6789201608271108
625 0.6796860042121387
626 0.6766226306720275
627 0.6731763354394027
628 0.6726019529006318
629 0.6737507179781734
630 0.6789201608271108
631 0.6810262301359372
632 0.6817920735209649
633 0.6800689259046525
634 0.6773884740570554
635 0.6796860042121387
636 0.6741336396706873
637 0.6731763354394027
638 0.6699215010530346
639 0.6670495883591806
640 0.6768140915182845
641 0.6758567872869998
642 0.6789201608271108
643 0.6739421788244304
644 0.6764311698257707
645 0.6748994830557151
646 0.678537239134597
647 0.6852383687535899
648 0.6898334290637564
649 0.6884932031399579
650 0.6871529772161593
651 0.687918820601187
652 0.6888761248324717
653 0.6896419682174996
654 0.6884932031399579
655 0.6886846639862149
656 0.6856212904461038
657 0.6852383687535899
658 0.6898334290637564
659 0.6833237602910205
660 0.6833237602910205
661 0.6873444380624162
662 0.691173654987555
663 0.6928968026038675
664 0.6963430978364924
665 0.694428489373923
666 0.6953857936052077
667 0.6932797242963814
668 0.6917480375263259
669 0.6930882634501244
670 0.6932797242963814
671 0.69461995022018
672 0.6928968026038675
673 0.6904078116025273
674 0.6898334290637564
675 0.6877273597549302
676 0.691556576680069
677 0.6884932031399579
678 0.6927053417576106
679 0.6892590465249856
680 0.6967260195290064
681 0.697874784606548
682 0.7026613057629715
683 0.7015125406854298
684 0.6976833237602911
685 0.6953857936052077
686 0.6976833237602911
687 0.6982577062990618
688 0.6963430978364924
689 0.6967260195290064
690 0.6923224200650967
691 0.6932797242963814
692 0.6959601761439785
693 0.6982577062990618
694 0.7030442274554853
695 0.7034271491479992
696 0.7017040015316868
697 0.6976833237602911
698 0.6961516369902355
699 0.6982577062990618
700 0.6982577062990618
