1 0.00019146084625694046
2 0.00019146084625694046
3 0.0005743825387708214
4 0.0005743825387708214
5 0.0017231476163124641
6 0.0019146084625694046
7 0.0022975301550832855
8 0.004595060310166571
9 0.005360903695194333
10 0.006509668772735976
11 0.008998659774076202
12 0.010721807390388666
13 0.011870572467930308
14 0.01263641585295807
15 0.013402259237985832
16 0.015125406854298296
17 0.015891250239326058
18 0.017422937009381582
19 0.019529006318207927
20 0.02125215393452039
21 0.021635075627034272
22 0.023549684089603676
23 0.026038675090943902
24 0.028336205246027188
25 0.02948497032356883
26 0.031399578786138235
27 0.033122726402450696
28 0.03388856978747846
29 0.035994639096304806
30 0.03637756078881869
31 0.04001531686770055
32 0.04250430786904078
33 0.04729082902546429
34 0.049205437488033694
35 0.04977982002680452
36 0.05322611525942945
37 0.054183419490714146
38 0.056289488799540495
39 0.058012636415852956
40 0.06031016657093624
41 0.06069308826345012
42 0.06490522688110281
43 0.06662837449741528
44 0.0700746697300402
45 0.07275512157763737
46 0.0742868083476929
47 0.07696726019529006
48 0.07869040781160253
49 0.08213670304422746
50 0.08290254642925522
51 0.08443423319931075
52 0.09017805858701895
53 0.09113536281830366
54 0.09362435381964389
55 0.09707064905226881
56 0.0993681792073521
57 0.10262301359372009
58 0.10702661305762971
59 0.11123875167528241
60 0.1164081945242198
61 0.11659965537047674
62 0.11851426383304614
63 0.11947156806433085
64 0.12176909821941413
65 0.12578977599080987
66 0.13095921883974726
67 0.1334482098410875
68 0.13421405322611527
69 0.13651158338119854
70 0.13919203522879572
71 0.1424468696151637
72 0.14608462569404557
73 0.14704192992533027
74 0.1481906950028719
75 0.14933946008041354
76 0.14685046907907334
77 0.15125406854298296
78 0.15316867700555237
79 0.15584912885314953
80 0.16293318016465633
81 0.16389048439594103
82 0.1656136320122535
83 0.17059161401493395
84 0.1749952134788436
85 0.1765269002488991
86 0.18227072563660732
87 0.18533409917671836
88 0.18648286425426
89 0.18954623779437105
90 0.19126938541068353
91 0.1931839938732529
92 0.19624736741336396
93 0.19643882825962092
94 0.19720467164464867
95 0.20409726210989854
96 0.20505456634118321
97 0.20620333141872488
98 0.21003254834386367
99 0.21328738273023168
100 0.21654221711659966
101 0.21615929542408577
102 0.21941412981045377
103 0.22420065096687727
104 0.22400919012062034
105 0.22630672027570362
106 0.23224200650966878
107 0.2337736932797243
108 0.23492245835726594
109 0.2385602144361478
110 0.24296381390005745
111 0.24219797051502967
112 0.24296381390005745
113 0.24353819643882826
114 0.2446869615163699
115 0.2494734826727934
116 0.2531112387516753
117 0.25100516944284895
118 0.25445146467547386
119 0.2533026995979322
120 0.25426000382921693
121 0.2550258472142447
122 0.26153551598698066
123 0.26479035037334864
124 0.2674708022209458
125 0.266896419682175
126 0.2726402450698832
127 0.273214627608654
128 0.2753206969174804
129 0.2743633926861957
130 0.2768523836875359
131 0.2810645223051886
132 0.28374497415278577
133 0.2839364349990427
134 0.28604250430786904
135 0.2868083476928968
136 0.28853149530920924
137 0.2912119471568064
138 0.2944667815431744
139 0.2986789201608271
140 0.30078498946965343
141 0.29791307677579937
142 0.29848745931457016
143 0.3028910587784798
144 0.3067202757036186
145 0.3067202757036186
146 0.30786904078116023
147 0.3095921883974727
148 0.3141872487076393
149 0.31342140532261153
150 0.3170591614014934
151 0.3191652307103197
152 0.32222860425043076
153 0.3203139957878614
154 0.3185908481715489
155 0.32069691748037527
156 0.3252919777905418
157 0.32069691748037527
158 0.32146276086540304
159 0.3264407428680835
160 0.3298870381007084
161 0.3296955772544515
162 0.33199310740953475
163 0.3306528814857362
164 0.3335247941795903
165 0.33390771587210416
166 0.3360137851809305
167 0.33735401110472907
168 0.3394600804135554
169 0.3369710894122152
170 0.33543940264215966
171 0.3396515412598124
172 0.3411832280298679
173 0.34616121003254835
174 0.34616121003254835
175 0.3492245835726594
176 0.3520964962665135
177 0.3509477311889719
178 0.35324526134405515
179 0.3519050354202566
180 0.3580317825004787
181 0.3587976258855064
182 0.35745739996170783
183 0.35937200842427725
184 0.357074478269194
185 0.3580317825004787
186 0.3626268428106452
187 0.36320122534941607
188 0.3641585295807008
189 0.3662645988895271
190 0.3712425808922075
191 0.37085965919969366
192 0.37162550258472143
193 0.37315718935477693
194 0.37277426766226307
195 0.3773693279724296
196 0.37296572850852
197 0.37430595443231857
198 0.38062416235879765
199 0.38828259620907524
200 0.38655944859276276
201 0.3836875358989087
202 0.3856021443614781
203 0.38158146659008235
204 0.3846448401301934
205 0.3854106835152211
206 0.38407045759142255
207 0.3829216925138809
208 0.382730231667624
209 0.38655944859276276
210 0.38694237028527667
211 0.3951751866743251
212 0.39555810836683897
213 0.39919586444572086
214 0.40015316867700557
215 0.39881294275320694
216 0.40111047290829027
217 0.405131150679686
218 0.41010913268236643
219 0.4076201416810262
220 0.41010913268236643
221 0.4099176718361095
222 0.41010913268236643
223 0.40876890675856786
224 0.40876890675856786
225 0.4108749760673942
226 0.4137468887612483
227 0.4145127321462761
228 0.4152785755313039
229 0.4141298104537622
230 0.4164273406088455
231 0.41929925330269957
232 0.42274554853532453
233 0.4267662263067203
234 0.42542600038292167
235 0.42753206969174806
236 0.42906375646180356
237 0.42657476546046336
238 0.42619184376794944
239 0.424468696151637
240 0.4269576871529772
241 0.42753206969174806
242 0.4273406088454911
243 0.42906375646180356
244 0.43346735592571317
245 0.4346161210032548
246 0.43346735592571317
247 0.43595634692705343
248 0.43519050354202565
249 0.4348075818495118
250 0.43787095538962284
251 0.43959410300593527
252 0.4367221903120812
253 0.4338502776182271
254 0.43365881677197016
255 0.43270151254068545
256 0.43346735592571317
257 0.4330844342331993
258 0.43327589507945624
259 0.4330844342331993
260 0.437296572850852
261 0.43806241623587977
262 0.4407428680834769
263 0.4418916331610186
264 0.4390197204671645
265 0.43767949454336585
266 0.43978556385219225
267 0.4399770246984492
268 0.43806241623587977
269 0.43423319931074095
270 0.43863679877465056
271 0.44380624162358795
272 0.443614780777331
273 0.4487842236262684
274 0.44993298870381004
275 0.447061076009956
276 0.44935860616503925
277 0.447061076009956
278 0.45089029293509475
279 0.45089029293509475
280 0.45739996170783076
281 0.45701704001531684
282 0.4587401876316293
283 0.45893164847788626
284 0.45931457017040017
285 0.45931457017040017
286 0.4612291786329696
287 0.46352670878805285
288 0.4639096304805667
289 0.46410109132682364
290 0.4633352479417959
291 0.4671644648669347
292 0.46831322994447633
293 0.47061076009955966
294 0.47156806433084436
295 0.4713766034845874
296 0.4690790733295041
297 0.4708022209458166
298 0.46965345586827495
299 0.4704192992533027
300 0.46927053417576103
301 0.4690790733295041
302 0.4709936817920735
303 0.47061076009955966
304 0.4752058204097262
305 0.47578020294849704
306 0.4734826727934138
307 0.4784606547960942
308 0.472716829408386
309 0.4778862722573234
310 0.47405705533218456
311 0.47673750717978175
312 0.4817154891824622
313 0.482289871721233
314 0.4840130193375455
315 0.4878422362626843
316 0.49052268811028144
317 0.4947348267279341
318 0.4939689833429064
319 0.4945433658816772
320 0.49760673942178824
321 0.49626651349798967
322 0.5012444955006701
323 0.5002871912693854
324 0.5000957304231285
325 0.5050737124258089
326 0.5037334865020103
327 0.504499329887038
328 0.504882251579552
329 0.498372582806816
330 0.4989469653455868
331 0.5025847214244687
332 0.5069883208883783
333 0.5058395558108367
334 0.5090943901972047
335 0.5066053991958644
336 0.5058395558108367
337 0.5083285468121769
338 0.5098602335822324
339 0.5134979896611143
340 0.5190503542025656
341 0.5134979896611143
342 0.5171357457399962
343 0.5098602335822324
344 0.5090943901972047
345 0.5136894505073712
346 0.517710128278767
347 0.5171357457399962
348 0.5184759716637948
349 0.5247941795902737
350 0.5261344055140724
351 0.5276660922841279
352 0.5330269959793222
353 0.5330269959793222
354 0.5349416044418916
355 0.5349416044418916
356 0.5364732912119472
357 0.5418341949071415
358 0.5410683515221137
359 0.5439402642159679
360 0.5489182462186483
361 0.5410683515221137
362 0.54317442083094
363 0.5426000382921693
364 0.5397281255983152
365 0.5393452039058013
366 0.5420256557533984
367 0.5450890292935094
368 0.546812176909822
369 0.5496840896036761
370 0.5479609419873636
371 0.5470036377560789
372 0.5462377943710511
373 0.5517901589125024
374 0.5491097070649053
375 0.5506413938349608
376 0.5517901589125024
377 0.5548535324526135
378 0.5537047673750718
379 0.5569596017614398
380 0.5571510626076968
381 0.5586827493777522
382 0.5577254451464676
383 0.5560022975301551
384 0.5548535324526135
385 0.5529389239900441
386 0.5519816197587594
387 0.5533218456825579
388 0.5512157763737315
389 0.5470036377560789
390 0.5546620716063565
391 0.5521730806050162
392 0.5567681409151829
393 0.5529389239900441
394 0.5540876890675857
395 0.5535133065288148
396 0.5607888186865786
397 0.562703427149148
398 0.5579169059927245
399 0.5569596017614398
400 0.5538962282213288
401 0.5533218456825579
402 0.5523645414512732
403 0.559257131916523
404 0.5634692705341757
405 0.5646180356117174
406 0.5634692705341757
407 0.5653838789967451
408 0.5703618609994257
409 0.5715106260769672
410 0.5741910779245645
411 0.5739996170783075
412 0.5734252345395366
413 0.5726593911545089
414 0.5713191652307104
415 0.5728508520007658
416 0.575531303848363
417 0.5770629906184185
418 0.5772544514646755
419 0.5816580509285851
420 0.5862531112387517
421 0.5814665900823281
422 0.5826153551598698
423 0.5810836683898143
424 0.5864445720850087
425 0.5828068160061267
426 0.5879762588550641
427 0.5862531112387517
428 0.5877847980088072
429 0.5933371625502585
430 0.5895079456251197
431 0.5937200842427723
432 0.5883591805475781
433 0.5910396323951752
434 0.5912310932414321
435 0.5944859276278002
436 0.6009955964005361
437 0.6017614397855638
438 0.604633352479418
439 0.6006126747080222
440 0.5950603101665709
441 0.597932222860425
442 0.5983151445529389
443 0.5988895270917097
444 0.5992724487842236
445 0.6004212138617653
446 0.60137851809305
447 0.5939115450890293
448 0.5933371625502585
449 0.6017614397855638
450 0.6065479609419874
451 0.6067394217882442
452 0.610951560405897
453 0.6099942561746123
454 0.6101857170208692
455 0.6086540302508137
456 0.6121003254834386
457 0.6130576297147233
458 0.6147807773310358
459 0.6188014551024316
460 0.6151636990235497
461 0.6178441508711469
462 0.6180356117174038
463 0.6197587593337163
464 0.6235879762588551
465 0.6241623587976259
466 0.6195672984874593
467 0.6228221328738273
468 0.617269768332376
469 0.6193758376412024
470 0.6228221328738273
471 0.6247367413363967
472 0.6314378709553896
473 0.6322037143404173
474 0.6293318016465633
475 0.6235879762588551
476 0.6281830365690216
477 0.6266513497989661
478 0.6279915757227647
479 0.6258855064139384
480 0.623779437105112
481 0.6249282021826537
482 0.6295232624928202
483 0.6364158529580701
484 0.6348841661880146
485 0.633352479417959
486 0.6352670878805284
487 0.6291403408003063
488 0.6278001148765078
489 0.6270342714914799
490 0.6226306720275704
491 0.6249282021826537
492 0.6320122534941605
493 0.6297147233390772
494 0.6339268619567299
495 0.6293318016465633
496 0.6312464101091326
497 0.6312464101091326
498 0.633543940264216
499 0.6306720275703619
500 0.6356500095730423
501 0.6446486693471185
502 0.6479035037334865
503 0.65269002488991
504 0.6500095730423129
505 0.6457974344246602
506 0.6471376603484588
507 0.6456059735784032
508 0.6415852958070075
509 0.6457974344246602
510 0.6532644074286809
511 0.6509668772735976
512 0.6511583381198545
513 0.6517327206586253
514 0.6486693471185143
515 0.6540302508137086
516 0.6565192418150488
517 0.6540302508137086
518 0.6511583381198545
519 0.6513497989661114
520 0.6509668772735976
521 0.6538387899674517
522 0.659391154508903
523 0.655753398430021
524 0.6609228412789585
525 0.6595826153551598
526 0.6515412598123683
527 0.6572850852000766
528 0.6588167719701321
529 0.6622630672027571
530 0.662454528049014
531 0.6609228412789585
532 0.6599655370476738
533 0.6616886846639862
534 0.6703044227455486
535 0.6651349798966112
536 0.6674325100516945
537 0.659391154508903
538 0.6544131725062224
539 0.6551790158912503
540 0.652498564043653
541 0.652881485736167
542 0.6536473291211947
543 0.6580509285851044
544 0.6641776756653265
545 0.6620716063565001
546 0.6628374497415278
547 0.6643691365115834
548 0.6666666666666666
549 0.6659008232816389
550 0.662454528049014
551 0.6609228412789585
552 0.6582423894313613
553 0.6609228412789585
554 0.6595826153551598
555 0.6597740762014168
556 0.6645605973578403
557 0.6706873444380624
558 0.6668581275129236
559 0.6666666666666666
560 0.6676239708979513
561 0.6748994830557151
562 0.6816006126747081
563 0.6804518475971664
564 0.6777713957495692
565 0.6835152211372775
566 0.6842810645223052
567 0.6888761248324717
568 0.6860042121386176
569 0.688110281447444
570 0.6884932031399579
571 0.6884932031399579
572 0.6823664560597358
573 0.6860042121386176
574 0.6850469079073329
575 0.6825579169059928
576 0.6837066819835343
577 0.6877273597549302
578 0.6863871338311315
579 0.6858127512923607
580 0.6886846639862149
581 0.6858127512923607
582 0.6863871338311315
583 0.6852383687535899
584 0.6905992724487843
585 0.694811411066437
586 0.6963430978364924
587 0.6921309592188397
588 0.6959601761439785
589 0.6925138809113536
590 0.6907907332950411
591 0.6890675856787287
592 0.691173654987555
593 0.6858127512923607
594 0.6860042121386176
595 0.6837066819835343
596 0.6825579169059928
597 0.6800689259046525
598 0.6829408385985066
599 0.6856212904461038
600 0.684855447061076
601 0.6869615163699023
602 0.6858127512923607
603 0.6806433084434234
604 0.6762397089795137
605 0.6747080222094581
606 0.6760482481332567
607 0.6724104920543749
608 0.6756653264407428
609 0.6827493777522496
610 0.6821749952134788
611 0.6798774650583955
612 0.6842810645223052
613 0.6844725253685622
614 0.6854298295998469
615 0.6812176909821941
616 0.6775799349033123
617 0.6773884740570554
618 0.6773884740570554
619 0.6812176909821941
620 0.6852383687535899
621 0.6850469079073329
622 0.6938541068351523
623 0.6917480375263259
624 0.6892590465249856
625 0.6909821941412981
626 0.6886846639862149
627 0.6867700555236455
628 0.688110281447444
629 0.6898334290637564
630 0.6888761248324717
631 0.6844725253685622
632 0.6833237602910205
633 0.6802603867509094
634 0.6775799349033123
635 0.6816006126747081
636 0.6802603867509094
637 0.6747080222094581
638 0.6770055523645414
639 0.6816006126747081
640 0.6819835343672219
641 0.684855447061076
642 0.6837066819835343
643 0.6821749952134788
644 0.6823664560597358
645 0.684855447061076
646 0.6804518475971664
647 0.6800689259046525
648 0.6905992724487843
649 0.6854298295998469
650 0.6856212904461038
651 0.6850469079073329
652 0.6869615163699023
653 0.694811411066437
654 0.6917480375263259
655 0.6873444380624162
656 0.6835152211372775
657 0.6860042121386176
658 0.6883017422937009
659 0.684663986214819
660 0.691365115833812
661 0.6884932031399579
662 0.6892590465249856
663 0.6955772544514647
664 0.6955772544514647
665 0.691173654987555
666 0.6873444380624162
667 0.6955772544514647
668 0.6950028719126938
669 0.6971089412215202
670 0.6928968026038675
671 0.6934711851426383
672 0.6999808539153743
673 0.6997893930691174
674 0.6961516369902355
675 0.6992150105303465
676 0.6986406279915757
677 0.7005552364541451
678 0.69461995022018
679 0.6923224200650967
680 0.6940455676814091
681 0.691173654987555
682 0.6886846639862149
683 0.6917480375263259
684 0.6930882634501244
685 0.6938541068351523
686 0.691173654987555
687 0.6930882634501244
688 0.6988320888378327
689 0.6973004020677771
690 0.6976833237602911
691 0.6974918629140341
692 0.6999808539153743
693 0.6976833237602911
694 0.6973004020677771
695 0.6994064713766035
696 0.7038100708405132
697 0.7034271491479992
698 0.7051502967643117
699 0.700938158146659
700 0.7018954623779438
