1 0.00019146084625694046
2 0.0003829216925138809
3 0.0011487650775416428
4 0.002106069308826345
5 0.002871912693854107
6 0.002871912693854107
7 0.0030633735401110473
8 0.0036377560788818687
9 0.00402067777139575
10 0.005169442848937392
11 0.005743825387708214
12 0.006701129618992916
13 0.0068925904652498565
14 0.0068925904652498565
15 0.007849894696534559
16 0.008998659774076202
17 0.008807198927819261
18 0.009381581466590082
19 0.011296189929159487
20 0.012062033314187249
21 0.013210798391728892
22 0.013593720084242773
23 0.013402259237985832
24 0.013402259237985832
25 0.013210798391728892
26 0.013210798391728892
27 0.013976641776756654
28 0.015316867700555237
29 0.016082711085583
30 0.017422937009381582
31 0.018763162933180165
32 0.02086923224200651
33 0.021826536473291212
34 0.022017997319548153
35 0.022975301550832855
36 0.024124066628374498
37 0.025847214244686962
38 0.026995979322228605
39 0.02910204863105495
40 0.031016657093624354
41 0.031016657093624354
42 0.032356883017422934
43 0.032356883017422934
44 0.03465441317250622
45 0.03771778671261727
46 0.040781160252728314
47 0.041164081945242195
48 0.0421213861765269
49 0.043653072946582425
50 0.04614206394792265
51 0.045759142255408766
52 0.049205437488033694
53 0.05092858510434616
54 0.053800497798200266
55 0.05648094964579743
56 0.05896994064713766
57 0.06069308826345012
58 0.06203331418724871
59 0.06356500095730423
60 0.06567107026613057
61 0.06605399195864446
62 0.06758567872869999
63 0.06892590465249857
64 0.07237219988512349
65 0.0752441125789776
66 0.08041355542791499
67 0.08271108558299828
68 0.08385985066053991
69 0.08520007658433851
70 0.08730614589316485
71 0.08979513689450508
72 0.09151828451081753
73 0.0941987363584147
74 0.09649626651349799
75 0.09975110089986598
76 0.1022400919012062
77 0.10415470036377561
78 0.10472908290254643
79 0.10664369136511584
80 0.10913268236645605
81 0.10913268236645605
82 0.11066436913651158
83 0.11162167336779628
84 0.11200459506031017
85 0.1154508902929351
86 0.11621673367796286
87 0.11985448975684472
88 0.12387516752824047
89 0.12808730614589317
90 0.13249090560980278
91 0.13229944476354585
92 0.13287382730231667
93 0.1372774267662263
94 0.13842619184376795
95 0.13976641776756654
96 0.1437870955389623
97 0.14397855638521923
98 0.15067968600421214
99 0.1552747463143787
100 0.15891250239326057
101 0.1594868849320314
102 0.1614014933946008
103 0.16159295424085773
104 0.16542217116599656
105 0.17020869232242006
106 0.17250622247750336
107 0.1746122917863297
108 0.17576105686387133
109 0.17480375263258663
110 0.17729274363392686
111 0.18322802986789202
112 0.18322802986789202
113 0.18533409917671836
114 0.1922266896419682
115 0.19701321079839174
116 0.199310740953475
117 0.20237411449358605
118 0.202565575339843
119 0.20696917480375263
120 0.2106069308826345
121 0.21424468696151636
122 0.21749952134788436
123 0.22037143404173845
124 0.2205628948879954
125 0.2234348075818495
126 0.2243921118131342
127 0.22745548535324525
128 0.23013593720084244
129 0.22975301550832855
130 0.23358223243346735
131 0.23836875358989087
132 0.23741144935860617
133 0.237985831897377
134 0.2399004403599464
135 0.244304039823856
136 0.24966494351905036
137 0.2511966302891059
138 0.2569404556768141
139 0.2617269768332376
140 0.2663220371434042
141 0.26766226306720275
142 0.26938541068351524
143 0.26842810645223053
144 0.27034271491479994
145 0.26938541068351524
146 0.2739804709936818
147 0.27474631437870956
148 0.27742676622630674
149 0.27972429638139
150 0.2804901397664178
151 0.2816389048439594
152 0.2812559831514455
153 0.2858510434616121
154 0.2868083476928968
155 0.2929350947731189
156 0.2935094773118897
157 0.2929350947731189
158 0.295807007466973
159 0.2981045376220563
160 0.30269959793222284
161 0.30365690216350755
162 0.308634884166188
163 0.31361286616886846
164 0.31725062224775036
165 0.31610185717020867
166 0.3201225349416044
167 0.3252919777905418
168 0.32950411640819455
169 0.3331418724870764
170 0.3308443423319931
171 0.33620524602718743
172 0.33811985448975684
173 0.33486502010338887
174 0.3392686195672985
175 0.34099176718361096
176 0.3453953666475206
177 0.3482672793413747
178 0.3423319931074095
179 0.3463526708788053
180 0.34960750526517326
181 0.3497989661114302
182 0.35324526134405515
183 0.35228795711277044
184 0.3540111047290829
185 0.3565000957304231
186 0.36320122534941607
187 0.36358414704192993
188 0.3651158338119854
189 0.3723913459697492
190 0.3723913459697492
191 0.3712425808922075
192 0.37545471950986026
193 0.37870955389622823
194 0.38311315336013785
195 0.3842619184376795
196 0.38866551790158915
197 0.3900057438253877
198 0.39268619567298485
199 0.39115450890292935
200 0.39383496075052654
201 0.39268619567298485
202 0.39440934328929733
203 0.39555810836683897
204 0.3917288914417002
205 0.39211181313421406
206 0.3961324909056098
207 0.40245069883208884
208 0.4076201416810262
209 0.40857744591231093
210 0.4091518284510818
211 0.4103005935286234
212 0.4150871146850469
213 0.4152785755313039
214 0.417959027378901
215 0.42044801838024126
216 0.4215967834577829
217 0.4206394792264982
218 0.4160444189163316
219 0.41585295807007466
220 0.4187248707639288
221 0.42102240091901205
222 0.4250430786904078
223 0.4284893739230327
224 0.4304039823856021
225 0.4279149913842619
226 0.4286808347692897
227 0.4328929733869424
228 0.4390197204671645
229 0.4411257897759908
230 0.44648669347118514
231 0.4434233199310741
232 0.443614780777331
233 0.4480183802412407
234 0.4505073712425809
235 0.44667815431744207
236 0.44131725062224775
237 0.4407428680834769
238 0.4407428680834769
239 0.44476354585487266
240 0.44495500670112964
241 0.4489756844725254
242 0.44935860616503925
243 0.4531878230901781
244 0.4506988320888378
245 0.4480183802412407
246 0.4487842236262684
247 0.44935860616503925
248 0.4539536664752058
249 0.4568255791690599
250 0.4587401876316293
251 0.4602718744016849
252 0.46084625694045567
253 0.46429255217308063
254 0.46639862148190697
255 0.4698449167145319
256 0.47061076009955966
257 0.47501435956346927
258 0.4723339077158721
259 0.4769289680260387
260 0.47769481141106646
261 0.4805667241049205
262 0.48018380241240666
263 0.4784606547960942
264 0.47731188971855254
265 0.4798008807198928
266 0.48286425426000384
267 0.4830557151062608
268 0.48477886272257326
269 0.488799540493969
270 0.4939689833429064
271 0.4912885314953092
272 0.4903312272640245
273 0.48918246218648287
274 0.4876507754164273
275 0.4937775224966494
276 0.49530920926670496
277 0.4932031399578786
278 0.4937775224966494
279 0.4993298870381007
280 0.5035420256557533
281 0.5039249473482673
282 0.5029676431169826
283 0.49952134788435765
284 0.504690790733295
285 0.5077541642734061
286 0.5083285468121769
287 0.5104346161210033
288 0.5098602335822324
289 0.5071797817346353
290 0.5060310166570936
291 0.5119663028910588
292 0.5134979896611143
293 0.5134979896611143
294 0.5096687727359754
295 0.5085200076584339
296 0.5123492245835727
297 0.514455293892399
298 0.5159869806624545
299 0.5169442848937392
300 0.5157955198161975
301 0.5134979896611143
302 0.5154125981236837
303 0.5157955198161975
304 0.5159869806624545
305 0.5102431552747463
306 0.5140723721998851
307 0.5150296764311698
308 0.5175186674325101
309 0.5180930499712809
310 0.524219797051503
311 0.5280490139766417
312 0.5247941795902737
313 0.5232624928202183
314 0.527474631437871
315 0.5318782309017805
316 0.5270917097453571
317 0.5295807007466973
318 0.5244112578977599
319 0.5247941795902737
320 0.5261344055140724
321 0.5297721615929543
322 0.530538004977982
323 0.5286233965154126
324 0.5253685621290446
325 0.5246027187440169
326 0.530538004977982
327 0.5351330652881485
328 0.5362818303656902
329 0.5355159869806625
330 0.5324526134405514
331 0.530538004977982
332 0.5313038483630098
333 0.5324526134405514
334 0.5318782309017805
335 0.5291977790541834
336 0.5362818303656902
337 0.5366647520582041
338 0.5422171165996553
339 0.5452804901397664
340 0.5462377943710511
341 0.5471950986023358
342 0.5489182462186483
343 0.5533218456825579
344 0.5546620716063565
345 0.5582998276852383
346 0.5604058969940647
347 0.5579169059927245
348 0.5588742102240092
349 0.5602144361478077
350 0.5554279149913842
351 0.5604058969940647
352 0.5699789393069118
353 0.569404556768141
354 0.5617461229178633
355 0.5640436530729466
356 0.5678728699980854
357 0.5636607313804327
358 0.565766800689259
359 0.5682557916905993
360 0.569404556768141
361 0.5703618609994257
362 0.5745739996170783
363 0.5774459123109325
364 0.5810836683898143
365 0.5782117556959602
366 0.5768715297721616
367 0.5770629906184185
368 0.5803178250047866
369 0.5812751292360713
370 0.5837641202374114
371 0.5810836683898143
372 0.5843385027761823
373 0.5837641202374114
374 0.582232433467356
375 0.5858701895462378
376 0.5824238943136129
377 0.5841470419299253
378 0.585487267853724
379 0.5824238943136129
380 0.5814665900823281
381 0.5862531112387517
382 0.5849128853149531
383 0.5843385027761823
384 0.5870189546237794
385 0.5910396323951752
386 0.5925713191652308
387 0.5906567107026613
388 0.5906567107026613
389 0.594677388474057
390 0.5918054757802029
391 0.5939115450890293
392 0.5956346927053418
393 0.5929542408577446
394 0.5935286233965155
395 0.5952517710128279
396 0.5994639096304806
397 0.5973578403216542
398 0.6004212138617653
399 0.6004212138617653
400 0.6052077350181888
401 0.6038675090943902
402 0.5996553704767376
403 0.6006126747080222
404 0.6050162741719318
405 0.6084625694045568
406 0.6090369519433276
407 0.6090369519433276
408 0.604633352479418
409 0.6057821175569597
410 0.607696726019529
411 0.6094198736358415
412 0.6063565000957304
413 0.6065479609419874
414 0.6050162741719318
415 0.6029102048631055
416 0.6036760482481333
417 0.604824813325675
418 0.6078881868657859
419 0.6069308826345012
420 0.6052077350181888
421 0.6099942561746123
422 0.6103771778671262
423 0.6099942561746123
424 0.6134405514072372
425 0.6147807773310358
426 0.6166953857936052
427 0.6147807773310358
428 0.6151636990235497
429 0.617269768332376
430 0.6228221328738273
431 0.6226306720275704
432 0.6245452804901398
433 0.6243538196438828
434 0.6220562894887995
435 0.6249282021826537
436 0.6255025847214245
437 0.6279915757227647
438 0.6289488799540494
439 0.6325866360329313
440 0.6308634884166188
441 0.6358414704192993
442 0.6406279915757228
443 0.6404365307294658
444 0.6394792264981811
445 0.6383304614206394
446 0.6402450698832088
447 0.6371816963430978
448 0.6356500095730423
449 0.6413938349607505
450 0.6371816963430978
451 0.6377560788818687
452 0.6356500095730423
453 0.6354585487267854
454 0.6377560788818687
455 0.639862148190695
456 0.6446486693471185
457 0.6417767566532644
458 0.6438828259620908
459 0.6486693471185143
460 0.6523071031973962
461 0.6479035037334865
462 0.6496266513497989
463 0.6500095730423129
464 0.6480949645797435
465 0.6477120428872296
466 0.6459888952709171
467 0.6452230518858894
468 0.6429255217308061
469 0.6456059735784032
470 0.6415852958070075
471 0.6490522688110282
472 0.6517327206586253
473 0.6500095730423129
474 0.6452230518858894
475 0.6452230518858894
476 0.6465632778096879
477 0.6477120428872296
478 0.6515412598123683
479 0.6576680068925904
480 0.6538387899674517
481 0.6542217116599656
482 0.6509668772735976
483 0.65269002488991
484 0.6507754164273406
485 0.6473291211947156
486 0.649243729657285
487 0.6569021635075627
488 0.6570936243538197
489 0.652498564043653
490 0.6509668772735976
491 0.6502010338885698
492 0.6530729465824239
493 0.6547960941987364
494 0.6574765460463335
495 0.6597740762014168
496 0.6586253111238751
497 0.6582423894313613
498 0.656136320122535
499 0.6530729465824239
500 0.6540302508137086
501 0.6574765460463335
502 0.6605399195864445
503 0.6609228412789585
504 0.6634118322802987
505 0.6672410492054375
506 0.6676239708979513
507 0.6704958835918055
508 0.6653264407428681
509 0.662454528049014
510 0.6595826153551598
511 0.6614972238177292
512 0.659391154508903
513 0.6599655370476738
514 0.6695385793605207
515 0.6727934137468887
516 0.6701129618992916
517 0.6747080222094581
518 0.675090943901972
519 0.6789201608271108
520 0.6789201608271108
521 0.6714531878230902
522 0.6716446486693471
523 0.6680068925904652
524 0.6680068925904652
525 0.6706873444380624
526 0.668581275129236
527 0.6703044227455486
528 0.6681983534367222
529 0.6634118322802987
530 0.6637947539728125
531 0.6666666666666666
532 0.6716446486693471
533 0.6739421788244304
534 0.675282404748229
535 0.6812176909821941
536 0.6821749952134788
537 0.6810262301359372
538 0.6852383687535899
539 0.6844725253685622
540 0.6781543174420831
541 0.675090943901972
542 0.6704958835918055
543 0.6733677962856596
544 0.6735592571319166
545 0.6748994830557151
546 0.6810262301359372
547 0.6821749952134788
548 0.6794945433658817
549 0.6796860042121387
550 0.6835152211372775
551 0.6837066819835343
552 0.6860042121386176
553 0.6856212904461038
554 0.6850469079073329
555 0.6883017422937009
556 0.6940455676814091
557 0.6909821941412981
558 0.6898334290637564
559 0.6863871338311315
560 0.6819835343672219
561 0.6835152211372775
562 0.6796860042121387
563 0.6812176909821941
564 0.6823664560597358
565 0.6835152211372775
566 0.6781543174420831
567 0.6756653264407428
568 0.6758567872869998
569 0.6764311698257707
570 0.678537239134597
571 0.6816006126747081
572 0.678728699980854
573 0.6794945433658817
574 0.6817920735209649
575 0.6825579169059928
576 0.6825579169059928
577 0.687918820601187
578 0.6907907332950411
579 0.6829408385985066
580 0.6814091518284511
581 0.6819835343672219
582 0.678728699980854
583 0.6793030825196248
584 0.6829408385985066
585 0.6850469079073329
586 0.684855447061076
587 0.6831322994447635
588 0.6842810645223052
589 0.6869615163699023
590 0.6900248899100134
591 0.6858127512923607
592 0.687918820601187
593 0.6875358989086732
594 0.6902163507562703
595 0.6917480375263259
596 0.6877273597549302
597 0.6838981428297913
598 0.6816006126747081
599 0.6796860042121387
600 0.6844725253685622
601 0.6756653264407428
602 0.6739421788244304
603 0.6781543174420831
604 0.6789201608271108
605 0.6804518475971664
606 0.675090943901972
607 0.6737507179781734
608 0.6804518475971664
609 0.6777713957495692
610 0.6794945433658817
611 0.6771970132107984
612 0.6779628565958261
613 0.6819835343672219
614 0.6852383687535899
615 0.6854298295998469
616 0.6877273597549302
617 0.6850469079073329
618 0.6869615163699023
619 0.6877273597549302
620 0.6850469079073329
621 0.6827493777522496
622 0.6888761248324717
623 0.6873444380624162
624 0.6844725253685622
625 0.6867700555236455
626 0.6907907332950411
627 0.6938541068351523
628 0.6894505073712426
629 0.6858127512923607
630 0.69461995022018
631 0.6925138809113536
632 0.6923224200650967
633 0.6982577062990618
634 0.6951943327589508
635 0.691173654987555
636 0.688110281447444
637 0.6905992724487843
638 0.6884932031399579
639 0.6921309592188397
640 0.6995979322228604
641 0.7003637756078882
642 0.7036186099942562
643 0.7030442274554853
644 0.7032356883017423
645 0.6982577062990618
646 0.6990235496840896
647 0.6992150105303465
648 0.6990235496840896
649 0.6932797242963814
650 0.6925138809113536
651 0.6867700555236455
652 0.6890675856787287
653 0.691365115833812
654 0.6865785946773885
655 0.6894505073712426
656 0.6869615163699023
657 0.691365115833812
658 0.6909821941412981
659 0.6928968026038675
660 0.6925138809113536
661 0.6940455676814091
662 0.6925138809113536
663 0.6973004020677771
664 0.6999808539153743
665 0.6907907332950411
666 0.691173654987555
667 0.6940455676814091
668 0.6980662454528049
669 0.7013210798391729
670 0.6955772544514647
671 0.69461995022018
672 0.6898334290637564
673 0.6894505073712426
674 0.6921309592188397
675 0.6886846639862149
676 0.6894505073712426
677 0.6942370285276661
678 0.6927053417576106
679 0.6883017422937009
680 0.6861956729848746
681 0.6835152211372775
682 0.6850469079073329
683 0.691173654987555
684 0.6888761248324717
685 0.6890675856787287
686 0.6896419682174996
687 0.6932797242963814
688 0.691173654987555
689 0.6957687152977217
690 0.6961516369902355
691 0.6959601761439785
692 0.6995979322228604
693 0.7013210798391729
694 0.7007466973004021
695 0.6994064713766035
696 0.7001723147616312
697 0.7015125406854298
698 0.6999808539153743
699 0.7011296189929159
700 0.7018954623779438
