1 0.0003829216925138809
2 0.0009573042312847023
3 0.0019146084625694046
4 0.0022975301550832855
5 0.0026804518475971664
6 0.002871912693854107
7 0.0034462952326249283
8 0.00421213861765269
9 0.005169442848937392
10 0.0068925904652498565
11 0.008807198927819261
12 0.009764503159103963
13 0.009955964005360904
14 0.009764503159103963
15 0.013019337545471951
16 0.014742485161784415
17 0.01646563277809688
18 0.01684855447061076
19 0.01723147616312464
20 0.019146084625694046
21 0.02125215393452039
22 0.02488991001340226
23 0.026230135937200843
24 0.028336205246027188
25 0.031399578786138235
26 0.03369710894122152
27 0.0340800306337354
28 0.036951943327589505
29 0.03810070840513115
30 0.039440934328929735
31 0.0430786904078116
32 0.04614206394792265
33 0.04729082902546429
34 0.049588359180547575
35 0.05322611525942945
36 0.055906567107026614
37 0.057246793030825194
38 0.058395558108366837
39 0.060501627417193185
40 0.06241623587976259
41 0.06413938349607505
42 0.06586253111238752
43 0.07064905226881103
44 0.07371242580892208
45 0.07505265173272066
46 0.07600995596400537
47 0.07926479035037334
48 0.08405131150679686
49 0.08692322420065096
50 0.08788052843193567
51 0.09056098027953284
52 0.08979513689450508
53 0.09170974535707448
54 0.09649626651349799
55 0.0993681792073521
56 0.10262301359372009
57 0.10683515221137277
58 0.109324143212713
59 0.11296189929159486
60 0.11583381198544898
61 0.1164081945242198
62 0.11889718552556003
63 0.12042887229561555
64 0.12119471568064331
65 0.1263641585295807
66 0.1292360712234348
67 0.13229944476354585
68 0.13421405322611527
69 0.13383113153360138
70 0.13612866168868468
71 0.13785180930499713
72 0.141489565383879
73 0.141489565383879
74 0.1428297913076776
75 0.14665900823281638
76 0.15010530346544132
77 0.15297721615929544
78 0.154317442083094
79 0.15201991192801073
80 0.15508328546812178
81 0.15546620716063564
82 0.16082711085582999
83 0.16389048439594103
84 0.16905992724487842
85 0.1698257706299062
86 0.1684855447061076
87 0.1723147616312464
88 0.17403790924755888
89 0.17690982194141297
90 0.1807390388665518
91 0.18303656902163506
92 0.1860999425617461
93 0.18801455102431552
94 0.189737698640628
95 0.19146084625694046
96 0.19299253302699598
97 0.19816197587593337
98 0.199310740953475
99 0.2044801838024124
100 0.20620333141872488
101 0.20792647903503733
102 0.21194715680643308
103 0.21558491288531495
104 0.21711659965537047
105 0.21596783457782884
106 0.21903120811793989
107 0.21903120811793989
108 0.22209458165805093
109 0.22400919012062034
110 0.22822132873827303
111 0.23587976258855065
112 0.23779437105112006
113 0.234730997511009
114 0.23836875358989087
115 0.24392111813134215
116 0.24717595251771013
117 0.25157955198161974
118 0.2536856212904461
119 0.2565575339843002
120 0.2619184376794945
121 0.2672793413746889
122 0.27091709745357073
123 0.27378901014742485
124 0.2714914799923416
125 0.27570361860999426
126 0.27551215776373733
127 0.27914991384261917
128 0.2816389048439594
129 0.2822132873827302
130 0.2816389048439594
131 0.28527666092284126
132 0.28853149530920924
133 0.2910204863105495
134 0.29408385985066055
135 0.2963813900057438
136 0.29925330269959793
137 0.29848745931457016
138 0.3034654413172506
139 0.30786904078116023
140 0.30729465824238944
141 0.3071031973961325
142 0.3113153360137852
143 0.3090178058587019
144 0.3084434233199311
145 0.3095921883974727
146 0.3128470227838407
147 0.32165422171165997
148 0.32337736932797245
149 0.3251005169442849
150 0.3251005169442849
151 0.3262492820218265
152 0.32586636032931265
153 0.3260578211755696
154 0.32395175186674324
155 0.32318590848171547
156 0.32778096879188207
157 0.3318016465632778
158 0.3379283936434999
159 0.33658816771970135
160 0.33563086348841664
161 0.33543940264215966
162 0.33811985448975684
163 0.3392686195672985
164 0.34099176718361096
165 0.3402259237985832
166 0.34271491479992344
167 0.3450124449550067
168 0.34673559257131914
169 0.34903312272640247
170 0.34788435764886083
171 0.3519050354202566
172 0.3520964962665135
173 0.35324526134405515
174 0.35669155657668006
175 0.3595634692705342
176 0.36090369519433274
177 0.36549875550449934
178 0.3641585295807008
179 0.3720084242772353
180 0.3721998851234922
181 0.37545471950986026
182 0.3756461803561172
183 0.3721998851234922
184 0.3700938158146659
185 0.37641202374114496
186 0.38024124066628373
187 0.38024124066628373
188 0.38407045759142255
189 0.38598506605399197
190 0.38732529197779053
191 0.3900057438253877
192 0.39192035228795713
193 0.40015316867700557
194 0.40168485544706106
195 0.4013019337545472
196 0.4032165422171166
197 0.40072755121577636
198 0.405131150679686
199 0.40627991575722766
200 0.405131150679686
201 0.4122152019911928
202 0.4106835152211373
203 0.40876890675856786
204 0.4099176718361095
205 0.4118322802986789
206 0.4137468887612483
207 0.41585295807007466
208 0.41240666283744976
209 0.4118322802986789
210 0.40953475014359564
211 0.4045567681409152
212 0.41298104537622055
213 0.41661880145510244
214 0.4135554279149914
215 0.41393834960750525
216 0.4112578977599081
217 0.4099176718361095
218 0.40953475014359564
219 0.41202374114493584
220 0.4112578977599081
221 0.4164273406088455
222 0.4189163316101857
223 0.41949071414895656
224 0.4160444189163316
225 0.42102240091901205
226 0.42102240091901205
227 0.4248516178441509
228 0.4284893739230327
229 0.42906375646180356
230 0.43423319931074095
231 0.4321271300019146
232 0.43097836492437297
233 0.4357648860807965
234 0.4353819643882826
235 0.43787095538962284
236 0.4365307294658242
237 0.4409343289297339
238 0.44227455485353245
239 0.44323185908481716
240 0.44572085008615736
241 0.4491671453187823
242 0.45108175378135174
243 0.45280490139766416
244 0.4505073712425809
245 0.44935860616503925
246 0.45031591039632396
247 0.4462952326249282
248 0.4485927627800115
249 0.4506988320888378
250 0.45376220562894887
251 0.45012444955006703
252 0.45108175378135174
253 0.44993298870381004
254 0.45376220562894887
255 0.4547195098602336
256 0.4558682749377752
257 0.45988895270917096
258 0.45701704001531684
259 0.4595060310166571
260 0.4591231093241432
261 0.4619950220179973
262 0.46256940455676815
263 0.4646754738655945
264 0.4648669347118514
265 0.46429255217308063
266 0.4637181696343098
267 0.4623779437105112
268 0.46697300402067776
269 0.4688876124832472
270 0.4700363775607888
271 0.4688876124832472
272 0.4700363775607888
273 0.46831322994447633
274 0.4690790733295041
275 0.4698449167145319
276 0.4734826727934138
277 0.47501435956346927
278 0.4794179590273789
279 0.47960941987363587
280 0.4815240283362052
281 0.4861190886463718
282 0.48994830557151064
283 0.492054374880337
284 0.49071414895653837
285 0.4937775224966494
286 0.4949262875741911
287 0.4964579743442466
288 0.49530920926670496
289 0.4972238177292744
290 0.49856404365307294
291 0.5027761822707256
292 0.504882251579552
293 0.5090943901972047
294 0.50813708596592
295 0.5129236071223435
296 0.5129236071223435
297 0.5125406854298296
298 0.511391920352288
299 0.5069883208883783
300 0.5106260769672601
301 0.5119663028910588
302 0.5136894505073712
303 0.5140723721998851
304 0.514646754738656
305 0.514455293892399
306 0.5180930499712809
307 0.5215393452039058
308 0.5217308060501628
309 0.5236454145127322
310 0.5269002488991001
311 0.5336013785180931
312 0.5360903695194332
313 0.5391537430595443
314 0.5372391345969749
315 0.5364732912119472
316 0.5380049779820026
317 0.5439402642159679
318 0.5445146467547387
319 0.5424085774459123
320 0.5458548726785373
321 0.5454719509860234
322 0.5448975684472526
323 0.5508328546812177
324 0.55006701129619
325 0.5523645414512732
326 0.5573425234539536
327 0.5556193758376412
328 0.5648094964579743
329 0.5648094964579743
330 0.5632778096879189
331 0.5611717403790925
332 0.5613632012253494
333 0.559257131916523
334 0.5630863488416619
335 0.5619375837641203
336 0.5609802795328356
337 0.5619375837641203
338 0.5688301742293701
339 0.565958261535516
340 0.5699789393069118
341 0.575339843002106
342 0.5762971472333908
343 0.5799349033122726
344 0.5849128853149531
345 0.582232433467356
346 0.5837641202374114
347 0.578594677388474
348 0.5772544514646755
349 0.5776373731571893
350 0.5768715297721616
351 0.5839555810836684
352 0.5872104154700364
353 0.5902737890101474
354 0.5891250239326058
355 0.5914225540876891
356 0.5935286233965155
357 0.5923798583189738
358 0.5941030059352862
359 0.598123683706682
360 0.6017614397855638
361 0.5992724487842236
362 0.5933371625502585
363 0.591614014933946
364 0.5912310932414321
365 0.5919969366264599
366 0.5900823281638905
367 0.5902737890101474
368 0.5954432318590848
369 0.5986980662454529
370 0.601187057246793
371 0.6008041355542791
372 0.6053991958644457
373 0.6029102048631055
374 0.6050162741719318
375 0.601187057246793
376 0.6067394217882442
377 0.6034845874018763
378 0.6057821175569597
379 0.6027187440168486
380 0.6050162741719318
381 0.6098027953283554
382 0.6107600995596401
383 0.6098027953283554
384 0.6134405514072372
385 0.6147807773310358
386 0.6188014551024316
387 0.6191843767949454
388 0.6178441508711469
389 0.6124832471759525
390 0.614014933946008
391 0.6180356117174038
392 0.6189929159486884
393 0.6170783074861191
394 0.6218648286425426
395 0.6235879762588551
396 0.6233965154125981
397 0.6220562894887995
398 0.6230135937200842
399 0.6228221328738273
400 0.6287574191077925
401 0.6339268619567299
402 0.633543940264216
403 0.6308634884166188
404 0.6312464101091326
405 0.6327780968791882
406 0.630097645031591
407 0.6306720275703619
408 0.6375646180356117
409 0.6373731571893547
410 0.6293318016465633
411 0.6352670878805284
412 0.6310549492628758
413 0.633161018571702
414 0.6322037143404173
415 0.6325866360329313
416 0.6308634884166188
417 0.6377560788818687
418 0.6410109132682367
419 0.6475205820409726
420 0.6433084434233199
421 0.6446486693471185
422 0.6392877656519241
423 0.639862148190695
424 0.6436913651158338
425 0.6440742868083477
426 0.6440742868083477
427 0.6402450698832088
428 0.6369902354968409
429 0.6383304614206394
430 0.6389048439594103
431 0.6421596783457783
432 0.6463718169634309
433 0.636607313804327
434 0.6402450698832088
435 0.6459888952709171
436 0.6500095730423129
437 0.6521156423511392
438 0.6490522688110282
439 0.6563277809687919
440 0.6523071031973962
441 0.6502010338885698
442 0.6515412598123683
443 0.649243729657285
444 0.6484778862722573
445 0.6503924947348267
446 0.652881485736167
447 0.6515412598123683
448 0.65269002488991
449 0.6479035037334865
450 0.6477120428872296
451 0.6519241815048823
452 0.6555619375837641
453 0.6540302508137086
454 0.6532644074286809
455 0.6536473291211947
456 0.6572850852000766
457 0.6576680068925904
458 0.6553704767375071
459 0.6595826153551598
460 0.6639862148190695
461 0.6634118322802987
462 0.6634118322802987
463 0.6569021635075627
464 0.6630289105877848
465 0.6668581275129236
466 0.6664752058204098
467 0.665517901589125
468 0.6632203714340418
469 0.6659008232816389
470 0.6643691365115834
471 0.655944859276278
472 0.6599655370476738
473 0.656136320122535
474 0.652498564043653
475 0.6523071031973962
476 0.6578594677388474
477 0.6626459888952709
478 0.6636032931265556
479 0.6578594677388474
480 0.662454528049014
481 0.6601569978939307
482 0.665517901589125
483 0.6664752058204098
484 0.6695385793605207
485 0.6674325100516945
486 0.6634118322802987
487 0.662454528049014
488 0.6647520582040972
489 0.6662837449741528
490 0.668772735975493
491 0.6680068925904652
492 0.6691556576680069
493 0.6691556576680069
494 0.6726019529006318
495 0.6701129618992916
496 0.6741336396706873
497 0.6695385793605207
498 0.6747080222094581
499 0.6783457782883401
500 0.6802603867509094
501 0.6814091518284511
502 0.6775799349033123
503 0.6756653264407428
504 0.675282404748229
505 0.6800689259046525
506 0.678728699980854
507 0.6821749952134788
508 0.6812176909821941
509 0.6810262301359372
510 0.6808347692896802
511 0.6773884740570554
512 0.678537239134597
513 0.6791116216733678
514 0.6806433084434234
515 0.6771970132107984
516 0.6745165613632013
517 0.6716446486693471
518 0.668772735975493
519 0.6726019529006318
520 0.6764311698257707
521 0.6800689259046525
522 0.6835152211372775
523 0.6888761248324717
524 0.6856212904461038
525 0.678537239134597
526 0.6706873444380624
527 0.6683898142829792
528 0.671836109515604
529 0.672219031208118
530 0.6762397089795137
531 0.6764311698257707
532 0.6773884740570554
533 0.6802603867509094
534 0.678728699980854
535 0.6812176909821941
536 0.6798774650583955
537 0.678728699980854
538 0.6791116216733678
539 0.6756653264407428
540 0.672027570361861
541 0.6773884740570554
542 0.6781543174420831
543 0.6783457782883401
544 0.6768140915182845
545 0.6758567872869998
546 0.6768140915182845
547 0.6739421788244304
548 0.6672410492054375
549 0.6666666666666666
550 0.6664752058204098
551 0.6703044227455486
552 0.6668581275129236
553 0.6674325100516945
554 0.668772735975493
555 0.665517901589125
556 0.6689641968217499
557 0.6674325100516945
558 0.6651349798966112
559 0.6634118322802987
560 0.6676239708979513
561 0.6706873444380624
562 0.6664752058204098
563 0.6678154317442083
564 0.6697300402067777
565 0.6616886846639862
566 0.6647520582040972
567 0.6710702661305763
568 0.668772735975493
569 0.6745165613632013
570 0.6739421788244304
571 0.675090943901972
572 0.6770055523645414
573 0.672219031208118
574 0.6741336396706873
575 0.671836109515604
576 0.6726019529006318
577 0.671836109515604
578 0.6733677962856596
579 0.6796860042121387
580 0.6791116216733678
581 0.6760482481332567
582 0.6794945433658817
583 0.675473865594486
584 0.6735592571319166
585 0.675282404748229
586 0.6814091518284511
587 0.6814091518284511
588 0.6773884740570554
589 0.6716446486693471
590 0.6743251005169443
591 0.6762397089795137
592 0.6726019529006318
593 0.6747080222094581
594 0.6710702661305763
595 0.6716446486693471
596 0.6745165613632013
597 0.6829408385985066
598 0.6783457782883401
599 0.6810262301359372
600 0.6775799349033123
601 0.6816006126747081
602 0.6800689259046525
603 0.6777713957495692
604 0.6762397089795137
605 0.6762397089795137
606 0.6756653264407428
607 0.6741336396706873
608 0.675282404748229
609 0.6775799349033123
610 0.6737507179781734
611 0.6748994830557151
612 0.6756653264407428
613 0.6747080222094581
614 0.6768140915182845
615 0.6748994830557151
616 0.6745165613632013
617 0.6758567872869998
618 0.6756653264407428
619 0.6779628565958261
620 0.6764311698257707
621 0.678728699980854
622 0.6743251005169443
623 0.6764311698257707
624 0.6773884740570554
625 0.6708788052843193
626 0.6666666666666666
627 0.6716446486693471
628 0.6724104920543749
629 0.672219031208118
630 0.6683898142829792
631 0.6664752058204098
632 0.6683898142829792
633 0.6710702661305763
634 0.6762397089795137
635 0.6773884740570554
636 0.6827493777522496
637 0.6831322994447635
638 0.6833237602910205
639 0.6794945433658817
640 0.6800689259046525
641 0.6781543174420831
642 0.6793030825196248
643 0.6838981428297913
644 0.6823664560597358
645 0.6777713957495692
646 0.6793030825196248
647 0.6804518475971664
648 0.6802603867509094
649 0.6821749952134788
650 0.6838981428297913
651 0.6852383687535899
652 0.6810262301359372
653 0.6808347692896802
654 0.6812176909821941
655 0.6829408385985066
656 0.6842810645223052
657 0.6817920735209649
658 0.6854298295998469
659 0.6863871338311315
660 0.684855447061076
661 0.6816006126747081
662 0.6791116216733678
663 0.6800689259046525
664 0.6743251005169443
665 0.6706873444380624
666 0.668772735975493
667 0.6704958835918055
668 0.6714531878230902
669 0.6691556576680069
670 0.6697300402067777
671 0.6726019529006318
672 0.675090943901972
673 0.6775799349033123
674 0.6727934137468887
675 0.675282404748229
676 0.6737507179781734
677 0.6789201608271108
678 0.6779628565958261
679 0.6760482481332567
680 0.6729848745931457
681 0.6794945433658817
682 0.6727934137468887
683 0.6747080222094581
684 0.6766226306720275
685 0.6798774650583955
686 0.6771970132107984
687 0.6804518475971664
688 0.6873444380624162
689 0.6802603867509094
690 0.6806433084434234
691 0.6827493777522496
692 0.6837066819835343
693 0.6827493777522496
694 0.6884932031399579
695 0.6923224200650967
696 0.6905992724487843
697 0.6865785946773885
698 0.6871529772161593
699 0.6840896036760482
700 0.6825579169059928
