1 0.0007658433850277618
2 0.0009573042312847023
3 0.0017231476163124641
4 0.0019146084625694046
5 0.002488991001340226
6 0.002871912693854107
7 0.0034462952326249283
8 0.0036377560788818687
9 0.004595060310166571
10 0.0044035994639096306
11 0.005360903695194333
12 0.005935286233965154
13 0.007084051311506797
14 0.00823281638904844
15 0.009190120620333142
16 0.010338885697874785
17 0.01263641585295807
18 0.013593720084242773
19 0.015508328546812177
20 0.019529006318207927
21 0.02067777139574957
22 0.02469844916714532
23 0.027761822707256367
24 0.03159103963239517
25 0.03369710894122152
26 0.03637756078881869
27 0.03829216925138809
28 0.04173846448401302
29 0.04518475971663795
30 0.048248133256748996
31 0.052077350181887805
32 0.05533218456825579
33 0.05858701895462378
34 0.060118705724679304
35 0.06356500095730423
36 0.06509668772735976
37 0.06796860042121386
38 0.07198927819260961
39 0.07275512157763737
40 0.07390388665517901
41 0.07677579934903313
42 0.077158721041547
43 0.08041355542791499
44 0.08385985066053991
45 0.0871146850469079
46 0.08730614589316485
47 0.09094390197204671
48 0.09362435381964389
49 0.0961133448209841
50 0.10051694428489374
51 0.10089986597740762
52 0.10396323951751867
53 0.10626076967260195
54 0.10587784798008808
55 0.10874976067394218
56 0.10970706490522689
57 0.1121960559065671
58 0.11583381198544898
59 0.11698257706299062
60 0.11947156806433085
61 0.12004595060310166
62 0.1225349416044419
63 0.12521539345203905
64 0.13038483630097644
65 0.13172506222477504
66 0.1315336013785181
67 0.1334482098410875
68 0.1334482098410875
69 0.13478843576488608
70 0.13651158338119854
71 0.13823473099751102
72 0.13842619184376795
73 0.1428297913076776
74 0.14646754738655945
75 0.14799923415661498
76 0.15259429446678155
77 0.15412598123683707
78 0.157572276469462
79 0.15795519816197587
80 0.15929542408577446
81 0.16255025847214244
82 0.16427340608845492
83 0.16389048439594103
84 0.1698257706299062
85 0.17001723147616313
86 0.17288914417001724
87 0.17480375263258663
88 0.17518667432510052
89 0.17748420448018382
90 0.18093049971280872
91 0.18380241240666284
92 0.18514263833046143
93 0.18801455102431552
94 0.1935669155657668
95 0.1945242197970515
96 0.19720467164464867
97 0.2010338885697875
98 0.2010338885697875
99 0.20486310549492628
100 0.20964962665134979
101 0.21309592188397472
102 0.21424468696151636
103 0.21462760865403024
104 0.21692513880911354
105 0.22247750335056482
106 0.22247750335056482
107 0.22726402450698832
108 0.22898717212330078
109 0.23262492820218264
110 0.23453953666475205
111 0.2366456059735784
112 0.23913459697491862
113 0.24181504882251578
114 0.24353819643882826
115 0.24717595251771013
116 0.2511966302891059
117 0.25426000382921693
118 0.25387708213670307
119 0.2556002297530155
120 0.25770629906184184
121 0.25674899483055713
122 0.257323377369328
123 0.2626842810645223
124 0.263641585295807
125 0.2682366456059736
126 0.27187440168485544
127 0.27627800114876505
128 0.2768523836875359
129 0.2785755313038484
130 0.2804901397664178
131 0.2820218265364733
132 0.28527666092284126
133 0.2875741910779246
134 0.2891058778479801
135 0.28948879954049395
136 0.2948497032356883
137 0.2952326249282022
138 0.29657285085200075
139 0.29695577254451466
140 0.29599846831322996
141 0.2998276852383688
142 0.3009764503159104
143 0.3015508328546812
144 0.30538004977982003
145 0.3059544323185909
146 0.3095921883974727
147 0.30729465824238944
148 0.31246410109132683
149 0.315144552938924
150 0.31629331801646565
151 0.3193566915565767
152 0.32069691748037527
153 0.32337736932797245
154 0.3241432127130002
155 0.32318590848171547
156 0.3273980470993682
157 0.32682366456059736
158 0.3281638904843959
159 0.3296955772544515
160 0.32758950794562514
161 0.32758950794562514
162 0.33103580317825004
163 0.3272065862531112
164 0.3281638904843959
165 0.3314187248707639
166 0.33390771587210416
167 0.3327589507945625
168 0.3327589507945625
169 0.3335247941795903
170 0.337545471950986
171 0.33543940264215966
172 0.3392686195672985
173 0.3404173846448401
174 0.3396515412598124
175 0.34252345395366646
176 0.3423319931074095
177 0.3423319931074095
178 0.3430978364924373
179 0.3465441317250622
180 0.34865020103388855
181 0.34865020103388855
182 0.35573425234539535
183 0.35324526134405515
184 0.3563086348841662
185 0.3607122343480758
186 0.36224392111813136
187 0.36128661688684666
188 0.3641585295807008
189 0.3643499904269577
190 0.3658816771970132
191 0.36358414704192993
192 0.36281830365690215
193 0.37277426766226307
194 0.3687535898908673
195 0.3723913459697492
196 0.37507179781734634
197 0.3790924755887421
198 0.3781351713574574
199 0.3785180930499713
200 0.376220562894888
201 0.37430595443231857
202 0.3790924755887421
203 0.38024124066628373
204 0.3829216925138809
205 0.3856021443614781
206 0.38407045759142255
207 0.38407045759142255
208 0.38598506605399197
209 0.38502776182270726
210 0.3888569787478461
211 0.39440934328929733
212 0.39460080413555426
213 0.3967068734443806
214 0.39555810836683897
215 0.3932605782117557
216 0.39383496075052654
217 0.3961324909056098
218 0.39728125598315145
219 0.40264215967834577
220 0.4045567681409152
221 0.40532261152594296
222 0.40876890675856786
223 0.41010913268236643
224 0.41106643691365113
225 0.41106643691365113
226 0.4089603676048248
227 0.411640819452422
228 0.4141298104537622
229 0.41585295807007466
230 0.4173846448401302
231 0.4145127321462761
232 0.4164273406088455
233 0.4170017231476163
234 0.42102240091901205
235 0.41757610568638714
236 0.4223626268428106
237 0.42102240091901205
238 0.4250430786904078
239 0.4240857744591231
240 0.42427723530538003
241 0.4250430786904078
242 0.42619184376794944
243 0.4273406088454911
244 0.4233199310740953
245 0.4269576871529772
246 0.42427723530538003
247 0.4269576871529772
248 0.427723530538005
249 0.42887229561554663
250 0.43136128661688683
251 0.43423319931074095
252 0.4328929733869424
253 0.4363392686195673
254 0.43863679877465056
255 0.4420830940072755
256 0.4445720850086157
257 0.4489756844725254
258 0.44495500670112964
259 0.44667815431744207
260 0.45012444955006703
261 0.4476354585487268
262 0.4485927627800115
263 0.44418916331610186
264 0.4462952326249282
265 0.4487842236262684
266 0.45089029293509475
267 0.4529963622439211
268 0.45701704001531684
269 0.45720850086157383
270 0.4600804135554279
271 0.4618035611717404
272 0.4619950220179973
273 0.45701704001531684
274 0.45835726593911547
275 0.4637181696343098
276 0.4623779437105112
277 0.46314378709553894
278 0.4604633352479418
279 0.46352670878805285
280 0.46218648286425423
281 0.45931457017040017
282 0.46218648286425423
283 0.46084625694045567
284 0.46448401301933756
285 0.46678154317442083
286 0.47214244686961515
287 0.4732912119471568
288 0.47539728125598313
289 0.47539728125598313
290 0.4794179590273789
291 0.4805667241049205
292 0.4859276278001149
293 0.4859276278001149
294 0.4928202182653647
295 0.49607505265173274
296 0.49530920926670496
297 0.4981811219605591
298 0.4930116791116217
299 0.49416044418916333
300 0.49760673942178824
301 0.5002871912693854
302 0.5035420256557533
303 0.5006701129618993
304 0.504499329887038
305 0.50813708596592
306 0.5104346161210033
307 0.5134979896611143
308 0.5142638330461421
309 0.5125406854298296
310 0.5121577637373157
311 0.5096687727359754
312 0.5060310166570936
313 0.5087114685046908
314 0.5123492245835727
315 0.5150296764311698
316 0.5133065288148574
317 0.511391920352288
318 0.5054566341183228
319 0.5100516944284894
320 0.5083285468121769
321 0.5115833811985449
322 0.5171357457399962
323 0.5175186674325101
324 0.5219222668964196
325 0.5236454145127322
326 0.5198161975875933
327 0.5213478843576489
328 0.5236454145127322
329 0.5278575531303848
330 0.5263258663603293
331 0.5291977790541834
332 0.5313038483630098
333 0.5309209266704958
334 0.5357074478269194
335 0.5351330652881485
336 0.5349416044418916
337 0.5341757610568638
338 0.5341757610568638
339 0.5301550832854681
340 0.5353245261344055
341 0.5385793605207735
342 0.5385793605207735
343 0.5389622822132873
344 0.54317442083094
345 0.5470036377560789
346 0.5420256557533984
347 0.5443231859084817
348 0.5460463335247941
349 0.5414512732146276
350 0.543557342523454
351 0.5441317250622247
352 0.543557342523454
353 0.5491097070649053
354 0.5529389239900441
355 0.5527474631437871
356 0.5546620716063565
357 0.5556193758376412
358 0.5565766800689259
359 0.565958261535516
360 0.5672984874593145
361 0.55944859276278
362 0.5609802795328356
363 0.5615546620716063
364 0.5604058969940647
365 0.5678728699980854
366 0.5718935477694811
367 0.5713191652307104
368 0.5770629906184185
369 0.5803178250047866
370 0.5784032165422172
371 0.5814665900823281
372 0.5803178250047866
373 0.5805092858510434
374 0.5828068160061267
375 0.5829982768523837
376 0.5856787286999808
377 0.5883591805475781
378 0.5845299636224393
379 0.5847214244686961
380 0.5902737890101474
381 0.5925713191652308
382 0.5929542408577446
383 0.5893164847788627
384 0.588550641393835
385 0.5891250239326058
386 0.5898908673176335
387 0.5874018763162934
388 0.5874018763162934
389 0.5866360329312655
390 0.5941030059352862
391 0.5988895270917097
392 0.598123683706682
393 0.5914225540876891
394 0.5902737890101474
395 0.5921883974727168
396 0.5990809879379667
397 0.5985066053991959
398 0.6015699789393069
399 0.6032931265556194
400 0.6021443614780777
401 0.6073138043270151
402 0.6053991958644457
403 0.6101857170208692
404 0.6143978556385219
405 0.610951560405897
406 0.6182270725636607
407 0.617269768332376
408 0.6155466207160636
409 0.614014933946008
410 0.6153551598698066
411 0.6203331418724871
412 0.6157380815623205
413 0.6203331418724871
414 0.6161210032548344
415 0.6182270725636607
416 0.6145893164847789
417 0.6153551598698066
418 0.6251196630289105
419 0.6310549492628758
420 0.6312464101091326
421 0.6304805667241049
422 0.6289488799540494
423 0.6310549492628758
424 0.630289105877848
425 0.6293318016465633
426 0.6272257323377369
427 0.6203331418724871
428 0.6251196630289105
429 0.6293318016465633
430 0.6312464101091326
431 0.6295232624928202
432 0.6287574191077925
433 0.6256940455676814
434 0.6210989852575148
435 0.6209075244112578
436 0.6262684281064522
437 0.6274171931839939
438 0.6230135937200842
439 0.6197587593337163
440 0.6245452804901398
441 0.6268428106452231
442 0.6322037143404173
443 0.6329695577254452
444 0.630097645031591
445 0.6285659582615355
446 0.6316293318016466
447 0.6352670878805284
448 0.6341183228029867
449 0.630097645031591
450 0.630289105877848
451 0.6318207926479035
452 0.6266513497989661
453 0.6279915757227647
454 0.6354585487267854
455 0.6339268619567299
456 0.6325866360329313
457 0.630289105877848
458 0.6278001148765078
459 0.6283744974152786
460 0.6308634884166188
461 0.6345012444955007
462 0.6320122534941605
463 0.6362243921118131
464 0.6381390005743826
465 0.6379475397281256
466 0.6394792264981811
467 0.640053609036952
468 0.6392877656519241
469 0.6377560788818687
470 0.6354585487267854
471 0.6356500095730423
472 0.6387133831131534
473 0.6375646180356117
474 0.6417767566532644
475 0.643116982577063
476 0.6373731571893547
477 0.6364158529580701
478 0.6373731571893547
479 0.6345012444955007
480 0.6387133831131534
481 0.6339268619567299
482 0.6394792264981811
483 0.6412023741144935
484 0.6377560788818687
485 0.6377560788818687
486 0.6385219222668964
487 0.6358414704192993
488 0.6385219222668964
489 0.6423511391920352
490 0.6371816963430978
491 0.6413938349607505
492 0.6390963048056673
493 0.6421596783457783
494 0.6429255217308061
495 0.6452230518858894
496 0.6456059735784032
497 0.6442657476546046
498 0.6433084434233199
499 0.6469461995022018
500 0.6457974344246602
501 0.6471376603484588
502 0.6469461995022018
503 0.6482864254260003
504 0.6490522688110282
505 0.6503924947348267
506 0.6479035037334865
507 0.652498564043653
508 0.65269002488991
509 0.652881485736167
510 0.652881485736167
511 0.659391154508903
512 0.6636032931265556
513 0.6630289105877848
514 0.6590082328163891
515 0.6534558682749377
516 0.6569021635075627
517 0.6590082328163891
518 0.6565192418150488
519 0.6588167719701321
520 0.6555619375837641
521 0.6570936243538197
522 0.659391154508903
523 0.6607313804327015
524 0.6647520582040972
525 0.6670495883591806
526 0.6641776756653265
527 0.6637947539728125
528 0.6634118322802987
529 0.6689641968217499
530 0.6704958835918055
531 0.671836109515604
532 0.6748994830557151
533 0.6699215010530346
534 0.6660922841278959
535 0.6637947539728125
536 0.665517901589125
537 0.6611143021252154
538 0.6697300402067777
539 0.6699215010530346
540 0.6668581275129236
541 0.668581275129236
542 0.6660922841278959
543 0.6683898142829792
544 0.6676239708979513
545 0.6651349798966112
546 0.6689641968217499
547 0.668581275129236
548 0.6735592571319166
549 0.672219031208118
550 0.6647520582040972
551 0.6628374497415278
552 0.6630289105877848
553 0.6662837449741528
554 0.6691556576680069
555 0.6699215010530346
556 0.6691556576680069
557 0.6657093624353819
558 0.6659008232816389
559 0.6689641968217499
560 0.6643691365115834
561 0.6645605973578403
562 0.6680068925904652
563 0.668772735975493
564 0.6653264407428681
565 0.6647520582040972
566 0.6691556576680069
567 0.6603484587401877
568 0.6611143021252154
569 0.6620716063565001
570 0.6618801455102431
571 0.6605399195864445
572 0.6597740762014168
573 0.6614972238177292
574 0.6639862148190695
575 0.6664752058204098
576 0.6651349798966112
577 0.6628374497415278
578 0.6569021635075627
579 0.6590082328163891
580 0.662454528049014
581 0.6643691365115834
582 0.6659008232816389
583 0.6689641968217499
584 0.6697300402067777
585 0.662454528049014
586 0.6636032931265556
587 0.6620716063565001
588 0.6651349798966112
589 0.6626459888952709
590 0.6645605973578403
591 0.6634118322802987
592 0.6651349798966112
593 0.6630289105877848
594 0.6609228412789585
595 0.6616886846639862
596 0.6584338502776182
597 0.6567107026613057
598 0.6576680068925904
599 0.6618801455102431
600 0.6613057629714724
601 0.6574765460463335
602 0.6607313804327015
603 0.6668581275129236
604 0.6628374497415278
605 0.6657093624353819
606 0.6670495883591806
607 0.6662837449741528
608 0.6659008232816389
609 0.6651349798966112
610 0.6628374497415278
611 0.6639862148190695
612 0.6611143021252154
613 0.6668581275129236
614 0.6681983534367222
615 0.6653264407428681
616 0.6672410492054375
617 0.6672410492054375
618 0.6643691365115834
619 0.6714531878230902
620 0.668581275129236
621 0.6714531878230902
622 0.6716446486693471
623 0.6703044227455486
624 0.6697300402067777
625 0.6691556576680069
626 0.6645605973578403
627 0.6681983534367222
628 0.6708788052843193
629 0.6706873444380624
630 0.6689641968217499
631 0.6703044227455486
632 0.6689641968217499
633 0.6660922841278959
634 0.6726019529006318
635 0.6794945433658817
636 0.6804518475971664
637 0.6800689259046525
638 0.6886846639862149
639 0.6867700555236455
640 0.684855447061076
641 0.6793030825196248
642 0.6798774650583955
643 0.6802603867509094
644 0.6835152211372775
645 0.6865785946773885
646 0.6802603867509094
647 0.6791116216733678
648 0.6777713957495692
649 0.678728699980854
650 0.6817920735209649
651 0.6798774650583955
652 0.675282404748229
653 0.6798774650583955
654 0.6794945433658817
655 0.6810262301359372
656 0.6842810645223052
657 0.6808347692896802
658 0.6796860042121387
659 0.6791116216733678
660 0.6800689259046525
661 0.6816006126747081
662 0.6802603867509094
663 0.678537239134597
664 0.6808347692896802
665 0.6833237602910205
666 0.6817920735209649
667 0.678537239134597
668 0.672027570361861
669 0.6712617269768333
670 0.6739421788244304
671 0.6708788052843193
672 0.6708788052843193
673 0.6708788052843193
674 0.6748994830557151
675 0.6758567872869998
676 0.678728699980854
677 0.6779628565958261
678 0.6758567872869998
679 0.675282404748229
680 0.6741336396706873
681 0.6758567872869998
682 0.6831322994447635
683 0.6873444380624162
684 0.6819835343672219
685 0.6833237602910205
686 0.6779628565958261
687 0.6860042121386176
688 0.6854298295998469
689 0.691556576680069
690 0.6959601761439785
691 0.6886846639862149
692 0.6831322994447635
693 0.6825579169059928
694 0.6808347692896802
695 0.6798774650583955
696 0.6794945433658817
697 0.6816006126747081
698 0.6812176909821941
699 0.675282404748229
700 0.6789201608271108
