1 0.0003829216925138809
2 0.0003829216925138809
3 0.0003829216925138809
4 0.00019146084625694046
5 0.0005743825387708214
6 0.0005743825387708214
7 0.0005743825387708214
8 0.0005743825387708214
9 0.0005743825387708214
10 0.0005743825387708214
11 0.0005743825387708214
12 0.0005743825387708214
13 0.0007658433850277618
14 0.0007658433850277618
15 0.0007658433850277618
16 0.0007658433850277618
17 0.0007658433850277618
18 0.0009573042312847023
19 0.0009573042312847023
20 0.0007658433850277618
21 0.0007658433850277618
22 0.0011487650775416428
23 0.0011487650775416428
24 0.0009573042312847023
25 0.0009573042312847023
26 0.0009573042312847023
27 0.0009573042312847023
28 0.0011487650775416428
29 0.0013402259237985832
30 0.0017231476163124641
31 0.0011487650775416428
32 0.0013402259237985832
33 0.0013402259237985832
34 0.0015316867700555237
35 0.0015316867700555237
36 0.002106069308826345
37 0.0019146084625694046
38 0.0019146084625694046
39 0.0019146084625694046
40 0.0019146084625694046
41 0.0019146084625694046
42 0.0019146084625694046
43 0.002106069308826345
44 0.002106069308826345
45 0.0022975301550832855
46 0.002106069308826345
47 0.002106069308826345
48 0.0022975301550832855
49 0.0026804518475971664
50 0.002871912693854107
51 0.002871912693854107
52 0.002871912693854107
53 0.0030633735401110473
54 0.003254834386367988
55 0.0036377560788818687
56 0.0044035994639096306
57 0.0044035994639096306
58 0.003829216925138809
59 0.0036377560788818687
60 0.00402067777139575
61 0.0044035994639096306
62 0.00421213861765269
63 0.00421213861765269
64 0.004977982002680452
65 0.004977982002680452
66 0.0044035994639096306
67 0.00421213861765269
68 0.00421213861765269
69 0.004595060310166571
70 0.004977982002680452
71 0.004977982002680452
72 0.005552364541451273
73 0.006318207926479035
74 0.006126747080222095
75 0.006509668772735976
76 0.0068925904652498565
77 0.007466973004020678
78 0.0080413555427915
79 0.008998659774076202
80 0.010147424851617844
81 0.011104729082902547
82 0.009955964005360904
83 0.010913268236645606
84 0.011296189929159487
85 0.013019337545471951
86 0.015508328546812177
87 0.016082711085583
88 0.01646563277809688
89 0.01627417193183994
90 0.015891250239326058
91 0.017805858701895463
92 0.017422937009381582
93 0.018954623779437105
94 0.020103388856978748
95 0.02067777139574957
96 0.022783840704575915
97 0.026613057629714724
98 0.028144744399770247
99 0.030059352862339652
100 0.031208117939881295
101 0.031782500478652116
102 0.032739804709936815
103 0.03293126555619376
104 0.0340800306337354
105 0.032739804709936815
106 0.03350564809496458
107 0.034845874018763164
108 0.036569021635075624
109 0.039440934328929735
110 0.04173846448401302
111 0.04422745548535324
112 0.04709936817920735
113 0.04939689833429064
114 0.052460271874401686
115 0.05552364541451273
116 0.058012636415852956
117 0.061458931648477884
118 0.06356500095730423
119 0.06643691365115834
120 0.0700746697300402
121 0.07179781734635267
122 0.0742868083476929
123 0.07486119088646372
124 0.07983917288914417
125 0.08175378135171357
126 0.08768906758567872
127 0.08998659774076201
128 0.09573042312847023
129 0.09764503159103963
130 0.10185717020869232
131 0.10568638713383113
132 0.10874976067394218
133 0.11487650775416428
134 0.11889718552556003
135 0.12081179398812943
136 0.12464101091326824
137 0.1282787669921501
138 0.13268236645605974
139 0.13555427914991383
140 0.13708596591996935
141 0.13957495692130958
142 0.14397855638521923
143 0.1495309209266705
144 0.15316867700555237
145 0.1556576680068926
146 0.15929542408577446
147 0.16063565000957306
148 0.16255025847214244
149 0.1665709362435382
150 0.17442083094007277
151 0.17690982194141297
152 0.1813134214053226
153 0.18533409917671836
154 0.19050354202565575
155 0.19529006318207925
156 0.19854489756844726
157 0.20007658433850278
158 0.20601187057246792
159 0.205820409726211
160 0.20620333141872488
161 0.20964962665134979
162 0.21213861765269001
163 0.21098985257514838
164 0.21367030442274554
165 0.2209458165805093
166 0.22362626842810646
167 0.22132873827302316
168 0.22496649435190502
169 0.2266896419682175
170 0.2318590848171549
171 0.23434807581849512
172 0.2399004403599464
173 0.2385602144361478
174 0.2399004403599464
175 0.2437296572850852
176 0.24487842236262683
177 0.24775033505648095
178 0.25062224775033504
179 0.2527283170591614
180 0.25540876890675857
181 0.25713191652307105
182 0.25617461229178634
183 0.25636607313804327
184 0.2607696726019529
185 0.26230135937200844
186 0.2678537239134597
187 0.26613057629714726
188 0.26938541068351524
189 0.2751292360712234
190 0.273214627608654
191 0.27474631437870956
192 0.27723530538004976
193 0.2804901397664178
194 0.2854681217690982
195 0.28355351330652884
196 0.28355351330652884
197 0.28699980853915374
198 0.2910204863105495
199 0.29044610377177865
200 0.2938923990044036
201 0.2954240857744591
202 0.29848745931457016
203 0.30116791116216735
204 0.30040206777713957
205 0.3005935286233965
206 0.30078498946965343
207 0.2971472333907716
208 0.302316676239709
209 0.3034654413172506
210 0.3115067968600421
211 0.3095921883974727
212 0.31457017040015317
213 0.3115067968600421
214 0.3103580317825005
215 0.3155274746314379
216 0.3139957878613823
217 0.3138043270151254
218 0.3174420830940073
219 0.31820792647903506
220 0.31954815240283363
221 0.3185908481715489
222 0.3210798391728891
223 0.3254834386367988
224 0.32146276086540304
225 0.3228029867892016
226 0.32586636032931265
227 0.32586636032931265
228 0.3264407428680835
229 0.327972429638139
230 0.3256748994830557
231 0.3281638904843959
232 0.3260578211755696
233 0.33046142063947925
234 0.3306528814857362
235 0.3335247941795903
236 0.3325674899483056
237 0.33371625502584723
238 0.33371625502584723
239 0.3352479417959027
240 0.3369710894122152
241 0.3402259237985832
242 0.3430978364924373
243 0.34520390580126364
244 0.3430978364924373
245 0.3448209841087498
246 0.3453953666475206
247 0.3455868274937775
248 0.3517135745739996
249 0.353628183036569
250 0.35477694811411065
251 0.35764886080796476
252 0.36128661688684666
253 0.3587976258855064
254 0.360137851809305
255 0.36358414704192993
256 0.3639670687344438
257 0.3668389814282979
258 0.3677962856595826
259 0.3714340417384645
260 0.37066819835343673
261 0.36990235496840895
262 0.3714340417384645
263 0.3714340417384645
264 0.37258280681600614
265 0.37181696343097836
266 0.3737315718935478
267 0.37526325866360327
268 0.376220562894888
269 0.37602910204863105
270 0.37526325866360327
271 0.379283936434999
272 0.38024124066628373
273 0.37985831897376987
274 0.38407045759142255
275 0.3871338311315336
276 0.38694237028527667
277 0.38923990044035994
278 0.3903886655179016
279 0.39268619567298485
280 0.3951751866743251
281 0.3934520390580126
282 0.3976641776756653
283 0.39402642159678347
284 0.3913459697491863
285 0.3905801263641585
286 0.39268619567298485
287 0.3898142829791308
288 0.39306911736549877
289 0.3951751866743251
290 0.3965154125981237
291 0.39881294275320694
292 0.4005360903695194
293 0.401876316293318
294 0.40493968983342904
295 0.4103005935286234
296 0.41106643691365113
297 0.40876890675856786
298 0.40589699406471375
299 0.4122152019911928
300 0.41240666283744976
301 0.41298104537622055
302 0.41432127130001917
303 0.4162358797625885
304 0.4135554279149914
305 0.4137468887612483
306 0.4057055332184568
307 0.4103005935286234
308 0.40972621098985257
309 0.4103005935286234
310 0.4108749760673942
311 0.4125981236837067
312 0.40972621098985257
313 0.4112578977599081
314 0.41393834960750525
315 0.4160444189163316
316 0.41719318399387323
317 0.4150871146850469
318 0.42140532261152597
319 0.42427723530538003
320 0.42753206969174806
321 0.43097836492437297
322 0.43251005169442847
323 0.4294466781543174
324 0.43078690407811604
325 0.4357648860807965
326 0.43595634692705343
327 0.4409343289297339
328 0.44399770246984493
329 0.44495500670112964
330 0.4445720850086157
331 0.44418916331610186
332 0.44418916331610186
333 0.4411257897759908
334 0.4390197204671645
335 0.446869615163699
336 0.4487842236262684
337 0.4495500670112962
338 0.44648669347118514
339 0.44667815431744207
340 0.4491671453187823
341 0.4487842236262684
342 0.4462952326249282
343 0.4491671453187823
344 0.4577828834003446
345 0.45797434424660155
346 0.46448401301933756
347 0.4587401876316293
348 0.4556768140915183
349 0.45893164847788626
350 0.4552938923990044
351 0.45184759716637946
352 0.4514646754738656
353 0.45797434424660155
354 0.4648669347118514
355 0.4619950220179973
356 0.4619950220179973
357 0.4612291786329696
358 0.4618035611717404
359 0.46314378709553894
360 0.46793030825196247
361 0.4690790733295041
362 0.47405705533218456
363 0.4736741336396707
364 0.4671644648669347
365 0.4685046907907333
366 0.4665900823281639
367 0.469461995022018
368 0.4769289680260387
369 0.47731188971855254
370 0.479035037334865
371 0.47922649818112195
372 0.479035037334865
373 0.4815240283362052
374 0.48248133256748993
375 0.48248133256748993
376 0.4826727934137469
377 0.48477886272257326
378 0.48343863679877463
379 0.4851617844150871
380 0.48209841087497607
381 0.48458740187631627
382 0.4807581849511775
383 0.48018380241240666
384 0.48286425426000384
385 0.48822515795519816
386 0.48822515795519816
387 0.48822515795519816
388 0.48631054949262875
389 0.48458740187631627
390 0.4868849320313996
391 0.4874593145701704
392 0.49243729657285085
393 0.4935860616503925
394 0.4932031399578786
395 0.49071414895653837
396 0.4935860616503925
397 0.4956921309592188
398 0.5002871912693854
399 0.5002871912693854
400 0.49856404365307294
401 0.5006701129618993
402 0.5035420256557533
403 0.504882251579552
404 0.504882251579552
405 0.5050737124258089
406 0.5037334865020103
407 0.5058395558108367
408 0.5089029293509477
409 0.5119663028910588
410 0.5133065288148574
411 0.5115833811985449
412 0.5108175378135171
413 0.507945625119663
414 0.5077541642734061
415 0.5064139383496075
416 0.5127321462760865
417 0.514455293892399
418 0.5140723721998851
419 0.5161784415087115
420 0.5184759716637948
421 0.5211564235113919
422 0.5215393452039058
423 0.5198161975875933
424 0.520964962665135
425 0.5219222668964196
426 0.5184759716637948
427 0.5221137277426766
428 0.527474631437871
429 0.5263258663603293
430 0.524219797051503
431 0.5282404748228987
432 0.5303465441317251
433 0.5293892399004404
434 0.5349416044418916
435 0.5343672219031208
436 0.5380049779820026
437 0.5387708213670305
438 0.5370476737507179
439 0.5372391345969749
440 0.540111047290829
441 0.5427914991384262
442 0.543557342523454
443 0.5378135171357458
444 0.5378135171357458
445 0.5387708213670305
446 0.5345586827493778
447 0.5364732912119472
448 0.5366647520582041
449 0.5345586827493778
450 0.5362818303656902
451 0.5429829599846832
452 0.5414512732146276
453 0.5462377943710511
454 0.5491097070649053
455 0.5533218456825579
456 0.5567681409151829
457 0.5604058969940647
458 0.5600229753015509
459 0.5563852192226689
460 0.5604058969940647
461 0.5609802795328356
462 0.5586827493777522
463 0.5617461229178633
464 0.5582998276852383
465 0.5619375837641203
466 0.566149722381773
467 0.562703427149148
468 0.5663411832280298
469 0.5688301742293701
470 0.5678728699980854
471 0.5671070266130577
472 0.5720850086157381
473 0.5695960176143978
474 0.5739996170783075
475 0.5745739996170783
476 0.5784032165422172
477 0.5751483821558492
478 0.5810836683898143
479 0.5837641202374114
480 0.5784032165422172
481 0.5761056863871339
482 0.5793605207735019
483 0.5784032165422172
484 0.5764886080796477
485 0.5759142255408769
486 0.5739996170783075
487 0.575531303848363
488 0.5774459123109325
489 0.5724679303082519
490 0.575531303848363
491 0.5799349033122726
492 0.5814665900823281
493 0.5870189546237794
494 0.5879762588550641
495 0.5904652498564044
496 0.5937200842427723
497 0.5925713191652308
498 0.5910396323951752
499 0.5964005360903695
500 0.5964005360903695
501 0.5977407620141681
502 0.5998468313229944
503 0.5986980662454529
504 0.5973578403216542
505 0.601187057246793
506 0.598123683706682
507 0.5956346927053418
508 0.5965919969366265
509 0.597932222860425
510 0.6017614397855638
511 0.5973578403216542
512 0.601187057246793
513 0.5975493011679112
514 0.5962090752441126
515 0.5927627800114876
516 0.5927627800114876
517 0.597932222860425
518 0.5965919969366265
519 0.5986980662454529
520 0.5985066053991959
521 0.6027187440168486
522 0.6063565000957304
523 0.6017614397855638
524 0.6075052651732721
525 0.6084625694045568
526 0.6107600995596401
527 0.6101857170208692
528 0.6136320122534942
529 0.6111430212521539
530 0.6201416810262301
531 0.6188014551024316
532 0.617269768332376
533 0.6157380815623205
534 0.6218648286425426
535 0.6241623587976259
536 0.6235879762588551
537 0.6230135937200842
538 0.6226306720275704
539 0.6297147233390772
540 0.6299061841853341
541 0.6320122534941605
542 0.6297147233390772
543 0.6291403408003063
544 0.6289488799540494
545 0.6260769672601952
546 0.6247367413363967
547 0.6279915757227647
548 0.6251196630289105
549 0.623779437105112
550 0.6233965154125981
551 0.6233965154125981
552 0.620716063565001
553 0.6287574191077925
554 0.6337354011104729
555 0.6392877656519241
556 0.6322037143404173
557 0.6346927053417576
558 0.6337354011104729
559 0.6339268619567299
560 0.6383304614206394
561 0.6345012444955007
562 0.6350756270342715
563 0.640053609036952
564 0.6434999042695768
565 0.6417767566532644
566 0.6438828259620908
567 0.6438828259620908
568 0.6448401301933755
569 0.6467547386559449
570 0.649435190503542
571 0.6463718169634309
572 0.6523071031973962
573 0.6547960941987364
574 0.6620716063565001
575 0.6597740762014168
576 0.6567107026613057
577 0.6630289105877848
578 0.6637947539728125
579 0.6603484587401877
580 0.6634118322802987
581 0.6609228412789585
582 0.6570936243538197
583 0.6601569978939307
584 0.6532644074286809
585 0.6565192418150488
586 0.6582423894313613
587 0.6637947539728125
588 0.6618801455102431
589 0.6609228412789585
590 0.6639862148190695
591 0.6637947539728125
592 0.665517901589125
593 0.6637947539728125
594 0.6683898142829792
595 0.6695385793605207
596 0.6651349798966112
597 0.6636032931265556
598 0.6620716063565001
599 0.6632203714340418
600 0.6634118322802987
601 0.6659008232816389
602 0.6660922841278959
603 0.6636032931265556
604 0.6691556576680069
605 0.6674325100516945
606 0.6689641968217499
607 0.6693471185142639
608 0.6681983534367222
609 0.6704958835918055
610 0.672219031208118
611 0.6699215010530346
612 0.6701129618992916
613 0.672219031208118
614 0.6779628565958261
615 0.6766226306720275
616 0.6745165613632013
617 0.6812176909821941
618 0.6793030825196248
619 0.6814091518284511
620 0.6875358989086732
621 0.6808347692896802
622 0.6775799349033123
623 0.6748994830557151
624 0.6783457782883401
625 0.6804518475971664
626 0.678537239134597
627 0.6800689259046525
628 0.6768140915182845
629 0.6814091518284511
630 0.6833237602910205
631 0.684855447061076
632 0.6821749952134788
633 0.6831322994447635
634 0.6888761248324717
635 0.6894505073712426
636 0.6884932031399579
637 0.6894505073712426
638 0.687918820601187
639 0.6877273597549302
640 0.6844725253685622
641 0.6837066819835343
642 0.6821749952134788
643 0.6783457782883401
644 0.678728699980854
645 0.6783457782883401
646 0.6821749952134788
647 0.6779628565958261
648 0.6760482481332567
649 0.6833237602910205
650 0.6771970132107984
651 0.6806433084434234
652 0.6777713957495692
653 0.6806433084434234
654 0.6825579169059928
655 0.6869615163699023
656 0.684855447061076
657 0.6905992724487843
658 0.6896419682174996
659 0.6921309592188397
660 0.6961516369902355
661 0.694811411066437
662 0.6982577062990618
663 0.69461995022018
664 0.6932797242963814
665 0.6967260195290064
666 0.6923224200650967
667 0.6932797242963814
668 0.6955772544514647
669 0.6976833237602911
670 0.6951943327589508
671 0.6925138809113536
672 0.6867700555236455
673 0.684663986214819
674 0.6869615163699023
675 0.6888761248324717
676 0.6892590465249856
677 0.6928968026038675
678 0.6904078116025273
679 0.6888761248324717
680 0.6909821941412981
681 0.6884932031399579
682 0.6867700555236455
683 0.6858127512923607
684 0.6852383687535899
685 0.6858127512923607
686 0.6898334290637564
687 0.6873444380624162
688 0.694428489373923
689 0.6936626459888953
690 0.688110281447444
691 0.6861956729848746
692 0.6860042121386176
693 0.6892590465249856
694 0.6892590465249856
695 0.6858127512923607
696 0.6858127512923607
697 0.6808347692896802
698 0.6835152211372775
699 0.6831322994447635
700 0.6804518475971664
