1 0.0007658433850277618
2 0.0011487650775416428
3 0.0015316867700555237
4 0.0019146084625694046
5 0.0022975301550832855
6 0.003254834386367988
7 0.003829216925138809
8 0.0044035994639096306
9 0.004977982002680452
10 0.006126747080222095
11 0.0072755121577637374
12 0.00823281638904844
13 0.00861573808156232
14 0.009190120620333142
15 0.010147424851617844
16 0.011296189929159487
17 0.01225349416044419
18 0.01263641585295807
19 0.014168102623013594
20 0.015508328546812177
21 0.017422937009381582
22 0.019337545471950986
23 0.02106069308826345
24 0.022209458165805093
25 0.023549684089603676
26 0.02469844916714532
27 0.02565575339843002
28 0.028336205246027188
29 0.02967643116982577
30 0.03254834386367988
31 0.03618609994256174
32 0.03790924755887421
33 0.04001531686770055
34 0.04346161210032548
35 0.04556768140915183
36 0.04939689833429064
37 0.051694428489373924
38 0.05265173272065862
39 0.05456634118322803
40 0.057246793030825194
41 0.05954432318590848
42 0.06241623587976259
43 0.06471376603484587
44 0.06739421788244304
45 0.06854298295998468
46 0.07045759142255409
47 0.07237219988512349
48 0.07658433850277618
49 0.07677579934903313
50 0.07773310358031782
51 0.0813708596591997
52 0.08194524219797052
53 0.08385985066053991
54 0.08558299827685238
55 0.08960367604824813
56 0.09209266704958836
57 0.09324143212713
58 0.09821941412981046
59 0.10109132682366456
60 0.1022400919012062
61 0.10472908290254643
62 0.10587784798008808
63 0.1064522305188589
64 0.10970706490522689
65 0.11238751675282405
66 0.11181313421405323
67 0.11449358606165039
68 0.11621673367796286
69 0.11602527283170591
70 0.12004595060310166
71 0.12100325483438637
72 0.12310932414321271
73 0.12483247175952518
74 0.12751292360712235
75 0.1292360712234348
76 0.1315336013785181
77 0.134979896611143
78 0.13651158338119854
79 0.13804327015125406
80 0.13938349607505265
81 0.13957495692130958
82 0.14321271300019145
83 0.14704192992533027
84 0.15201991192801073
85 0.15355159869806626
86 0.15393452039058012
87 0.1556576680068926
88 0.15910396323951753
89 0.1585295807007467
90 0.16408194524219796
91 0.16695385793605208
92 0.16503924947348267
93 0.16695385793605208
94 0.16905992724487842
95 0.17059161401493395
96 0.17116599655370476
97 0.17135745739996172
98 0.17403790924755888
99 0.1759525177101283
100 0.1797817346352671
101 0.17959027378901016
102 0.18475971663794755
103 0.1916523071031974
104 0.19720467164464867
105 0.19911928010721808
106 0.19816197587593337
107 0.19797051502967644
108 0.20179973195481524
109 0.2035228795711277
110 0.2067777139574957
111 0.2054374880336971
112 0.20696917480375263
113 0.21079839172889145
114 0.21635075627034273
115 0.21979705150296763
116 0.2205628948879954
117 0.2196055906567107
118 0.22171165996553704
119 0.22420065096687727
120 0.22726402450698832
121 0.23109324143212712
122 0.2305188588933563
123 0.23262492820218264
124 0.23607122343480758
125 0.2385602144361478
126 0.23875167528240474
127 0.24219797051502967
128 0.24296381390005745
129 0.2437296572850852
130 0.24679303082519624
131 0.25196247367413366
132 0.2556002297530155
133 0.25713191652307105
134 0.25808922075435575
135 0.2621098985257515
136 0.2621098985257515
137 0.2626842810645223
138 0.26574765460463334
139 0.2672793413746889
140 0.27053417576105687
141 0.2743633926861957
142 0.27570361860999426
143 0.27570361860999426
144 0.27627800114876505
145 0.28183036569021636
146 0.2858510434616121
147 0.28699980853915374
148 0.2875741910779246
149 0.29082902546429257
150 0.29063756461803564
151 0.2937009381581467
152 0.2952326249282022
153 0.29695577254451466
154 0.30040206777713957
155 0.3025081370859659
156 0.30212521539345205
157 0.3059544323185909
158 0.30882634501244494
159 0.31169825770629905
160 0.318399387325292
161 0.3212713000191461
162 0.324717595251771
163 0.3260578211755696
164 0.3252919777905418
165 0.327972429638139
166 0.3270151254068543
167 0.32873827302316677
168 0.3264407428680835
169 0.3296955772544515
170 0.3321845682557917
171 0.3323760291020486
172 0.33639670687344436
173 0.334290637564618
174 0.33543940264215966
175 0.334290637564618
176 0.3314187248707639
177 0.3394600804135554
178 0.337736932797243
179 0.33639670687344436
180 0.33582232433467357
181 0.337736932797243
182 0.33811985448975684
183 0.34443806241623587
184 0.34520390580126364
185 0.3438636798774651
186 0.34328929733869423
187 0.3469270534175761
188 0.35152211372774267
189 0.357074478269194
190 0.357074478269194
191 0.3572659391154509
192 0.35764886080796476
193 0.3553513306528815
194 0.3580317825004787
195 0.3578403216542217
196 0.3610951560405897
197 0.3595634692705342
198 0.360137851809305
199 0.3610951560405897
200 0.3587976258855064
201 0.3559257131916523
202 0.3591805475780203
203 0.36090369519433274
204 0.3630097645031591
205 0.3639670687344438
206 0.3649243729657285
207 0.3649243729657285
208 0.36817920735209647
209 0.37028527666092287
210 0.3720084242772353
211 0.37028527666092287
212 0.3737315718935478
213 0.3781351713574574
214 0.3808156232050546
215 0.379283936434999
216 0.379475397281256
217 0.3783266322037143
218 0.37870955389622823
219 0.379475397281256
220 0.38215584912885314
221 0.3834960750526517
222 0.382730231667624
223 0.3846448401301934
224 0.3878996745165614
225 0.38770821367030445
226 0.38694237028527667
227 0.38502776182270726
228 0.3898142829791308
229 0.3909630480566724
230 0.39211181313421406
231 0.3909630480566724
232 0.39479226498181125
233 0.39881294275320694
234 0.39823856021443615
235 0.3980470993681792
236 0.40264215967834577
237 0.4035994639096305
238 0.40589699406471375
239 0.4047482289871721
240 0.41049205437488034
241 0.40876890675856786
242 0.40264215967834577
243 0.40685429829599845
244 0.4127895845299636
245 0.4137468887612483
246 0.4160444189163316
247 0.4099176718361095
248 0.41144935860616505
249 0.4106835152211373
250 0.4189163316101857
251 0.41910779245644264
252 0.42427723530538003
253 0.42466015699789394
254 0.424468696151637
255 0.43155274746314376
256 0.4282979130767758
257 0.4344246601569979
258 0.43691365115833813
259 0.43595634692705343
260 0.43270151254068545
261 0.4353819643882826
262 0.4357648860807965
263 0.4367221903120812
264 0.4319356691556577
265 0.43595634692705343
266 0.43155274746314376
267 0.4328929733869424
268 0.43863679877465056
269 0.4409343289297339
270 0.44667815431744207
271 0.44514646754738657
272 0.4453379283936435
273 0.44514646754738657
274 0.44055140723721997
275 0.4428489373923033
276 0.4453379283936435
277 0.4462952326249282
278 0.45127321462760867
279 0.44840130193375455
280 0.44667815431744207
281 0.44476354585487266
282 0.43978556385219225
283 0.4353819643882826
284 0.43787095538962284
285 0.44055140723721997
286 0.4407428680834769
287 0.4411257897759908
288 0.44380624162358795
289 0.447061076009956
290 0.44514646754738657
291 0.4461037717786713
292 0.4547195098602336
293 0.45720850086157383
294 0.46084625694045567
295 0.46697300402067776
296 0.4619950220179973
297 0.46218648286425423
298 0.46314378709553894
299 0.4633352479417959
300 0.46448401301933756
301 0.46697300402067776
302 0.4690790733295041
303 0.4736741336396707
304 0.4732912119471568
305 0.4675473865594486
306 0.4761631246410109
307 0.4778862722573234
308 0.47501435956346927
309 0.47731188971855254
310 0.48209841087497607
311 0.4805667241049205
312 0.4794179590273789
313 0.4755887421022401
314 0.47501435956346927
315 0.47673750717978175
316 0.47769481141106646
317 0.47578020294849704
318 0.47673750717978175
319 0.47673750717978175
320 0.47731188971855254
321 0.4778862722573234
322 0.47769481141106646
323 0.47769481141106646
324 0.4807581849511775
325 0.48114110664369136
326 0.48286425426000384
327 0.4832471759525177
328 0.4878422362626843
329 0.48956538387899673
330 0.4878422362626843
331 0.48899100134022594
332 0.48994830557151064
333 0.4874593145701704
334 0.4901397664177676
335 0.4945433658816772
336 0.49684089603676046
337 0.4981811219605591
338 0.4932031399578786
339 0.4945433658816772
340 0.4922458357265939
341 0.48918246218648287
342 0.4861190886463718
343 0.4851617844150871
344 0.4849703235688302
345 0.4884166188014551
346 0.4956921309592188
347 0.49664943519050353
348 0.5033505648094965
349 0.5058395558108367
350 0.507945625119663
351 0.5035420256557533
352 0.5062224775033506
353 0.5136894505073712
354 0.5119663028910588
355 0.5148382155849129
356 0.514646754738656
357 0.5171357457399962
358 0.5201991192801072
359 0.5173272065862531
360 0.5186674325100517
361 0.5184759716637948
362 0.5205820409726211
363 0.524028336205246
364 0.5259429446678154
365 0.5284319356691557
366 0.5259429446678154
367 0.5219222668964196
368 0.5269002488991001
369 0.5247941795902737
370 0.5249856404365307
371 0.5265173272065863
372 0.5282404748228987
373 0.5313038483630098
374 0.5280490139766417
375 0.5246027187440169
376 0.5311123875167528
377 0.5362818303656902
378 0.5381964388282596
379 0.5372391345969749
380 0.5357074478269194
381 0.5341757610568638
382 0.5372391345969749
383 0.5395366647520582
384 0.5416427340608846
385 0.5376220562894888
386 0.5376220562894888
387 0.5408768906758568
388 0.5427914991384262
389 0.546620716063565
390 0.5512157763737315
391 0.55006701129619
392 0.5491097070649053
393 0.5479609419873636
394 0.5493011679111621
395 0.5475780202948497
396 0.5519816197587594
397 0.5556193758376412
398 0.5600229753015509
399 0.5602144361478077
400 0.5630863488416619
401 0.5646180356117174
402 0.5644265747654604
403 0.5632778096879189
404 0.562894887995405
405 0.5653838789967451
406 0.5732337736932798
407 0.569404556768141
408 0.5749569213095922
409 0.5734252345395366
410 0.5711277043844534
411 0.5747654604633352
412 0.575531303848363
413 0.575339843002106
414 0.5709362435381964
415 0.5736166953857936
416 0.575531303848363
417 0.5766800689259046
418 0.5805092858510434
419 0.5762971472333908
420 0.5776373731571893
421 0.5808922075435573
422 0.5797434424660157
423 0.5780202948497032
424 0.5816580509285851
425 0.5795519816197587
426 0.5875933371625502
427 0.5881677197013211
428 0.5929542408577446
429 0.5829982768523837
430 0.5896994064713766
431 0.5881677197013211
432 0.5918054757802029
433 0.5956346927053418
434 0.594677388474057
435 0.5950603101665709
436 0.5910396323951752
437 0.5914225540876891
438 0.5973578403216542
439 0.5985066053991959
440 0.6008041355542791
441 0.6002297530155083
442 0.6059735784032165
443 0.6034845874018763
444 0.604441891633161
445 0.604441891633161
446 0.6107600995596401
447 0.6040589699406471
448 0.604633352479418
449 0.6078881868657859
450 0.6027187440168486
451 0.604441891633161
452 0.6073138043270151
453 0.607696726019529
454 0.614014933946008
455 0.6155466207160636
456 0.6113344820984109
457 0.6069308826345012
458 0.6086540302508137
459 0.6088454910970706
460 0.607696726019529
461 0.6086540302508137
462 0.6117174037909248
463 0.6134405514072372
464 0.6084625694045568
465 0.6027187440168486
466 0.6036760482481333
467 0.6090369519433276
468 0.6121003254834386
469 0.6168868466398622
470 0.617461229178633
471 0.6157380815623205
472 0.6134405514072372
473 0.6151636990235497
474 0.6199502201799731
475 0.6220562894887995
476 0.6203331418724871
477 0.6230135937200842
478 0.6272257323377369
479 0.6258855064139384
480 0.6247367413363967
481 0.6293318016465633
482 0.6247367413363967
483 0.6226306720275704
484 0.6264598889527092
485 0.6289488799540494
486 0.6297147233390772
487 0.6306720275703619
488 0.6295232624928202
489 0.6230135937200842
490 0.6287574191077925
491 0.6278001148765078
492 0.6233965154125981
493 0.623970897951369
494 0.6262684281064522
495 0.6270342714914799
496 0.6323951751866743
497 0.6295232624928202
498 0.636798774650584
499 0.640053609036952
500 0.6448401301933755
501 0.6415852958070075
502 0.6444572085008615
503 0.6442657476546046
504 0.6406279915757228
505 0.6412023741144935
506 0.6444572085008615
507 0.6440742868083477
508 0.6377560788818687
509 0.6412023741144935
510 0.6377560788818687
511 0.6371816963430978
512 0.636607313804327
513 0.6345012444955007
514 0.6379475397281256
515 0.639862148190695
516 0.6438828259620908
517 0.6404365307294658
518 0.6410109132682367
519 0.636798774650584
520 0.640053609036952
521 0.6444572085008615
522 0.6438828259620908
523 0.6448401301933755
524 0.6434999042695768
525 0.6450315910396324
526 0.6471376603484588
527 0.6502010338885698
528 0.6480949645797435
529 0.6469461995022018
530 0.6465632778096879
531 0.6496266513497989
532 0.6496266513497989
533 0.6461803561171741
534 0.6417767566532644
535 0.6442657476546046
536 0.6465632778096879
537 0.6486693471185143
538 0.6503924947348267
539 0.6538387899674517
540 0.6544131725062224
541 0.6567107026613057
542 0.6534558682749377
543 0.6513497989661114
544 0.6536473291211947
545 0.6534558682749377
546 0.649435190503542
547 0.6553704767375071
548 0.655944859276278
549 0.6538387899674517
550 0.6614972238177292
551 0.6645605973578403
552 0.671836109515604
553 0.6662837449741528
554 0.6641776756653265
555 0.6645605973578403
556 0.6657093624353819
557 0.6662837449741528
558 0.6626459888952709
559 0.6670495883591806
560 0.6664752058204098
561 0.6674325100516945
562 0.6697300402067777
563 0.6748994830557151
564 0.675473865594486
565 0.6758567872869998
566 0.6794945433658817
567 0.6766226306720275
568 0.6821749952134788
569 0.6760482481332567
570 0.6710702661305763
571 0.6678154317442083
572 0.662454528049014
573 0.6630289105877848
574 0.6666666666666666
575 0.6699215010530346
576 0.668772735975493
577 0.6678154317442083
578 0.6666666666666666
579 0.6662837449741528
580 0.6672410492054375
581 0.6693471185142639
582 0.6683898142829792
583 0.6670495883591806
584 0.6743251005169443
585 0.678537239134597
586 0.6819835343672219
587 0.6796860042121387
588 0.6814091518284511
589 0.684855447061076
590 0.675090943901972
591 0.6773884740570554
592 0.6825579169059928
593 0.6812176909821941
594 0.6804518475971664
595 0.6854298295998469
596 0.6852383687535899
597 0.6907907332950411
598 0.6888761248324717
599 0.6863871338311315
600 0.6888761248324717
601 0.6925138809113536
602 0.6884932031399579
603 0.6856212904461038
604 0.6909821941412981
605 0.6925138809113536
606 0.6927053417576106
607 0.6917480375263259
608 0.6923224200650967
609 0.6923224200650967
610 0.6884932031399579
611 0.6883017422937009
612 0.691365115833812
613 0.6919394983725828
614 0.6883017422937009
615 0.6904078116025273
616 0.6907907332950411
617 0.6869615163699023
618 0.6858127512923607
619 0.6838981428297913
620 0.6812176909821941
621 0.6819835343672219
622 0.6838981428297913
623 0.6819835343672219
624 0.6852383687535899
625 0.6854298295998469
626 0.6883017422937009
627 0.6898334290637564
628 0.6909821941412981
629 0.6890675856787287
630 0.6900248899100134
631 0.6984491671453188
632 0.6930882634501244
633 0.6892590465249856
634 0.6898334290637564
635 0.6902163507562703
636 0.6925138809113536
637 0.6932797242963814
638 0.6971089412215202
639 0.6997893930691174
640 0.691556576680069
641 0.6938541068351523
642 0.6917480375263259
643 0.6861956729848746
644 0.6892590465249856
645 0.6896419682174996
646 0.6921309592188397
647 0.6934711851426383
648 0.6919394983725828
649 0.6886846639862149
650 0.691173654987555
651 0.6892590465249856
652 0.6886846639862149
653 0.6850469079073329
654 0.6823664560597358
655 0.6789201608271108
656 0.678537239134597
657 0.6831322994447635
658 0.6823664560597358
659 0.6829408385985066
660 0.6773884740570554
661 0.6802603867509094
662 0.6819835343672219
663 0.6764311698257707
664 0.6791116216733678
665 0.6789201608271108
666 0.6793030825196248
667 0.678728699980854
668 0.678728699980854
669 0.6821749952134788
670 0.6865785946773885
671 0.6838981428297913
672 0.6890675856787287
673 0.6896419682174996
674 0.6835152211372775
675 0.6804518475971664
676 0.6831322994447635
677 0.6844725253685622
678 0.6821749952134788
679 0.6833237602910205
680 0.6794945433658817
681 0.6817920735209649
682 0.6821749952134788
683 0.6833237602910205
684 0.6858127512923607
685 0.6892590465249856
686 0.6863871338311315
687 0.688110281447444
688 0.6858127512923607
689 0.6831322994447635
690 0.6844725253685622
691 0.6850469079073329
692 0.6840896036760482
693 0.6825579169059928
694 0.6869615163699023
695 0.6921309592188397
696 0.6886846639862149
697 0.6884932031399579
698 0.6894505073712426
699 0.6938541068351523
700 0.6980662454528049
