1 0.0005743825387708214
2 0.0009573042312847023
3 0.0011487650775416428
4 0.0019146084625694046
5 0.003254834386367988
6 0.003254834386367988
7 0.003829216925138809
8 0.004595060310166571
9 0.005935286233965154
10 0.006509668772735976
11 0.00823281638904844
12 0.009190120620333142
13 0.009381581466590082
14 0.009573042312847023
15 0.011487650775416428
16 0.014359563469270534
17 0.01684855447061076
18 0.017997319548152403
19 0.019720467164464867
20 0.022209458165805093
21 0.02527283170591614
22 0.026230135937200843
23 0.027378901014742486
24 0.02871912693854107
25 0.032165422171166
26 0.03427149147999234
27 0.03618609994256174
28 0.036569021635075624
29 0.03829216925138809
30 0.040781160252728314
31 0.04250430786904078
32 0.04346161210032548
33 0.04556768140915183
34 0.049205437488033694
35 0.052460271874401686
36 0.05475780202948497
37 0.057629714723339075
38 0.06069308826345012
39 0.06337354011104729
40 0.06586253111238752
41 0.06605399195864446
42 0.07160635650009572
43 0.07371242580892208
44 0.07581849511774842
45 0.07830748611908865
46 0.0800306337354011
47 0.08290254642925522
48 0.08577445912310933
49 0.09075244112578977
50 0.09190120620333142
51 0.0922841278958453
52 0.09477311889718552
53 0.09802795328355352
54 0.10281447443997703
55 0.10606930882634501
56 0.10836683898142829
57 0.11315336013785181
58 0.11583381198544898
59 0.1173654987555045
60 0.12406662837449742
61 0.1263641585295807
62 0.128661688684664
63 0.12981045376220562
64 0.13287382730231667
65 0.13517135745739997
66 0.13938349607505265
67 0.1434041738464484
68 0.1434041738464484
69 0.14646754738655945
70 0.1476163124641011
71 0.14876507754164273
72 0.1524028336205246
73 0.15412598123683707
74 0.1566149722381773
75 0.16082711085582999
76 0.16580509285851044
77 0.16503924947348267
78 0.16446486693471185
79 0.16484778862722574
80 0.16771970132107983
81 0.1688684663986215
82 0.17135745739996172
83 0.17384644840130192
84 0.17748420448018382
85 0.17671836109515604
86 0.17805858701895463
87 0.18093049971280872
88 0.18341949071414895
89 0.1860999425617461
90 0.19203522879571128
91 0.19433275895079458
92 0.19203522879571128
93 0.19567298487459314
94 0.1996936626459889
95 0.20084242772353053
96 0.20467164464866935
97 0.20696917480375263
98 0.20811793988129426
99 0.20964962665134979
100 0.21462760865403024
101 0.21845682557916907
102 0.22190312081179397
103 0.2238177292743634
104 0.22649818112196055
105 0.22860425043078691
106 0.2276469461995022
107 0.22975301550832855
108 0.23128470227838407
109 0.23453953666475205
110 0.23549684089603676
111 0.23683706681983535
112 0.24047482289871722
113 0.2450698832088838
114 0.24392111813134215
115 0.2460271874401685
116 0.2494734826727934
117 0.25004786521156425
118 0.25291977790541836
119 0.2521539345203906
120 0.2546429255217308
121 0.2565575339843002
122 0.2565575339843002
123 0.2559831514455294
124 0.25962090752441125
125 0.25866360329312654
126 0.25636607313804327
127 0.25904652498564046
128 0.25904652498564046
129 0.2630672027570362
130 0.266896419682175
131 0.27034271491479994
132 0.2730231667623971
133 0.273214627608654
134 0.2776182270725637
135 0.2848937392303274
136 0.2856595826153552
137 0.28891441700172316
138 0.2887229561554662
139 0.2929350947731189
140 0.2971472333907716
141 0.299061841853341
142 0.3000191460846257
143 0.3051885889335631
144 0.3071031973961325
145 0.3067202757036186
146 0.3048056672410492
147 0.3103580317825005
148 0.31265556193758376
149 0.315144552938924
150 0.31533601378518095
151 0.3155274746314379
152 0.31973961324909056
153 0.31973961324909056
154 0.32395175186674324
155 0.32912119471568063
156 0.33295041164081945
157 0.3325674899483056
158 0.3308443423319931
159 0.33620524602718743
160 0.33620524602718743
161 0.33658816771970135
162 0.33716255025847214
163 0.3383113153360138
164 0.34003446295232626
165 0.3421405322611526
166 0.3394600804135554
167 0.337736932797243
168 0.34003446295232626
169 0.3367796285659583
170 0.3429063756461804
171 0.34080030633735403
172 0.3421405322611526
173 0.3484587401876316
174 0.3484587401876316
175 0.3497989661114302
176 0.35324526134405515
177 0.35324526134405515
178 0.3484587401876316
179 0.3553513306528815
180 0.3553513306528815
181 0.3526708788052843
182 0.35496840896036763
183 0.3519050354202566
184 0.357074478269194
185 0.3559257131916523
186 0.3582232433467356
187 0.3607122343480758
188 0.3595634692705342
189 0.3626268428106452
190 0.3620524602718744
191 0.36454145127321463
192 0.3607122343480758
193 0.36281830365690215
194 0.3653072946582424
195 0.37066819835343673
196 0.36990235496840895
197 0.37449741527857555
198 0.37449741527857555
199 0.3756461803561172
200 0.3771778671261727
201 0.3766034845874019
202 0.3823473099751101
203 0.38694237028527667
204 0.3846448401301934
205 0.3900057438253877
206 0.3942178824430404
207 0.3980470993681792
208 0.39479226498181125
209 0.3951751866743251
210 0.39460080413555426
211 0.3907715872104155
212 0.3861765269002489
213 0.38770821367030445
214 0.3967068734443806
215 0.39728125598315145
216 0.4035994639096305
217 0.40398238560214433
218 0.40072755121577636
219 0.39881294275320694
220 0.3993873252919778
221 0.4009190120620333
222 0.4022592379858319
223 0.4070457591422554
224 0.40685429829599845
225 0.41010913268236643
226 0.41010913268236643
227 0.4070457591422554
228 0.4108749760673942
229 0.4106835152211373
230 0.40972621098985257
231 0.4074286808347693
232 0.408385985066054
233 0.4125981236837067
234 0.41202374114493584
235 0.4145127321462761
236 0.41757610568638714
237 0.41757610568638714
238 0.4152785755313039
239 0.4141298104537622
240 0.41661880145510244
241 0.41929925330269957
242 0.4202565575339843
243 0.42293700938158146
244 0.4267662263067203
245 0.4269576871529772
246 0.42753206969174806
247 0.4321271300019146
248 0.43174420830940075
249 0.4357648860807965
250 0.4390197204671645
251 0.4401684855447061
252 0.44380624162358795
253 0.44418916331610186
254 0.4409343289297339
255 0.43959410300593527
256 0.44055140723721997
257 0.43978556385219225
258 0.44399770246984493
259 0.4453379283936435
260 0.4461037717786713
261 0.44935860616503925
262 0.45357074478269194
263 0.4541451273214628
264 0.4539536664752058
265 0.453379283936435
266 0.4551024315527475
267 0.4552938923990044
268 0.4556768140915183
269 0.4539536664752058
270 0.45548535324526135
271 0.45969749186291403
272 0.45969749186291403
273 0.46084625694045567
274 0.45931457017040017
275 0.4585487267853724
276 0.4585487267853724
277 0.45701704001531684
278 0.45605973578403214
279 0.4556768140915183
280 0.4562511966302891
281 0.4552938923990044
282 0.4558682749377752
283 0.46084625694045567
284 0.46065479609419874
285 0.4587401876316293
286 0.4648669347118514
287 0.4658242389431361
288 0.46314378709553894
289 0.4627608654030251
290 0.4604633352479418
291 0.4610377177867126
292 0.46448401301933756
293 0.46793030825196247
294 0.47022783840704574
295 0.4723339077158721
296 0.46965345586827495
297 0.4685046907907333
298 0.4704192992533027
299 0.4734826727934138
300 0.4736741336396707
301 0.47252536856212907
302 0.4719509860233582
303 0.47214244686961515
304 0.4729082902546429
305 0.46831322994447633
306 0.47309975110089986
307 0.47156806433084436
308 0.46965345586827495
309 0.4698449167145319
310 0.4729082902546429
311 0.47309975110089986
312 0.47635458548726783
313 0.47214244686961515
314 0.4778862722573234
315 0.47731188971855254
316 0.4784606547960942
317 0.479035037334865
318 0.48248133256748993
319 0.48018380241240666
320 0.48956538387899673
321 0.4874593145701704
322 0.4930116791116217
323 0.4937775224966494
324 0.4949262875741911
325 0.4945433658816772
326 0.4926287574191078
327 0.4939689833429064
328 0.4930116791116217
329 0.49416044418916333
330 0.49779820026804517
331 0.4989469653455868
332 0.4997128087306146
333 0.5004786521156424
334 0.49856404365307294
335 0.49607505265173274
336 0.4981811219605591
337 0.4991384261918438
338 0.49779820026804517
339 0.49856404365307294
340 0.49875550449932987
341 0.5000957304231285
342 0.504690790733295
343 0.5069883208883783
344 0.5069883208883783
345 0.5085200076584339
346 0.5098602335822324
347 0.514455293892399
348 0.5173272065862531
349 0.5133065288148574
350 0.5121577637373157
351 0.5125406854298296
352 0.5180930499712809
353 0.5175186674325101
354 0.5115833811985449
355 0.5133065288148574
356 0.5169442848937392
357 0.520773501818878
358 0.5192418150488225
359 0.520964962665135
360 0.5188588933563086
361 0.5173272065862531
362 0.5180930499712809
363 0.5226881102814475
364 0.5211564235113919
365 0.5200076584338503
366 0.5184759716637948
367 0.5221137277426766
368 0.5278575531303848
369 0.5313038483630098
370 0.5282404748228987
371 0.5278575531303848
372 0.5293892399004404
373 0.5291977790541834
374 0.5270917097453571
375 0.5326440742868084
376 0.5334099176718361
377 0.5357074478269194
378 0.5385793605207735
379 0.5358989086731764
380 0.5355159869806625
381 0.5355159869806625
382 0.5381964388282596
383 0.5404939689833429
384 0.5412598123683706
385 0.5414512732146276
386 0.5380049779820026
387 0.5387708213670305
388 0.5418341949071415
389 0.5416427340608846
390 0.5395366647520582
391 0.5424085774459123
392 0.5408768906758568
393 0.5448975684472526
394 0.54317442083094
395 0.5504499329887038
396 0.5477694811411067
397 0.5470036377560789
398 0.5493011679111621
399 0.5508328546812177
400 0.5475780202948497
401 0.5525560022975301
402 0.5552364541451273
403 0.5521730806050162
404 0.5567681409151829
405 0.5596400536090369
406 0.5623205054566341
407 0.5600229753015509
408 0.5617461229178633
409 0.5688301742293701
410 0.5684472525368562
411 0.5697874784606548
412 0.5722764694619951
413 0.5722764694619951
414 0.5686387133831131
415 0.5734252345395366
416 0.578786138234731
417 0.5807007466973004
418 0.582232433467356
419 0.582040972621099
420 0.578594677388474
421 0.5745739996170783
422 0.5761056863871339
423 0.5780202948497032
424 0.5795519816197587
425 0.5772544514646755
426 0.5837641202374114
427 0.5810836683898143
428 0.5841470419299253
429 0.5824238943136129
430 0.5898908673176335
431 0.5918054757802029
432 0.5902737890101474
433 0.585295807007467
434 0.5898908673176335
435 0.5896994064713766
436 0.5893164847788627
437 0.5929542408577446
438 0.594868849320314
439 0.5990809879379667
440 0.5973578403216542
441 0.5964005360903695
442 0.5960176143978556
443 0.5958261535515987
444 0.5964005360903695
445 0.5956346927053418
446 0.5942944667815432
447 0.5898908673176335
448 0.5879762588550641
449 0.5870189546237794
450 0.588550641393835
451 0.5908481715489182
452 0.5900823281638905
453 0.5889335630863488
454 0.5893164847788627
455 0.5868274937775225
456 0.5935286233965155
457 0.5988895270917097
458 0.6009955964005361
459 0.6006126747080222
460 0.6004212138617653
461 0.601187057246793
462 0.5958261535515987
463 0.5962090752441126
464 0.6017614397855638
465 0.5933371625502585
466 0.594677388474057
467 0.5964005360903695
468 0.5950603101665709
469 0.5935286233965155
470 0.5973578403216542
471 0.6015699789393069
472 0.5935286233965155
473 0.5990809879379667
474 0.597932222860425
475 0.6021443614780777
476 0.6050162741719318
477 0.6038675090943902
478 0.6075052651732721
479 0.6136320122534942
480 0.6111430212521539
481 0.613823473099751
482 0.6163124641010913
483 0.6159295424085774
484 0.6153551598698066
485 0.617269768332376
486 0.6186099942561746
487 0.6161210032548344
488 0.6232050545663412
489 0.6226306720275704
490 0.6218648286425426
491 0.6195672984874593
492 0.6170783074861191
493 0.620524602718744
494 0.6220562894887995
495 0.6262684281064522
496 0.6214819069500287
497 0.6218648286425426
498 0.6210989852575148
499 0.6253111238751675
500 0.6188014551024316
501 0.6222477503350565
502 0.6224392111813134
503 0.6264598889527092
504 0.6258855064139384
505 0.6212904461037718
506 0.620716063565001
507 0.6262684281064522
508 0.6348841661880146
509 0.6329695577254452
510 0.630289105877848
511 0.6364158529580701
512 0.636607313804327
513 0.633161018571702
514 0.6350756270342715
515 0.6379475397281256
516 0.6402450698832088
517 0.6434999042695768
518 0.6459888952709171
519 0.6454145127321462
520 0.6444572085008615
521 0.6433084434233199
522 0.643116982577063
523 0.6352670878805284
524 0.6419682174995214
525 0.6434999042695768
526 0.6452230518858894
527 0.6440742868083477
528 0.6469461995022018
529 0.6511583381198545
530 0.649435190503542
531 0.6519241815048823
532 0.6469461995022018
533 0.6444572085008615
534 0.6456059735784032
535 0.6440742868083477
536 0.6438828259620908
537 0.6459888952709171
538 0.6448401301933755
539 0.6475205820409726
540 0.6433084434233199
541 0.6459888952709171
542 0.6477120428872296
543 0.6498181121960559
544 0.6473291211947156
545 0.6456059735784032
546 0.6450315910396324
547 0.6419682174995214
548 0.6383304614206394
549 0.6433084434233199
550 0.6436913651158338
551 0.6438828259620908
552 0.649435190503542
553 0.6484778862722573
554 0.6513497989661114
555 0.6542217116599656
556 0.6565192418150488
557 0.6532644074286809
558 0.649435190503542
559 0.6534558682749377
560 0.6498181121960559
561 0.652498564043653
562 0.6521156423511392
563 0.6534558682749377
564 0.6620716063565001
565 0.6630289105877848
566 0.659199693662646
567 0.6544131725062224
568 0.659199693662646
569 0.652881485736167
570 0.652881485736167
571 0.6542217116599656
572 0.6549875550449933
573 0.6546046333524794
574 0.6519241815048823
575 0.6569021635075627
576 0.6689641968217499
577 0.6670495883591806
578 0.672027570361861
579 0.6762397089795137
580 0.672219031208118
581 0.6747080222094581
582 0.6727934137468887
583 0.6691556576680069
584 0.6695385793605207
585 0.6695385793605207
586 0.6737507179781734
587 0.6741336396706873
588 0.6768140915182845
589 0.6693471185142639
590 0.6674325100516945
591 0.668772735975493
592 0.6806433084434234
593 0.6802603867509094
594 0.6829408385985066
595 0.6791116216733678
596 0.6762397089795137
597 0.675282404748229
598 0.675282404748229
599 0.6695385793605207
600 0.6712617269768333
601 0.6741336396706873
602 0.6733677962856596
603 0.6737507179781734
604 0.675090943901972
605 0.6758567872869998
606 0.6693471185142639
607 0.6714531878230902
608 0.6817920735209649
609 0.6793030825196248
610 0.6877273597549302
611 0.6831322994447635
612 0.6762397089795137
613 0.6762397089795137
614 0.678537239134597
615 0.6764311698257707
616 0.6741336396706873
617 0.6794945433658817
618 0.6783457782883401
619 0.6758567872869998
620 0.6726019529006318
621 0.6756653264407428
622 0.6771970132107984
623 0.6760482481332567
624 0.6727934137468887
625 0.6758567872869998
626 0.6817920735209649
627 0.6844725253685622
628 0.6854298295998469
629 0.6850469079073329
630 0.6798774650583955
631 0.6798774650583955
632 0.6825579169059928
633 0.6773884740570554
634 0.6706873444380624
635 0.672027570361861
636 0.675473865594486
637 0.6770055523645414
638 0.6743251005169443
639 0.6676239708979513
640 0.668581275129236
641 0.6760482481332567
642 0.6729848745931457
643 0.675282404748229
644 0.6760482481332567
645 0.6814091518284511
646 0.6793030825196248
647 0.6779628565958261
648 0.6789201608271108
649 0.6793030825196248
650 0.678537239134597
651 0.6789201608271108
652 0.6796860042121387
653 0.6800689259046525
654 0.6798774650583955
655 0.6739421788244304
656 0.6779628565958261
657 0.6770055523645414
658 0.6810262301359372
659 0.6800689259046525
660 0.6829408385985066
661 0.6823664560597358
662 0.6766226306720275
663 0.675473865594486
664 0.6737507179781734
665 0.6726019529006318
666 0.6756653264407428
667 0.6819835343672219
668 0.6773884740570554
669 0.6806433084434234
670 0.6783457782883401
671 0.684663986214819
672 0.6861956729848746
673 0.6850469079073329
674 0.6833237602910205
675 0.6819835343672219
676 0.6804518475971664
677 0.6821749952134788
678 0.6902163507562703
679 0.6934711851426383
680 0.6921309592188397
681 0.6833237602910205
682 0.6821749952134788
683 0.6858127512923607
684 0.6835152211372775
685 0.6863871338311315
686 0.6904078116025273
687 0.6894505073712426
688 0.6865785946773885
689 0.6827493777522496
690 0.6850469079073329
691 0.6840896036760482
692 0.6861956729848746
693 0.6907907332950411
694 0.6951943327589508
695 0.6973004020677771
696 0.6932797242963814
697 0.6854298295998469
698 0.6835152211372775
699 0.6748994830557151
700 0.6791116216733678
