1 0.00019146084625694046
2 0.00019146084625694046
3 0.00019146084625694046
4 0.00019146084625694046
5 0.00019146084625694046
6 0.00019146084625694046
7 0.00019146084625694046
8 0.00019146084625694046
9 0.00019146084625694046
10 0.00019146084625694046
11 0.00019146084625694046
12 0.00019146084625694046
13 0.00019146084625694046
14 0.0003829216925138809
15 0.0003829216925138809
16 0.0005743825387708214
17 0.0007658433850277618
18 0.0007658433850277618
19 0.0007658433850277618
20 0.0005743825387708214
21 0.0005743825387708214
22 0.0005743825387708214
23 0.0005743825387708214
24 0.0005743825387708214
25 0.0005743825387708214
26 0.0003829216925138809
27 0.0007658433850277618
28 0.0013402259237985832
29 0.0015316867700555237
30 0.0019146084625694046
31 0.002106069308826345
32 0.002106069308826345
33 0.002106069308826345
34 0.0030633735401110473
35 0.003254834386367988
36 0.003254834386367988
37 0.003254834386367988
38 0.003829216925138809
39 0.00402067777139575
40 0.004595060310166571
41 0.005169442848937392
42 0.005360903695194333
43 0.005360903695194333
44 0.005360903695194333
45 0.005935286233965154
46 0.005743825387708214
47 0.006701129618992916
48 0.0068925904652498565
49 0.007466973004020678
50 0.00842427723530538
51 0.0080413555427915
52 0.0080413555427915
53 0.008998659774076202
54 0.008807198927819261
55 0.009764503159103963
56 0.009955964005360904
57 0.009190120620333142
58 0.008807198927819261
59 0.009190120620333142
60 0.008807198927819261
61 0.008807198927819261
62 0.009573042312847023
63 0.009381581466590082
64 0.009955964005360904
65 0.009955964005360904
66 0.009764503159103963
67 0.010530346544131725
68 0.010338885697874785
69 0.011104729082902547
70 0.011104729082902547
71 0.010913268236645606
72 0.011104729082902547
73 0.010913268236645606
74 0.010147424851617844
75 0.010721807390388666
76 0.010721807390388666
77 0.011104729082902547
78 0.011104729082902547
79 0.010913268236645606
80 0.010721807390388666
81 0.011296189929159487
82 0.011296189929159487
83 0.011487650775416428
84 0.01244495500670113
85 0.013593720084242773
86 0.013593720084242773
87 0.013210798391728892
88 0.013785180930499713
89 0.014168102623013594
90 0.014359563469270534
91 0.014359563469270534
92 0.014359563469270534
93 0.014551024315527475
94 0.014551024315527475
95 0.014742485161784415
96 0.015125406854298296
97 0.014933946008041356
98 0.015699789393069118
99 0.015508328546812177
100 0.014933946008041356
101 0.014933946008041356
102 0.014359563469270534
103 0.014742485161784415
104 0.015125406854298296
105 0.016082711085583
106 0.016082711085583
107 0.01627417193183994
108 0.016082711085583
109 0.015699789393069118
110 0.015699789393069118
111 0.015699789393069118
112 0.015699789393069118
113 0.015891250239326058
114 0.015508328546812177
115 0.015125406854298296
116 0.014168102623013594
117 0.014742485161784415
118 0.015125406854298296
119 0.01627417193183994
120 0.016082711085583
121 0.01665709362435382
122 0.01665709362435382
123 0.01646563277809688
124 0.01627417193183994
125 0.015699789393069118
126 0.01627417193183994
127 0.01627417193183994
128 0.01627417193183994
129 0.016082711085583
130 0.015508328546812177
131 0.015125406854298296
132 0.015891250239326058
133 0.015316867700555237
134 0.015316867700555237
135 0.014742485161784415
136 0.015125406854298296
137 0.015316867700555237
138 0.015508328546812177
139 0.015316867700555237
140 0.015508328546812177
141 0.015891250239326058
142 0.015891250239326058
143 0.015125406854298296
144 0.015316867700555237
145 0.015508328546812177
146 0.014933946008041356
147 0.014551024315527475
148 0.014933946008041356
149 0.015316867700555237
150 0.015508328546812177
151 0.015508328546812177
152 0.015891250239326058
153 0.015699789393069118
154 0.015891250239326058
155 0.016082711085583
156 0.016082711085583
157 0.015699789393069118
158 0.015891250239326058
159 0.01627417193183994
160 0.01627417193183994
161 0.016082711085583
162 0.015891250239326058
163 0.015316867700555237
164 0.015316867700555237
165 0.016082711085583
166 0.015508328546812177
167 0.01627417193183994
168 0.015891250239326058
169 0.015699789393069118
170 0.01646563277809688
171 0.01646563277809688
172 0.016082711085583
173 0.01684855447061076
174 0.01627417193183994
175 0.01646563277809688
176 0.01646563277809688
177 0.01646563277809688
178 0.015891250239326058
179 0.015891250239326058
180 0.016082711085583
181 0.01646563277809688
182 0.015891250239326058
183 0.015508328546812177
184 0.015316867700555237
185 0.015125406854298296
186 0.014359563469270534
187 0.013402259237985832
188 0.013593720084242773
189 0.013210798391728892
190 0.01244495500670113
191 0.01225349416044419
192 0.013019337545471951
193 0.013402259237985832
194 0.013210798391728892
195 0.013593720084242773
196 0.014359563469270534
197 0.013785180930499713
198 0.013593720084242773
199 0.013402259237985832
200 0.013976641776756654
201 0.014359563469270534
202 0.014359563469270534
203 0.013976641776756654
204 0.014359563469270534
205 0.013593720084242773
206 0.013019337545471951
207 0.013785180930499713
208 0.013210798391728892
209 0.013210798391728892
210 0.014168102623013594
211 0.014551024315527475
212 0.014359563469270534
213 0.013593720084242773
214 0.013785180930499713
215 0.013593720084242773
216 0.013402259237985832
217 0.013402259237985832
218 0.013593720084242773
219 0.013402259237985832
220 0.013976641776756654
221 0.015125406854298296
222 0.015316867700555237
223 0.014933946008041356
224 0.014742485161784415
225 0.014742485161784415
226 0.014933946008041356
227 0.014359563469270534
228 0.014168102623013594
229 0.014359563469270534
230 0.014168102623013594
231 0.014742485161784415
232 0.015891250239326058
233 0.01627417193183994
234 0.01627417193183994
235 0.016082711085583
236 0.01627417193183994
237 0.01627417193183994
238 0.015891250239326058
239 0.015508328546812177
240 0.014742485161784415
241 0.014359563469270534
242 0.014359563469270534
243 0.015125406854298296
244 0.014168102623013594
245 0.014933946008041356
246 0.014742485161784415
247 0.015125406854298296
248 0.015125406854298296
249 0.014933946008041356
250 0.014742485161784415
251 0.014933946008041356
252 0.014168102623013594
253 0.014168102623013594
254 0.013976641776756654
255 0.013402259237985832
256 0.015125406854298296
257 0.015508328546812177
258 0.015508328546812177
259 0.014933946008041356
260 0.015508328546812177
261 0.015508328546812177
262 0.014742485161784415
263 0.014933946008041356
264 0.015125406854298296
265 0.014933946008041356
266 0.014359563469270534
267 0.014359563469270534
268 0.014742485161784415
269 0.014359563469270534
270 0.014742485161784415
271 0.015316867700555237
272 0.015125406854298296
273 0.015316867700555237
274 0.014933946008041356
275 0.015125406854298296
276 0.015508328546812177
277 0.015316867700555237
278 0.014933946008041356
279 0.015316867700555237
280 0.014742485161784415
281 0.015508328546812177
282 0.01627417193183994
283 0.01627417193183994
284 0.014933946008041356
285 0.014933946008041356
286 0.014551024315527475
287 0.014742485161784415
288 0.015316867700555237
289 0.015125406854298296
290 0.013976641776756654
291 0.014551024315527475
292 0.014359563469270534
293 0.014933946008041356
294 0.015699789393069118
295 0.015508328546812177
296 0.015891250239326058
297 0.01627417193183994
298 0.016082711085583
299 0.015699789393069118
300 0.015699789393069118
301 0.015699789393069118
302 0.015699789393069118
303 0.015508328546812177
304 0.015316867700555237
305 0.015316867700555237
306 0.015316867700555237
307 0.015316867700555237
308 0.015508328546812177
309 0.015316867700555237
310 0.015508328546812177
311 0.015699789393069118
312 0.014933946008041356
313 0.014359563469270534
314 0.013976641776756654
315 0.015125406854298296
316 0.015316867700555237
317 0.014742485161784415
318 0.014742485161784415
319 0.014168102623013594
320 0.014168102623013594
321 0.013402259237985832
322 0.013210798391728892
323 0.01263641585295807
324 0.013019337545471951
325 0.013593720084242773
326 0.013210798391728892
327 0.01282787669921501
328 0.01282787669921501
329 0.013019337545471951
330 0.014168102623013594
331 0.013593720084242773
332 0.013785180930499713
333 0.013402259237985832
334 0.014168102623013594
335 0.013593720084242773
336 0.014168102623013594
337 0.014742485161784415
338 0.014359563469270534
339 0.013976641776756654
340 0.013785180930499713
341 0.013019337545471951
342 0.01282787669921501
343 0.013402259237985832
344 0.013210798391728892
345 0.013593720084242773
346 0.013402259237985832
347 0.01263641585295807
348 0.01282787669921501
349 0.013019337545471951
350 0.01263641585295807
351 0.013019337545471951
352 0.014168102623013594
353 0.014168102623013594
354 0.014742485161784415
355 0.014933946008041356
356 0.015316867700555237
357 0.015125406854298296
358 0.014742485161784415
359 0.014359563469270534
360 0.014742485161784415
361 0.013785180930499713
362 0.013785180930499713
363 0.014168102623013594
364 0.014551024315527475
365 0.014551024315527475
366 0.014551024315527475
367 0.014933946008041356
368 0.015699789393069118
369 0.015699789393069118
370 0.015125406854298296
371 0.015125406854298296
372 0.014933946008041356
373 0.015125406854298296
374 0.015508328546812177
375 0.01627417193183994
376 0.01684855447061076
377 0.01627417193183994
378 0.015891250239326058
379 0.015125406854298296
380 0.014933946008041356
381 0.015316867700555237
382 0.015508328546812177
383 0.015316867700555237
384 0.01627417193183994
385 0.01684855447061076
386 0.01646563277809688
387 0.015699789393069118
388 0.015125406854298296
389 0.014168102623013594
390 0.014933946008041356
391 0.014933946008041356
392 0.014359563469270534
393 0.014551024315527475
394 0.014168102623013594
395 0.014551024315527475
396 0.014742485161784415
397 0.014168102623013594
398 0.014168102623013594
399 0.014551024315527475
400 0.014359563469270534
401 0.014551024315527475
402 0.013976641776756654
403 0.014359563469270534
404 0.015699789393069118
405 0.015508328546812177
406 0.015125406854298296
407 0.015508328546812177
408 0.015316867700555237
409 0.015316867700555237
410 0.016082711085583
411 0.015508328546812177
412 0.015125406854298296
413 0.014551024315527475
414 0.014551024315527475
415 0.015125406854298296
416 0.015316867700555237
417 0.015508328546812177
418 0.014742485161784415
419 0.015125406854298296
420 0.015125406854298296
421 0.014551024315527475
422 0.014742485161784415
423 0.014933946008041356
424 0.015699789393069118
425 0.015891250239326058
426 0.015508328546812177
427 0.015316867700555237
428 0.015508328546812177
429 0.016082711085583
430 0.015699789393069118
431 0.015699789393069118
432 0.01646563277809688
433 0.01723147616312464
434 0.01723147616312464
435 0.0170400153168677
436 0.01646563277809688
437 0.01665709362435382
438 0.01646563277809688
439 0.01665709362435382
440 0.01646563277809688
441 0.01646563277809688
442 0.016082711085583
443 0.016082711085583
444 0.015508328546812177
445 0.015508328546812177
446 0.015316867700555237
447 0.015316867700555237
448 0.015316867700555237
449 0.01665709362435382
450 0.01646563277809688
451 0.014933946008041356
452 0.014742485161784415
453 0.014933946008041356
454 0.015125406854298296
455 0.014742485161784415
456 0.014742485161784415
457 0.014359563469270534
458 0.014168102623013594
459 0.014551024315527475
460 0.015316867700555237
461 0.015508328546812177
462 0.014933946008041356
463 0.014742485161784415
464 0.014551024315527475
465 0.015125406854298296
466 0.014168102623013594
467 0.014742485161784415
468 0.014359563469270534
469 0.014933946008041356
470 0.013976641776756654
471 0.014359563469270534
472 0.014742485161784415
473 0.014359563469270534
474 0.014742485161784415
475 0.015125406854298296
476 0.014551024315527475
477 0.015699789393069118
478 0.015508328546812177
479 0.015699789393069118
480 0.016082711085583
481 0.014933946008041356
482 0.014933946008041356
483 0.014933946008041356
484 0.014551024315527475
485 0.014359563469270534
486 0.014742485161784415
487 0.014168102623013594
488 0.014742485161784415
489 0.014742485161784415
490 0.014742485161784415
491 0.014359563469270534
492 0.013976641776756654
493 0.013785180930499713
494 0.013976641776756654
495 0.013976641776756654
496 0.014359563469270534
497 0.013976641776756654
498 0.014742485161784415
499 0.014933946008041356
500 0.013785180930499713
501 0.013402259237985832
502 0.013402259237985832
503 0.013976641776756654
504 0.013785180930499713
505 0.014168102623013594
506 0.014168102623013594
507 0.013402259237985832
508 0.013402259237985832
509 0.014168102623013594
510 0.014168102623013594
511 0.013976641776756654
512 0.013785180930499713
513 0.013976641776756654
514 0.014551024315527475
515 0.014933946008041356
516 0.014551024315527475
517 0.014359563469270534
518 0.014168102623013594
519 0.013593720084242773
520 0.01282787669921501
521 0.013785180930499713
522 0.013976641776756654
523 0.015125406854298296
524 0.014742485161784415
525 0.015125406854298296
526 0.015125406854298296
527 0.015125406854298296
528 0.014933946008041356
529 0.015125406854298296
530 0.014933946008041356
531 0.014933946008041356
532 0.015125406854298296
533 0.015891250239326058
534 0.015316867700555237
535 0.014359563469270534
536 0.014168102623013594
537 0.014742485161784415
538 0.014359563469270534
539 0.014742485161784415
540 0.015508328546812177
541 0.015508328546812177
542 0.015316867700555237
543 0.015699789393069118
544 0.015891250239326058
545 0.014742485161784415
546 0.014359563469270534
547 0.014551024315527475
548 0.015508328546812177
549 0.015125406854298296
550 0.015316867700555237
551 0.014551024315527475
552 0.015508328546812177
553 0.014933946008041356
554 0.015508328546812177
555 0.01627417193183994
556 0.01627417193183994
557 0.01646563277809688
558 0.0170400153168677
559 0.0170400153168677
560 0.01723147616312464
561 0.01665709362435382
562 0.01665709362435382
563 0.016082711085583
564 0.015316867700555237
565 0.01627417193183994
566 0.015891250239326058
567 0.01665709362435382
568 0.01646563277809688
569 0.015125406854298296
570 0.015699789393069118
571 0.015508328546812177
572 0.016082711085583
573 0.016082711085583
574 0.015699789393069118
575 0.014551024315527475
576 0.014168102623013594
577 0.013785180930499713
578 0.013402259237985832
579 0.013019337545471951
580 0.013402259237985832
581 0.013210798391728892
582 0.013593720084242773
583 0.013593720084242773
584 0.013210798391728892
585 0.01282787669921501
586 0.013402259237985832
587 0.014168102623013594
588 0.014168102623013594
589 0.013785180930499713
590 0.013785180930499713
591 0.014359563469270534
592 0.014551024315527475
593 0.014168102623013594
594 0.014359563469270534
595 0.014551024315527475
596 0.014551024315527475
597 0.013976641776756654
598 0.013210798391728892
599 0.013593720084242773
600 0.014359563469270534
601 0.014551024315527475
602 0.015125406854298296
603 0.014742485161784415
604 0.014933946008041356
605 0.014551024315527475
606 0.014359563469270534
607 0.014742485161784415
608 0.015316867700555237
609 0.014933946008041356
610 0.014933946008041356
611 0.013976641776756654
612 0.014359563469270534
613 0.014742485161784415
614 0.014551024315527475
615 0.015125406854298296
616 0.014742485161784415
617 0.014933946008041356
618 0.014359563469270534
619 0.014359563469270534
620 0.014742485161784415
621 0.014742485161784415
622 0.014359563469270534
623 0.013785180930499713
624 0.014551024315527475
625 0.014551024315527475
626 0.014742485161784415
627 0.014933946008041356
628 0.015316867700555237
629 0.014551024315527475
630 0.014742485161784415
631 0.014933946008041356
632 0.014742485161784415
633 0.015699789393069118
634 0.01627417193183994
635 0.0170400153168677
636 0.01646563277809688
637 0.01684855447061076
638 0.01646563277809688
639 0.01665709362435382
640 0.015699789393069118
641 0.014742485161784415
642 0.014551024315527475
643 0.014933946008041356
644 0.014551024315527475
645 0.014933946008041356
646 0.014742485161784415
647 0.015316867700555237
648 0.015316867700555237
649 0.015508328546812177
650 0.015891250239326058
651 0.015316867700555237
652 0.015316867700555237
653 0.015316867700555237
654 0.015316867700555237
655 0.014742485161784415
656 0.014551024315527475
657 0.014742485161784415
658 0.015316867700555237
659 0.015316867700555237
660 0.01646563277809688
661 0.015891250239326058
662 0.015891250239326058
663 0.014933946008041356
664 0.014551024315527475
665 0.015316867700555237
666 0.015125406854298296
667 0.015125406854298296
668 0.014933946008041356
669 0.014359563469270534
670 0.013785180930499713
671 0.013976641776756654
672 0.013402259237985832
673 0.013976641776756654
674 0.013593720084242773
675 0.013593720084242773
676 0.013976641776756654
677 0.013402259237985832
678 0.014933946008041356
679 0.014933946008041356
680 0.014742485161784415
681 0.015316867700555237
682 0.014933946008041356
683 0.015125406854298296
684 0.015316867700555237
685 0.015125406854298296
686 0.014933946008041356
687 0.014359563469270534
688 0.014742485161784415
689 0.014933946008041356
690 0.014551024315527475
691 0.014168102623013594
692 0.014742485161784415
693 0.014933946008041356
694 0.014742485161784415
695 0.015125406854298296
696 0.015699789393069118
697 0.015508328546812177
698 0.015125406854298296
699 0.014551024315527475
700 0.014168102623013594
