1 0.00019146084625694046
2 0.00019146084625694046
3 0.0003829216925138809
4 0.0007658433850277618
5 0.0011487650775416428
6 0.0017231476163124641
7 0.002106069308826345
8 0.002488991001340226
9 0.0034462952326249283
10 0.004977982002680452
11 0.006318207926479035
12 0.00823281638904844
13 0.010913268236645606
14 0.01263641585295807
15 0.013976641776756654
16 0.01627417193183994
17 0.017805858701895463
18 0.017805858701895463
19 0.019529006318207927
20 0.021635075627034272
21 0.023741144935860617
22 0.026995979322228605
23 0.02929350947731189
24 0.031016657093624354
25 0.03427149147999234
26 0.03676048248133257
27 0.039823856021443615
28 0.0421213861765269
29 0.044610377177867123
30 0.048248133256748996
31 0.05073712425808922
32 0.05475780202948497
33 0.05533218456825579
34 0.05743825387708214
35 0.06165039249473483
36 0.06356500095730423
37 0.06490522688110281
38 0.06681983534367222
39 0.0700746697300402
40 0.07218073903886656
41 0.07313804327015125
42 0.07639287765651924
43 0.07658433850277618
44 0.07754164273406089
45 0.07983917288914417
46 0.08175378135171357
47 0.0842427723530538
48 0.08768906758567872
49 0.08979513689450508
50 0.09304997128087306
51 0.09343289297338694
52 0.09649626651349799
53 0.09841087497606739
54 0.09975110089986598
55 0.09975110089986598
56 0.10568638713383113
57 0.1102814474439977
58 0.109324143212713
59 0.11066436913651158
60 0.11257897759908099
61 0.1183228029867892
62 0.11985448975684472
63 0.12272640245069884
64 0.12406662837449742
65 0.12578977599080987
66 0.12885314953092092
67 0.1296189929159487
68 0.13287382730231667
69 0.13363967068734445
70 0.1376603484587402
71 0.13957495692130958
72 0.1405322611525943
73 0.1428297913076776
74 0.14608462569404557
75 0.14914799923415661
76 0.15355159869806626
77 0.1556576680068926
78 0.15546620716063564
79 0.15489182462186482
80 0.16063565000957306
81 0.16446486693471185
82 0.16733677962856597
83 0.17154891824621865
84 0.17384644840130192
85 0.17633543940264215
86 0.18380241240666284
87 0.18380241240666284
88 0.18590848171548918
89 0.18571702086923225
90 0.19088646371816964
91 0.19241815048822516
92 0.1931839938732529
93 0.19433275895079458
94 0.19777905418341948
95 0.20275703618609994
96 0.20467164464866935
97 0.20696917480375263
98 0.20850086157380815
99 0.21022400919012063
100 0.2138617652690025
101 0.2148190695002872
102 0.21577637373157188
103 0.21673367796285659
104 0.21903120811793989
105 0.21979705150296763
106 0.2238177292743634
107 0.22688110281447443
108 0.22860425043078691
109 0.22841278958452996
110 0.2295615546620716
111 0.23166762397089796
112 0.23530538004977983
113 0.237985831897377
114 0.2395175186674325
115 0.23913459697491862
116 0.23932605782117558
117 0.24258089220754356
118 0.24526134405514072
119 0.24794179590273788
120 0.2517710128278767
121 0.2550258472142447
122 0.2628757419107792
123 0.2626842810645223
124 0.2653647329121195
125 0.2697683323760291
126 0.27110855829982766
127 0.273214627608654
128 0.27627800114876505
129 0.2776182270725637
130 0.27991575722764694
131 0.2812559831514455
132 0.27972429638139
133 0.2868083476928968
134 0.28891441700172316
135 0.2938923990044036
136 0.2952326249282022
137 0.2973386942370285
138 0.29561554662071604
139 0.29925330269959793
140 0.30269959793222284
141 0.3051885889335631
142 0.3069117365498755
143 0.3080605016274172
144 0.31246410109132683
145 0.30978364924372964
146 0.31112387516752826
147 0.31112387516752826
148 0.3115067968600421
149 0.31169825770629905
150 0.31265556193758376
151 0.3189737698640628
152 0.31973961324909056
153 0.31610185717020867
154 0.318399387325292
155 0.318399387325292
156 0.318399387325292
157 0.3203139957878614
158 0.32337736932797245
159 0.3264407428680835
160 0.33026995979322227
161 0.3316101857170209
162 0.3369710894122152
163 0.33658816771970135
164 0.3398430021060693
165 0.3411832280298679
166 0.3455868274937775
167 0.3499904269576872
168 0.35764886080796476
169 0.3587976258855064
170 0.36032931265556195
171 0.35994639096304804
172 0.36358414704192993
173 0.3624353819643883
174 0.36741336396706875
175 0.3677962856595826
176 0.3677962856595826
177 0.3704767375071798
178 0.37181696343097836
179 0.3746888761248325
180 0.37430595443231857
181 0.37258280681600614
182 0.3700938158146659
183 0.37641202374114496
184 0.3739230327398047
185 0.37870955389622823
186 0.37890101474248516
187 0.3810070840513115
188 0.3819643882825962
189 0.3863679877465058
190 0.38732529197779053
191 0.3896228221328738
192 0.3909630480566724
193 0.39460080413555426
194 0.3961324909056098
195 0.39881294275320694
196 0.39728125598315145
197 0.39919586444572086
198 0.3995787861382347
199 0.40168485544706106
200 0.40685429829599845
201 0.4045567681409152
202 0.4047482289871721
203 0.40608845491097073
204 0.4064713766034846
205 0.40953475014359564
206 0.4154700363775608
207 0.4164273406088455
208 0.41949071414895656
209 0.4206394792264982
210 0.42561746122917865
211 0.42753206969174806
212 0.4346161210032548
213 0.4330844342331993
214 0.4348075818495118
215 0.4349990426957687
216 0.43710511200459506
217 0.43882825962090755
218 0.43767949454336585
219 0.43844533792839363
220 0.4411257897759908
221 0.4407428680834769
222 0.44227455485353245
223 0.4411257897759908
224 0.4418916331610186
225 0.43940264215967834
226 0.44227455485353245
227 0.4489756844725254
228 0.4516561363201225
229 0.453379283936435
230 0.45452804901397664
231 0.453379283936435
232 0.45223051885889337
233 0.4516561363201225
234 0.446869615163699
235 0.4514646754738656
236 0.45701704001531684
237 0.45739996170783076
238 0.45931457017040017
239 0.4614206394792265
240 0.4639096304805667
241 0.46601569978939306
242 0.46084625694045567
243 0.46065479609419874
244 0.46544131725062227
245 0.4652498564043653
246 0.4698449167145319
247 0.4688876124832472
248 0.4688876124832472
249 0.4746314378709554
250 0.4778862722573234
251 0.4788435764886081
252 0.47960941987363587
253 0.4813325674899483
254 0.48477886272257326
255 0.488799540493969
256 0.4878422362626843
257 0.48631054949262875
258 0.48822515795519816
259 0.4910970706490523
260 0.49243729657285085
261 0.49607505265173274
262 0.49511774842044803
263 0.498372582806816
264 0.5000957304231285
265 0.5012444955006701
266 0.5037334865020103
267 0.5054566341183228
268 0.5035420256557533
269 0.5104346161210033
270 0.5119663028910588
271 0.5127321462760865
272 0.5119663028910588
273 0.5169442848937392
274 0.517710128278767
275 0.5134979896611143
276 0.5148382155849129
277 0.5156040589699407
278 0.517710128278767
279 0.520964962665135
280 0.5173272065862531
281 0.5167528240474822
282 0.5196247367413364
283 0.5194332758950795
284 0.5138809113536282
285 0.5192418150488225
286 0.5154125981236837
287 0.5196247367413364
288 0.5140723721998851
289 0.5165613632012254
290 0.5213478843576489
291 0.5255600229753016
292 0.524219797051503
293 0.5261344055140724
294 0.5276660922841279
295 0.5291977790541834
296 0.5336013785180931
297 0.5330269959793222
298 0.53379283936435
299 0.5381964388282596
300 0.5372391345969749
301 0.5351330652881485
302 0.5406854298295999
303 0.5408768906758568
304 0.5458548726785373
305 0.54317442083094
306 0.5450890292935094
307 0.5439402642159679
308 0.5429829599846832
309 0.5452804901397664
310 0.5427914991384262
311 0.5491097070649053
312 0.5514072372199885
313 0.5494926287574191
314 0.5538962282213288
315 0.5512157763737315
316 0.5514072372199885
317 0.5521730806050162
318 0.55006701129619
319 0.5521730806050162
320 0.5579169059927245
321 0.559257131916523
322 0.5586827493777522
323 0.5615546620716063
324 0.5638521922266897
325 0.5582998276852383
326 0.5602144361478077
327 0.5669155657668007
328 0.5711277043844534
329 0.5718935477694811
330 0.5770629906184185
331 0.5797434424660157
332 0.5826153551598698
333 0.5824238943136129
334 0.5875933371625502
335 0.5872104154700364
336 0.5883591805475781
337 0.5912310932414321
338 0.5958261535515987
339 0.5931457017040015
340 0.5906567107026613
341 0.5896994064713766
342 0.5875933371625502
343 0.5883591805475781
344 0.5918054757802029
345 0.5875933371625502
346 0.5939115450890293
347 0.5969749186291403
348 0.5971663794753973
349 0.6023358223243347
350 0.5998468313229944
351 0.6027187440168486
352 0.6061650392494735
353 0.6042504307869041
354 0.604441891633161
355 0.6094198736358415
356 0.6101857170208692
357 0.6115259429446678
358 0.614206394792265
359 0.6092284127895845
360 0.614014933946008
361 0.6126747080222095
362 0.6153551598698066
363 0.6191843767949454
364 0.6155466207160636
365 0.6195672984874593
366 0.6212904461037718
367 0.6232050545663412
368 0.6276086540302508
369 0.6255025847214245
370 0.6274171931839939
371 0.6256940455676814
372 0.6274171931839939
373 0.6289488799540494
374 0.6266513497989661
375 0.6266513497989661
376 0.6226306720275704
377 0.6249282021826537
378 0.6243538196438828
379 0.6241623587976259
380 0.6270342714914799
381 0.6216733677962857
382 0.6255025847214245
383 0.6241623587976259
384 0.6188014551024316
385 0.6210989852575148
386 0.6241623587976259
387 0.6251196630289105
388 0.6233965154125981
389 0.6266513497989661
390 0.6262684281064522
391 0.6287574191077925
392 0.6258855064139384
393 0.633161018571702
394 0.6343097836492437
395 0.6346927053417576
396 0.6345012444955007
397 0.6433084434233199
398 0.6434999042695768
399 0.6450315910396324
400 0.6459888952709171
401 0.6467547386559449
402 0.6482864254260003
403 0.6486693471185143
404 0.6421596783457783
405 0.6452230518858894
406 0.6457974344246602
407 0.6503924947348267
408 0.6538387899674517
409 0.6484778862722573
410 0.6467547386559449
411 0.6446486693471185
412 0.6438828259620908
413 0.6457974344246602
414 0.6463718169634309
415 0.6457974344246602
416 0.6450315910396324
417 0.6461803561171741
418 0.6417767566532644
419 0.6469461995022018
420 0.6456059735784032
421 0.6429255217308061
422 0.6486693471185143
423 0.6438828259620908
424 0.6446486693471185
425 0.6463718169634309
426 0.6482864254260003
427 0.6459888952709171
428 0.6452230518858894
429 0.6465632778096879
430 0.6565192418150488
431 0.6565192418150488
432 0.656136320122535
433 0.6542217116599656
434 0.6574765460463335
435 0.6547960941987364
436 0.6553704767375071
437 0.6551790158912503
438 0.6584338502776182
439 0.6549875550449933
440 0.6553704767375071
441 0.6530729465824239
442 0.656136320122535
443 0.6582423894313613
444 0.6639862148190695
445 0.656136320122535
446 0.652498564043653
447 0.6580509285851044
448 0.6517327206586253
449 0.6488608079647712
450 0.6521156423511392
451 0.6567107026613057
452 0.6569021635075627
453 0.6618801455102431
454 0.6639862148190695
455 0.6616886846639862
456 0.6605399195864445
457 0.6599655370476738
458 0.6618801455102431
459 0.6613057629714724
460 0.6641776756653265
461 0.6630289105877848
462 0.6649435190503542
463 0.6666666666666666
464 0.6630289105877848
465 0.668772735975493
466 0.6699215010530346
467 0.6666666666666666
468 0.6647520582040972
469 0.6678154317442083
470 0.6672410492054375
471 0.6729848745931457
472 0.6729848745931457
473 0.6706873444380624
474 0.6674325100516945
475 0.6701129618992916
476 0.6703044227455486
477 0.6735592571319166
478 0.6706873444380624
479 0.6783457782883401
480 0.6810262301359372
481 0.6758567872869998
482 0.6781543174420831
483 0.6762397089795137
484 0.6706873444380624
485 0.6726019529006318
486 0.6693471185142639
487 0.6706873444380624
488 0.6695385793605207
489 0.6674325100516945
490 0.6691556576680069
491 0.6701129618992916
492 0.6710702661305763
493 0.675090943901972
494 0.6674325100516945
495 0.6681983534367222
496 0.6712617269768333
497 0.6708788052843193
498 0.6662837449741528
499 0.6672410492054375
500 0.6681983534367222
501 0.6620716063565001
502 0.6607313804327015
503 0.6643691365115834
504 0.6712617269768333
505 0.6703044227455486
506 0.6712617269768333
507 0.6704958835918055
508 0.6714531878230902
509 0.6712617269768333
510 0.6695385793605207
511 0.6689641968217499
512 0.6659008232816389
513 0.6708788052843193
514 0.6666666666666666
515 0.6645605973578403
516 0.6701129618992916
517 0.6693471185142639
518 0.672027570361861
519 0.6681983534367222
520 0.6678154317442083
521 0.6691556576680069
522 0.6710702661305763
523 0.6819835343672219
524 0.6793030825196248
525 0.675473865594486
526 0.6735592571319166
527 0.6764311698257707
528 0.6773884740570554
529 0.6760482481332567
530 0.672219031208118
531 0.6727934137468887
532 0.6775799349033123
533 0.6766226306720275
534 0.6724104920543749
535 0.6695385793605207
536 0.6695385793605207
537 0.6691556576680069
538 0.6729848745931457
539 0.6758567872869998
540 0.6777713957495692
541 0.6745165613632013
542 0.6777713957495692
543 0.6781543174420831
544 0.6689641968217499
545 0.6735592571319166
546 0.6708788052843193
547 0.6710702661305763
548 0.6714531878230902
549 0.672027570361861
550 0.6766226306720275
551 0.6781543174420831
552 0.6802603867509094
553 0.6850469079073329
554 0.6865785946773885
555 0.6827493777522496
556 0.6835152211372775
557 0.6804518475971664
558 0.6777713957495692
559 0.6796860042121387
560 0.6764311698257707
561 0.6779628565958261
562 0.6796860042121387
563 0.6802603867509094
564 0.6764311698257707
565 0.6775799349033123
566 0.6775799349033123
567 0.6781543174420831
568 0.6852383687535899
569 0.6877273597549302
570 0.6884932031399579
571 0.6940455676814091
572 0.6950028719126938
573 0.6905992724487843
574 0.6894505073712426
575 0.6900248899100134
576 0.6892590465249856
577 0.6871529772161593
578 0.6871529772161593
579 0.6886846639862149
580 0.6894505073712426
581 0.6871529772161593
582 0.6940455676814091
583 0.6961516369902355
584 0.694811411066437
585 0.6961516369902355
586 0.6932797242963814
587 0.6858127512923607
588 0.6854298295998469
589 0.6831322994447635
590 0.6844725253685622
591 0.6802603867509094
592 0.6781543174420831
593 0.6773884740570554
594 0.6733677962856596
595 0.6731763354394027
596 0.671836109515604
597 0.6710702661305763
598 0.671836109515604
599 0.6764311698257707
600 0.6748994830557151
601 0.6747080222094581
602 0.6726019529006318
603 0.6800689259046525
604 0.6779628565958261
605 0.6794945433658817
606 0.6779628565958261
607 0.6760482481332567
608 0.6764311698257707
609 0.678728699980854
610 0.678537239134597
611 0.678728699980854
612 0.6873444380624162
613 0.6894505073712426
614 0.6837066819835343
615 0.6844725253685622
616 0.6835152211372775
617 0.6932797242963814
618 0.6930882634501244
619 0.6884932031399579
620 0.6940455676814091
621 0.6957687152977217
622 0.6955772544514647
623 0.6928968026038675
624 0.6923224200650967
625 0.6925138809113536
626 0.6902163507562703
627 0.6894505073712426
628 0.691556576680069
629 0.6904078116025273
630 0.6860042121386176
631 0.6877273597549302
632 0.691556576680069
633 0.6909821941412981
634 0.6938541068351523
635 0.6904078116025273
636 0.6854298295998469
637 0.6871529772161593
638 0.691173654987555
639 0.6898334290637564
640 0.6934711851426383
641 0.6942370285276661
642 0.6904078116025273
643 0.6871529772161593
644 0.6930882634501244
645 0.6905992724487843
646 0.6904078116025273
647 0.6873444380624162
648 0.6867700555236455
649 0.6873444380624162
650 0.6877273597549302
651 0.6838981428297913
652 0.6861956729848746
653 0.6865785946773885
654 0.694428489373923
655 0.6871529772161593
656 0.6896419682174996
657 0.6850469079073329
658 0.6892590465249856
659 0.6921309592188397
660 0.69461995022018
661 0.6967260195290064
662 0.6950028719126938
663 0.6917480375263259
664 0.691556576680069
665 0.6950028719126938
666 0.69461995022018
667 0.6963430978364924
668 0.6969174803752632
669 0.6967260195290064
670 0.6997893930691174
671 0.7015125406854298
672 0.7034271491479992
673 0.6992150105303465
674 0.6942370285276661
675 0.6976833237602911
676 0.7011296189929159
677 0.70400153168677
678 0.7018954623779438
679 0.7005552364541451
680 0.6992150105303465
681 0.6984491671453188
682 0.6883017422937009
683 0.6904078116025273
684 0.687918820601187
685 0.6837066819835343
686 0.6814091518284511
687 0.6896419682174996
688 0.6883017422937009
689 0.6838981428297913
690 0.6894505073712426
691 0.6873444380624162
692 0.6867700555236455
693 0.6863871338311315
694 0.6896419682174996
695 0.691556576680069
696 0.6898334290637564
697 0.6932797242963814
698 0.6892590465249856
699 0.6973004020677771
700 0.6917480375263259
