1 0.0003829216925138809
2 0.0007658433850277618
3 0.0009573042312847023
4 0.0009573042312847023
5 0.0015316867700555237
6 0.002488991001340226
7 0.0022975301550832855
8 0.0026804518475971664
9 0.0036377560788818687
10 0.005169442848937392
11 0.005169442848937392
12 0.006509668772735976
13 0.007849894696534559
14 0.009955964005360904
15 0.011104729082902547
16 0.015125406854298296
17 0.017997319548152403
18 0.019337545471950986
19 0.021635075627034272
20 0.022400919012062034
21 0.023741144935860617
22 0.026421596783457783
23 0.028336205246027188
24 0.031782500478652116
25 0.03465441317250622
26 0.03752632586636033
27 0.04001531686770055
28 0.0421213861765269
29 0.044993298870381004
30 0.04805667241049205
31 0.05073712425808922
32 0.053417576105686385
33 0.05782117556959602
34 0.060118705724679304
35 0.06299061841853341
36 0.06490522688110281
37 0.06873444380624162
38 0.07218073903886656
39 0.07332950411640819
40 0.07466973004020677
41 0.07486119088646372
42 0.07658433850277618
43 0.07869040781160253
44 0.08098793796668581
45 0.08290254642925522
46 0.08577445912310933
47 0.08845491097070649
48 0.08960367604824813
49 0.09515604058969941
50 0.09573042312847023
51 0.0961133448209841
52 0.09821941412981046
53 0.10185717020869232
54 0.10530346544131725
55 0.10779245644265747
56 0.11008998659774076
57 0.11334482098410875
58 0.1164081945242198
59 0.11947156806433085
60 0.12425808922075436
61 0.125406854298296
62 0.12483247175952518
63 0.12942753206969174
64 0.1315336013785181
65 0.13306528814857363
66 0.13555427914991383
67 0.14187248707639288
68 0.1420639479226498
69 0.14263833046142063
70 0.14685046907907334
71 0.1495309209266705
72 0.15125406854298296
73 0.15584912885314953
74 0.15910396323951753
75 0.15929542408577446
76 0.1617844150871147
77 0.16484778862722574
78 0.16733677962856597
79 0.17135745739996172
80 0.17901589125023934
81 0.1820792647903504
82 0.18227072563660732
83 0.1826536473291212
84 0.1916523071031974
85 0.1939498372582807
86 0.19663028910587785
87 0.19892781926096115
88 0.20179973195481524
89 0.20467164464866935
90 0.2035228795711277
91 0.21003254834386367
92 0.21271300019146083
93 0.21577637373157188
94 0.21692513880911354
95 0.22152019911928011
96 0.22592379858318973
97 0.22688110281447443
98 0.22994447635458548
99 0.23224200650966878
100 0.23262492820218264
101 0.23339077158721042
102 0.23358223243346735
103 0.23702852766609228
104 0.24487842236262683
105 0.2456442657476546
106 0.25157955198161974
107 0.25445146467547386
108 0.257323377369328
109 0.25770629906184184
110 0.26057821175569595
111 0.2592379858318974
112 0.2628757419107792
113 0.2655561937583764
114 0.26670495883591805
115 0.2678537239134597
116 0.2707256366073138
117 0.27551215776373733
118 0.2785755313038484
119 0.27914991384261917
120 0.2795328355351331
121 0.28355351330652884
122 0.28183036569021636
123 0.2816389048439594
124 0.2806816006126747
125 0.2831705916140149
126 0.2820218265364733
127 0.2858510434616121
128 0.29044610377177865
129 0.2935094773118897
130 0.2938923990044036
131 0.29657285085200075
132 0.29829599846831323
133 0.29791307677579937
134 0.30174229370093814
135 0.30365690216350755
136 0.3042312847022784
137 0.31112387516752826
138 0.31074095347501435
139 0.3138043270151254
140 0.31016657093624356
141 0.31246410109132683
142 0.31208117939881297
143 0.31208117939881297
144 0.31246410109132683
145 0.3191652307103197
146 0.3193566915565767
147 0.31610185717020867
148 0.3226115259429447
149 0.32050545663411834
150 0.3226115259429447
151 0.3185908481715489
152 0.3210798391728891
153 0.32318590848171547
154 0.3245261344055141
155 0.32758950794562514
156 0.32950411640819455
157 0.33007849894696534
158 0.33543940264215966
159 0.3360137851809305
160 0.3388856978747846
161 0.34424660156997894
162 0.3430978364924373
163 0.3455868274937775
164 0.3429063756461804
165 0.3448209841087498
166 0.344055140723722
167 0.3436722190312081
168 0.344055140723722
169 0.344055140723722
170 0.34252345395366646
171 0.34194907141489567
172 0.3450124449550067
173 0.3501818878039441
174 0.35037334865020103
175 0.3555427914991384
176 0.35573425234539535
177 0.35669155657668006
178 0.3605207735018189
179 0.357074478269194
180 0.3591805475780203
181 0.3624353819643883
182 0.35937200842427725
183 0.36090369519433274
184 0.36320122534941607
185 0.3641585295807008
186 0.36703044227455484
187 0.36645605973578405
188 0.36703044227455484
189 0.36932797242963816
190 0.3739230327398047
191 0.37507179781734634
192 0.37794371051120046
193 0.38062416235879765
194 0.3819643882825962
195 0.3863679877465058
196 0.38655944859276276
197 0.38923990044035994
198 0.3915374305954432
199 0.39460080413555426
200 0.3995787861382347
201 0.39862148190695
202 0.3995787861382347
203 0.3965154125981237
204 0.3957495692130959
205 0.40111047290829027
206 0.4003446295232625
207 0.40340800306337354
208 0.40149339460080413
209 0.40532261152594296
210 0.4055140723721999
211 0.41393834960750525
212 0.41681026230135937
213 0.4152785755313039
214 0.41910779245644264
215 0.417959027378901
216 0.4198736358414704
217 0.42197970515029676
218 0.4215967834577829
219 0.4233199310740953
220 0.42561746122917865
221 0.42542600038292167
222 0.4284893739230327
223 0.43519050354202565
224 0.43710511200459506
225 0.4349990426957687
226 0.4348075818495118
227 0.4328929733869424
228 0.43327589507945624
229 0.43595634692705343
230 0.43346735592571317
231 0.4311698257706299
232 0.43174420830940075
233 0.437296572850852
234 0.4346161210032548
235 0.4374880336971089
236 0.43346735592571317
237 0.43423319931074095
238 0.43519050354202565
239 0.4367221903120812
240 0.44035994639096304
241 0.4401684855447061
242 0.44304039823856023
243 0.443614780777331
244 0.447061076009956
245 0.4497415278575531
246 0.4478269193949837
247 0.45184759716637946
248 0.4541451273214628
249 0.4577828834003446
250 0.4623779437105112
251 0.46314378709553894
252 0.4612291786329696
253 0.4614206394792265
254 0.4646754738655945
255 0.4690790733295041
256 0.4646754738655945
257 0.469461995022018
258 0.46793030825196247
259 0.46831322994447633
260 0.47118514263833045
261 0.4742485161784415
262 0.4704192992533027
263 0.47118514263833045
264 0.4719509860233582
265 0.47252536856212907
266 0.475971663794754
267 0.4761631246410109
268 0.4755887421022401
269 0.4794179590273789
270 0.4832471759525177
271 0.48382155849128855
272 0.4851617844150871
273 0.4893739230327398
274 0.4868849320313996
275 0.488608079647712
276 0.48458740187631627
277 0.48918246218648287
278 0.4935860616503925
279 0.4964579743442466
280 0.49416044418916333
281 0.4956921309592188
282 0.48994830557151064
283 0.49416044418916333
284 0.5000957304231285
285 0.501627417193184
286 0.501627417193184
287 0.5069883208883783
288 0.5031591039632395
289 0.5041164081945242
290 0.5056480949645797
291 0.5023932605782118
292 0.4964579743442466
293 0.4935860616503925
294 0.4928202182653647
295 0.49243729657285085
296 0.4949262875741911
297 0.4945433658816772
298 0.4974152785755313
299 0.49703235688301745
300 0.49760673942178824
301 0.5006701129618993
302 0.5066053991958644
303 0.5117748420448018
304 0.5134979896611143
305 0.5102431552747463
306 0.5104346161210033
307 0.5094773118897186
308 0.5106260769672601
309 0.5140723721998851
310 0.517710128278767
311 0.5224966494351905
312 0.5232624928202183
313 0.5261344055140724
314 0.5249856404365307
315 0.5284319356691557
316 0.5246027187440169
317 0.5270917097453571
318 0.5291977790541834
319 0.5314953092092667
320 0.5355159869806625
321 0.530729465824239
322 0.5295807007466973
323 0.5362818303656902
324 0.5418341949071415
325 0.5351330652881485
326 0.5351330652881485
327 0.5418341949071415
328 0.5447061076009956
329 0.5504499329887038
330 0.5504499329887038
331 0.5521730806050162
332 0.5567681409151829
333 0.5588742102240092
334 0.5569596017614398
335 0.5573425234539536
336 0.5581083668389815
337 0.5596400536090369
338 0.5613632012253494
339 0.5653838789967451
340 0.5680643308443424
341 0.5674899483055715
342 0.5682557916905993
343 0.5665326440742868
344 0.5672984874593145
345 0.5650009573042313
346 0.5651924181504883
347 0.5684472525368562
348 0.5695960176143978
349 0.5739996170783075
350 0.5734252345395366
351 0.5705533218456825
352 0.5761056863871339
353 0.5766800689259046
354 0.5757227646946199
355 0.585295807007467
356 0.5831897376986406
357 0.5847214244686961
358 0.5883591805475781
359 0.5906567107026613
360 0.5895079456251197
361 0.588550641393835
362 0.5927627800114876
363 0.5956346927053418
364 0.5906567107026613
365 0.5881677197013211
366 0.5898908673176335
367 0.5912310932414321
368 0.585487267853724
369 0.5895079456251197
370 0.5919969366264599
371 0.585487267853724
372 0.5839555810836684
373 0.5812751292360713
374 0.585487267853724
375 0.5877847980088072
376 0.5856787286999808
377 0.5910396323951752
378 0.5908481715489182
379 0.5904652498564044
380 0.5879762588550641
381 0.5896994064713766
382 0.581849511774842
383 0.5843385027761823
384 0.594868849320314
385 0.5908481715489182
386 0.5900823281638905
387 0.5990809879379667
388 0.598123683706682
389 0.5985066053991959
390 0.601187057246793
391 0.6038675090943902
392 0.5985066053991959
393 0.5954432318590848
394 0.5950603101665709
395 0.601187057246793
396 0.6069308826345012
397 0.6119088646371817
398 0.6161210032548344
399 0.6145893164847789
400 0.6147807773310358
401 0.6115259429446678
402 0.6111430212521539
403 0.6061650392494735
404 0.6088454910970706
405 0.6130576297147233
406 0.6161210032548344
407 0.6203331418724871
408 0.6199502201799731
409 0.6159295424085774
410 0.6134405514072372
411 0.6170783074861191
412 0.6155466207160636
413 0.6134405514072372
414 0.6130576297147233
415 0.6117174037909248
416 0.6147807773310358
417 0.6157380815623205
418 0.6199502201799731
419 0.620524602718744
420 0.6218648286425426
421 0.6178441508711469
422 0.6184185334099177
423 0.6209075244112578
424 0.6199502201799731
425 0.6247367413363967
426 0.6291403408003063
427 0.6322037143404173
428 0.633161018571702
429 0.636798774650584
430 0.636607313804327
431 0.6325866360329313
432 0.6320122534941605
433 0.636798774650584
434 0.6427340608845491
435 0.6412023741144935
436 0.6438828259620908
437 0.6434999042695768
438 0.6423511391920352
439 0.6448401301933755
440 0.6440742868083477
441 0.6507754164273406
442 0.6530729465824239
443 0.656136320122535
444 0.6540302508137086
445 0.6542217116599656
446 0.6542217116599656
447 0.655944859276278
448 0.6574765460463335
449 0.6582423894313613
450 0.6609228412789585
451 0.6601569978939307
452 0.6605399195864445
453 0.6580509285851044
454 0.656136320122535
455 0.6521156423511392
456 0.6519241815048823
457 0.6521156423511392
458 0.6450315910396324
459 0.6438828259620908
460 0.6415852958070075
461 0.6419682174995214
462 0.6406279915757228
463 0.6406279915757228
464 0.6434999042695768
465 0.6402450698832088
466 0.6442657476546046
467 0.6465632778096879
468 0.6511583381198545
469 0.65269002488991
470 0.6488608079647712
471 0.6570936243538197
472 0.656136320122535
473 0.6576680068925904
474 0.6597740762014168
475 0.6645605973578403
476 0.6649435190503542
477 0.6645605973578403
478 0.6653264407428681
479 0.6659008232816389
480 0.6628374497415278
481 0.659199693662646
482 0.659391154508903
483 0.6601569978939307
484 0.6632203714340418
485 0.6628374497415278
486 0.6574765460463335
487 0.6570936243538197
488 0.6672410492054375
489 0.6643691365115834
490 0.6626459888952709
491 0.6637947539728125
492 0.6636032931265556
493 0.6710702661305763
494 0.6731763354394027
495 0.675473865594486
496 0.6741336396706873
497 0.6766226306720275
498 0.6770055523645414
499 0.6771970132107984
500 0.675282404748229
501 0.6808347692896802
502 0.6796860042121387
503 0.675282404748229
504 0.6708788052843193
505 0.6731763354394027
506 0.675282404748229
507 0.6741336396706873
508 0.6764311698257707
509 0.6802603867509094
510 0.6794945433658817
511 0.6819835343672219
512 0.6777713957495692
513 0.6806433084434234
514 0.6844725253685622
515 0.684663986214819
516 0.6802603867509094
517 0.6817920735209649
518 0.6827493777522496
519 0.6825579169059928
520 0.6817920735209649
521 0.6844725253685622
522 0.6814091518284511
523 0.6867700555236455
524 0.6875358989086732
525 0.6892590465249856
526 0.6873444380624162
527 0.6833237602910205
528 0.678728699980854
529 0.6775799349033123
530 0.6775799349033123
531 0.6789201608271108
532 0.6833237602910205
533 0.6798774650583955
534 0.6794945433658817
535 0.6842810645223052
536 0.6883017422937009
537 0.6936626459888953
538 0.691556576680069
539 0.688110281447444
540 0.6890675856787287
541 0.691556576680069
542 0.6921309592188397
543 0.691556576680069
544 0.6921309592188397
545 0.6961516369902355
546 0.6961516369902355
547 0.6967260195290064
548 0.6951943327589508
549 0.6900248899100134
550 0.6858127512923607
551 0.6905992724487843
552 0.6904078116025273
553 0.6888761248324717
554 0.6840896036760482
555 0.6940455676814091
556 0.6896419682174996
557 0.6898334290637564
558 0.694811411066437
559 0.6942370285276661
560 0.6902163507562703
561 0.6867700555236455
562 0.6835152211372775
563 0.6798774650583955
564 0.675282404748229
565 0.6741336396706873
566 0.6678154317442083
567 0.6662837449741528
568 0.6703044227455486
569 0.6724104920543749
570 0.6714531878230902
571 0.672027570361861
572 0.6777713957495692
573 0.6748994830557151
574 0.6812176909821941
575 0.6766226306720275
576 0.678537239134597
577 0.684663986214819
578 0.6831322994447635
579 0.6796860042121387
580 0.6810262301359372
581 0.6802603867509094
582 0.6827493777522496
583 0.6837066819835343
584 0.6886846639862149
585 0.6921309592188397
586 0.6950028719126938
587 0.6971089412215202
588 0.6936626459888953
589 0.6905992724487843
590 0.694428489373923
591 0.6963430978364924
592 0.6892590465249856
593 0.6892590465249856
594 0.6928968026038675
595 0.6863871338311315
596 0.6871529772161593
597 0.6871529772161593
598 0.6890675856787287
599 0.6884932031399579
600 0.6854298295998469
601 0.6877273597549302
602 0.6873444380624162
603 0.6877273597549302
604 0.6863871338311315
605 0.6902163507562703
606 0.6884932031399579
607 0.6838981428297913
608 0.6842810645223052
609 0.6902163507562703
610 0.6871529772161593
611 0.6951943327589508
612 0.6927053417576106
613 0.6974918629140341
614 0.6984491671453188
615 0.7020869232242006
616 0.6997893930691174
617 0.6953857936052077
618 0.694428489373923
619 0.6995979322228604
620 0.7028527666092285
621 0.7047673750717978
622 0.707256366073138
623 0.7070649052268811
624 0.710511200459506
625 0.7114685046907907
626 0.707447826919395
627 0.7043844533792839
628 0.7059161401493395
629 0.707447826919395
630 0.7057246793030825
631 0.707447826919395
632 0.70400153168677
633 0.6997893930691174
634 0.7036186099942562
635 0.7043844533792839
636 0.7038100708405132
637 0.7038100708405132
638 0.7032356883017423
639 0.7047673750717978
640 0.7036186099942562
641 0.7061076009955964
642 0.7028527666092285
643 0.7024698449167145
644 0.7011296189929159
645 0.6990235496840896
646 0.6965345586827494
647 0.6909821941412981
648 0.6925138809113536
649 0.6900248899100134
650 0.6896419682174996
651 0.691173654987555
652 0.6867700555236455
653 0.6821749952134788
654 0.6896419682174996
655 0.6875358989086732
656 0.687918820601187
657 0.6921309592188397
658 0.6925138809113536
659 0.6907907332950411
660 0.6961516369902355
661 0.6923224200650967
662 0.697874784606548
663 0.6919394983725828
664 0.6925138809113536
665 0.6886846639862149
666 0.6816006126747081
667 0.6884932031399579
668 0.6856212904461038
669 0.6930882634501244
670 0.6990235496840896
671 0.6984491671453188
672 0.6932797242963814
673 0.691365115833812
674 0.694811411066437
675 0.6965345586827494
676 0.6969174803752632
677 0.694428489373923
678 0.6917480375263259
679 0.6936626459888953
680 0.6928968026038675
681 0.6925138809113536
682 0.6925138809113536
683 0.6950028719126938
684 0.6936626459888953
685 0.6919394983725828
686 0.6936626459888953
687 0.694428489373923
688 0.6976833237602911
689 0.6973004020677771
690 0.69461995022018
691 0.688110281447444
692 0.6865785946773885
693 0.6835152211372775
694 0.6844725253685622
695 0.6858127512923607
696 0.6819835343672219
697 0.6869615163699023
698 0.6959601761439785
699 0.6883017422937009
700 0.6884932031399579
