1 0.0007658433850277618
2 0.0022975301550832855
3 0.003254834386367988
4 0.00402067777139575
5 0.005169442848937392
6 0.00842427723530538
7 0.008998659774076202
8 0.010338885697874785
9 0.011679111621673368
10 0.013019337545471951
11 0.014551024315527475
12 0.01684855447061076
13 0.018571702086923225
14 0.019529006318207927
15 0.019720467164464867
16 0.02067777139574957
17 0.021635075627034272
18 0.022975301550832855
19 0.02450698832088838
20 0.0250813708596592
21 0.027187440168485545
22 0.02929350947731189
23 0.030442274554853533
24 0.03293126555619376
25 0.035228795711277044
26 0.03714340417384645
27 0.03886655179015891
28 0.04039823856021443
29 0.04346161210032548
30 0.04614206394792265
31 0.049588359180547575
32 0.05265173272065862
33 0.05609802795328355
34 0.05782117556959602
35 0.061076009955964
36 0.06165039249473483
37 0.06260769672601953
38 0.06701129618992915
39 0.06969174803752633
40 0.07275512157763737
41 0.07600995596400537
42 0.07830748611908865
43 0.07907332950411641
44 0.08098793796668581
45 0.08290254642925522
46 0.08692322420065096
47 0.08845491097070649
48 0.09017805858701895
49 0.09381581466590082
50 0.09592188397472717
51 0.09764503159103963
52 0.0993681792073521
53 0.10166570936243538
54 0.10262301359372009
55 0.10434616121003255
56 0.10855829982768524
57 0.10970706490522689
58 0.1135362818303657
59 0.11257897759908099
60 0.11564235113919204
61 0.11755695960176143
62 0.12081179398812943
63 0.12291786329695577
64 0.12483247175952518
65 0.12751292360712235
66 0.12847022783840706
67 0.13172506222477504
68 0.13459697491862915
69 0.13555427914991383
70 0.13785180930499713
71 0.13976641776756654
72 0.14187248707639288
73 0.14397855638521923
74 0.14799923415661498
75 0.15029676431169825
76 0.15067968600421214
77 0.15374305954432319
78 0.15374305954432319
79 0.15776373731571894
80 0.1600612674708022
81 0.1623587976258855
82 0.16733677962856597
83 0.16829408385985067
84 0.17059161401493395
85 0.16963430978364924
86 0.1723147616312464
87 0.17346352670878806
88 0.17825004786521156
89 0.18322802986789202
90 0.18533409917671836
91 0.18495117748420448
92 0.19012062033314187
93 0.19184376794945435
94 0.19471568064330844
95 0.19911928010721808
96 0.20313995787861383
97 0.20409726210989854
98 0.20716063565000958
99 0.21098985257514838
100 0.21424468696151636
101 0.2129044610377178
102 0.21405322611525943
103 0.21654221711659966
104 0.21692513880911354
105 0.21807390388665518
106 0.2205628948879954
107 0.22171165996553704
108 0.22209458165805093
109 0.22496649435190502
110 0.22400919012062034
111 0.22132873827302316
112 0.22420065096687727
113 0.22745548535324525
114 0.23013593720084244
115 0.234730997511009
116 0.23683706681983535
117 0.2376029102048631
118 0.24162358797625885
119 0.2456442657476546
120 0.2523453953666475
121 0.2533026995979322
122 0.24794179590273788
123 0.2536856212904461
124 0.2556002297530155
125 0.25713191652307105
126 0.25904652498564046
127 0.2609611334482098
128 0.2609611334482098
129 0.2628757419107792
130 0.2674708022209458
131 0.2697683323760291
132 0.2804901397664178
133 0.2848937392303274
134 0.28527666092284126
135 0.28968026038675093
136 0.2912119471568064
137 0.29408385985066055
138 0.29599846831322996
139 0.2996362243921118
140 0.30116791116216735
141 0.30116791116216735
142 0.3000191460846257
143 0.2963813900057438
144 0.29753015508328545
145 0.3015508328546812
146 0.3019337545471951
147 0.3038483630097645
148 0.30538004977982003
149 0.31169825770629905
150 0.318399387325292
151 0.3155274746314379
152 0.3185908481715489
153 0.3203139957878614
154 0.3212713000191461
155 0.32203714340417383
156 0.32299444763545854
157 0.32433467355925716
158 0.32835535133065286
159 0.3281638904843959
160 0.3281638904843959
161 0.3296955772544515
162 0.32854681217690984
163 0.3333333333333333
164 0.33486502010338887
165 0.32950411640819455
166 0.33486502010338887
167 0.33563086348841664
168 0.33371625502584723
169 0.331227264024507
170 0.32854681217690984
171 0.33046142063947925
172 0.3321845682557917
173 0.33486502010338887
174 0.3404173846448401
175 0.34443806241623587
176 0.3446295232624928
177 0.34807581849511776
178 0.35152211372774267
179 0.35841470419299254
180 0.360137851809305
181 0.3580317825004787
182 0.3626268428106452
183 0.3651158338119854
184 0.3651158338119854
185 0.36569021635075627
186 0.3668389814282979
187 0.36645605973578405
188 0.3677962856595826
189 0.3687535898908673
190 0.3712425808922075
191 0.3710511200459506
192 0.3739230327398047
193 0.38158146659008235
194 0.38043270151254066
195 0.3785180930499713
196 0.3781351713574574
197 0.3819643882825962
198 0.3823473099751101
199 0.3808156232050546
200 0.37966685812751294
201 0.38024124066628373
202 0.3823473099751101
203 0.38158146659008235
204 0.38598506605399197
205 0.3888569787478461
206 0.3888569787478461
207 0.38828259620907524
208 0.38751675282404746
209 0.3900057438253877
210 0.39383496075052654
211 0.39555810836683897
212 0.39632395175186674
213 0.3978556385219223
214 0.39728125598315145
215 0.39881294275320694
216 0.40264215967834577
217 0.4064713766034846
218 0.40876890675856786
219 0.40685429829599845
220 0.405131150679686
221 0.4093432892973387
222 0.4091518284510818
223 0.4131725062224775
224 0.41757610568638714
225 0.41393834960750525
226 0.4137468887612483
227 0.41432127130001917
228 0.41757610568638714
229 0.41432127130001917
230 0.4196821749952135
231 0.4187248707639288
232 0.42197970515029676
233 0.4233199310740953
234 0.42619184376794944
235 0.4235113919203523
236 0.42523453953666474
237 0.42389431361286617
238 0.4282979130767758
239 0.4328929733869424
240 0.43002106069308826
241 0.4292552173080605
242 0.43002106069308826
243 0.43002106069308826
244 0.4273406088454911
245 0.42714914799923415
246 0.42753206969174806
247 0.42887229561554663
248 0.43327589507945624
249 0.44055140723721997
250 0.4426574765460463
251 0.443614780777331
252 0.4428489373923033
253 0.44304039823856023
254 0.44055140723721997
255 0.44495500670112964
256 0.44591231093241435
257 0.44667815431744207
258 0.44514646754738657
259 0.45203905801263644
260 0.4514646754738656
261 0.45108175378135174
262 0.44744399770246984
263 0.4485927627800115
264 0.45223051885889337
265 0.45357074478269194
266 0.4543365881677197
267 0.45969749186291403
268 0.4551024315527475
269 0.4614206394792265
270 0.4604633352479418
271 0.4637181696343098
272 0.46352670878805285
273 0.4685046907907333
274 0.47252536856212907
275 0.472716829408386
276 0.4780777331035803
277 0.4780777331035803
278 0.47960941987363587
279 0.4788435764886081
280 0.47635458548726783
281 0.47405705533218456
282 0.4742485161784415
283 0.4746314378709554
284 0.4704192992533027
285 0.4717595251771013
286 0.4734826727934138
287 0.4736741336396707
288 0.48094964579743443
289 0.48248133256748993
290 0.4832471759525177
291 0.4826727934137469
292 0.4842044801838024
293 0.4878422362626843
294 0.49339460080413555
295 0.49530920926670496
296 0.49856404365307294
297 0.5014359563469271
298 0.5052651732720659
299 0.5067968600421214
300 0.504882251579552
301 0.5056480949645797
302 0.5077541642734061
303 0.5050737124258089
304 0.5073712425808922
305 0.511391920352288
306 0.5089029293509477
307 0.5110089986597741
308 0.5119663028910588
309 0.5125406854298296
310 0.5142638330461421
311 0.5179015891250239
312 0.5161784415087115
313 0.5163699023549684
314 0.5246027187440169
315 0.5278575531303848
316 0.5328355351330653
317 0.5378135171357458
318 0.5381964388282596
319 0.5339843002106069
320 0.5311123875167528
321 0.5311123875167528
322 0.5410683515221137
323 0.546812176909822
324 0.5510243155274747
325 0.5487267853723914
326 0.553130384836301
327 0.549875550449933
328 0.5479609419873636
329 0.5460463335247941
330 0.5460463335247941
331 0.5493011679111621
332 0.5525560022975301
333 0.5569596017614398
334 0.5515986980662455
335 0.5558108366838982
336 0.5552364541451273
337 0.5558108366838982
338 0.5515986980662455
339 0.5523645414512732
340 0.5537047673750718
341 0.5573425234539536
342 0.5556193758376412
343 0.5542791499138426
344 0.5563852192226689
345 0.5588742102240092
346 0.5581083668389815
347 0.5571510626076968
348 0.5565766800689259
349 0.5535133065288148
350 0.5565766800689259
351 0.5525560022975301
352 0.5581083668389815
353 0.5611717403790925
354 0.5615546620716063
355 0.5640436530729466
356 0.5663411832280298
357 0.5671070266130577
358 0.5682557916905993
359 0.5747654604633352
360 0.575339843002106
361 0.5808922075435573
362 0.5860616503924947
363 0.5833811985448976
364 0.5789775990809879
365 0.5801263641585296
366 0.5776373731571893
367 0.5803178250047866
368 0.5784032165422172
369 0.5795519816197587
370 0.5906567107026613
371 0.5862531112387517
372 0.5835726593911545
373 0.5877847980088072
374 0.594677388474057
375 0.5918054757802029
376 0.5919969366264599
377 0.5929542408577446
378 0.5935286233965155
379 0.5950603101665709
380 0.5902737890101474
381 0.5895079456251197
382 0.5937200842427723
383 0.5986980662454529
384 0.597932222860425
385 0.5992724487842236
386 0.5985066053991959
387 0.6002297530155083
388 0.6036760482481333
389 0.6053991958644457
390 0.604441891633161
391 0.604824813325675
392 0.6040589699406471
393 0.6094198736358415
394 0.6061650392494735
395 0.604633352479418
396 0.5994639096304806
397 0.598123683706682
398 0.6025272831705916
399 0.6019529006318208
400 0.6065479609419874
401 0.6038675090943902
402 0.6031016657093624
403 0.6015699789393069
404 0.604633352479418
405 0.607696726019529
406 0.6080796477120429
407 0.6099942561746123
408 0.6023358223243347
409 0.6063565000957304
410 0.5967834577828834
411 0.5983151445529389
412 0.5990809879379667
413 0.5994639096304806
414 0.604633352479418
415 0.6055906567107027
416 0.6025272831705916
417 0.6031016657093624
418 0.6071223434807582
419 0.6115259429446678
420 0.6115259429446678
421 0.6178441508711469
422 0.6186099942561746
423 0.6155466207160636
424 0.6210989852575148
425 0.6235879762588551
426 0.6243538196438828
427 0.6262684281064522
428 0.6241623587976259
429 0.6276086540302508
430 0.6283744974152786
431 0.6316293318016466
432 0.6293318016465633
433 0.6323951751866743
434 0.6323951751866743
435 0.6320122534941605
436 0.6314378709553896
437 0.6356500095730423
438 0.6396706873444381
439 0.640053609036952
440 0.6394792264981811
441 0.6413938349607505
442 0.6404365307294658
443 0.6446486693471185
444 0.6421596783457783
445 0.6461803561171741
446 0.6413938349607505
447 0.6413938349607505
448 0.6377560788818687
449 0.6402450698832088
450 0.6425426000382922
451 0.643116982577063
452 0.6463718169634309
453 0.6450315910396324
454 0.6427340608845491
455 0.6423511391920352
456 0.6475205820409726
457 0.6479035037334865
458 0.6488608079647712
459 0.655753398430021
460 0.6505839555810836
461 0.6515412598123683
462 0.6544131725062224
463 0.6549875550449933
464 0.6511583381198545
465 0.6509668772735976
466 0.6507754164273406
467 0.6461803561171741
468 0.6433084434233199
469 0.6448401301933755
470 0.6471376603484588
471 0.6542217116599656
472 0.652498564043653
473 0.6500095730423129
474 0.6584338502776182
475 0.6563277809687919
476 0.6536473291211947
477 0.6475205820409726
478 0.6456059735784032
479 0.6456059735784032
480 0.6440742868083477
481 0.6454145127321462
482 0.6500095730423129
483 0.652881485736167
484 0.6473291211947156
485 0.6503924947348267
486 0.65269002488991
487 0.6515412598123683
488 0.656136320122535
489 0.6588167719701321
490 0.6549875550449933
491 0.6565192418150488
492 0.6540302508137086
493 0.65269002488991
494 0.6505839555810836
495 0.6540302508137086
496 0.6547960941987364
497 0.6570936243538197
498 0.6599655370476738
499 0.6628374497415278
500 0.6628374497415278
501 0.6680068925904652
502 0.6714531878230902
503 0.6660922841278959
504 0.6703044227455486
505 0.6710702661305763
506 0.6735592571319166
507 0.6770055523645414
508 0.6800689259046525
509 0.6727934137468887
510 0.675282404748229
511 0.6737507179781734
512 0.6762397089795137
513 0.6779628565958261
514 0.6733677962856596
515 0.6747080222094581
516 0.6771970132107984
517 0.6735592571319166
518 0.672219031208118
519 0.6773884740570554
520 0.6793030825196248
521 0.6808347692896802
522 0.6819835343672219
523 0.6766226306720275
524 0.6758567872869998
525 0.6714531878230902
526 0.6735592571319166
527 0.6739421788244304
528 0.6760482481332567
529 0.6739421788244304
530 0.6775799349033123
531 0.6869615163699023
532 0.6875358989086732
533 0.6900248899100134
534 0.687918820601187
535 0.6886846639862149
536 0.6883017422937009
537 0.6886846639862149
538 0.6816006126747081
539 0.6838981428297913
540 0.6892590465249856
541 0.6861956729848746
542 0.6838981428297913
543 0.6840896036760482
544 0.6861956729848746
545 0.6800689259046525
546 0.6781543174420831
547 0.6814091518284511
548 0.6842810645223052
549 0.6829408385985066
550 0.6842810645223052
551 0.6890675856787287
552 0.688110281447444
553 0.6898334290637564
554 0.6835152211372775
555 0.6909821941412981
556 0.6892590465249856
557 0.6917480375263259
558 0.6963430978364924
559 0.6942370285276661
560 0.6959601761439785
561 0.6940455676814091
562 0.6902163507562703
563 0.6867700555236455
564 0.6831322994447635
565 0.6766226306720275
566 0.6812176909821941
567 0.6825579169059928
568 0.6838981428297913
569 0.678728699980854
570 0.6775799349033123
571 0.6840896036760482
572 0.6816006126747081
573 0.6762397089795137
574 0.6762397089795137
575 0.6781543174420831
576 0.6842810645223052
577 0.6833237602910205
578 0.6852383687535899
579 0.6863871338311315
580 0.6852383687535899
581 0.6877273597549302
582 0.6873444380624162
583 0.6904078116025273
584 0.6871529772161593
585 0.6844725253685622
586 0.6856212904461038
587 0.684855447061076
588 0.6873444380624162
589 0.6871529772161593
590 0.6831322994447635
591 0.6825579169059928
592 0.6804518475971664
593 0.6831322994447635
594 0.6816006126747081
595 0.6905992724487843
596 0.6873444380624162
597 0.688110281447444
598 0.6900248899100134
599 0.6865785946773885
600 0.6900248899100134
601 0.6884932031399579
602 0.6896419682174996
603 0.6865785946773885
604 0.6875358989086732
605 0.6934711851426383
606 0.6902163507562703
607 0.687918820601187
608 0.6840896036760482
609 0.6873444380624162
610 0.6838981428297913
611 0.6863871338311315
612 0.6907907332950411
613 0.6854298295998469
614 0.688110281447444
615 0.6865785946773885
616 0.688110281447444
617 0.6873444380624162
618 0.6861956729848746
619 0.6821749952134788
620 0.6773884740570554
621 0.6793030825196248
622 0.6739421788244304
623 0.6733677962856596
624 0.672219031208118
625 0.6745165613632013
626 0.6814091518284511
627 0.6825579169059928
628 0.6833237602910205
629 0.6869615163699023
630 0.6886846639862149
631 0.6871529772161593
632 0.684855447061076
633 0.6838981428297913
634 0.6861956729848746
635 0.6833237602910205
636 0.6798774650583955
637 0.6835152211372775
638 0.6817920735209649
639 0.687918820601187
640 0.6856212904461038
641 0.691556576680069
642 0.6900248899100134
643 0.6905992724487843
644 0.694428489373923
645 0.6953857936052077
646 0.6980662454528049
647 0.7011296189929159
648 0.6992150105303465
649 0.700938158146659
650 0.6974918629140341
651 0.6995979322228604
652 0.7030442274554853
653 0.7036186099942562
654 0.7084051311506797
655 0.7110855829982768
656 0.7089795136894506
657 0.7080222094581659
658 0.7038100708405132
659 0.7034271491479992
660 0.7057246793030825
661 0.710511200459506
662 0.7091709745357074
663 0.7062990618418533
664 0.7036186099942562
665 0.6997893930691174
666 0.7017040015316868
667 0.7045759142255409
668 0.69461995022018
669 0.6951943327589508
670 0.7005552364541451
671 0.6982577062990618
672 0.7001723147616312
673 0.7049588359180547
674 0.7011296189929159
675 0.7032356883017423
676 0.7059161401493395
677 0.7068734443806242
678 0.70400153168677
679 0.7057246793030825
680 0.7068734443806242
681 0.7049588359180547
682 0.700938158146659
683 0.7013210798391729
684 0.6982577062990618
685 0.7011296189929159
686 0.7001723147616312
687 0.691556576680069
688 0.6902163507562703
689 0.691173654987555
690 0.6999808539153743
691 0.6930882634501244
692 0.6925138809113536
693 0.6909821941412981
694 0.6923224200650967
695 0.6923224200650967
696 0.6963430978364924
697 0.6927053417576106
698 0.6921309592188397
699 0.691365115833812
700 0.6963430978364924
