1 0.00019146084625694046
2 0.00019146084625694046
3 0.00019146084625694046
4 0.00019146084625694046
5 0.00019146084625694046
6 0.00019146084625694046
7 0.0003829216925138809
8 0.0005743825387708214
9 0.0005743825387708214
10 0.0005743825387708214
11 0.0005743825387708214
12 0.0003829216925138809
13 0.0005743825387708214
14 0.0005743825387708214
15 0.0005743825387708214
16 0.0005743825387708214
17 0.0005743825387708214
18 0.0003829216925138809
19 0.0003829216925138809
20 0.0003829216925138809
21 0.0003829216925138809
22 0.0003829216925138809
23 0.0003829216925138809
24 0.0003829216925138809
25 0.0003829216925138809
26 0.0003829216925138809
27 0.0003829216925138809
28 0.0003829216925138809
29 0.0005743825387708214
30 0.0003829216925138809
31 0.0007658433850277618
32 0.0007658433850277618
33 0.0005743825387708214
34 0.0007658433850277618
35 0.0007658433850277618
36 0.0007658433850277618
37 0.0009573042312847023
38 0.0007658433850277618
39 0.0007658433850277618
40 0.0007658433850277618
41 0.0007658433850277618
42 0.0007658433850277618
43 0.0007658433850277618
44 0.0009573042312847023
45 0.0011487650775416428
46 0.0011487650775416428
47 0.0013402259237985832
48 0.0013402259237985832
49 0.0019146084625694046
50 0.0019146084625694046
51 0.0019146084625694046
52 0.0019146084625694046
53 0.0019146084625694046
54 0.0019146084625694046
55 0.0017231476163124641
56 0.0017231476163124641
57 0.0017231476163124641
58 0.0017231476163124641
59 0.0017231476163124641
60 0.0015316867700555237
61 0.0015316867700555237
62 0.0015316867700555237
63 0.0013402259237985832
64 0.0013402259237985832
65 0.0011487650775416428
66 0.0009573042312847023
67 0.0011487650775416428
68 0.0011487650775416428
69 0.0013402259237985832
70 0.0011487650775416428
71 0.0013402259237985832
72 0.0011487650775416428
73 0.0011487650775416428
74 0.0011487650775416428
75 0.0013402259237985832
76 0.0013402259237985832
77 0.0015316867700555237
78 0.0017231476163124641
79 0.0017231476163124641
80 0.0017231476163124641
81 0.0019146084625694046
82 0.0019146084625694046
83 0.0019146084625694046
84 0.0019146084625694046
85 0.0022975301550832855
86 0.002488991001340226
87 0.002488991001340226
88 0.0026804518475971664
89 0.0026804518475971664
90 0.0026804518475971664
91 0.0026804518475971664
92 0.0026804518475971664
93 0.0026804518475971664
94 0.0026804518475971664
95 0.0026804518475971664
96 0.002871912693854107
97 0.0030633735401110473
98 0.0030633735401110473
99 0.0030633735401110473
100 0.002871912693854107
101 0.0026804518475971664
102 0.002488991001340226
103 0.002488991001340226
104 0.002871912693854107
105 0.003829216925138809
106 0.0036377560788818687
107 0.0036377560788818687
108 0.003829216925138809
109 0.003829216925138809
110 0.0044035994639096306
111 0.0044035994639096306
112 0.004595060310166571
113 0.00402067777139575
114 0.00402067777139575
115 0.003829216925138809
116 0.00402067777139575
117 0.00421213861765269
118 0.00402067777139575
119 0.003829216925138809
120 0.0044035994639096306
121 0.0044035994639096306
122 0.00421213861765269
123 0.004595060310166571
124 0.004595060310166571
125 0.005169442848937392
126 0.004977982002680452
127 0.005169442848937392
128 0.004977982002680452
129 0.005552364541451273
130 0.005552364541451273
131 0.006509668772735976
132 0.006701129618992916
133 0.0068925904652498565
134 0.006509668772735976
135 0.006701129618992916
136 0.0068925904652498565
137 0.0068925904652498565
138 0.0072755121577637374
139 0.0080413555427915
140 0.0080413555427915
141 0.00842427723530538
142 0.008998659774076202
143 0.009381581466590082
144 0.009764503159103963
145 0.010530346544131725
146 0.010721807390388666
147 0.010913268236645606
148 0.011104729082902547
149 0.011679111621673368
150 0.012062033314187249
151 0.011679111621673368
152 0.01263641585295807
153 0.013019337545471951
154 0.01263641585295807
155 0.013593720084242773
156 0.013593720084242773
157 0.013210798391728892
158 0.013210798391728892
159 0.013210798391728892
160 0.013785180930499713
161 0.014551024315527475
162 0.015699789393069118
163 0.015699789393069118
164 0.017422937009381582
165 0.018188780394409344
166 0.020103388856978748
167 0.02125215393452039
168 0.022783840704575915
169 0.024124066628374498
170 0.026421596783457783
171 0.028144744399770247
172 0.030250813708596593
173 0.03293126555619376
174 0.03446295232624928
175 0.035228795711277044
176 0.03714340417384645
177 0.03848363009764503
178 0.04097262109898526
179 0.04346161210032548
180 0.04422745548535324
181 0.04652498564043653
182 0.047865211564235115
183 0.05035420256557534
184 0.053417576105686385
185 0.055906567107026614
186 0.056672410492054376
187 0.0591614014933946
188 0.05992724487842236
189 0.06452230518858894
190 0.06854298295998468
191 0.07122343480758185
192 0.07275512157763737
193 0.07505265173272066
194 0.07773310358031782
195 0.08041355542791499
196 0.08539153743059544
197 0.08768906758567872
198 0.0874976067394218
199 0.09094390197204671
200 0.09553896228221329
201 0.09879379666858128
202 0.10166570936243538
203 0.10511200459506032
204 0.1064522305188589
205 0.10721807390388666
206 0.11277043844533793
207 0.11602527283170591
208 0.11813134214053227
209 0.12234348075818495
210 0.1273214627608654
211 0.1278958452996362
212 0.12942753206969174
213 0.13210798391728892
214 0.13593720084242772
215 0.13708596591996935
216 0.13900057438253877
217 0.13708596591996935
218 0.14225540876890677
219 0.14129810453762207
220 0.14512732146276086
221 0.1476163124641011
222 0.14972238177292743
223 0.15393452039058012
224 0.15776373731571894
225 0.1623587976258855
226 0.16389048439594103
227 0.1688684663986215
228 0.1698257706299062
229 0.17154891824621865
230 0.1749952134788436
231 0.17576105686387133
232 0.17729274363392686
233 0.17863296955772545
234 0.18303656902163506
235 0.18284510817537813
236 0.18341949071414895
237 0.1826536473291212
238 0.17997319548152402
239 0.18418533409917673
240 0.1887803944093433
241 0.1931839938732529
242 0.19529006318207925
243 0.19663028910587785
244 0.19567298487459314
245 0.20045950603101664
246 0.20218265364732912
247 0.20907524411257897
248 0.2115642351139192
249 0.21233007849894697
250 0.21558491288531495
251 0.22017997319548152
252 0.2234348075818495
253 0.2257323377369328
254 0.22745548535324525
255 0.2276469461995022
256 0.22994447635458548
257 0.22917863296955773
258 0.23205054566341182
259 0.2318590848171549
260 0.23511391920352287
261 0.24200650966877274
262 0.2456442657476546
263 0.2469844916714532
264 0.25196247367413366
265 0.25674899483055713
266 0.25674899483055713
267 0.25713191652307105
268 0.25770629906184184
269 0.26249282021826537
270 0.26057821175569595
271 0.26230135937200844
272 0.2626842810645223
273 0.2665134979896611
274 0.26766226306720275
275 0.27283170591614014
276 0.2758950794562512
277 0.27666092284127897
278 0.27895845299636224
279 0.2806816006126747
280 0.28259620907524413
281 0.28431935669155656
282 0.2902546429255217
283 0.2900631820792648
284 0.2910204863105495
285 0.2900631820792648
286 0.2963813900057438
287 0.29695577254451466
288 0.29753015508328545
289 0.29829599846831323
290 0.302316676239709
291 0.3015508328546812
292 0.3076775799349033
293 0.3115067968600421
294 0.31112387516752826
295 0.31265556193758376
296 0.30978364924372964
297 0.31342140532261153
298 0.31686770055523644
299 0.32299444763545854
300 0.3235688301742294
301 0.32931265556193756
302 0.3333333333333333
303 0.33486502010338887
304 0.3325674899483056
305 0.3333333333333333
306 0.33563086348841664
307 0.33716255025847214
308 0.33907715872104155
309 0.34271491479992344
310 0.3465441317250622
311 0.3497989661114302
312 0.34769289680260385
313 0.34884166188014554
314 0.3520964962665135
315 0.35228795711277044
316 0.3545854872678537
317 0.35611717403790927
318 0.35841470419299254
319 0.3626268428106452
320 0.3639670687344438
321 0.3662645988895271
322 0.36817920735209647
323 0.3748803369710894
324 0.37890101474248516
325 0.3781351713574574
326 0.37966685812751294
327 0.38024124066628373
328 0.38598506605399197
329 0.38694237028527667
330 0.39306911736549877
331 0.3961324909056098
332 0.3959410300593529
333 0.39862148190695
334 0.4041738464484013
335 0.40953475014359564
336 0.40493968983342904
337 0.4076201416810262
338 0.405131150679686
339 0.4032165422171166
340 0.4066628374497415
341 0.4081945242197971
342 0.41298104537622055
343 0.41585295807007466
344 0.4170017231476163
345 0.42044801838024126
346 0.421213861765269
347 0.4235113919203523
348 0.4284893739230327
349 0.4282979130767758
350 0.4305954432318591
351 0.42887229561554663
352 0.424468696151637
353 0.42427723530538003
354 0.4208309400727551
355 0.4225540876890676
356 0.42140532261152597
357 0.42044801838024126
358 0.4235113919203523
359 0.42389431361286617
360 0.4282979130767758
361 0.43078690407811604
362 0.4304039823856021
363 0.4311698257706299
364 0.434041738464484
365 0.434041738464484
366 0.4374880336971089
367 0.43767949454336585
368 0.44744399770246984
369 0.44667815431744207
370 0.44514646754738657
371 0.44323185908481716
372 0.4443806241623588
373 0.44380624162358795
374 0.4531878230901781
375 0.44935860616503925
376 0.4489756844725254
377 0.45376220562894887
378 0.44993298870381004
379 0.4524219797051503
380 0.45203905801263644
381 0.4558682749377752
382 0.45261344055140723
383 0.4558682749377752
384 0.4618035611717404
385 0.45835726593911547
386 0.4633352479417959
387 0.46678154317442083
388 0.469461995022018
389 0.472716829408386
390 0.4723339077158721
391 0.47578020294849704
392 0.47405705533218456
393 0.47731188971855254
394 0.4765460463335248
395 0.48094964579743443
396 0.4761631246410109
397 0.47405705533218456
398 0.475971663794754
399 0.4746314378709554
400 0.4765460463335248
401 0.47731188971855254
402 0.4755887421022401
403 0.4794179590273789
404 0.4794179590273789
405 0.4807581849511775
406 0.48114110664369136
407 0.47922649818112195
408 0.4771204288722956
409 0.4803752632586636
410 0.4780777331035803
411 0.4849703235688302
412 0.48535324526134405
413 0.48382155849128855
414 0.4851617844150871
415 0.48899100134022594
416 0.4932031399578786
417 0.49243729657285085
418 0.4956921309592188
419 0.4947348267279341
420 0.4972238177292744
421 0.49760673942178824
422 0.49779820026804517
423 0.49856404365307294
424 0.49856404365307294
425 0.5031591039632395
426 0.49875550449932987
427 0.5014359563469271
428 0.5012444955006701
429 0.5010530346544132
430 0.5031591039632395
431 0.5033505648094965
432 0.49856404365307294
433 0.5029676431169826
434 0.5033505648094965
435 0.5060310166570936
436 0.5075627034271492
437 0.5119663028910588
438 0.5123492245835727
439 0.5115833811985449
440 0.514646754738656
441 0.5157955198161975
442 0.5217308060501628
443 0.5194332758950795
444 0.5203905801263642
445 0.5180930499712809
446 0.5184759716637948
447 0.5234539536664752
448 0.5255600229753016
449 0.5267087880528432
450 0.5339843002106069
451 0.5345586827493778
452 0.5339843002106069
453 0.5332184568255792
454 0.5309209266704958
455 0.5324526134405514
456 0.5362818303656902
457 0.5362818303656902
458 0.5368562129044611
459 0.539919586444572
460 0.5414512732146276
461 0.540111047290829
462 0.5403025081370859
463 0.5378135171357458
464 0.5368562129044611
465 0.53379283936435
466 0.539919586444572
467 0.5391537430595443
468 0.5426000382921693
469 0.5443231859084817
470 0.5355159869806625
471 0.5351330652881485
472 0.5395366647520582
473 0.5403025081370859
474 0.5387708213670305
475 0.5462377943710511
476 0.5491097070649053
477 0.5483438636798774
478 0.5483438636798774
479 0.5504499329887038
480 0.5502584721424468
481 0.5542791499138426
482 0.5577254451464676
483 0.5563852192226689
484 0.5575339843002106
485 0.5542791499138426
486 0.559257131916523
487 0.5521730806050162
488 0.5515986980662455
489 0.5560022975301551
490 0.5623205054566341
491 0.5613632012253494
492 0.5623205054566341
493 0.5533218456825579
494 0.5533218456825579
495 0.5567681409151829
496 0.5588742102240092
497 0.5596400536090369
498 0.5636607313804327
499 0.566149722381773
500 0.5651924181504883
501 0.5690216350756271
502 0.5682557916905993
503 0.5695960176143978
504 0.5732337736932798
505 0.5697874784606548
506 0.5678728699980854
507 0.5667241049205437
508 0.5726593911545089
509 0.569213095921884
510 0.565766800689259
511 0.562894887995405
512 0.5571510626076968
513 0.5569596017614398
514 0.5560022975301551
515 0.5579169059927245
516 0.5630863488416619
517 0.5636607313804327
518 0.5655753398430021
519 0.5669155657668007
520 0.565958261535516
521 0.5688301742293701
522 0.5749569213095922
523 0.5701704001531687
524 0.5732337736932798
525 0.5757227646946199
526 0.5791690599272449
527 0.581849511774842
528 0.585295807007467
529 0.5874018763162934
530 0.5887421022400919
531 0.5826153551598698
532 0.5860616503924947
533 0.5874018763162934
534 0.5900823281638905
535 0.5910396323951752
536 0.5874018763162934
537 0.5847214244686961
538 0.5816580509285851
539 0.5872104154700364
540 0.5829982768523837
541 0.5793605207735019
542 0.5872104154700364
543 0.5908481715489182
544 0.5845299636224393
545 0.5875933371625502
546 0.5895079456251197
547 0.5929542408577446
548 0.5923798583189738
549 0.5919969366264599
550 0.5971663794753973
551 0.5918054757802029
552 0.5929542408577446
553 0.5904652498564044
554 0.5935286233965155
555 0.5937200842427723
556 0.5958261535515987
557 0.594868849320314
558 0.5937200842427723
559 0.6004212138617653
560 0.5983151445529389
561 0.5962090752441126
562 0.5958261535515987
563 0.5964005360903695
564 0.5937200842427723
565 0.5956346927053418
566 0.5985066053991959
567 0.6000382921692514
568 0.5975493011679112
569 0.5977407620141681
570 0.5960176143978556
571 0.5965919969366265
572 0.5964005360903695
573 0.5960176143978556
574 0.6002297530155083
575 0.5986980662454529
576 0.5975493011679112
577 0.6019529006318208
578 0.6053991958644457
579 0.6073138043270151
580 0.6061650392494735
581 0.6101857170208692
582 0.614014933946008
583 0.6090369519433276
584 0.6103771778671262
585 0.6134405514072372
586 0.6159295424085774
587 0.6188014551024316
588 0.6218648286425426
589 0.6214819069500287
590 0.6189929159486884
591 0.614206394792265
592 0.6145893164847789
593 0.6165039249473483
594 0.6270342714914799
595 0.6287574191077925
596 0.6322037143404173
597 0.6312464101091326
598 0.6256940455676814
599 0.6253111238751675
600 0.6258855064139384
601 0.6295232624928202
602 0.6304805667241049
603 0.6297147233390772
604 0.633161018571702
605 0.6369902354968409
606 0.6354585487267854
607 0.6295232624928202
608 0.6375646180356117
609 0.6348841661880146
610 0.6291403408003063
611 0.6327780968791882
612 0.6360329312655562
613 0.6318207926479035
614 0.6316293318016466
615 0.6314378709553896
616 0.6346927053417576
617 0.6304805667241049
618 0.6339268619567299
619 0.6356500095730423
620 0.6394792264981811
621 0.6390963048056673
622 0.6408194524219797
623 0.6364158529580701
624 0.6350756270342715
625 0.636798774650584
626 0.6362243921118131
627 0.6371816963430978
628 0.633543940264216
629 0.6394792264981811
630 0.6377560788818687
631 0.6381390005743826
632 0.6371816963430978
633 0.6362243921118131
634 0.6352670878805284
635 0.6346927053417576
636 0.6337354011104729
637 0.6306720275703619
638 0.636607313804327
639 0.633352479417959
640 0.6385219222668964
641 0.6356500095730423
642 0.6350756270342715
643 0.6325866360329313
644 0.6287574191077925
645 0.6297147233390772
646 0.6272257323377369
647 0.6306720275703619
648 0.6318207926479035
649 0.6337354011104729
650 0.6385219222668964
651 0.6423511391920352
652 0.6436913651158338
653 0.6429255217308061
654 0.6465632778096879
655 0.6484778862722573
656 0.6515412598123683
657 0.6502010338885698
658 0.6486693471185143
659 0.6517327206586253
660 0.6599655370476738
661 0.6603484587401877
662 0.6590082328163891
663 0.6582423894313613
664 0.6578594677388474
665 0.6595826153551598
666 0.6582423894313613
667 0.6616886846639862
668 0.6613057629714724
669 0.6647520582040972
670 0.6586253111238751
671 0.6597740762014168
672 0.6636032931265556
673 0.6639862148190695
674 0.665517901589125
675 0.6605399195864445
676 0.6613057629714724
677 0.6613057629714724
678 0.6647520582040972
679 0.6676239708979513
680 0.6743251005169443
681 0.6708788052843193
682 0.6781543174420831
683 0.6762397089795137
684 0.6858127512923607
685 0.6854298295998469
686 0.6804518475971664
687 0.675473865594486
688 0.675473865594486
689 0.6791116216733678
690 0.6758567872869998
691 0.6771970132107984
692 0.675090943901972
693 0.6764311698257707
694 0.6714531878230902
695 0.6691556576680069
696 0.6651349798966112
697 0.6657093624353819
698 0.6678154317442083
699 0.6586253111238751
700 0.6626459888952709
