1 0.0005743825387708214
2 0.0011487650775416428
3 0.0013402259237985832
4 0.0019146084625694046
5 0.002488991001340226
6 0.002871912693854107
7 0.003254834386367988
8 0.0044035994639096306
9 0.005169442848937392
10 0.006701129618992916
11 0.0080413555427915
12 0.011296189929159487
13 0.014359563469270534
14 0.015891250239326058
15 0.019337545471950986
16 0.02106069308826345
17 0.022400919012062034
18 0.024124066628374498
19 0.027761822707256367
20 0.030250813708596593
21 0.031399578786138235
22 0.03331418724870764
23 0.03446295232624928
24 0.03963239517518667
25 0.04058969940647138
26 0.0430786904078116
27 0.04633352479417959
28 0.04595060310166571
29 0.04709936817920735
30 0.04805667241049205
31 0.04901397664177676
32 0.05054566341183228
33 0.05322611525942945
34 0.057629714723339075
35 0.05973578403216542
36 0.061458931648477884
37 0.06356500095730423
38 0.06681983534367222
39 0.06835152211372775
40 0.06892590465249857
41 0.0710319739613249
42 0.0752441125789776
43 0.07543557342523453
44 0.07773310358031782
45 0.07983917288914417
46 0.08251962473674133
47 0.08462569404556768
48 0.08845491097070649
49 0.09113536281830366
50 0.09094390197204671
51 0.0941987363584147
52 0.0974535707447827
53 0.09975110089986598
54 0.1003254834386368
55 0.10358031782500479
56 0.10492054374880337
57 0.10683515221137277
58 0.10817537813517136
59 0.11277043844533793
60 0.1154508902929351
61 0.11908864637181696
62 0.11966302891058779
63 0.12119471568064331
64 0.12272640245069884
65 0.12751292360712235
66 0.128661688684664
67 0.13210798391728892
68 0.13708596591996935
69 0.1372774267662263
70 0.13804327015125406
71 0.14321271300019145
72 0.14512732146276086
73 0.14665900823281638
74 0.14742485161784416
75 0.1533601378518093
76 0.1552747463143787
77 0.15872104154700364
78 0.16159295424085773
79 0.16503924947348267
80 0.16963430978364924
81 0.1694428489373923
82 0.17250622247750336
83 0.17518667432510052
84 0.17690982194141297
85 0.18054757802029486
86 0.18399387325291977
87 0.18724870763928778
88 0.19126938541068353
89 0.19337545471950987
90 0.19433275895079458
91 0.19567298487459314
92 0.19950220179973197
93 0.20409726210989854
94 0.20658625311123874
95 0.20409726210989854
96 0.20620333141872488
97 0.20792647903503733
98 0.20926670495883593
99 0.2115642351139192
100 0.2148190695002872
101 0.22305188588933564
102 0.22496649435190502
103 0.2266896419682175
104 0.23032739804709937
105 0.2309017805858702
106 0.2295615546620716
107 0.22975301550832855
108 0.23453953666475205
109 0.24066628374497415
110 0.2446869615163699
111 0.24353819643882826
112 0.2498564043653073
113 0.25253685621290445
114 0.25521730806050164
115 0.2569404556768141
116 0.26153551598698066
117 0.2653647329121195
118 0.2659391154508903
119 0.2688110281447444
120 0.2680451847597166
121 0.2680451847597166
122 0.27187440168485544
123 0.2726402450698832
124 0.27570361860999426
125 0.2758950794562512
126 0.2787669921501053
127 0.28259620907524413
128 0.2841278958452996
129 0.2848937392303274
130 0.28699980853915374
131 0.28795711277043845
132 0.29312655561937584
133 0.29561554662071604
134 0.2981045376220563
135 0.3019337545471951
136 0.30078498946965343
137 0.3028910587784798
138 0.30729465824238944
139 0.3103580317825005
140 0.3076775799349033
141 0.30882634501244494
142 0.30882634501244494
143 0.3109324143212713
144 0.31629331801646565
145 0.32203714340417383
146 0.32146276086540304
147 0.32050545663411834
148 0.32242006509668775
149 0.32299444763545854
150 0.3237602910204863
151 0.3226115259429447
152 0.32222860425043076
153 0.3254834386367988
154 0.3289297338694237
155 0.32758950794562514
156 0.327972429638139
157 0.3289297338694237
158 0.3308443423319931
159 0.3335247941795903
160 0.3402259237985832
161 0.34443806241623587
162 0.3492245835726594
163 0.357074478269194
164 0.35764886080796476
165 0.3582232433467356
166 0.3565000957304231
167 0.356883017422937
168 0.36032931265556195
169 0.363392686195673
170 0.36837066819835346
171 0.36549875550449934
172 0.3677962856595826
173 0.3721998851234922
174 0.36932797242963816
175 0.37028527666092287
176 0.37066819835343673
177 0.37181696343097836
178 0.3737315718935478
179 0.3758376412023741
180 0.37890101474248516
181 0.38043270151254066
182 0.38139000574382537
183 0.38675090943901974
184 0.38675090943901974
185 0.3854106835152211
186 0.3819643882825962
187 0.3810070840513115
188 0.3833046142063948
189 0.3846448401301934
190 0.3844533792839364
191 0.3861765269002489
192 0.3932605782117557
193 0.3961324909056098
194 0.39881294275320694
195 0.3968983342906376
196 0.3984300210606931
197 0.3959410300593529
198 0.3957495692130959
199 0.3968983342906376
200 0.40015316867700557
201 0.4003446295232625
202 0.39728125598315145
203 0.3980470993681792
204 0.4035994639096305
205 0.4035994639096305
206 0.4045567681409152
207 0.4045567681409152
208 0.4066628374497415
209 0.40953475014359564
210 0.4091518284510818
211 0.41298104537622055
212 0.411640819452422
213 0.4173846448401302
214 0.414704192992533
215 0.41681026230135937
216 0.41949071414895656
217 0.42044801838024126
218 0.41661880145510244
219 0.42466015699789394
220 0.4269576871529772
221 0.42906375646180356
222 0.43002106069308826
223 0.4258089220754356
224 0.4269576871529772
225 0.42753206969174806
226 0.4305954432318591
227 0.4319356691556577
228 0.42810645223051885
229 0.43097836492437297
230 0.4355734252345395
231 0.4328929733869424
232 0.4321271300019146
233 0.4282979130767758
234 0.4344246601569979
235 0.44035994639096304
236 0.44035994639096304
237 0.4461037717786713
238 0.4485927627800115
239 0.4480183802412407
240 0.4551024315527475
241 0.4610377177867126
242 0.4612291786329696
243 0.4665900823281639
244 0.4688876124832472
245 0.4648669347118514
246 0.462952326249282
247 0.4688876124832472
248 0.4673559257131917
249 0.4685046907907333
250 0.46773884740570554
251 0.4723339077158721
252 0.47769481141106646
253 0.4778862722573234
254 0.47960941987363587
255 0.482289871721233
256 0.4876507754164273
257 0.4903312272640245
258 0.4861190886463718
259 0.4866934711851426
260 0.4868849320313996
261 0.48726785372391346
262 0.48975684472525366
263 0.4956921309592188
264 0.4955006701129619
265 0.4974152785755313
266 0.49760673942178824
267 0.49760673942178824
268 0.49243729657285085
269 0.492054374880337
270 0.4989469653455868
271 0.4997128087306146
272 0.49588359180547575
273 0.4955006701129619
274 0.4993298870381007
275 0.4989469653455868
276 0.4955006701129619
277 0.49626651349798967
278 0.5022017997319548
279 0.5037334865020103
280 0.5010530346544132
281 0.5100516944284894
282 0.514455293892399
283 0.5142638330461421
284 0.5142638330461421
285 0.5115833811985449
286 0.5108175378135171
287 0.511391920352288
288 0.5152211372774268
289 0.5198161975875933
290 0.520773501818878
291 0.5182845108175378
292 0.5173272065862531
293 0.5136894505073712
294 0.514646754738656
295 0.5182845108175378
296 0.520773501818878
297 0.5263258663603293
298 0.5291977790541834
299 0.5309209266704958
300 0.5309209266704958
301 0.527474631437871
302 0.5257514838215585
303 0.5322611525942945
304 0.5320696917480375
305 0.5339843002106069
306 0.5303465441317251
307 0.530729465824239
308 0.5366647520582041
309 0.5385793605207735
310 0.5360903695194332
311 0.5336013785180931
312 0.5389622822132873
313 0.5418341949071415
314 0.5439402642159679
315 0.5410683515221137
316 0.5427914991384262
317 0.546620716063565
318 0.5494926287574191
319 0.546620716063565
320 0.546620716063565
321 0.5502584721424468
322 0.5473865594485927
323 0.5393452039058013
324 0.5450890292935094
325 0.5443231859084817
326 0.5448975684472526
327 0.5491097070649053
328 0.5527474631437871
329 0.5512157763737315
330 0.5537047673750718
331 0.5588742102240092
332 0.5581083668389815
333 0.5598315144552939
334 0.5602144361478077
335 0.5575339843002106
336 0.559257131916523
337 0.5646180356117174
338 0.5713191652307104
339 0.5718935477694811
340 0.5734252345395366
341 0.5784032165422172
342 0.581849511774842
343 0.581849511774842
344 0.581849511774842
345 0.5835726593911545
346 0.5759142255408769
347 0.5795519816197587
348 0.5849128853149531
349 0.5875933371625502
350 0.5849128853149531
351 0.5879762588550641
352 0.5864445720850087
353 0.5910396323951752
354 0.5918054757802029
355 0.5923798583189738
356 0.5944859276278002
357 0.5942944667815432
358 0.591614014933946
359 0.5967834577828834
360 0.5996553704767376
361 0.5956346927053418
362 0.5954432318590848
363 0.6000382921692514
364 0.5977407620141681
365 0.6038675090943902
366 0.6038675090943902
367 0.6052077350181888
368 0.5998468313229944
369 0.5986980662454529
370 0.5960176143978556
371 0.5958261535515987
372 0.5983151445529389
373 0.6029102048631055
374 0.6055906567107027
375 0.6059735784032165
376 0.6036760482481333
377 0.6059735784032165
378 0.6069308826345012
379 0.6090369519433276
380 0.6098027953283554
381 0.614014933946008
382 0.6124832471759525
383 0.6078881868657859
384 0.6098027953283554
385 0.6121003254834386
386 0.6143978556385219
387 0.6113344820984109
388 0.6147807773310358
389 0.6107600995596401
390 0.6124832471759525
391 0.6147807773310358
392 0.6176526900248899
393 0.617461229178633
394 0.617269768332376
395 0.6199502201799731
396 0.6228221328738273
397 0.6260769672601952
398 0.6293318016465633
399 0.6230135937200842
400 0.6258855064139384
401 0.6279915757227647
402 0.6264598889527092
403 0.6260769672601952
404 0.6249282021826537
405 0.6209075244112578
406 0.6210989852575148
407 0.6256940455676814
408 0.6256940455676814
409 0.6283744974152786
410 0.6306720275703619
411 0.6312464101091326
412 0.6327780968791882
413 0.6348841661880146
414 0.6364158529580701
415 0.6356500095730423
416 0.6394792264981811
417 0.6392877656519241
418 0.6390963048056673
419 0.6343097836492437
420 0.6350756270342715
421 0.6352670878805284
422 0.6412023741144935
423 0.643116982577063
424 0.649435190503542
425 0.65269002488991
426 0.6588167719701321
427 0.659391154508903
428 0.6614972238177292
429 0.6611143021252154
430 0.655944859276278
431 0.6538387899674517
432 0.6576680068925904
433 0.6607313804327015
434 0.6578594677388474
435 0.6601569978939307
436 0.659199693662646
437 0.6630289105877848
438 0.6603484587401877
439 0.6620716063565001
440 0.6595826153551598
441 0.662454528049014
442 0.6580509285851044
443 0.6601569978939307
444 0.6586253111238751
445 0.6569021635075627
446 0.6553704767375071
447 0.6517327206586253
448 0.652881485736167
449 0.6599655370476738
450 0.6664752058204098
451 0.6670495883591806
452 0.6664752058204098
453 0.6649435190503542
454 0.6743251005169443
455 0.671836109515604
456 0.6724104920543749
457 0.6714531878230902
458 0.6639862148190695
459 0.6613057629714724
460 0.6616886846639862
461 0.6657093624353819
462 0.6668581275129236
463 0.6666666666666666
464 0.6701129618992916
465 0.6674325100516945
466 0.6697300402067777
467 0.6678154317442083
468 0.668581275129236
469 0.6695385793605207
470 0.6764311698257707
471 0.6745165613632013
472 0.6777713957495692
473 0.6779628565958261
474 0.6779628565958261
475 0.6708788052843193
476 0.6731763354394027
477 0.6771970132107984
478 0.6798774650583955
479 0.6821749952134788
480 0.6796860042121387
481 0.6727934137468887
482 0.6704958835918055
483 0.6697300402067777
484 0.6748994830557151
485 0.678537239134597
486 0.6764311698257707
487 0.6766226306720275
488 0.6706873444380624
489 0.6739421788244304
490 0.675282404748229
491 0.6743251005169443
492 0.675473865594486
493 0.6748994830557151
494 0.6741336396706873
495 0.6770055523645414
496 0.6791116216733678
497 0.6804518475971664
498 0.6770055523645414
499 0.6729848745931457
500 0.6762397089795137
501 0.675282404748229
502 0.6756653264407428
503 0.6771970132107984
504 0.6760482481332567
505 0.6766226306720275
506 0.6762397089795137
507 0.675090943901972
508 0.6791116216733678
509 0.6748994830557151
510 0.6777713957495692
511 0.6777713957495692
512 0.6729848745931457
513 0.6706873444380624
514 0.6793030825196248
515 0.6775799349033123
516 0.6733677962856596
517 0.6812176909821941
518 0.6861956729848746
519 0.6942370285276661
520 0.6955772544514647
521 0.6917480375263259
522 0.6936626459888953
523 0.6925138809113536
524 0.6898334290637564
525 0.688110281447444
526 0.6829408385985066
527 0.6789201608271108
528 0.6817920735209649
529 0.6800689259046525
530 0.6791116216733678
531 0.6766226306720275
532 0.678537239134597
533 0.6789201608271108
534 0.6850469079073329
535 0.6817920735209649
536 0.6817920735209649
537 0.687918820601187
538 0.6892590465249856
539 0.6884932031399579
540 0.6950028719126938
541 0.694811411066437
542 0.688110281447444
543 0.6921309592188397
544 0.6925138809113536
545 0.6927053417576106
546 0.6896419682174996
547 0.6957687152977217
548 0.6953857936052077
549 0.6951943327589508
550 0.7013210798391729
551 0.6955772544514647
552 0.6904078116025273
553 0.6904078116025273
554 0.6917480375263259
555 0.6932797242963814
556 0.6940455676814091
557 0.687918820601187
558 0.691365115833812
559 0.6927053417576106
560 0.691365115833812
561 0.6936626459888953
562 0.691556576680069
563 0.6871529772161593
564 0.6905992724487843
565 0.6921309592188397
566 0.6869615163699023
567 0.6831322994447635
568 0.6825579169059928
569 0.6808347692896802
570 0.6794945433658817
571 0.6816006126747081
572 0.6802603867509094
573 0.678728699980854
574 0.684855447061076
575 0.6817920735209649
576 0.6766226306720275
577 0.6837066819835343
578 0.6867700555236455
579 0.6921309592188397
580 0.6928968026038675
581 0.6928968026038675
582 0.694811411066437
583 0.694428489373923
584 0.6969174803752632
585 0.697874784606548
586 0.694428489373923
587 0.6980662454528049
588 0.6999808539153743
589 0.6940455676814091
590 0.6951943327589508
591 0.6953857936052077
592 0.6969174803752632
593 0.6921309592188397
594 0.6907907332950411
595 0.6888761248324717
596 0.6875358989086732
597 0.6877273597549302
598 0.6896419682174996
599 0.6892590465249856
600 0.6898334290637564
601 0.6883017422937009
602 0.6863871338311315
603 0.687918820601187
604 0.6892590465249856
605 0.6863871338311315
606 0.6810262301359372
607 0.6806433084434234
608 0.6779628565958261
609 0.688110281447444
610 0.6921309592188397
611 0.6860042121386176
612 0.6829408385985066
613 0.6894505073712426
614 0.687918820601187
615 0.6837066819835343
616 0.6850469079073329
617 0.6844725253685622
618 0.6838981428297913
619 0.6860042121386176
620 0.691173654987555
621 0.6936626459888953
622 0.6873444380624162
623 0.6904078116025273
624 0.6932797242963814
625 0.6938541068351523
626 0.6959601761439785
627 0.6951943327589508
628 0.6900248899100134
629 0.6892590465249856
630 0.6902163507562703
631 0.6844725253685622
632 0.6888761248324717
633 0.6890675856787287
634 0.6837066819835343
635 0.684855447061076
636 0.6854298295998469
637 0.6904078116025273
638 0.6919394983725828
639 0.6909821941412981
640 0.6917480375263259
641 0.6865785946773885
642 0.6808347692896802
643 0.6844725253685622
644 0.6823664560597358
645 0.6877273597549302
646 0.6902163507562703
647 0.6877273597549302
648 0.6833237602910205
649 0.6825579169059928
650 0.6838981428297913
651 0.6894505073712426
652 0.691365115833812
653 0.6934711851426383
654 0.6905992724487843
655 0.687918820601187
656 0.6871529772161593
657 0.6867700555236455
658 0.6816006126747081
659 0.6819835343672219
660 0.6877273597549302
661 0.6781543174420831
662 0.6850469079073329
663 0.6871529772161593
664 0.6892590465249856
665 0.691365115833812
666 0.6856212904461038
667 0.6796860042121387
668 0.6850469079073329
669 0.6852383687535899
670 0.6865785946773885
671 0.6898334290637564
672 0.6842810645223052
673 0.6863871338311315
674 0.688110281447444
675 0.687918820601187
676 0.687918820601187
677 0.6953857936052077
678 0.7017040015316868
679 0.7080222094581659
680 0.6999808539153743
681 0.6976833237602911
682 0.6982577062990618
683 0.6992150105303465
684 0.6994064713766035
685 0.7001723147616312
686 0.7003637756078882
687 0.6992150105303465
688 0.6988320888378327
689 0.6990235496840896
690 0.69461995022018
691 0.6965345586827494
692 0.6950028719126938
693 0.6974918629140341
694 0.697874784606548
695 0.6927053417576106
696 0.6925138809113536
697 0.691365115833812
698 0.6905992724487843
699 0.6976833237602911
700 0.6984491671453188
