1 0.00019146084625694046
2 0.00019146084625694046
3 0.0009573042312847023
4 0.0009573042312847023
5 0.0009573042312847023
6 0.0011487650775416428
7 0.0013402259237985832
8 0.0015316867700555237
9 0.0015316867700555237
10 0.0015316867700555237
11 0.0015316867700555237
12 0.0017231476163124641
13 0.0017231476163124641
14 0.0019146084625694046
15 0.002106069308826345
16 0.002488991001340226
17 0.0022975301550832855
18 0.0026804518475971664
19 0.002871912693854107
20 0.0030633735401110473
21 0.0030633735401110473
22 0.002871912693854107
23 0.002488991001340226
24 0.0030633735401110473
25 0.0030633735401110473
26 0.003254834386367988
27 0.0030633735401110473
28 0.0030633735401110473
29 0.003254834386367988
30 0.003254834386367988
31 0.003829216925138809
32 0.003829216925138809
33 0.0036377560788818687
34 0.0036377560788818687
35 0.003829216925138809
36 0.00421213861765269
37 0.00421213861765269
38 0.0047865211564235115
39 0.0047865211564235115
40 0.004595060310166571
41 0.004977982002680452
42 0.005169442848937392
43 0.005169442848937392
44 0.005552364541451273
45 0.006318207926479035
46 0.005552364541451273
47 0.005169442848937392
48 0.006701129618992916
49 0.0072755121577637374
50 0.007658433850277618
51 0.007849894696534559
52 0.0072755121577637374
53 0.00861573808156232
54 0.009573042312847023
55 0.009955964005360904
56 0.010147424851617844
57 0.009955964005360904
58 0.009955964005360904
59 0.011296189929159487
60 0.010913268236645606
61 0.011296189929159487
62 0.011487650775416428
63 0.012062033314187249
64 0.011679111621673368
65 0.011679111621673368
66 0.011296189929159487
67 0.011296189929159487
68 0.010721807390388666
69 0.010147424851617844
70 0.009764503159103963
71 0.009381581466590082
72 0.010721807390388666
73 0.011296189929159487
74 0.011487650775416428
75 0.011296189929159487
76 0.011487650775416428
77 0.010913268236645606
78 0.011296189929159487
79 0.011487650775416428
80 0.011870572467930308
81 0.011870572467930308
82 0.011296189929159487
83 0.011296189929159487
84 0.011679111621673368
85 0.010913268236645606
86 0.010338885697874785
87 0.010913268236645606
88 0.011104729082902547
89 0.011104729082902547
90 0.011296189929159487
91 0.011296189929159487
92 0.011104729082902547
93 0.010913268236645606
94 0.011487650775416428
95 0.012062033314187249
96 0.010913268236645606
97 0.011487650775416428
98 0.011104729082902547
99 0.011104729082902547
100 0.010913268236645606
101 0.010530346544131725
102 0.010913268236645606
103 0.011104729082902547
104 0.011679111621673368
105 0.011296189929159487
106 0.011296189929159487
107 0.01225349416044419
108 0.01225349416044419
109 0.01263641585295807
110 0.01263641585295807
111 0.01282787669921501
112 0.01244495500670113
113 0.01263641585295807
114 0.013593720084242773
115 0.013593720084242773
116 0.013402259237985832
117 0.013785180930499713
118 0.01282787669921501
119 0.013019337545471951
120 0.013402259237985832
121 0.013976641776756654
122 0.013593720084242773
123 0.013785180930499713
124 0.013785180930499713
125 0.013210798391728892
126 0.013210798391728892
127 0.013210798391728892
128 0.013785180930499713
129 0.013976641776756654
130 0.014359563469270534
131 0.014359563469270534
132 0.014551024315527475
133 0.015125406854298296
134 0.014933946008041356
135 0.015125406854298296
136 0.015316867700555237
137 0.014359563469270534
138 0.014742485161784415
139 0.015125406854298296
140 0.015891250239326058
141 0.015125406854298296
142 0.014359563469270534
143 0.013785180930499713
144 0.013593720084242773
145 0.013785180930499713
146 0.014359563469270534
147 0.013593720084242773
148 0.013785180930499713
149 0.014168102623013594
150 0.013976641776756654
151 0.014742485161784415
152 0.015508328546812177
153 0.01646563277809688
154 0.01684855447061076
155 0.017422937009381582
156 0.017614397855638522
157 0.01723147616312464
158 0.017422937009381582
159 0.01665709362435382
160 0.01627417193183994
161 0.01665709362435382
162 0.015699789393069118
163 0.015316867700555237
164 0.015125406854298296
165 0.014933946008041356
166 0.014359563469270534
167 0.013785180930499713
168 0.013976641776756654
169 0.014742485161784415
170 0.015125406854298296
171 0.014742485161784415
172 0.015508328546812177
173 0.016082711085583
174 0.01646563277809688
175 0.015699789393069118
176 0.015891250239326058
177 0.01627417193183994
178 0.01646563277809688
179 0.015891250239326058
180 0.015125406854298296
181 0.014168102623013594
182 0.014168102623013594
183 0.013976641776756654
184 0.013785180930499713
185 0.013785180930499713
186 0.013785180930499713
187 0.013593720084242773
188 0.01263641585295807
189 0.01282787669921501
190 0.013402259237985832
191 0.013593720084242773
192 0.013210798391728892
193 0.013785180930499713
194 0.01244495500670113
195 0.013593720084242773
196 0.013402259237985832
197 0.013210798391728892
198 0.013402259237985832
199 0.01282787669921501
200 0.013019337545471951
201 0.01244495500670113
202 0.01282787669921501
203 0.013019337545471951
204 0.013019337545471951
205 0.013019337545471951
206 0.013785180930499713
207 0.014551024315527475
208 0.014359563469270534
209 0.013593720084242773
210 0.013593720084242773
211 0.013210798391728892
212 0.013402259237985832
213 0.013402259237985832
214 0.014168102623013594
215 0.015125406854298296
216 0.015125406854298296
217 0.014742485161784415
218 0.013976641776756654
219 0.013976641776756654
220 0.014168102623013594
221 0.014359563469270534
222 0.014359563469270534
223 0.013402259237985832
224 0.013785180930499713
225 0.014359563469270534
226 0.014168102623013594
227 0.014168102623013594
228 0.014551024315527475
229 0.015508328546812177
230 0.015508328546812177
231 0.015316867700555237
232 0.015316867700555237
233 0.015508328546812177
234 0.014933946008041356
235 0.015699789393069118
236 0.015508328546812177
237 0.015699789393069118
238 0.015508328546812177
239 0.015508328546812177
240 0.015316867700555237
241 0.014551024315527475
242 0.013976641776756654
243 0.014359563469270534
244 0.013976641776756654
245 0.013976641776756654
246 0.014168102623013594
247 0.014551024315527475
248 0.014551024315527475
249 0.013785180930499713
250 0.013593720084242773
251 0.013785180930499713
252 0.014168102623013594
253 0.013976641776756654
254 0.014359563469270534
255 0.014551024315527475
256 0.015125406854298296
257 0.014742485161784415
258 0.014742485161784415
259 0.015125406854298296
260 0.015125406854298296
261 0.014933946008041356
262 0.014359563469270534
263 0.014359563469270534
264 0.015125406854298296
265 0.015316867700555237
266 0.015699789393069118
267 0.015125406854298296
268 0.015316867700555237
269 0.014168102623013594
270 0.014551024315527475
271 0.013976641776756654
272 0.014168102623013594
273 0.014359563469270534
274 0.013785180930499713
275 0.014551024315527475
276 0.014168102623013594
277 0.014933946008041356
278 0.014551024315527475
279 0.014551024315527475
280 0.014742485161784415
281 0.014168102623013594
282 0.014359563469270534
283 0.013593720084242773
284 0.013785180930499713
285 0.013402259237985832
286 0.014168102623013594
287 0.014168102623013594
288 0.013593720084242773
289 0.014168102623013594
290 0.014168102623013594
291 0.013402259237985832
292 0.014168102623013594
293 0.014551024315527475
294 0.014742485161784415
295 0.015125406854298296
296 0.015508328546812177
297 0.015508328546812177
298 0.014742485161784415
299 0.015508328546812177
300 0.015316867700555237
301 0.015508328546812177
302 0.015891250239326058
303 0.015508328546812177
304 0.015699789393069118
305 0.014933946008041356
306 0.015316867700555237
307 0.015125406854298296
308 0.015891250239326058
309 0.015699789393069118
310 0.015699789393069118
311 0.015316867700555237
312 0.015891250239326058
313 0.015891250239326058
314 0.01646563277809688
315 0.015508328546812177
316 0.015316867700555237
317 0.014359563469270534
318 0.014359563469270534
319 0.014551024315527475
320 0.014359563469270534
321 0.014742485161784415
322 0.015508328546812177
323 0.015508328546812177
324 0.014742485161784415
325 0.014168102623013594
326 0.014551024315527475
327 0.014359563469270534
328 0.014168102623013594
329 0.014742485161784415
330 0.015508328546812177
331 0.015316867700555237
332 0.015125406854298296
333 0.015316867700555237
334 0.014742485161784415
335 0.014551024315527475
336 0.015699789393069118
337 0.015316867700555237
338 0.015699789393069118
339 0.015508328546812177
340 0.014742485161784415
341 0.015699789393069118
342 0.015699789393069118
343 0.014551024315527475
344 0.014742485161784415
345 0.015125406854298296
346 0.015125406854298296
347 0.014933946008041356
348 0.014933946008041356
349 0.014551024315527475
350 0.014551024315527475
351 0.015125406854298296
352 0.015699789393069118
353 0.015699789393069118
354 0.015699789393069118
355 0.015508328546812177
356 0.014359563469270534
357 0.013976641776756654
358 0.013593720084242773
359 0.013593720084242773
360 0.013976641776756654
361 0.014168102623013594
362 0.013402259237985832
363 0.013019337545471951
364 0.013785180930499713
365 0.013593720084242773
366 0.014359563469270534
367 0.013785180930499713
368 0.014359563469270534
369 0.015125406854298296
370 0.014933946008041356
371 0.014933946008041356
372 0.014359563469270534
373 0.013976641776756654
374 0.013785180930499713
375 0.01282787669921501
376 0.013210798391728892
377 0.013593720084242773
378 0.01282787669921501
379 0.013976641776756654
380 0.013402259237985832
381 0.013210798391728892
382 0.013593720084242773
383 0.013593720084242773
384 0.013593720084242773
385 0.013402259237985832
386 0.013593720084242773
387 0.013210798391728892
388 0.013210798391728892
389 0.013593720084242773
390 0.013785180930499713
391 0.013210798391728892
392 0.013593720084242773
393 0.013785180930499713
394 0.014359563469270534
395 0.013976641776756654
396 0.013402259237985832
397 0.013785180930499713
398 0.013402259237985832
399 0.013210798391728892
400 0.013402259237985832
401 0.01225349416044419
402 0.01225349416044419
403 0.011870572467930308
404 0.011870572467930308
405 0.013019337545471951
406 0.01282787669921501
407 0.01282787669921501
408 0.013210798391728892
409 0.01225349416044419
410 0.01225349416044419
411 0.01244495500670113
412 0.013019337545471951
413 0.013210798391728892
414 0.01282787669921501
415 0.011870572467930308
416 0.01225349416044419
417 0.01282787669921501
418 0.01282787669921501
419 0.01282787669921501
420 0.013976641776756654
421 0.013785180930499713
422 0.014551024315527475
423 0.014551024315527475
424 0.013593720084242773
425 0.013402259237985832
426 0.013019337545471951
427 0.013210798391728892
428 0.013210798391728892
429 0.01282787669921501
430 0.012062033314187249
431 0.01225349416044419
432 0.012062033314187249
433 0.01244495500670113
434 0.013019337545471951
435 0.01282787669921501
436 0.013019337545471951
437 0.013593720084242773
438 0.013785180930499713
439 0.014551024315527475
440 0.013976641776756654
441 0.013976641776756654
442 0.013976641776756654
443 0.01282787669921501
444 0.013402259237985832
445 0.013976641776756654
446 0.013593720084242773
447 0.014168102623013594
448 0.013019337545471951
449 0.013210798391728892
450 0.013402259237985832
451 0.013785180930499713
452 0.01282787669921501
453 0.013019337545471951
454 0.01282787669921501
455 0.013976641776756654
456 0.014168102623013594
457 0.013593720084242773
458 0.013402259237985832
459 0.014168102623013594
460 0.014359563469270534
461 0.015125406854298296
462 0.015316867700555237
463 0.015316867700555237
464 0.015316867700555237
465 0.014551024315527475
466 0.014742485161784415
467 0.014359563469270534
468 0.013785180930499713
469 0.014742485161784415
470 0.014933946008041356
471 0.014933946008041356
472 0.014933946008041356
473 0.014933946008041356
474 0.015125406854298296
475 0.014168102623013594
476 0.014742485161784415
477 0.013976641776756654
478 0.014359563469270534
479 0.014551024315527475
480 0.014933946008041356
481 0.014933946008041356
482 0.015891250239326058
483 0.01627417193183994
484 0.01627417193183994
485 0.015891250239326058
486 0.015891250239326058
487 0.01627417193183994
488 0.01665709362435382
489 0.01646563277809688
490 0.01646563277809688
491 0.01627417193183994
492 0.01646563277809688
493 0.01646563277809688
494 0.01665709362435382
495 0.01646563277809688
496 0.016082711085583
497 0.01627417193183994
498 0.016082711085583
499 0.015508328546812177
500 0.015125406854298296
501 0.014742485161784415
502 0.014551024315527475
503 0.014359563469270534
504 0.015508328546812177
505 0.015125406854298296
506 0.014742485161784415
507 0.014742485161784415
508 0.014933946008041356
509 0.014933946008041356
510 0.015316867700555237
511 0.015316867700555237
512 0.015508328546812177
513 0.014551024315527475
514 0.014742485161784415
515 0.015125406854298296
516 0.014742485161784415
517 0.014168102623013594
518 0.014551024315527475
519 0.013785180930499713
520 0.013976641776756654
521 0.014359563469270534
522 0.014359563469270534
523 0.014359563469270534
524 0.014168102623013594
525 0.014359563469270534
526 0.014359563469270534
527 0.014359563469270534
528 0.015699789393069118
529 0.015508328546812177
530 0.015508328546812177
531 0.014933946008041356
532 0.015316867700555237
533 0.015699789393069118
534 0.015316867700555237
535 0.014359563469270534
536 0.013976641776756654
537 0.014168102623013594
538 0.014168102623013594
539 0.014742485161784415
540 0.014933946008041356
541 0.014551024315527475
542 0.014359563469270534
543 0.013976641776756654
544 0.014359563469270534
545 0.014168102623013594
546 0.013593720084242773
547 0.013210798391728892
548 0.013976641776756654
549 0.014359563469270534
550 0.014551024315527475
551 0.014551024315527475
552 0.014168102623013594
553 0.015125406854298296
554 0.014933946008041356
555 0.014933946008041356
556 0.014551024315527475
557 0.015125406854298296
558 0.015699789393069118
559 0.015508328546812177
560 0.015891250239326058
561 0.015316867700555237
562 0.015699789393069118
563 0.015508328546812177
564 0.015125406854298296
565 0.015699789393069118
566 0.01646563277809688
567 0.01627417193183994
568 0.01684855447061076
569 0.015891250239326058
570 0.01646563277809688
571 0.0170400153168677
572 0.01665709362435382
573 0.015891250239326058
574 0.015125406854298296
575 0.015125406854298296
576 0.015508328546812177
577 0.014742485161784415
578 0.015316867700555237
579 0.015508328546812177
580 0.014933946008041356
581 0.013976641776756654
582 0.014359563469270534
583 0.014359563469270534
584 0.015125406854298296
585 0.014168102623013594
586 0.013785180930499713
587 0.014359563469270534
588 0.015316867700555237
589 0.015508328546812177
590 0.016082711085583
591 0.01627417193183994
592 0.016082711085583
593 0.015508328546812177
594 0.015125406854298296
595 0.014359563469270534
596 0.015125406854298296
597 0.014551024315527475
598 0.015125406854298296
599 0.015699789393069118
600 0.015125406854298296
601 0.015891250239326058
602 0.016082711085583
603 0.01627417193183994
604 0.016082711085583
605 0.015891250239326058
606 0.015508328546812177
607 0.015699789393069118
608 0.016082711085583
609 0.015699789393069118
610 0.015316867700555237
611 0.015508328546812177
612 0.014742485161784415
613 0.015699789393069118
614 0.015125406854298296
615 0.015125406854298296
616 0.014742485161784415
617 0.014359563469270534
618 0.014551024315527475
619 0.015125406854298296
620 0.015316867700555237
621 0.015699789393069118
622 0.014742485161784415
623 0.015125406854298296
624 0.015316867700555237
625 0.014742485161784415
626 0.015508328546812177
627 0.015508328546812177
628 0.015699789393069118
629 0.015316867700555237
630 0.016082711085583
631 0.015699789393069118
632 0.014551024315527475
633 0.014742485161784415
634 0.015891250239326058
635 0.015699789393069118
636 0.014551024315527475
637 0.014933946008041356
638 0.014933946008041356
639 0.01646563277809688
640 0.0170400153168677
641 0.0170400153168677
642 0.01627417193183994
643 0.015891250239326058
644 0.015125406854298296
645 0.015508328546812177
646 0.014359563469270534
647 0.014933946008041356
648 0.014359563469270534
649 0.014933946008041356
650 0.014933946008041356
651 0.014359563469270534
652 0.013785180930499713
653 0.013210798391728892
654 0.013593720084242773
655 0.014933946008041356
656 0.014359563469270534
657 0.014359563469270534
658 0.014742485161784415
659 0.014742485161784415
660 0.015508328546812177
661 0.015699789393069118
662 0.015699789393069118
663 0.015316867700555237
664 0.014742485161784415
665 0.014551024315527475
666 0.014359563469270534
667 0.014168102623013594
668 0.013785180930499713
669 0.013593720084242773
670 0.014168102623013594
671 0.01244495500670113
672 0.01244495500670113
673 0.01263641585295807
674 0.012062033314187249
675 0.01225349416044419
676 0.01282787669921501
677 0.013019337545471951
678 0.013019337545471951
679 0.013976641776756654
680 0.013210798391728892
681 0.013210798391728892
682 0.013593720084242773
683 0.014359563469270534
684 0.015125406854298296
685 0.014933946008041356
686 0.014551024315527475
687 0.014742485161784415
688 0.015316867700555237
689 0.015125406854298296
690 0.015316867700555237
691 0.014933946008041356
692 0.015508328546812177
693 0.014551024315527475
694 0.013593720084242773
695 0.013593720084242773
696 0.013593720084242773
697 0.013785180930499713
698 0.013593720084242773
699 0.01282787669921501
700 0.013593720084242773
