1 0.0003829216925138809
2 0.0003829216925138809
3 0.0003829216925138809
4 0.0005743825387708214
5 0.0005743825387708214
6 0.0005743825387708214
7 0.0003829216925138809
8 0.0005743825387708214
9 0.0007658433850277618
10 0.0007658433850277618
11 0.0007658433850277618
12 0.0007658433850277618
13 0.0007658433850277618
14 0.0007658433850277618
15 0.0009573042312847023
16 0.0011487650775416428
17 0.0015316867700555237
18 0.0019146084625694046
19 0.002106069308826345
20 0.002488991001340226
21 0.002488991001340226
22 0.002488991001340226
23 0.0019146084625694046
24 0.002106069308826345
25 0.002106069308826345
26 0.002106069308826345
27 0.002488991001340226
28 0.002488991001340226
29 0.0022975301550832855
30 0.002488991001340226
31 0.0022975301550832855
32 0.0022975301550832855
33 0.0022975301550832855
34 0.002871912693854107
35 0.0030633735401110473
36 0.003829216925138809
37 0.00421213861765269
38 0.0044035994639096306
39 0.004977982002680452
40 0.0047865211564235115
41 0.0047865211564235115
42 0.004977982002680452
43 0.004977982002680452
44 0.004977982002680452
45 0.005169442848937392
46 0.004977982002680452
47 0.004977982002680452
48 0.005360903695194333
49 0.005360903695194333
50 0.005552364541451273
51 0.005360903695194333
52 0.005552364541451273
53 0.005360903695194333
54 0.005360903695194333
55 0.005169442848937392
56 0.005743825387708214
57 0.006126747080222095
58 0.006509668772735976
59 0.006509668772735976
60 0.0068925904652498565
61 0.007466973004020678
62 0.0080413555427915
63 0.008807198927819261
64 0.008807198927819261
65 0.008998659774076202
66 0.008998659774076202
67 0.009190120620333142
68 0.009573042312847023
69 0.009955964005360904
70 0.009955964005360904
71 0.009955964005360904
72 0.009573042312847023
73 0.010147424851617844
74 0.010338885697874785
75 0.010913268236645606
76 0.010530346544131725
77 0.010338885697874785
78 0.010147424851617844
79 0.010338885697874785
80 0.010530346544131725
81 0.011104729082902547
82 0.010721807390388666
83 0.010338885697874785
84 0.011487650775416428
85 0.011487650775416428
86 0.011870572467930308
87 0.01244495500670113
88 0.01225349416044419
89 0.01225349416044419
90 0.011870572467930308
91 0.01225349416044419
92 0.011679111621673368
93 0.011870572467930308
94 0.01225349416044419
95 0.01263641585295807
96 0.012062033314187249
97 0.01244495500670113
98 0.013593720084242773
99 0.013593720084242773
100 0.013593720084242773
101 0.013785180930499713
102 0.014168102623013594
103 0.014359563469270534
104 0.014551024315527475
105 0.014551024315527475
106 0.014742485161784415
107 0.014359563469270534
108 0.014168102623013594
109 0.013593720084242773
110 0.014168102623013594
111 0.013785180930499713
112 0.013785180930499713
113 0.013785180930499713
114 0.014168102623013594
115 0.014551024315527475
116 0.014933946008041356
117 0.014359563469270534
118 0.013785180930499713
119 0.013976641776756654
120 0.014359563469270534
121 0.013976641776756654
122 0.013785180930499713
123 0.013976641776756654
124 0.014551024315527475
125 0.014168102623013594
126 0.014168102623013594
127 0.013785180930499713
128 0.013593720084242773
129 0.013593720084242773
130 0.013210798391728892
131 0.013785180930499713
132 0.013402259237985832
133 0.013019337545471951
134 0.013785180930499713
135 0.014359563469270534
136 0.014742485161784415
137 0.014359563469270534
138 0.013976641776756654
139 0.014359563469270534
140 0.013976641776756654
141 0.015125406854298296
142 0.014933946008041356
143 0.015125406854298296
144 0.015125406854298296
145 0.015508328546812177
146 0.015125406854298296
147 0.016082711085583
148 0.015699789393069118
149 0.016082711085583
150 0.015699789393069118
151 0.01646563277809688
152 0.01665709362435382
153 0.01665709362435382
154 0.01627417193183994
155 0.01665709362435382
156 0.01627417193183994
157 0.016082711085583
158 0.01627417193183994
159 0.015891250239326058
160 0.014933946008041356
161 0.015508328546812177
162 0.015699789393069118
163 0.015125406854298296
164 0.014359563469270534
165 0.014742485161784415
166 0.014742485161784415
167 0.014933946008041356
168 0.014359563469270534
169 0.014168102623013594
170 0.015316867700555237
171 0.015125406854298296
172 0.015125406854298296
173 0.014742485161784415
174 0.014551024315527475
175 0.014359563469270534
176 0.014551024315527475
177 0.014933946008041356
178 0.014168102623013594
179 0.014551024315527475
180 0.014551024315527475
181 0.015316867700555237
182 0.014933946008041356
183 0.015699789393069118
184 0.01646563277809688
185 0.01665709362435382
186 0.01665709362435382
187 0.01627417193183994
188 0.015699789393069118
189 0.015316867700555237
190 0.015508328546812177
191 0.015891250239326058
192 0.015508328546812177
193 0.015699789393069118
194 0.015699789393069118
195 0.015508328546812177
196 0.014359563469270534
197 0.014551024315527475
198 0.014742485161784415
199 0.015125406854298296
200 0.015508328546812177
201 0.015699789393069118
202 0.014742485161784415
203 0.014933946008041356
204 0.014168102623013594
205 0.013019337545471951
206 0.013593720084242773
207 0.01282787669921501
208 0.013210798391728892
209 0.013593720084242773
210 0.013785180930499713
211 0.014168102623013594
212 0.013785180930499713
213 0.014551024315527475
214 0.013976641776756654
215 0.013402259237985832
216 0.013785180930499713
217 0.014551024315527475
218 0.014742485161784415
219 0.015699789393069118
220 0.015699789393069118
221 0.015891250239326058
222 0.016082711085583
223 0.015891250239326058
224 0.015699789393069118
225 0.015891250239326058
226 0.015508328546812177
227 0.015508328546812177
228 0.015508328546812177
229 0.015316867700555237
230 0.014551024315527475
231 0.014359563469270534
232 0.014359563469270534
233 0.013976641776756654
234 0.013976641776756654
235 0.013785180930499713
236 0.013785180930499713
237 0.013210798391728892
238 0.013785180930499713
239 0.013210798391728892
240 0.013019337545471951
241 0.013785180930499713
242 0.014742485161784415
243 0.015125406854298296
244 0.016082711085583
245 0.016082711085583
246 0.01665709362435382
247 0.01646563277809688
248 0.01627417193183994
249 0.015699789393069118
250 0.015508328546812177
251 0.01646563277809688
252 0.01646563277809688
253 0.015699789393069118
254 0.016082711085583
255 0.01646563277809688
256 0.01646563277809688
257 0.015699789393069118
258 0.015891250239326058
259 0.015699789393069118
260 0.015891250239326058
261 0.015508328546812177
262 0.015508328546812177
263 0.015316867700555237
264 0.015699789393069118
265 0.014933946008041356
266 0.013785180930499713
267 0.013976641776756654
268 0.013785180930499713
269 0.014742485161784415
270 0.014551024315527475
271 0.014551024315527475
272 0.015316867700555237
273 0.015508328546812177
274 0.015316867700555237
275 0.015125406854298296
276 0.015125406854298296
277 0.014551024315527475
278 0.015699789393069118
279 0.015699789393069118
280 0.014933946008041356
281 0.014551024315527475
282 0.014933946008041356
283 0.014933946008041356
284 0.015508328546812177
285 0.015699789393069118
286 0.015316867700555237
287 0.015125406854298296
288 0.014742485161784415
289 0.014742485161784415
290 0.014168102623013594
291 0.014933946008041356
292 0.014933946008041356
293 0.014359563469270534
294 0.014168102623013594
295 0.013976641776756654
296 0.014168102623013594
297 0.014551024315527475
298 0.014359563469270534
299 0.014933946008041356
300 0.015125406854298296
301 0.014551024315527475
302 0.014551024315527475
303 0.014359563469270534
304 0.013976641776756654
305 0.014359563469270534
306 0.013402259237985832
307 0.013210798391728892
308 0.013785180930499713
309 0.013402259237985832
310 0.013019337545471951
311 0.013402259237985832
312 0.01263641585295807
313 0.01263641585295807
314 0.013019337545471951
315 0.013785180930499713
316 0.01282787669921501
317 0.01225349416044419
318 0.01263641585295807
319 0.013019337545471951
320 0.013593720084242773
321 0.015125406854298296
322 0.014933946008041356
323 0.014359563469270534
324 0.014742485161784415
325 0.014551024315527475
326 0.014933946008041356
327 0.014359563469270534
328 0.013976641776756654
329 0.013210798391728892
330 0.013593720084242773
331 0.013593720084242773
332 0.013976641776756654
333 0.014359563469270534
334 0.014359563469270534
335 0.015316867700555237
336 0.014551024315527475
337 0.014551024315527475
338 0.013976641776756654
339 0.014168102623013594
340 0.014359563469270534
341 0.014933946008041356
342 0.014933946008041356
343 0.014168102623013594
344 0.014551024315527475
345 0.014551024315527475
346 0.014742485161784415
347 0.015508328546812177
348 0.014742485161784415
349 0.015699789393069118
350 0.01646563277809688
351 0.016082711085583
352 0.015891250239326058
353 0.015316867700555237
354 0.014742485161784415
355 0.015316867700555237
356 0.015125406854298296
357 0.015316867700555237
358 0.015316867700555237
359 0.014359563469270534
360 0.014551024315527475
361 0.014168102623013594
362 0.013785180930499713
363 0.013593720084242773
364 0.013785180930499713
365 0.014168102623013594
366 0.013785180930499713
367 0.013976641776756654
368 0.013785180930499713
369 0.013593720084242773
370 0.013402259237985832
371 0.013019337545471951
372 0.013019337545471951
373 0.013785180930499713
374 0.013785180930499713
375 0.013785180930499713
376 0.014168102623013594
377 0.013785180930499713
378 0.014359563469270534
379 0.014359563469270534
380 0.013785180930499713
381 0.013785180930499713
382 0.013402259237985832
383 0.013976641776756654
384 0.014168102623013594
385 0.014551024315527475
386 0.014933946008041356
387 0.014551024315527475
388 0.013976641776756654
389 0.013976641776756654
390 0.014359563469270534
391 0.014168102623013594
392 0.013785180930499713
393 0.013785180930499713
394 0.014168102623013594
395 0.015316867700555237
396 0.015316867700555237
397 0.016082711085583
398 0.015508328546812177
399 0.015508328546812177
400 0.016082711085583
401 0.015316867700555237
402 0.015699789393069118
403 0.015891250239326058
404 0.01627417193183994
405 0.01627417193183994
406 0.016082711085583
407 0.01665709362435382
408 0.01665709362435382
409 0.01627417193183994
410 0.015699789393069118
411 0.015891250239326058
412 0.015699789393069118
413 0.015316867700555237
414 0.015891250239326058
415 0.016082711085583
416 0.015508328546812177
417 0.016082711085583
418 0.01665709362435382
419 0.01646563277809688
420 0.01646563277809688
421 0.016082711085583
422 0.01646563277809688
423 0.015316867700555237
424 0.01627417193183994
425 0.01627417193183994
426 0.016082711085583
427 0.016082711085583
428 0.015699789393069118
429 0.015508328546812177
430 0.016082711085583
431 0.015699789393069118
432 0.015508328546812177
433 0.015699789393069118
434 0.015891250239326058
435 0.015891250239326058
436 0.015125406854298296
437 0.015891250239326058
438 0.015699789393069118
439 0.016082711085583
440 0.015508328546812177
441 0.014933946008041356
442 0.014742485161784415
443 0.015125406854298296
444 0.015125406854298296
445 0.014742485161784415
446 0.014742485161784415
447 0.014933946008041356
448 0.014742485161784415
449 0.015125406854298296
450 0.015316867700555237
451 0.015125406854298296
452 0.014551024315527475
453 0.014168102623013594
454 0.014359563469270534
455 0.014551024315527475
456 0.014933946008041356
457 0.014742485161784415
458 0.014359563469270534
459 0.014359563469270534
460 0.014933946008041356
461 0.014359563469270534
462 0.014742485161784415
463 0.014933946008041356
464 0.013976641776756654
465 0.013976641776756654
466 0.013785180930499713
467 0.014168102623013594
468 0.015508328546812177
469 0.015508328546812177
470 0.015316867700555237
471 0.015508328546812177
472 0.014742485161784415
473 0.013785180930499713
474 0.01263641585295807
475 0.013019337545471951
476 0.013019337545471951
477 0.013210798391728892
478 0.01282787669921501
479 0.01225349416044419
480 0.013210798391728892
481 0.013593720084242773
482 0.013210798391728892
483 0.013019337545471951
484 0.013210798391728892
485 0.013593720084242773
486 0.013593720084242773
487 0.013593720084242773
488 0.013402259237985832
489 0.013785180930499713
490 0.013593720084242773
491 0.01282787669921501
492 0.01282787669921501
493 0.013019337545471951
494 0.013019337545471951
495 0.013019337545471951
496 0.013593720084242773
497 0.014359563469270534
498 0.014742485161784415
499 0.014551024315527475
500 0.014551024315527475
501 0.014551024315527475
502 0.013593720084242773
503 0.013210798391728892
504 0.013019337545471951
505 0.013019337545471951
506 0.013785180930499713
507 0.015125406854298296
508 0.014933946008041356
509 0.014551024315527475
510 0.015316867700555237
511 0.014742485161784415
512 0.014551024315527475
513 0.014551024315527475
514 0.014742485161784415
515 0.014933946008041356
516 0.014742485161784415
517 0.014933946008041356
518 0.015125406854298296
519 0.014933946008041356
520 0.015891250239326058
521 0.015125406854298296
522 0.015316867700555237
523 0.013785180930499713
524 0.013785180930499713
525 0.014168102623013594
526 0.014551024315527475
527 0.014359563469270534
528 0.013976641776756654
529 0.01282787669921501
530 0.013785180930499713
531 0.014168102623013594
532 0.014359563469270534
533 0.013785180930499713
534 0.013402259237985832
535 0.013785180930499713
536 0.013593720084242773
537 0.013785180930499713
538 0.013593720084242773
539 0.014168102623013594
540 0.014359563469270534
541 0.013785180930499713
542 0.014359563469270534
543 0.013785180930499713
544 0.013593720084242773
545 0.014168102623013594
546 0.013785180930499713
547 0.014359563469270534
548 0.014359563469270534
549 0.013210798391728892
550 0.01263641585295807
551 0.013210798391728892
552 0.014933946008041356
553 0.015316867700555237
554 0.014359563469270534
555 0.013976641776756654
556 0.013976641776756654
557 0.014551024315527475
558 0.014359563469270534
559 0.014168102623013594
560 0.013785180930499713
561 0.013402259237985832
562 0.013402259237985832
563 0.014359563469270534
564 0.014742485161784415
565 0.015508328546812177
566 0.014933946008041356
567 0.015125406854298296
568 0.015699789393069118
569 0.015699789393069118
570 0.015125406854298296
571 0.015316867700555237
572 0.015125406854298296
573 0.014742485161784415
574 0.014933946008041356
575 0.014359563469270534
576 0.014359563469270534
577 0.014359563469270534
578 0.014359563469270534
579 0.014933946008041356
580 0.014551024315527475
581 0.014359563469270534
582 0.014359563469270534
583 0.014168102623013594
584 0.013976641776756654
585 0.013976641776756654
586 0.013402259237985832
587 0.013019337545471951
588 0.013402259237985832
589 0.013785180930499713
590 0.014168102623013594
591 0.014933946008041356
592 0.014168102623013594
593 0.013593720084242773
594 0.015125406854298296
595 0.014933946008041356
596 0.015125406854298296
597 0.015699789393069118
598 0.015699789393069118
599 0.015508328546812177
600 0.016082711085583
601 0.015699789393069118
602 0.015316867700555237
603 0.015316867700555237
604 0.015125406854298296
605 0.013785180930499713
606 0.014551024315527475
607 0.014933946008041356
608 0.015316867700555237
609 0.015699789393069118
610 0.016082711085583
611 0.01646563277809688
612 0.01723147616312464
613 0.01723147616312464
614 0.01665709362435382
615 0.01684855447061076
616 0.017422937009381582
617 0.01684855447061076
618 0.01646563277809688
619 0.016082711085583
620 0.015891250239326058
621 0.015508328546812177
622 0.015508328546812177
623 0.016082711085583
624 0.015699789393069118
625 0.015891250239326058
626 0.015508328546812177
627 0.015508328546812177
628 0.015316867700555237
629 0.016082711085583
630 0.015891250239326058
631 0.01665709362435382
632 0.016082711085583
633 0.016082711085583
634 0.015699789393069118
635 0.015508328546812177
636 0.014742485161784415
637 0.014168102623013594
638 0.013785180930499713
639 0.015316867700555237
640 0.015508328546812177
641 0.015125406854298296
642 0.015891250239326058
643 0.01627417193183994
644 0.016082711085583
645 0.01627417193183994
646 0.015891250239326058
647 0.015891250239326058
648 0.015316867700555237
649 0.014933946008041356
650 0.014551024315527475
651 0.014742485161784415
652 0.014359563469270534
653 0.015316867700555237
654 0.015891250239326058
655 0.01665709362435382
656 0.016082711085583
657 0.015699789393069118
658 0.016082711085583
659 0.01627417193183994
660 0.01627417193183994
661 0.01627417193183994
662 0.01627417193183994
663 0.01627417193183994
664 0.015699789393069118
665 0.01627417193183994
666 0.016082711085583
667 0.01627417193183994
668 0.015891250239326058
669 0.01627417193183994
670 0.015125406854298296
671 0.015316867700555237
672 0.016082711085583
673 0.015316867700555237
674 0.014933946008041356
675 0.014359563469270534
676 0.013593720084242773
677 0.013019337545471951
678 0.01263641585295807
679 0.013019337545471951
680 0.013210798391728892
681 0.013785180930499713
682 0.013976641776756654
683 0.014359563469270534
684 0.014933946008041356
685 0.015508328546812177
686 0.015508328546812177
687 0.014359563469270534
688 0.015699789393069118
689 0.015508328546812177
690 0.015125406854298296
691 0.014933946008041356
692 0.014933946008041356
693 0.014168102623013594
694 0.014551024315527475
695 0.014933946008041356
696 0.015125406854298296
697 0.015508328546812177
698 0.015891250239326058
699 0.015508328546812177
700 0.01627417193183994
