1 0.0007658433850277618
2 0.0009573042312847023
3 0.0011487650775416428
4 0.0015316867700555237
5 0.002106069308826345
6 0.0030633735401110473
7 0.0036377560788818687
8 0.003829216925138809
9 0.00402067777139575
10 0.003829216925138809
11 0.0047865211564235115
12 0.005360903695194333
13 0.006126747080222095
14 0.006701129618992916
15 0.00842427723530538
16 0.010530346544131725
17 0.011104729082902547
18 0.01225349416044419
19 0.015125406854298296
20 0.01684855447061076
21 0.018380241240666284
22 0.02029484970323569
23 0.022017997319548153
24 0.02488991001340226
25 0.028144744399770247
26 0.030442274554853533
27 0.03388856978747846
28 0.03580317825004786
29 0.03867509094390197
30 0.04001531686770055
31 0.04384453379283936
32 0.04805667241049205
33 0.0501627417193184
34 0.051694428489373924
35 0.05322611525942945
36 0.05571510626076967
37 0.05935286233965154
38 0.06279915757227647
39 0.06547960941987363
40 0.06854298295998468
41 0.06911736549875551
42 0.06911736549875551
43 0.07198927819260961
44 0.07390388665517901
45 0.0742868083476929
46 0.07735018188780395
47 0.07907332950411641
48 0.08290254642925522
49 0.0871146850469079
50 0.08845491097070649
51 0.09113536281830366
52 0.0922841278958453
53 0.09266704958835918
54 0.09439019720467165
55 0.09515604058969941
56 0.09802795328355352
57 0.09994256174612291
58 0.10281447443997703
59 0.10587784798008808
60 0.10606930882634501
61 0.109324143212713
62 0.11143021252153934
63 0.1154508902929351
64 0.11813134214053227
65 0.1183228029867892
66 0.12234348075818495
67 0.12330078498946966
68 0.12425808922075436
69 0.12444955006701129
70 0.12483247175952518
71 0.12713000191460846
72 0.13210798391728892
73 0.1357457399961708
74 0.13995787861382347
75 0.14034080030633736
76 0.1420639479226498
77 0.14417001723147616
78 0.14704192992533027
79 0.15259429446678155
80 0.1556576680068926
81 0.15680643308443423
82 0.157572276469462
83 0.1604441891633161
84 0.1627417193183994
85 0.1627417193183994
86 0.1617844150871147
87 0.16637947539728126
88 0.16542217116599656
89 0.16905992724487842
90 0.1726976833237603
91 0.17518667432510052
92 0.17748420448018382
93 0.17882443040398238
94 0.18112196055906568
95 0.18150488225157954
96 0.18763162933180164
97 0.18801455102431552
98 0.18916331610185716
99 0.19184376794945435
100 0.1939498372582807
101 0.1983534367221903
102 0.20141681026230135
103 0.2002680451847597
104 0.20486310549492628
105 0.20754355734252344
106 0.20658625311123874
107 0.2086923224200651
108 0.20984108749760674
109 0.2111813134214053
110 0.21520199119280106
111 0.21922266896419682
112 0.21922266896419682
113 0.22171165996553704
114 0.22458357265939116
115 0.2270725636607314
116 0.22937009381581466
117 0.23166762397089796
118 0.2318590848171549
119 0.23319931074095349
120 0.23396515412598123
121 0.23549684089603676
122 0.2399004403599464
123 0.24162358797625885
124 0.24315527474631438
125 0.2469844916714532
126 0.24966494351905036
127 0.25253685621290445
128 0.25253685621290445
129 0.2533026995979322
130 0.25808922075435575
131 0.2584721424468696
132 0.2592379858318974
133 0.2609611334482098
134 0.26517327206586255
135 0.2663220371434042
136 0.2670878805284319
137 0.2672793413746889
138 0.2680451847597166
139 0.27053417576105687
140 0.2735975493011679
141 0.27570361860999426
142 0.28183036569021636
143 0.28431935669155656
144 0.2831705916140149
145 0.28183036569021636
146 0.2873827302316676
147 0.28853149530920924
148 0.29063756461803564
149 0.2954240857744591
150 0.29312655561937584
151 0.2986789201608271
152 0.2996362243921118
153 0.3019337545471951
154 0.30461420639479225
155 0.3090178058587019
156 0.31169825770629905
157 0.3076775799349033
158 0.3103580317825005
159 0.3113153360137852
160 0.31265556193758376
161 0.315144552938924
162 0.3157189354776948
163 0.32146276086540304
164 0.32165422171165997
165 0.32165422171165997
166 0.32337736932797245
167 0.3262492820218265
168 0.32931265556193756
169 0.3316101857170209
170 0.33103580317825004
171 0.33543940264215966
172 0.3367796285659583
173 0.33486502010338887
174 0.334290637564618
175 0.3396515412598124
176 0.34099176718361096
177 0.3394600804135554
178 0.3455868274937775
179 0.34673559257131914
180 0.34673559257131914
181 0.34520390580126364
182 0.34673559257131914
183 0.35152211372774267
184 0.3565000957304231
185 0.3543940264215968
186 0.3545854872678537
187 0.3591805475780203
188 0.3620524602718744
189 0.36128661688684666
190 0.36320122534941607
191 0.36454145127321463
192 0.3676048248133257
193 0.363392686195673
194 0.3658816771970132
195 0.36454145127321463
196 0.36837066819835346
197 0.36894505073712425
198 0.37602910204863105
199 0.37698640627991575
200 0.37870955389622823
201 0.3800497798200268
202 0.37641202374114496
203 0.37545471950986026
204 0.3775607888186866
205 0.38215584912885314
206 0.3854106835152211
207 0.38675090943901974
208 0.39211181313421406
209 0.39728125598315145
210 0.3900057438253877
211 0.3909630480566724
212 0.39019720467164465
213 0.39402642159678347
214 0.39632395175186674
215 0.39862148190695
216 0.4047482289871721
217 0.4045567681409152
218 0.402067777139575
219 0.4089603676048248
220 0.4093432892973387
221 0.4112578977599081
222 0.4108749760673942
223 0.4137468887612483
224 0.41049205437488034
225 0.4131725062224775
226 0.4093432892973387
227 0.4076201416810262
228 0.40781160252728316
229 0.4089603676048248
230 0.4076201416810262
231 0.4080030633735401
232 0.40685429829599845
233 0.4057055332184568
234 0.40857744591231093
235 0.4080030633735401
236 0.40972621098985257
237 0.4064713766034846
238 0.40723721998851237
239 0.40972621098985257
240 0.411640819452422
241 0.41336396706873446
242 0.41298104537622055
243 0.4106835152211373
244 0.41585295807007466
245 0.41661880145510244
246 0.42140532261152597
247 0.4208309400727551
248 0.42523453953666474
249 0.4240857744591231
250 0.42293700938158146
251 0.4225540876890676
252 0.42619184376794944
253 0.4292552173080605
254 0.43251005169442847
255 0.43097836492437297
256 0.43002106069308826
257 0.43136128661688683
258 0.4305954432318591
259 0.4319356691556577
260 0.43231859084817154
261 0.4338502776182271
262 0.43787095538962284
263 0.43710511200459506
264 0.43519050354202565
265 0.4367221903120812
266 0.43882825962090755
267 0.44131725062224775
268 0.43959410300593527
269 0.43959410300593527
270 0.4434233199310741
271 0.4407428680834769
272 0.44055140723721997
273 0.44227455485353245
274 0.4411257897759908
275 0.4445720850086157
276 0.44667815431744207
277 0.44418916331610186
278 0.4489756844725254
279 0.44840130193375455
280 0.4491671453187823
281 0.4539536664752058
282 0.4585487267853724
283 0.45988895270917096
284 0.45988895270917096
285 0.45835726593911547
286 0.46314378709553894
287 0.46218648286425423
288 0.4602718744016849
289 0.45893164847788626
290 0.4600804135554279
291 0.46410109132682364
292 0.4600804135554279
293 0.46448401301933756
294 0.4577828834003446
295 0.4543365881677197
296 0.45988895270917096
297 0.4610377177867126
298 0.4602718744016849
299 0.46084625694045567
300 0.4652498564043653
301 0.46505839555810835
302 0.46831322994447633
303 0.47673750717978175
304 0.47673750717978175
305 0.4826727934137469
306 0.4832471759525177
307 0.4813325674899483
308 0.47865211564235116
309 0.4826727934137469
310 0.4813325674899483
311 0.4849703235688302
312 0.4861190886463718
313 0.4903312272640245
314 0.4932031399578786
315 0.49416044418916333
316 0.4947348267279341
317 0.4974152785755313
318 0.4981811219605591
319 0.5010530346544132
320 0.4981811219605591
321 0.4991384261918438
322 0.5020103388856979
323 0.5012444955006701
324 0.5050737124258089
325 0.5033505648094965
326 0.5031591039632395
327 0.5052651732720659
328 0.504690790733295
329 0.507945625119663
330 0.5098602335822324
331 0.5115833811985449
332 0.504882251579552
333 0.504882251579552
334 0.511391920352288
335 0.5106260769672601
336 0.5123492245835727
337 0.5142638330461421
338 0.5179015891250239
339 0.5182845108175378
340 0.5228795711277043
341 0.5228795711277043
342 0.5230710319739613
343 0.5196247367413364
344 0.527283170591614
345 0.524028336205246
346 0.5213478843576489
347 0.5226881102814475
348 0.5224966494351905
349 0.5244112578977599
350 0.527474631437871
351 0.527283170591614
352 0.5280490139766417
353 0.5309209266704958
354 0.5330269959793222
355 0.5316867700555237
356 0.5370476737507179
357 0.5441317250622247
358 0.5450890292935094
359 0.54317442083094
360 0.543557342523454
361 0.5443231859084817
362 0.543557342523454
363 0.5443231859084817
364 0.5441317250622247
365 0.5489182462186483
366 0.5510243155274747
367 0.5567681409151829
368 0.5579169059927245
369 0.5604058969940647
370 0.5607888186865786
371 0.5623205054566341
372 0.5611717403790925
373 0.5604058969940647
374 0.5621290446103772
375 0.5630863488416619
376 0.5665326440742868
377 0.565766800689259
378 0.5653838789967451
379 0.5669155657668007
380 0.5705533218456825
381 0.5745739996170783
382 0.5770629906184185
383 0.5738081562320505
384 0.5715106260769672
385 0.575339843002106
386 0.5741910779245645
387 0.5739996170783075
388 0.5772544514646755
389 0.582232433467356
390 0.5828068160061267
391 0.5803178250047866
392 0.5816580509285851
393 0.5906567107026613
394 0.5837641202374114
395 0.5866360329312655
396 0.5879762588550641
397 0.5910396323951752
398 0.5887421022400919
399 0.5921883974727168
400 0.5919969366264599
401 0.5929542408577446
402 0.5931457017040015
403 0.5914225540876891
404 0.5919969366264599
405 0.5908481715489182
406 0.5958261535515987
407 0.5950603101665709
408 0.5931457017040015
409 0.6008041355542791
410 0.6027187440168486
411 0.60137851809305
412 0.5975493011679112
413 0.6000382921692514
414 0.6021443614780777
415 0.6065479609419874
416 0.6042504307869041
417 0.6057821175569597
418 0.6065479609419874
419 0.6069308826345012
420 0.6098027953283554
421 0.6071223434807582
422 0.604633352479418
423 0.6099942561746123
424 0.6099942561746123
425 0.6082711085582998
426 0.614014933946008
427 0.6143978556385219
428 0.6168868466398622
429 0.6163124641010913
430 0.6111430212521539
431 0.6186099942561746
432 0.6199502201799731
433 0.6193758376412024
434 0.6209075244112578
435 0.6203331418724871
436 0.6216733677962857
437 0.6212904461037718
438 0.6266513497989661
439 0.6232050545663412
440 0.6308634884166188
441 0.6289488799540494
442 0.6220562894887995
443 0.6182270725636607
444 0.6180356117174038
445 0.6203331418724871
446 0.6249282021826537
447 0.6287574191077925
448 0.6230135937200842
449 0.6251196630289105
450 0.6243538196438828
451 0.6295232624928202
452 0.630289105877848
453 0.6270342714914799
454 0.6230135937200842
455 0.6243538196438828
456 0.6235879762588551
457 0.6295232624928202
458 0.6278001148765078
459 0.6285659582615355
460 0.6256940455676814
461 0.6264598889527092
462 0.630097645031591
463 0.6308634884166188
464 0.6327780968791882
465 0.6379475397281256
466 0.6406279915757228
467 0.6396706873444381
468 0.6383304614206394
469 0.6345012444955007
470 0.6320122534941605
471 0.6356500095730423
472 0.6346927053417576
473 0.6345012444955007
474 0.6362243921118131
475 0.6402450698832088
476 0.6389048439594103
477 0.639862148190695
478 0.6436913651158338
479 0.6467547386559449
480 0.6517327206586253
481 0.65269002488991
482 0.6465632778096879
483 0.6417767566532644
484 0.6463718169634309
485 0.6465632778096879
486 0.6482864254260003
487 0.6517327206586253
488 0.6509668772735976
489 0.6513497989661114
490 0.6496266513497989
491 0.6523071031973962
492 0.6551790158912503
493 0.6549875550449933
494 0.6542217116599656
495 0.6519241815048823
496 0.6511583381198545
497 0.655944859276278
498 0.6517327206586253
499 0.655753398430021
500 0.6486693471185143
501 0.6503924947348267
502 0.652881485736167
503 0.6553704767375071
504 0.6530729465824239
505 0.6590082328163891
506 0.6569021635075627
507 0.6601569978939307
508 0.6630289105877848
509 0.6703044227455486
510 0.6691556576680069
511 0.6637947539728125
512 0.6636032931265556
513 0.6636032931265556
514 0.6614972238177292
515 0.6614972238177292
516 0.6643691365115834
517 0.6681983534367222
518 0.6647520582040972
519 0.6586253111238751
520 0.6609228412789585
521 0.6628374497415278
522 0.659391154508903
523 0.6649435190503542
524 0.6699215010530346
525 0.6693471185142639
526 0.6676239708979513
527 0.668772735975493
528 0.6727934137468887
529 0.6727934137468887
530 0.6743251005169443
531 0.675473865594486
532 0.6789201608271108
533 0.6731763354394027
534 0.6714531878230902
535 0.6712617269768333
536 0.6741336396706873
537 0.6731763354394027
538 0.6703044227455486
539 0.6699215010530346
540 0.6710702661305763
541 0.6731763354394027
542 0.6708788052843193
543 0.6701129618992916
544 0.6758567872869998
545 0.668581275129236
546 0.668581275129236
547 0.672219031208118
548 0.675090943901972
549 0.6775799349033123
550 0.6758567872869998
551 0.6745165613632013
552 0.6791116216733678
553 0.6808347692896802
554 0.6800689259046525
555 0.6777713957495692
556 0.6823664560597358
557 0.6816006126747081
558 0.6779628565958261
559 0.6745165613632013
560 0.675090943901972
561 0.6756653264407428
562 0.6781543174420831
563 0.6773884740570554
564 0.6793030825196248
565 0.6708788052843193
566 0.6664752058204098
567 0.6703044227455486
568 0.6760482481332567
569 0.6800689259046525
570 0.6777713957495692
571 0.6777713957495692
572 0.6825579169059928
573 0.6884932031399579
574 0.6850469079073329
575 0.6804518475971664
576 0.6817920735209649
577 0.6840896036760482
578 0.6861956729848746
579 0.6779628565958261
580 0.6798774650583955
581 0.6802603867509094
582 0.6768140915182845
583 0.675473865594486
584 0.6762397089795137
585 0.6747080222094581
586 0.6729848745931457
587 0.6689641968217499
588 0.6680068925904652
589 0.6668581275129236
590 0.6634118322802987
591 0.6691556576680069
592 0.6716446486693471
593 0.672219031208118
594 0.6657093624353819
595 0.6628374497415278
596 0.6636032931265556
597 0.6683898142829792
598 0.6683898142829792
599 0.6637947539728125
600 0.6670495883591806
601 0.6678154317442083
602 0.6697300402067777
603 0.6695385793605207
604 0.6664752058204098
605 0.6680068925904652
606 0.6708788052843193
607 0.6666666666666666
608 0.6703044227455486
609 0.6693471185142639
610 0.6659008232816389
611 0.6678154317442083
612 0.6657093624353819
613 0.6641776756653265
614 0.668772735975493
615 0.668581275129236
616 0.6653264407428681
617 0.665517901589125
618 0.6664752058204098
619 0.6657093624353819
620 0.6727934137468887
621 0.6708788052843193
622 0.675282404748229
623 0.6827493777522496
624 0.6810262301359372
625 0.6816006126747081
626 0.6814091518284511
627 0.6739421788244304
628 0.6727934137468887
629 0.675282404748229
630 0.6808347692896802
631 0.6858127512923607
632 0.6840896036760482
633 0.6821749952134788
634 0.6867700555236455
635 0.687918820601187
636 0.6837066819835343
637 0.6856212904461038
638 0.6858127512923607
639 0.6869615163699023
640 0.6869615163699023
641 0.6867700555236455
642 0.684663986214819
643 0.6842810645223052
644 0.6835152211372775
645 0.6883017422937009
646 0.6860042121386176
647 0.6865785946773885
648 0.6806433084434234
649 0.6819835343672219
650 0.6821749952134788
651 0.6817920735209649
652 0.6791116216733678
653 0.6771970132107984
654 0.6743251005169443
655 0.6708788052843193
656 0.6794945433658817
657 0.6816006126747081
658 0.6829408385985066
659 0.6827493777522496
660 0.6802603867509094
661 0.6794945433658817
662 0.6796860042121387
663 0.675282404748229
664 0.6743251005169443
665 0.6812176909821941
666 0.6819835343672219
667 0.6814091518284511
668 0.6831322994447635
669 0.6814091518284511
670 0.6835152211372775
671 0.6873444380624162
672 0.6835152211372775
673 0.6854298295998469
674 0.6781543174420831
675 0.6806433084434234
676 0.6844725253685622
677 0.6840896036760482
678 0.6890675856787287
679 0.6838981428297913
680 0.6837066819835343
681 0.6808347692896802
682 0.684663986214819
683 0.6888761248324717
684 0.6907907332950411
685 0.6927053417576106
686 0.6925138809113536
687 0.6852383687535899
688 0.6825579169059928
689 0.6833237602910205
690 0.6770055523645414
691 0.6825579169059928
692 0.6856212904461038
693 0.6831322994447635
694 0.6810262301359372
695 0.6817920735209649
696 0.6816006126747081
697 0.678728699980854
698 0.6819835343672219
699 0.6850469079073329
700 0.6840896036760482
