1 0.00019146084625694046
2 0.0005743825387708214
3 0.0003829216925138809
4 0.0003829216925138809
5 0.0005743825387708214
6 0.0015316867700555237
7 0.0015316867700555237
8 0.0017231476163124641
9 0.0026804518475971664
10 0.0026804518475971664
11 0.003254834386367988
12 0.00402067777139575
13 0.004977982002680452
14 0.005552364541451273
15 0.0068925904652498565
16 0.0072755121577637374
17 0.00861573808156232
18 0.010338885697874785
19 0.011296189929159487
20 0.012062033314187249
21 0.013785180930499713
22 0.014359563469270534
23 0.01665709362435382
24 0.018188780394409344
25 0.019146084625694046
26 0.02067777139574957
27 0.023166762397089796
28 0.02488991001340226
29 0.026804518475971664
30 0.02948497032356883
31 0.028144744399770247
32 0.030250813708596593
33 0.03331418724870764
34 0.03427149147999234
35 0.037334865020103386
36 0.03829216925138809
37 0.04001531686770055
38 0.041164081945242195
39 0.04250430786904078
40 0.044993298870381004
41 0.04901397664177676
42 0.05035420256557534
43 0.053417576105686385
44 0.05514072372199885
45 0.056672410492054376
46 0.05877847980088072
47 0.05896994064713766
48 0.06318207926479034
49 0.0672027570361861
50 0.06605399195864446
51 0.06969174803752633
52 0.07198927819260961
53 0.07543557342523453
54 0.07792456442657476
55 0.08022209458165805
56 0.08385985066053991
57 0.08788052843193567
58 0.08922075435573425
59 0.09190120620333142
60 0.09400727551215776
61 0.09496457974344247
62 0.0974535707447827
63 0.10243155274746314
64 0.1031973961324909
65 0.10568638713383113
66 0.109324143212713
67 0.1102814474439977
68 0.10970706490522689
69 0.1121960559065671
70 0.11238751675282405
71 0.1173654987555045
72 0.11679111621673367
73 0.11947156806433085
74 0.12368370668198353
75 0.12751292360712235
76 0.12981045376220562
77 0.13325674899483056
78 0.1376603484587402
79 0.14072372199885125
80 0.14474439977024697
81 0.1495309209266705
82 0.1533601378518093
83 0.15508328546812178
84 0.15891250239326057
85 0.16216733677962858
86 0.16503924947348267
87 0.1694428489373923
88 0.1726976833237603
89 0.17690982194141297
90 0.18418533409917673
91 0.1836109515604059
92 0.18571702086923225
93 0.18801455102431552
94 0.18801455102431552
95 0.1926096113344821
96 0.19643882825962092
97 0.20122534941604442
98 0.20371434041738465
99 0.2073520964962665
100 0.20964962665134979
101 0.21271300019146083
102 0.2115642351139192
103 0.21367030442274554
104 0.21424468696151636
105 0.2182653647329121
106 0.21883974727168293
107 0.22171165996553704
108 0.2238177292743634
109 0.22726402450698832
110 0.2309017805858702
111 0.22975301550832855
112 0.23358223243346735
113 0.237985831897377
114 0.24296381390005745
115 0.2456442657476546
116 0.24832471759525176
117 0.24813325674899483
118 0.25100516944284895
119 0.2556002297530155
120 0.25770629906184184
121 0.2575148382155849
122 0.25636607313804327
123 0.2584721424468696
124 0.2607696726019529
125 0.2619184376794945
126 0.2663220371434042
127 0.27034271491479994
128 0.27283170591614014
129 0.2760865403025081
130 0.2822132873827302
131 0.28451081753781354
132 0.28278766992150106
133 0.2868083476928968
134 0.2875741910779246
135 0.29044610377177865
136 0.292743633926862
137 0.2938923990044036
138 0.2929350947731189
139 0.2963813900057438
140 0.29753015508328545
141 0.3028910587784798
142 0.30365690216350755
143 0.30557151062607696
144 0.30633735401110473
145 0.3080605016274172
146 0.30997511008998657
147 0.3139957878613823
148 0.3139957878613823
149 0.31686770055523644
150 0.3191652307103197
151 0.32222860425043076
152 0.32337736932797245
153 0.32069691748037527
154 0.3245261344055141
155 0.32337736932797245
156 0.3226115259429447
157 0.32203714340417383
158 0.32854681217690984
159 0.33371625502584723
160 0.33543940264215966
161 0.3388856978747846
162 0.3421405322611526
163 0.34328929733869423
164 0.3459697491862914
165 0.34711851426383306
166 0.3497989661114302
167 0.35381964388282594
168 0.35228795711277044
169 0.3559257131916523
170 0.35994639096304804
171 0.35669155657668006
172 0.3580317825004787
173 0.35937200842427725
174 0.3605207735018189
175 0.3591805475780203
176 0.35898908673176333
177 0.3578403216542217
178 0.3580317825004787
179 0.3559257131916523
180 0.3565000957304231
181 0.3580317825004787
182 0.3587976258855064
183 0.3580317825004787
184 0.360137851809305
185 0.3614780777331036
186 0.35937200842427725
187 0.36128661688684666
188 0.3614780777331036
189 0.3630097645031591
190 0.3672219031208118
191 0.37028527666092287
192 0.37066819835343673
193 0.37449741527857555
194 0.3746888761248325
195 0.3687535898908673
196 0.37449741527857555
197 0.3756461803561172
198 0.3767949454336588
199 0.37507179781734634
200 0.3739230327398047
201 0.3758376412023741
202 0.37890101474248516
203 0.38062416235879765
204 0.3781351713574574
205 0.37890101474248516
206 0.3834960750526517
207 0.38215584912885314
208 0.38139000574382537
209 0.3834960750526517
210 0.3819643882825962
211 0.3861765269002489
212 0.3846448401301934
213 0.38502776182270726
214 0.38483630097645033
215 0.3915374305954432
216 0.39460080413555426
217 0.39211181313421406
218 0.39632395175186674
219 0.39728125598315145
220 0.3968983342906376
221 0.3980470993681792
222 0.3967068734443806
223 0.4003446295232625
224 0.39823856021443615
225 0.3984300210606931
226 0.401876316293318
227 0.3942178824430404
228 0.3957495692130959
229 0.3970897951368945
230 0.39919586444572086
231 0.4028336205246027
232 0.4037909247558874
233 0.40532261152594296
234 0.40532261152594296
235 0.40608845491097073
236 0.4070457591422554
237 0.4076201416810262
238 0.40685429829599845
239 0.4066628374497415
240 0.4030250813708597
241 0.40589699406471375
242 0.4032165422171166
243 0.40264215967834577
244 0.4055140723721999
245 0.4037909247558874
246 0.4028336205246027
247 0.40723721998851237
248 0.41144935860616505
249 0.40857744591231093
250 0.4106835152211373
251 0.4131725062224775
252 0.414704192992533
253 0.41432127130001917
254 0.4150871146850469
255 0.4150871146850469
256 0.417959027378901
257 0.4154700363775608
258 0.41566149722381773
259 0.4183419490714149
260 0.42102240091901205
261 0.4215967834577829
262 0.42523453953666474
263 0.4225540876890676
264 0.4258089220754356
265 0.42887229561554663
266 0.4267662263067203
267 0.4279149913842619
268 0.43097836492437297
269 0.42810645223051885
270 0.4294466781543174
271 0.43270151254068545
272 0.4357648860807965
273 0.43365881677197016
274 0.4302125215393452
275 0.42887229561554663
276 0.43251005169442847
277 0.43882825962090755
278 0.4357648860807965
279 0.43959410300593527
280 0.44495500670112964
281 0.4461037717786713
282 0.4506988320888378
283 0.45184759716637946
284 0.44935860616503925
285 0.44993298870381004
286 0.45223051885889337
287 0.4552938923990044
288 0.4558682749377752
289 0.45605973578403214
290 0.4529963622439211
291 0.45261344055140723
292 0.4505073712425809
293 0.45644265747654605
294 0.45969749186291403
295 0.46601569978939306
296 0.46544131725062227
297 0.46773884740570554
298 0.47156806433084436
299 0.46314378709553894
300 0.4619950220179973
301 0.4610377177867126
302 0.45835726593911547
303 0.46697300402067776
304 0.46505839555810835
305 0.4685046907907333
306 0.4708022209458166
307 0.4729082902546429
308 0.47118514263833045
309 0.4729082902546429
310 0.4717595251771013
311 0.4709936817920735
312 0.4736741336396707
313 0.479035037334865
314 0.4794179590273789
315 0.4826727934137469
316 0.48363009764503156
317 0.4813325674899483
318 0.47922649818112195
319 0.4799923415661497
320 0.4830557151062608
321 0.48382155849128855
322 0.4865020103388857
323 0.4861190886463718
324 0.488608079647712
325 0.48382155849128855
326 0.48018380241240666
327 0.48094964579743443
328 0.4866934711851426
329 0.49052268811028144
330 0.49167145318782307
331 0.49626651349798967
332 0.4945433658816772
333 0.498372582806816
334 0.4991384261918438
335 0.4997128087306146
336 0.5000957304231285
337 0.504499329887038
338 0.5043078690407812
339 0.5066053991958644
340 0.5075627034271492
341 0.5077541642734061
342 0.507945625119663
343 0.5075627034271492
344 0.511200459506031
345 0.5102431552747463
346 0.5129236071223435
347 0.5152211372774268
348 0.5140723721998851
349 0.5134979896611143
350 0.5194332758950795
351 0.5192418150488225
352 0.5165613632012254
353 0.5200076584338503
354 0.520964962665135
355 0.5205820409726211
356 0.520773501818878
357 0.5249856404365307
358 0.5267087880528432
359 0.5265173272065863
360 0.524219797051503
361 0.5314953092092667
362 0.530729465824239
363 0.5290063182079264
364 0.5301550832854681
365 0.5269002488991001
366 0.5211564235113919
367 0.5228795711277043
368 0.5251771012827877
369 0.5265173272065863
370 0.5322611525942945
371 0.5316867700555237
372 0.5334099176718361
373 0.5380049779820026
374 0.5381964388282596
375 0.5387708213670305
376 0.539919586444572
377 0.5387708213670305
378 0.5385793605207735
379 0.539919586444572
380 0.5439402642159679
381 0.5489182462186483
382 0.5521730806050162
383 0.5540876890675857
384 0.5512157763737315
385 0.5550449932988704
386 0.5510243155274747
387 0.5527474631437871
388 0.5525560022975301
389 0.5596400536090369
390 0.5621290446103772
391 0.5653838789967451
392 0.5619375837641203
393 0.5619375837641203
394 0.5632778096879189
395 0.5665326440742868
396 0.5686387133831131
397 0.5699789393069118
398 0.5722764694619951
399 0.5697874784606548
400 0.5678728699980854
401 0.5669155657668007
402 0.5684472525368562
403 0.565958261535516
404 0.5766800689259046
405 0.5734252345395366
406 0.5715106260769672
407 0.5743825387708213
408 0.5797434424660157
409 0.5780202948497032
410 0.5812751292360713
411 0.5829982768523837
412 0.5814665900823281
413 0.5847214244686961
414 0.5883591805475781
415 0.5896994064713766
416 0.591614014933946
417 0.5962090752441126
418 0.5921883974727168
419 0.598123683706682
420 0.5969749186291403
421 0.5967834577828834
422 0.598123683706682
423 0.5986980662454529
424 0.5986980662454529
425 0.6025272831705916
426 0.6073138043270151
427 0.5986980662454529
428 0.5994639096304806
429 0.5967834577828834
430 0.6002297530155083
431 0.5985066053991959
432 0.5973578403216542
433 0.5973578403216542
434 0.5983151445529389
435 0.5977407620141681
436 0.5986980662454529
437 0.5986980662454529
438 0.6034845874018763
439 0.6002297530155083
440 0.5994639096304806
441 0.5990809879379667
442 0.5973578403216542
443 0.6002297530155083
444 0.6017614397855638
445 0.6017614397855638
446 0.601187057246793
447 0.601187057246793
448 0.60137851809305
449 0.6034845874018763
450 0.6036760482481333
451 0.6000382921692514
452 0.6038675090943902
453 0.6067394217882442
454 0.6115259429446678
455 0.6145893164847789
456 0.6163124641010913
457 0.6117174037909248
458 0.620716063565001
459 0.6245452804901398
460 0.6260769672601952
461 0.6272257323377369
462 0.630097645031591
463 0.6268428106452231
464 0.6295232624928202
465 0.6325866360329313
466 0.6356500095730423
467 0.6322037143404173
468 0.633543940264216
469 0.6327780968791882
470 0.6279915757227647
471 0.6230135937200842
472 0.6233965154125981
473 0.6272257323377369
474 0.6228221328738273
475 0.6281830365690216
476 0.6268428106452231
477 0.6323951751866743
478 0.6341183228029867
479 0.6289488799540494
480 0.6318207926479035
481 0.6297147233390772
482 0.6312464101091326
483 0.6306720275703619
484 0.6274171931839939
485 0.6283744974152786
486 0.6255025847214245
487 0.6228221328738273
488 0.6214819069500287
489 0.6197587593337163
490 0.6276086540302508
491 0.6235879762588551
492 0.6230135937200842
493 0.6245452804901398
494 0.6255025847214245
495 0.6228221328738273
496 0.6191843767949454
497 0.6168868466398622
498 0.6232050545663412
499 0.6233965154125981
500 0.6264598889527092
501 0.623779437105112
502 0.6249282021826537
503 0.6251196630289105
504 0.6253111238751675
505 0.630289105877848
506 0.6362243921118131
507 0.6354585487267854
508 0.630289105877848
509 0.6293318016465633
510 0.630097645031591
511 0.6268428106452231
512 0.6276086540302508
513 0.6289488799540494
514 0.6297147233390772
515 0.633352479417959
516 0.6304805667241049
517 0.6322037143404173
518 0.6346927053417576
519 0.6379475397281256
520 0.6371816963430978
521 0.6343097836492437
522 0.6362243921118131
523 0.6346927053417576
524 0.6390963048056673
525 0.6389048439594103
526 0.6352670878805284
527 0.6392877656519241
528 0.639862148190695
529 0.6452230518858894
530 0.6410109132682367
531 0.6433084434233199
532 0.649435190503542
533 0.6440742868083477
534 0.6459888952709171
535 0.6425426000382922
536 0.6356500095730423
537 0.6406279915757228
538 0.6387133831131534
539 0.6369902354968409
540 0.6419682174995214
541 0.6408194524219797
542 0.6471376603484588
543 0.6465632778096879
544 0.6503924947348267
545 0.6538387899674517
546 0.6549875550449933
547 0.6534558682749377
548 0.65269002488991
549 0.6486693471185143
550 0.6452230518858894
551 0.6467547386559449
552 0.649243729657285
553 0.6502010338885698
554 0.6509668772735976
555 0.6488608079647712
556 0.6473291211947156
557 0.6448401301933755
558 0.6490522688110282
559 0.6551790158912503
560 0.6601569978939307
561 0.6586253111238751
562 0.6603484587401877
563 0.6565192418150488
564 0.6542217116599656
565 0.6515412598123683
566 0.6475205820409726
567 0.6496266513497989
568 0.6500095730423129
569 0.6446486693471185
570 0.6463718169634309
571 0.6482864254260003
572 0.6496266513497989
573 0.6601569978939307
574 0.6597740762014168
575 0.6551790158912503
576 0.6509668772735976
577 0.6534558682749377
578 0.6567107026613057
579 0.6553704767375071
580 0.6565192418150488
581 0.6515412598123683
582 0.6467547386559449
583 0.6471376603484588
584 0.6442657476546046
585 0.6389048439594103
586 0.6402450698832088
587 0.6396706873444381
588 0.6457974344246602
589 0.6490522688110282
590 0.6502010338885698
591 0.6502010338885698
592 0.649435190503542
593 0.652881485736167
594 0.6574765460463335
595 0.659199693662646
596 0.6628374497415278
597 0.6641776756653265
598 0.6666666666666666
599 0.6703044227455486
600 0.6636032931265556
601 0.6643691365115834
602 0.6657093624353819
603 0.6659008232816389
604 0.6651349798966112
605 0.662454528049014
606 0.6664752058204098
607 0.6714531878230902
608 0.6695385793605207
609 0.6768140915182845
610 0.6735592571319166
611 0.6716446486693471
612 0.6666666666666666
613 0.6695385793605207
614 0.6645605973578403
615 0.6660922841278959
616 0.6660922841278959
617 0.665517901589125
618 0.6611143021252154
619 0.6660922841278959
620 0.6724104920543749
621 0.668772735975493
622 0.6678154317442083
623 0.6664752058204098
624 0.6680068925904652
625 0.6680068925904652
626 0.6660922841278959
627 0.6647520582040972
628 0.6643691365115834
629 0.668581275129236
630 0.6697300402067777
631 0.6714531878230902
632 0.6699215010530346
633 0.6689641968217499
634 0.668581275129236
635 0.6729848745931457
636 0.671836109515604
637 0.668772735975493
638 0.6653264407428681
639 0.6643691365115834
640 0.6578594677388474
641 0.6590082328163891
642 0.6576680068925904
643 0.6588167719701321
644 0.6595826153551598
645 0.6578594677388474
646 0.6611143021252154
647 0.6626459888952709
648 0.6659008232816389
649 0.6647520582040972
650 0.6693471185142639
651 0.671836109515604
652 0.678728699980854
653 0.6762397089795137
654 0.675090943901972
655 0.675090943901972
656 0.6704958835918055
657 0.671836109515604
658 0.6764311698257707
659 0.6791116216733678
660 0.6743251005169443
661 0.675473865594486
662 0.6743251005169443
663 0.6756653264407428
664 0.6771970132107984
665 0.6768140915182845
666 0.6775799349033123
667 0.6762397089795137
668 0.6771970132107984
669 0.675473865594486
670 0.668581275129236
671 0.6697300402067777
672 0.6737507179781734
673 0.6691556576680069
674 0.6670495883591806
675 0.6639862148190695
676 0.6724104920543749
677 0.6731763354394027
678 0.6762397089795137
679 0.6758567872869998
680 0.6743251005169443
681 0.6701129618992916
682 0.672027570361861
683 0.6714531878230902
684 0.6743251005169443
685 0.675473865594486
686 0.6783457782883401
687 0.6737507179781734
688 0.6798774650583955
689 0.6835152211372775
690 0.6817920735209649
691 0.6816006126747081
692 0.6816006126747081
693 0.678728699980854
694 0.6798774650583955
695 0.6760482481332567
696 0.6794945433658817
697 0.6800689259046525
698 0.6798774650583955
699 0.6779628565958261
700 0.675473865594486
