1 0.0003829216925138809
2 0.0003829216925138809
3 0.0005743825387708214
4 0.0003829216925138809
5 0.0003829216925138809
6 0.0003829216925138809
7 0.0007658433850277618
8 0.0007658433850277618
9 0.0007658433850277618
10 0.0007658433850277618
11 0.0011487650775416428
12 0.0011487650775416428
13 0.0011487650775416428
14 0.0011487650775416428
15 0.0011487650775416428
16 0.0011487650775416428
17 0.0011487650775416428
18 0.0013402259237985832
19 0.0013402259237985832
20 0.0015316867700555237
21 0.0015316867700555237
22 0.0015316867700555237
23 0.0015316867700555237
24 0.0015316867700555237
25 0.0013402259237985832
26 0.0015316867700555237
27 0.0019146084625694046
28 0.0019146084625694046
29 0.002106069308826345
30 0.002106069308826345
31 0.002488991001340226
32 0.002488991001340226
33 0.0022975301550832855
34 0.002106069308826345
35 0.002106069308826345
36 0.002106069308826345
37 0.0026804518475971664
38 0.002871912693854107
39 0.002871912693854107
40 0.002871912693854107
41 0.0026804518475971664
42 0.002871912693854107
43 0.003254834386367988
44 0.0036377560788818687
45 0.0034462952326249283
46 0.0036377560788818687
47 0.00421213861765269
48 0.00402067777139575
49 0.004595060310166571
50 0.0047865211564235115
51 0.005169442848937392
52 0.005743825387708214
53 0.005743825387708214
54 0.005552364541451273
55 0.005169442848937392
56 0.005935286233965154
57 0.005743825387708214
58 0.006126747080222095
59 0.006126747080222095
60 0.006509668772735976
61 0.0068925904652498565
62 0.006701129618992916
63 0.006318207926479035
64 0.006509668772735976
65 0.006701129618992916
66 0.0068925904652498565
67 0.0072755121577637374
68 0.0072755121577637374
69 0.007658433850277618
70 0.007658433850277618
71 0.0068925904652498565
72 0.007084051311506797
73 0.0072755121577637374
74 0.0068925904652498565
75 0.007466973004020678
76 0.0080413555427915
77 0.0080413555427915
78 0.007658433850277618
79 0.0080413555427915
80 0.007849894696534559
81 0.0080413555427915
82 0.007849894696534559
83 0.007849894696534559
84 0.007849894696534559
85 0.007466973004020678
86 0.0072755121577637374
87 0.0072755121577637374
88 0.0072755121577637374
89 0.007466973004020678
90 0.007084051311506797
91 0.007466973004020678
92 0.00823281638904844
93 0.00861573808156232
94 0.00842427723530538
95 0.009190120620333142
96 0.010147424851617844
97 0.010147424851617844
98 0.010530346544131725
99 0.010530346544131725
100 0.011104729082902547
101 0.010913268236645606
102 0.011870572467930308
103 0.011679111621673368
104 0.01263641585295807
105 0.01282787669921501
106 0.013210798391728892
107 0.014551024315527475
108 0.015316867700555237
109 0.015699789393069118
110 0.014933946008041356
111 0.015699789393069118
112 0.015508328546812177
113 0.015891250239326058
114 0.016082711085583
115 0.016082711085583
116 0.017422937009381582
117 0.01684855447061076
118 0.018188780394409344
119 0.018954623779437105
120 0.018954623779437105
121 0.018763162933180165
122 0.018571702086923225
123 0.018571702086923225
124 0.018763162933180165
125 0.019529006318207927
126 0.02067777139574957
127 0.02029484970323569
128 0.02086923224200651
129 0.021635075627034272
130 0.02144361478077733
131 0.022400919012062034
132 0.02106069308826345
133 0.022400919012062034
134 0.022400919012062034
135 0.022592379858318974
136 0.022209458165805093
137 0.022783840704575915
138 0.022783840704575915
139 0.023166762397089796
140 0.023549684089603676
141 0.022400919012062034
142 0.023549684089603676
143 0.02488991001340226
144 0.026421596783457783
145 0.027187440168485545
146 0.028144744399770247
147 0.02871912693854107
148 0.02891058778479801
149 0.02948497032356883
150 0.02910204863105495
151 0.02948497032356883
152 0.02891058778479801
153 0.02891058778479801
154 0.02929350947731189
155 0.030059352862339652
156 0.030825196247367414
157 0.03197396132490905
158 0.03159103963239517
159 0.031208117939881295
160 0.031782500478652116
161 0.03350564809496458
162 0.03293126555619376
163 0.03254834386367988
164 0.032739804709936815
165 0.0340800306337354
166 0.033122726402450696
167 0.0350373348650201
168 0.03542025655753398
169 0.0350373348650201
170 0.034845874018763164
171 0.03580317825004786
172 0.0350373348650201
173 0.03618609994256174
174 0.03618609994256174
175 0.03714340417384645
176 0.036569021635075624
177 0.03637756078881869
178 0.03542025655753398
179 0.03867509094390197
180 0.039058012636415854
181 0.03810070840513115
182 0.03829216925138809
183 0.039058012636415854
184 0.03771778671261727
185 0.03848363009764503
186 0.039058012636415854
187 0.039440934328929735
188 0.03924947348267279
189 0.04001531686770055
190 0.04250430786904078
191 0.04480183802412407
192 0.044610377177867123
193 0.04595060310166571
194 0.04518475971663795
195 0.04518475971663795
196 0.04595060310166571
197 0.04709936817920735
198 0.048248133256748996
199 0.04901397664177676
200 0.04901397664177676
201 0.047482289871721234
202 0.04805667241049205
203 0.04843959410300593
204 0.04977982002680452
205 0.049971280873061456
206 0.04977982002680452
207 0.05092858510434616
208 0.05131150679686004
209 0.05265173272065862
210 0.05360903695194333
211 0.053800497798200266
212 0.05552364541451273
213 0.056672410492054376
214 0.056289488799540495
215 0.058395558108366837
216 0.06031016657093624
217 0.06165039249473483
218 0.06279915757227647
219 0.06337354011104729
220 0.06413938349607505
221 0.06413938349607505
222 0.06471376603484587
223 0.06471376603484587
224 0.06299061841853341
225 0.06413938349607505
226 0.06413938349607505
227 0.06471376603484587
228 0.06624545280490139
229 0.06777713957495692
230 0.06911736549875551
231 0.07122343480758185
232 0.07198927819260961
233 0.07409534750143595
234 0.07486119088646372
235 0.07581849511774842
236 0.07677579934903313
237 0.077158721041547
238 0.07581849511774842
239 0.07486119088646372
240 0.07543557342523453
241 0.07754164273406089
242 0.07964771204288723
243 0.07907332950411641
244 0.08022209458165805
245 0.08194524219797052
246 0.08194524219797052
247 0.08232816389048439
248 0.08251962473674133
249 0.08290254642925522
250 0.08175378135171357
251 0.08443423319931075
252 0.08596591996936627
253 0.08673176335439403
254 0.0871146850469079
255 0.08807198927819261
256 0.08807198927819261
257 0.08845491097070649
258 0.08807198927819261
259 0.08826345012444956
260 0.08883783266322037
261 0.08883783266322037
262 0.08998659774076201
263 0.0913268236645606
264 0.08998659774076201
265 0.09056098027953284
266 0.0941987363584147
267 0.09496457974344247
268 0.09534750143595634
269 0.09630480566724105
270 0.09707064905226881
271 0.09821941412981046
272 0.09783649243729657
273 0.09917671836109515
274 0.1022400919012062
275 0.10511200459506032
276 0.10453762205628948
277 0.10549492628757419
278 0.10721807390388666
279 0.1064522305188589
280 0.10798391728891442
281 0.10951560405896994
282 0.10951560405896994
283 0.11104729082902547
284 0.1121960559065671
285 0.11162167336779628
286 0.11238751675282405
287 0.1121960559065671
288 0.1135362818303657
289 0.11372774267662263
290 0.1183228029867892
291 0.12004595060310166
292 0.11851426383304614
293 0.12042887229561555
294 0.12330078498946966
295 0.12272640245069884
296 0.12100325483438637
297 0.12234348075818495
298 0.12368370668198353
299 0.12310932414321271
300 0.1234922458357266
301 0.12330078498946966
302 0.12483247175952518
303 0.125406854298296
304 0.12444955006701129
305 0.12655561937583765
306 0.12598123683706683
307 0.12674708022209458
308 0.12674708022209458
309 0.12904461037717788
310 0.12904461037717788
311 0.13115067968600422
312 0.13210798391728892
313 0.13191652307103197
314 0.134979896611143
315 0.13689450507371242
316 0.13900057438253877
317 0.14034080030633736
318 0.13823473099751102
319 0.1411066436913651
320 0.1420639479226498
321 0.14589316484778864
322 0.14455293892399004
323 0.14570170400153168
324 0.14589316484778864
325 0.1462760865403025
326 0.14646754738655945
327 0.1481906950028719
328 0.14589316484778864
329 0.15201991192801073
330 0.15546620716063564
331 0.1552747463143787
332 0.15604058969940648
333 0.15814665900823283
334 0.1600612674708022
335 0.16293318016465633
336 0.16523071031973963
337 0.16427340608845492
338 0.16408194524219796
339 0.1656136320122535
340 0.16350756270342715
341 0.16121003254834387
342 0.16350756270342715
343 0.16580509285851044
344 0.1661880145510243
345 0.17001723147616313
346 0.17154891824621865
347 0.1746122917863297
348 0.17614397855638522
349 0.17786712617269768
350 0.18112196055906568
351 0.1797817346352671
352 0.17920735209649627
353 0.18399387325291977
354 0.18590848171548918
355 0.18801455102431552
356 0.19050354202565575
357 0.1949071414895654
358 0.1958644457208501
359 0.19414129810453762
360 0.19777905418341948
361 0.19701321079839174
362 0.2016082711085583
363 0.20371434041738465
364 0.20907524411257897
365 0.21309592188397472
366 0.2148190695002872
367 0.21558491288531495
368 0.2199885123492246
369 0.22305188588933564
370 0.22802986789201607
371 0.2318590848171549
372 0.23415661497223816
373 0.23492245835726594
374 0.24028336205246026
375 0.24775033505648095
376 0.2494734826727934
377 0.2511966302891059
378 0.25808922075435575
379 0.2611525942944668
380 0.26345012444955007
381 0.26766226306720275
382 0.2688110281447444
383 0.2697683323760291
384 0.27800114876507753
385 0.2806816006126747
386 0.28623396515412597
387 0.2866168868466399
388 0.28699980853915374
389 0.2912119471568064
390 0.29561554662071604
391 0.3025081370859659
392 0.3069117365498755
393 0.3090178058587019
394 0.3113153360137852
395 0.31457017040015317
396 0.3176335439402642
397 0.3189737698640628
398 0.32395175186674324
399 0.3270151254068543
400 0.32931265556193756
401 0.33371625502584723
402 0.3394600804135554
403 0.34156614972238175
404 0.3446295232624928
405 0.34903312272640247
406 0.3543940264215968
407 0.36032931265556195
408 0.36549875550449934
409 0.37066819835343673
410 0.38024124066628373
411 0.3810070840513115
412 0.382730231667624
413 0.3834960750526517
414 0.38847405705533217
415 0.3900057438253877
416 0.38847405705533217
417 0.3907715872104155
418 0.39268619567298485
419 0.39479226498181125
420 0.39383496075052654
421 0.3967068734443806
422 0.3984300210606931
423 0.39862148190695
424 0.40149339460080413
425 0.40436530729465825
426 0.41010913268236643
427 0.4093432892973387
428 0.41681026230135937
429 0.41910779245644264
430 0.42044801838024126
431 0.4215967834577829
432 0.42466015699789394
433 0.4302125215393452
434 0.4328929733869424
435 0.44035994639096304
436 0.44495500670112964
437 0.4487842236262684
438 0.4497415278575531
439 0.45605973578403214
440 0.4595060310166571
441 0.4587401876316293
442 0.45969749186291403
443 0.4639096304805667
444 0.4681217690982194
445 0.46927053417576103
446 0.4746314378709554
447 0.47731188971855254
448 0.4784606547960942
449 0.47769481141106646
450 0.48458740187631627
451 0.48535324526134405
452 0.4859276278001149
453 0.4859276278001149
454 0.4870763928776565
455 0.4912885314953092
456 0.4932031399578786
457 0.4928202182653647
458 0.4926287574191078
459 0.4974152785755313
460 0.5025847214244687
461 0.5092858510434616
462 0.5134979896611143
463 0.5159869806624545
464 0.5230710319739613
465 0.5230710319739613
466 0.5261344055140724
467 0.527474631437871
468 0.5282404748228987
469 0.5343672219031208
470 0.539919586444572
471 0.543365881677197
472 0.5450890292935094
473 0.5454719509860234
474 0.5448975684472526
475 0.5439402642159679
476 0.5454719509860234
477 0.5479609419873636
478 0.5494926287574191
479 0.5487267853723914
480 0.5473865594485927
481 0.5554279149913842
482 0.5604058969940647
483 0.5672984874593145
484 0.5728508520007658
485 0.5741910779245645
486 0.5751483821558492
487 0.5757227646946199
488 0.5772544514646755
489 0.5759142255408769
490 0.578786138234731
491 0.5784032165422172
492 0.5824238943136129
493 0.5870189546237794
494 0.5805092858510434
495 0.5764886080796477
496 0.5774459123109325
497 0.5814665900823281
498 0.582040972621099
499 0.578786138234731
500 0.5801263641585296
501 0.5879762588550641
502 0.5872104154700364
503 0.5904652498564044
504 0.5904652498564044
505 0.5849128853149531
506 0.5874018763162934
507 0.5889335630863488
508 0.5998468313229944
509 0.6009955964005361
510 0.6038675090943902
511 0.604824813325675
512 0.604824813325675
513 0.6057821175569597
514 0.6075052651732721
515 0.6067394217882442
516 0.6084625694045568
517 0.6092284127895845
518 0.6124832471759525
519 0.6059735784032165
520 0.6055906567107027
521 0.6061650392494735
522 0.6075052651732721
523 0.6126747080222095
524 0.6147807773310358
525 0.6178441508711469
526 0.6136320122534942
527 0.6096113344820984
528 0.6113344820984109
529 0.6147807773310358
530 0.6218648286425426
531 0.6195672984874593
532 0.6220562894887995
533 0.6228221328738273
534 0.6233965154125981
535 0.6241623587976259
536 0.6214819069500287
537 0.6212904461037718
538 0.6168868466398622
539 0.6220562894887995
540 0.620716063565001
541 0.6218648286425426
542 0.6262684281064522
543 0.6293318016465633
544 0.6316293318016466
545 0.630289105877848
546 0.633161018571702
547 0.6316293318016466
548 0.6293318016465633
549 0.6287574191077925
550 0.6281830365690216
551 0.6264598889527092
552 0.6224392111813134
553 0.623970897951369
554 0.6281830365690216
555 0.6304805667241049
556 0.6243538196438828
557 0.6278001148765078
558 0.6295232624928202
559 0.6304805667241049
560 0.6352670878805284
561 0.6385219222668964
562 0.6356500095730423
563 0.6381390005743826
564 0.6369902354968409
565 0.6383304614206394
566 0.6452230518858894
567 0.6471376603484588
568 0.6519241815048823
569 0.652498564043653
570 0.6452230518858894
571 0.6415852958070075
572 0.6406279915757228
573 0.6408194524219797
574 0.6427340608845491
575 0.6417767566532644
576 0.6415852958070075
577 0.6389048439594103
578 0.6348841661880146
579 0.6389048439594103
580 0.6421596783457783
581 0.6427340608845491
582 0.6423511391920352
583 0.6433084434233199
584 0.6408194524219797
585 0.6408194524219797
586 0.636607313804327
587 0.6406279915757228
588 0.6473291211947156
589 0.6406279915757228
590 0.6448401301933755
591 0.6446486693471185
592 0.6440742868083477
593 0.6467547386559449
594 0.6467547386559449
595 0.6496266513497989
596 0.6521156423511392
597 0.652881485736167
598 0.652498564043653
599 0.6473291211947156
600 0.6498181121960559
601 0.6509668772735976
602 0.6507754164273406
603 0.6540302508137086
604 0.652881485736167
605 0.6540302508137086
606 0.659199693662646
607 0.6597740762014168
608 0.6590082328163891
609 0.6620716063565001
610 0.6603484587401877
611 0.6651349798966112
612 0.6645605973578403
613 0.6616886846639862
614 0.6645605973578403
615 0.6595826153551598
616 0.6603484587401877
617 0.6565192418150488
618 0.6530729465824239
619 0.6519241815048823
620 0.6551790158912503
621 0.6570936243538197
622 0.6572850852000766
623 0.6534558682749377
624 0.655944859276278
625 0.6572850852000766
626 0.6639862148190695
627 0.6620716063565001
628 0.6588167719701321
629 0.6666666666666666
630 0.6701129618992916
631 0.6683898142829792
632 0.6729848745931457
633 0.6727934137468887
634 0.6697300402067777
635 0.6630289105877848
636 0.6681983534367222
637 0.6695385793605207
638 0.6731763354394027
639 0.6714531878230902
640 0.672219031208118
641 0.6762397089795137
642 0.6743251005169443
643 0.6748994830557151
644 0.6764311698257707
645 0.6756653264407428
646 0.6743251005169443
647 0.675473865594486
648 0.6793030825196248
649 0.6814091518284511
650 0.6796860042121387
651 0.6905992724487843
652 0.6896419682174996
653 0.6940455676814091
654 0.6976833237602911
655 0.6942370285276661
656 0.6902163507562703
657 0.6821749952134788
658 0.6808347692896802
659 0.6800689259046525
660 0.675282404748229
661 0.6789201608271108
662 0.6808347692896802
663 0.6823664560597358
664 0.6773884740570554
665 0.675473865594486
666 0.6758567872869998
667 0.6771970132107984
668 0.6821749952134788
669 0.6863871338311315
670 0.6863871338311315
671 0.6819835343672219
672 0.6783457782883401
673 0.6768140915182845
674 0.6783457782883401
675 0.675090943901972
676 0.6793030825196248
677 0.6783457782883401
678 0.6760482481332567
679 0.6814091518284511
680 0.6783457782883401
681 0.6758567872869998
682 0.6729848745931457
683 0.6766226306720275
684 0.6800689259046525
685 0.6831322994447635
686 0.6831322994447635
687 0.688110281447444
688 0.6902163507562703
689 0.6860042121386176
690 0.6856212904461038
691 0.6810262301359372
692 0.6827493777522496
693 0.6804518475971664
694 0.6823664560597358
695 0.6781543174420831
696 0.6768140915182845
697 0.678728699980854
698 0.6773884740570554
699 0.6768140915182845
700 0.6812176909821941
