1 0.0003829216925138809
2 0.0007658433850277618
3 0.0017231476163124641
4 0.002871912693854107
5 0.0036377560788818687
6 0.0047865211564235115
7 0.005552364541451273
8 0.006701129618992916
9 0.0080413555427915
10 0.008998659774076202
11 0.010530346544131725
12 0.01225349416044419
13 0.015699789393069118
14 0.019529006318207927
15 0.021635075627034272
16 0.022400919012062034
17 0.02546429255217308
18 0.026230135937200843
19 0.027953283553513307
20 0.02948497032356883
21 0.031399578786138235
22 0.03331418724870764
23 0.036951943327589505
24 0.04001531686770055
25 0.043270151254068544
26 0.04709936817920735
27 0.04767375071797817
28 0.04939689833429064
29 0.05226881102814474
30 0.05514072372199885
31 0.057629714723339075
32 0.060884549109707066
33 0.0639479226498181
34 0.06701129618992915
35 0.06835152211372775
36 0.06873444380624162
37 0.06988320888378327
38 0.07218073903886656
39 0.07466973004020677
40 0.07696726019529006
41 0.07983917288914417
42 0.08194524219797052
43 0.08481715489182462
44 0.08462569404556768
45 0.08654030250813709
46 0.09094390197204671
47 0.09151828451081753
48 0.0941987363584147
49 0.09707064905226881
50 0.09898525751483822
51 0.10013402259237986
52 0.10013402259237986
53 0.10109132682366456
54 0.10358031782500479
55 0.10683515221137277
56 0.10779245644265747
57 0.10626076967260195
58 0.10894122152019912
59 0.11391920352287957
60 0.11793988129427532
61 0.11947156806433085
62 0.12081179398812943
63 0.12674708022209458
64 0.13287382730231667
65 0.13612866168868468
66 0.13919203522879572
67 0.13842619184376795
68 0.1401493394600804
69 0.14397855638521923
70 0.14551024315527475
71 0.1476163124641011
72 0.15297721615929544
73 0.15355159869806626
74 0.15412598123683707
75 0.15699789393069116
76 0.16025272831705917
77 0.16025272831705917
78 0.16446486693471185
79 0.16829408385985067
80 0.17078307486119088
81 0.17193183993873254
82 0.17710128278766993
83 0.17805858701895463
84 0.18093049971280872
85 0.18093049971280872
86 0.18475971663794755
87 0.19069500287191268
88 0.189737698640628
89 0.19050354202565575
90 0.1939498372582807
91 0.20179973195481524
92 0.20179973195481524
93 0.20428872295615547
94 0.2077350181887804
95 0.20850086157380815
96 0.2086923224200651
97 0.2115642351139192
98 0.2134788435764886
99 0.21596783457782884
100 0.2173080605016274
101 0.21749952134788436
102 0.22305188588933564
103 0.22611525942944669
104 0.23013593720084244
105 0.23453953666475205
106 0.23626268428106453
107 0.2395175186674325
108 0.2395175186674325
109 0.2399004403599464
110 0.24009190120620333
111 0.2466015699789393
112 0.24832471759525176
113 0.2523453953666475
114 0.2504307869040781
115 0.2557916905992724
116 0.25770629906184184
117 0.26057821175569595
118 0.26479035037334864
119 0.2653647329121195
120 0.26574765460463334
121 0.26861956729848746
122 0.27378901014742485
123 0.27838407045759145
124 0.28087306145893165
125 0.28259620907524413
126 0.28374497415278577
127 0.28699980853915374
128 0.289297338694237
129 0.2954240857744591
130 0.2937009381581467
131 0.2977216159295424
132 0.2977216159295424
133 0.29829599846831323
134 0.3009764503159104
135 0.29848745931457016
136 0.30212521539345205
137 0.3057629714723339
138 0.31246410109132683
139 0.31457017040015317
140 0.3157189354776948
141 0.3189737698640628
142 0.3199310740953475
143 0.3203139957878614
144 0.32299444763545854
145 0.3251005169442849
146 0.32337736932797245
147 0.3251005169442849
148 0.32835535133065286
149 0.32854681217690984
150 0.32490905609802795
151 0.3235688301742294
152 0.32490905609802795
153 0.32854681217690984
154 0.3298870381007084
155 0.3321845682557917
156 0.33448209841087495
157 0.3379283936434999
158 0.3423319931074095
159 0.34788435764886083
160 0.3507562703427149
161 0.34807581849511776
162 0.3497989661114302
163 0.3492245835726594
164 0.35152211372774267
165 0.34960750526517326
166 0.35381964388282594
167 0.3534367221903121
168 0.3543940264215968
169 0.36032931265556195
170 0.36473291211947156
171 0.36281830365690215
172 0.3626268428106452
173 0.3620524602718744
174 0.36281830365690215
175 0.36224392111813136
176 0.3595634692705342
177 0.3605207735018189
178 0.3605207735018189
179 0.36473291211947156
180 0.3658816771970132
181 0.36645605973578405
182 0.36549875550449934
183 0.3676048248133257
184 0.3723913459697492
185 0.37028527666092287
186 0.37277426766226307
187 0.3785180930499713
188 0.3790924755887421
189 0.38158146659008235
190 0.38158146659008235
191 0.3829216925138809
192 0.38579360520773504
193 0.3854106835152211
194 0.3898142829791308
195 0.39115450890292935
196 0.38866551790158915
197 0.39440934328929733
198 0.39383496075052654
199 0.39364349990426956
200 0.39460080413555426
201 0.39632395175186674
202 0.3967068734443806
203 0.4003446295232625
204 0.402067777139575
205 0.4047482289871721
206 0.4066628374497415
207 0.40685429829599845
208 0.4066628374497415
209 0.40723721998851237
210 0.4041738464484013
211 0.40264215967834577
212 0.40857744591231093
213 0.4118322802986789
214 0.4131725062224775
215 0.411640819452422
216 0.41336396706873446
217 0.41298104537622055
218 0.41757610568638714
219 0.417959027378901
220 0.4198736358414704
221 0.41949071414895656
222 0.4141298104537622
223 0.41585295807007466
224 0.4217882443040398
225 0.4240857744591231
226 0.4294466781543174
227 0.4267662263067203
228 0.4260003829216925
229 0.4248516178441509
230 0.42657476546046336
231 0.4296381390005744
232 0.42714914799923415
233 0.4250430786904078
234 0.4338502776182271
235 0.4367221903120812
236 0.4353819643882826
237 0.43595634692705343
238 0.4349990426957687
239 0.4363392686195673
240 0.4367221903120812
241 0.4382538770821367
242 0.43423319931074095
243 0.43423319931074095
244 0.43155274746314376
245 0.4286808347692897
246 0.4286808347692897
247 0.43519050354202565
248 0.4311698257706299
249 0.4292552173080605
250 0.4346161210032548
251 0.4349990426957687
252 0.43844533792839363
253 0.437296572850852
254 0.4374880336971089
255 0.4363392686195673
256 0.43595634692705343
257 0.4365307294658242
258 0.44035994639096304
259 0.44418916331610186
260 0.4401684855447061
261 0.4407428680834769
262 0.4399770246984492
263 0.4428489373923033
264 0.4445720850086157
265 0.44495500670112964
266 0.4495500670112962
267 0.4491671453187823
268 0.447061076009956
269 0.45127321462760867
270 0.4531878230901781
271 0.45605973578403214
272 0.4600804135554279
273 0.46084625694045567
274 0.4585487267853724
275 0.4587401876316293
276 0.4602718744016849
277 0.4614206394792265
278 0.4618035611717404
279 0.4604633352479418
280 0.4558682749377752
281 0.456634118322803
282 0.4543365881677197
283 0.4591231093241432
284 0.456634118322803
285 0.4575914225540877
286 0.4591231093241432
287 0.4602718744016849
288 0.4618035611717404
289 0.46218648286425423
290 0.46869615163699024
291 0.469461995022018
292 0.4688876124832472
293 0.4685046907907333
294 0.4742485161784415
295 0.47482289871721234
296 0.47750335056480947
297 0.48286425426000384
298 0.4849703235688302
299 0.4813325674899483
300 0.4813325674899483
301 0.4830557151062608
302 0.4840130193375455
303 0.4868849320313996
304 0.49052268811028144
305 0.49071414895653837
306 0.49856404365307294
307 0.49760673942178824
308 0.5000957304231285
309 0.5025847214244687
310 0.5031591039632395
311 0.5027761822707256
312 0.5067968600421214
313 0.5140723721998851
314 0.5165613632012254
315 0.5184759716637948
316 0.5121577637373157
317 0.5136894505073712
318 0.5169442848937392
319 0.5200076584338503
320 0.5201991192801072
321 0.5230710319739613
322 0.5234539536664752
323 0.5213478843576489
324 0.5236454145127322
325 0.5246027187440169
326 0.524219797051503
327 0.5223051885889336
328 0.5251771012827877
329 0.527283170591614
330 0.5286233965154126
331 0.5265173272065863
332 0.5257514838215585
333 0.5299636224392111
334 0.5320696917480375
335 0.5336013785180931
336 0.5303465441317251
337 0.5259429446678154
338 0.5301550832854681
339 0.5291977790541834
340 0.5314953092092667
341 0.5309209266704958
342 0.5311123875167528
343 0.5332184568255792
344 0.5345586827493778
345 0.5322611525942945
346 0.5318782309017805
347 0.5391537430595443
348 0.5343672219031208
349 0.5374305954432319
350 0.5376220562894888
351 0.5370476737507179
352 0.5385793605207735
353 0.5408768906758568
354 0.5454719509860234
355 0.5487267853723914
356 0.5546620716063565
357 0.5529389239900441
358 0.5546620716063565
359 0.5537047673750718
360 0.5494926287574191
361 0.5491097070649053
362 0.5527474631437871
363 0.5577254451464676
364 0.5560022975301551
365 0.5611717403790925
366 0.5640436530729466
367 0.5690216350756271
368 0.5766800689259046
369 0.5739996170783075
370 0.5734252345395366
371 0.5713191652307104
372 0.5672984874593145
373 0.5684472525368562
374 0.5653838789967451
375 0.5665326440742868
376 0.565958261535516
377 0.5674899483055715
378 0.5703618609994257
379 0.5699789393069118
380 0.5711277043844534
381 0.569404556768141
382 0.5717020869232242
383 0.5766800689259046
384 0.5759142255408769
385 0.5791690599272449
386 0.5791690599272449
387 0.5791690599272449
388 0.5791690599272449
389 0.5766800689259046
390 0.5791690599272449
391 0.5829982768523837
392 0.5829982768523837
393 0.5833811985448976
394 0.5870189546237794
395 0.5881677197013211
396 0.5887421022400919
397 0.5837641202374114
398 0.5883591805475781
399 0.5872104154700364
400 0.5893164847788627
401 0.5904652498564044
402 0.5881677197013211
403 0.5904652498564044
404 0.5914225540876891
405 0.5960176143978556
406 0.597932222860425
407 0.6006126747080222
408 0.6009955964005361
409 0.6023358223243347
410 0.5971663794753973
411 0.5990809879379667
412 0.5956346927053418
413 0.5950603101665709
414 0.594868849320314
415 0.6021443614780777
416 0.6004212138617653
417 0.6042504307869041
418 0.6090369519433276
419 0.6130576297147233
420 0.6136320122534942
421 0.6143978556385219
422 0.6157380815623205
423 0.6145893164847789
424 0.6170783074861191
425 0.6188014551024316
426 0.6182270725636607
427 0.6176526900248899
428 0.6159295424085774
429 0.6151636990235497
430 0.6151636990235497
431 0.6186099942561746
432 0.6226306720275704
433 0.620524602718744
434 0.6245452804901398
435 0.6268428106452231
436 0.6285659582615355
437 0.623779437105112
438 0.6299061841853341
439 0.6304805667241049
440 0.633161018571702
441 0.6272257323377369
442 0.6233965154125981
443 0.620716063565001
444 0.623779437105112
445 0.6260769672601952
446 0.630097645031591
447 0.6274171931839939
448 0.6256940455676814
449 0.6281830365690216
450 0.6268428106452231
451 0.6304805667241049
452 0.630289105877848
453 0.633543940264216
454 0.6389048439594103
455 0.633543940264216
456 0.6322037143404173
457 0.6318207926479035
458 0.6304805667241049
459 0.6341183228029867
460 0.6427340608845491
461 0.6419682174995214
462 0.6412023741144935
463 0.6412023741144935
464 0.6415852958070075
465 0.6390963048056673
466 0.6362243921118131
467 0.6390963048056673
468 0.6360329312655562
469 0.6364158529580701
470 0.6352670878805284
471 0.6364158529580701
472 0.6390963048056673
473 0.6410109132682367
474 0.6421596783457783
475 0.6419682174995214
476 0.6454145127321462
477 0.6482864254260003
478 0.6484778862722573
479 0.6498181121960559
480 0.6509668772735976
481 0.6513497989661114
482 0.649435190503542
483 0.6534558682749377
484 0.6513497989661114
485 0.6465632778096879
486 0.6479035037334865
487 0.6505839555810836
488 0.6479035037334865
489 0.649435190503542
490 0.6601569978939307
491 0.6657093624353819
492 0.6599655370476738
493 0.6565192418150488
494 0.6530729465824239
495 0.6570936243538197
496 0.6601569978939307
497 0.6641776756653265
498 0.6651349798966112
499 0.6603484587401877
500 0.6618801455102431
501 0.6699215010530346
502 0.6672410492054375
503 0.6668581275129236
504 0.6620716063565001
505 0.6641776756653265
506 0.659199693662646
507 0.6601569978939307
508 0.655753398430021
509 0.655944859276278
510 0.65269002488991
511 0.6613057629714724
512 0.6599655370476738
513 0.6582423894313613
514 0.6588167719701321
515 0.6540302508137086
516 0.6567107026613057
517 0.6547960941987364
518 0.6563277809687919
519 0.6597740762014168
520 0.6641776756653265
521 0.6634118322802987
522 0.6628374497415278
523 0.6628374497415278
524 0.6647520582040972
525 0.6666666666666666
526 0.6697300402067777
527 0.6693471185142639
528 0.6689641968217499
529 0.6699215010530346
530 0.6676239708979513
531 0.6716446486693471
532 0.6775799349033123
533 0.6743251005169443
534 0.6817920735209649
535 0.6833237602910205
536 0.6816006126747081
537 0.6817920735209649
538 0.6852383687535899
539 0.684663986214819
540 0.6800689259046525
541 0.6837066819835343
542 0.6819835343672219
543 0.6816006126747081
544 0.6823664560597358
545 0.6819835343672219
546 0.6793030825196248
547 0.6794945433658817
548 0.6764311698257707
549 0.6796860042121387
550 0.6760482481332567
551 0.6731763354394027
552 0.6768140915182845
553 0.6816006126747081
554 0.6789201608271108
555 0.6743251005169443
556 0.6708788052843193
557 0.6676239708979513
558 0.6699215010530346
559 0.6672410492054375
560 0.668581275129236
561 0.672027570361861
562 0.6743251005169443
563 0.6743251005169443
564 0.6771970132107984
565 0.671836109515604
566 0.6739421788244304
567 0.6735592571319166
568 0.6739421788244304
569 0.6727934137468887
570 0.6745165613632013
571 0.6748994830557151
572 0.6741336396706873
573 0.6741336396706873
574 0.6737507179781734
575 0.6699215010530346
576 0.6775799349033123
577 0.6810262301359372
578 0.6814091518284511
579 0.6837066819835343
580 0.6860042121386176
581 0.6873444380624162
582 0.6840896036760482
583 0.6816006126747081
584 0.6837066819835343
585 0.6842810645223052
586 0.6814091518284511
587 0.675090943901972
588 0.6758567872869998
589 0.6764311698257707
590 0.6794945433658817
591 0.6823664560597358
592 0.6808347692896802
593 0.6892590465249856
594 0.6861956729848746
595 0.691173654987555
596 0.6950028719126938
597 0.6907907332950411
598 0.6871529772161593
599 0.6884932031399579
600 0.691556576680069
601 0.6936626459888953
602 0.6928968026038675
603 0.6967260195290064
604 0.7001723147616312
605 0.6999808539153743
606 0.7003637756078882
607 0.6971089412215202
608 0.7095538962282213
609 0.7085965919969366
610 0.7076392877656519
611 0.7034271491479992
612 0.7015125406854298
613 0.6982577062990618
614 0.697874784606548
615 0.6907907332950411
616 0.6904078116025273
617 0.6917480375263259
618 0.6917480375263259
619 0.6888761248324717
620 0.6890675856787287
621 0.6856212904461038
622 0.6856212904461038
623 0.6838981428297913
624 0.6877273597549302
625 0.6821749952134788
626 0.6831322994447635
627 0.6827493777522496
628 0.6835152211372775
629 0.687918820601187
630 0.6919394983725828
631 0.6927053417576106
632 0.6959601761439785
633 0.6995979322228604
634 0.6955772544514647
635 0.7003637756078882
636 0.6980662454528049
637 0.6953857936052077
638 0.6957687152977217
639 0.691365115833812
640 0.6909821941412981
641 0.7001723147616312
642 0.7022783840704576
643 0.6994064713766035
644 0.6973004020677771
645 0.6967260195290064
646 0.6961516369902355
647 0.6999808539153743
648 0.6982577062990618
649 0.6990235496840896
650 0.6992150105303465
651 0.6986406279915757
652 0.7005552364541451
653 0.7013210798391729
654 0.704192992533027
655 0.6997893930691174
656 0.6963430978364924
657 0.6967260195290064
658 0.6976833237602911
659 0.694811411066437
660 0.694811411066437
661 0.7003637756078882
662 0.7001723147616312
663 0.6999808539153743
664 0.6988320888378327
665 0.6980662454528049
666 0.6992150105303465
667 0.6955772544514647
668 0.6861956729848746
669 0.6852383687535899
670 0.684855447061076
671 0.6871529772161593
672 0.6865785946773885
673 0.6837066819835343
674 0.6898334290637564
675 0.6928968026038675
676 0.6925138809113536
677 0.6884932031399579
678 0.6867700555236455
679 0.6768140915182845
680 0.6823664560597358
681 0.6863871338311315
682 0.6871529772161593
683 0.6925138809113536
684 0.6971089412215202
685 0.6994064713766035
686 0.6997893930691174
687 0.6990235496840896
688 0.7055332184568256
689 0.697874784606548
690 0.694428489373923
691 0.6940455676814091
692 0.6988320888378327
693 0.6982577062990618
694 0.6955772544514647
695 0.6994064713766035
696 0.6951943327589508
697 0.7005552364541451
698 0.7061076009955964
699 0.7024698449167145
700 0.7059161401493395
