1 0.0009573042312847023
2 0.0009573042312847023
3 0.0017231476163124641
4 0.0022975301550832855
5 0.0030633735401110473
6 0.00421213861765269
7 0.005360903695194333
8 0.006126747080222095
9 0.007658433850277618
10 0.00842427723530538
11 0.009764503159103963
12 0.012062033314187249
13 0.014359563469270534
14 0.015316867700555237
15 0.019146084625694046
16 0.022209458165805093
17 0.02527283170591614
18 0.027761822707256367
19 0.030633735401110473
20 0.03388856978747846
21 0.037334865020103386
22 0.041547003637756076
23 0.04384453379283936
24 0.04671644648669347
25 0.05150296764311698
26 0.053800497798200266
27 0.05609802795328355
28 0.061076009955964
29 0.06279915757227647
30 0.06739421788244304
31 0.07122343480758185
32 0.07332950411640819
33 0.07735018188780395
34 0.07830748611908865
35 0.08156232050545663
36 0.08443423319931075
37 0.08730614589316485
38 0.08998659774076201
39 0.09266704958835918
40 0.0974535707447827
41 0.0993681792073521
42 0.10089986597740762
43 0.10204863105494927
44 0.10377177867126172
45 0.10702661305762971
46 0.1102814474439977
47 0.1121960559065671
48 0.11238751675282405
49 0.1135362818303657
50 0.11813134214053227
51 0.12196055906567108
52 0.12693854106835153
53 0.13000191460846258
54 0.13115067968600422
55 0.13115067968600422
56 0.13612866168868468
57 0.13995787861382347
58 0.1405322611525943
59 0.13957495692130958
60 0.13919203522879572
61 0.13976641776756654
62 0.14225540876890677
63 0.1485736166953858
64 0.15412598123683707
65 0.15699789393069116
66 0.16082711085582999
67 0.15986980662454528
68 0.16082711085582999
69 0.1656136320122535
70 0.1684855447061076
71 0.1675282404748229
72 0.16810262301359372
73 0.1688684663986215
74 0.17537813517135745
75 0.1765269002488991
76 0.1797817346352671
77 0.18590848171548918
78 0.18724870763928778
79 0.18992915948688494
80 0.19184376794945435
81 0.19375837641202373
82 0.19950220179973197
83 0.20237411449358605
84 0.2006509668772736
85 0.20505456634118321
86 0.20792647903503733
87 0.205820409726211
88 0.2106069308826345
89 0.21462760865403024
90 0.21615929542408577
91 0.2148190695002872
92 0.21845682557916907
93 0.2196055906567107
94 0.22209458165805093
95 0.22592379858318973
96 0.2243921118131342
97 0.22726402450698832
98 0.22860425043078691
99 0.23224200650966878
100 0.23492245835726594
101 0.23913459697491862
102 0.23913459697491862
103 0.24066628374497415
104 0.2446869615163699
105 0.24392111813134215
106 0.2427723530538005
107 0.2446869615163699
108 0.24851617844150872
109 0.24889910013402258
110 0.2511966302891059
111 0.2521539345203906
112 0.2521539345203906
113 0.25196247367413366
114 0.25406854298296
115 0.2565575339843002
116 0.25866360329312654
117 0.26057821175569595
118 0.26613057629714726
119 0.2663220371434042
120 0.27130001914608465
121 0.2735975493011679
122 0.27800114876507753
123 0.28336205246027185
124 0.2820218265364733
125 0.2841278958452996
126 0.2871912693854107
127 0.2902546429255217
128 0.2891058778479801
129 0.28795711277043845
130 0.2917863296955773
131 0.29465824238943134
132 0.29331801646563277
133 0.2915948688493203
134 0.292743633926862
135 0.2912119471568064
136 0.2935094773118897
137 0.29944476354585486
138 0.29829599846831323
139 0.295807007466973
140 0.2977216159295424
141 0.2986789201608271
142 0.2998276852383688
143 0.30557151062607696
144 0.3090178058587019
145 0.3138043270151254
146 0.315144552938924
147 0.3164847788627226
148 0.31686770055523644
149 0.318399387325292
150 0.324717595251771
151 0.32433467355925716
152 0.3210798391728891
153 0.3254834386367988
154 0.3264407428680835
155 0.3327589507945625
156 0.33563086348841664
157 0.3352479417959027
158 0.3335247941795903
159 0.33390771587210416
160 0.3296955772544515
161 0.3316101857170209
162 0.33371625502584723
163 0.337736932797243
164 0.3396515412598124
165 0.3352479417959027
166 0.3325674899483056
167 0.33639670687344436
168 0.34175761056863874
169 0.34252345395366646
170 0.34348075818495116
171 0.3455868274937775
172 0.34807581849511776
173 0.34616121003254835
174 0.34960750526517326
175 0.3540111047290829
176 0.35611717403790927
177 0.35860616503924947
178 0.3614780777331036
179 0.3624353819643883
180 0.36090369519433274
181 0.36358414704192993
182 0.3614780777331036
183 0.3620524602718744
184 0.3672219031208118
185 0.3662645988895271
186 0.369710894122152
187 0.37296572850852
188 0.37066819835343673
189 0.3737315718935478
190 0.3758376412023741
191 0.3775607888186866
192 0.376220562894888
193 0.3767949454336588
194 0.3785180930499713
195 0.38043270151254066
196 0.37698640627991575
197 0.3783266322037143
198 0.3771778671261727
199 0.37870955389622823
200 0.3808156232050546
201 0.38158146659008235
202 0.3783266322037143
203 0.37966685812751294
204 0.3800497798200268
205 0.38502776182270726
206 0.38655944859276276
207 0.3856021443614781
208 0.3888569787478461
209 0.3915374305954432
210 0.3900057438253877
211 0.3888569787478461
212 0.39211181313421406
213 0.3942178824430404
214 0.39479226498181125
215 0.3959410300593529
216 0.39402642159678347
217 0.3984300210606931
218 0.39862148190695
219 0.4003446295232625
220 0.4074286808347693
221 0.4106835152211373
222 0.4106835152211373
223 0.40723721998851237
224 0.40781160252728316
225 0.4080030633735401
226 0.4103005935286234
227 0.4106835152211373
228 0.4091518284510818
229 0.41010913268236643
230 0.4112578977599081
231 0.41049205437488034
232 0.4112578977599081
233 0.41298104537622055
234 0.41049205437488034
235 0.4106835152211373
236 0.4164273406088455
237 0.4183419490714149
238 0.4196821749952135
239 0.4206394792264982
240 0.4189163316101857
241 0.4217882443040398
242 0.4202565575339843
243 0.4189163316101857
244 0.4196821749952135
245 0.4196821749952135
246 0.4187248707639288
247 0.4206394792264982
248 0.41949071414895656
249 0.4196821749952135
250 0.4225540876890676
251 0.4208309400727551
252 0.4240857744591231
253 0.42293700938158146
254 0.4235113919203523
255 0.42714914799923415
256 0.43136128661688683
257 0.4328929733869424
258 0.43155274746314376
259 0.4304039823856021
260 0.43078690407811604
261 0.43365881677197016
262 0.4357648860807965
263 0.44131725062224775
264 0.43806241623587977
265 0.4374880336971089
266 0.43595634692705343
267 0.4367221903120812
268 0.43978556385219225
269 0.44227455485353245
270 0.4428489373923033
271 0.44648669347118514
272 0.44993298870381004
273 0.447061076009956
274 0.44648669347118514
275 0.443614780777331
276 0.4428489373923033
277 0.44744399770246984
278 0.4476354585487268
279 0.44840130193375455
280 0.4453379283936435
281 0.4487842236262684
282 0.45012444955006703
283 0.4531878230901781
284 0.4529963622439211
285 0.4476354585487268
286 0.44993298870381004
287 0.45203905801263644
288 0.447061076009956
289 0.4426574765460463
290 0.44399770246984493
291 0.44744399770246984
292 0.446869615163699
293 0.44591231093241435
294 0.44418916331610186
295 0.44304039823856023
296 0.45261344055140723
297 0.4541451273214628
298 0.4595060310166571
299 0.4602718744016849
300 0.45720850086157383
301 0.4577828834003446
302 0.46065479609419874
303 0.4623779437105112
304 0.46429255217308063
305 0.4681217690982194
306 0.47061076009955966
307 0.47482289871721234
308 0.472716829408386
309 0.47922649818112195
310 0.4830557151062608
311 0.482289871721233
312 0.48439594103005934
313 0.4803752632586636
314 0.48094964579743443
315 0.4805667241049205
316 0.4784606547960942
317 0.4744399770246984
318 0.4708022209458166
319 0.4771204288722956
320 0.4784606547960942
321 0.47922649818112195
322 0.4784606547960942
323 0.4788435764886081
324 0.48018380241240666
325 0.4784606547960942
326 0.47865211564235116
327 0.47769481141106646
328 0.4813325674899483
329 0.48114110664369136
330 0.48114110664369136
331 0.479035037334865
332 0.4771204288722956
333 0.47539728125598313
334 0.48018380241240666
335 0.4780777331035803
336 0.479035037334865
337 0.4769289680260387
338 0.48248133256748993
339 0.4813325674899483
340 0.48439594103005934
341 0.4878422362626843
342 0.488799540493969
343 0.49339460080413555
344 0.4956921309592188
345 0.4993298870381007
346 0.49875550449932987
347 0.5022017997319548
348 0.5058395558108367
349 0.5104346161210033
350 0.5089029293509477
351 0.5090943901972047
352 0.5131150679686004
353 0.5131150679686004
354 0.5131150679686004
355 0.511391920352288
356 0.5150296764311698
357 0.5152211372774268
358 0.5159869806624545
359 0.5192418150488225
360 0.5165613632012254
361 0.5165613632012254
362 0.5201991192801072
363 0.517710128278767
364 0.514646754738656
365 0.5131150679686004
366 0.5129236071223435
367 0.5148382155849129
368 0.517710128278767
369 0.5157955198161975
370 0.5133065288148574
371 0.5180930499712809
372 0.5190503542025656
373 0.5221137277426766
374 0.5286233965154126
375 0.5326440742868084
376 0.527474631437871
377 0.5232624928202183
378 0.527283170591614
379 0.5343672219031208
380 0.5391537430595443
381 0.54317442083094
382 0.5412598123683706
383 0.5437488033697109
384 0.5381964388282596
385 0.540111047290829
386 0.5372391345969749
387 0.5420256557533984
388 0.5414512732146276
389 0.5391537430595443
390 0.5397281255983152
391 0.540111047290829
392 0.5391537430595443
393 0.5447061076009956
394 0.5427914991384262
395 0.5406854298295999
396 0.543557342523454
397 0.5418341949071415
398 0.5491097070649053
399 0.5502584721424468
400 0.5527474631437871
401 0.5548535324526135
402 0.5537047673750718
403 0.5584912885314953
404 0.5590656710702662
405 0.5634692705341757
406 0.5676814091518284
407 0.5682557916905993
408 0.5678728699980854
409 0.5636607313804327
410 0.5684472525368562
411 0.566149722381773
412 0.5642351139192036
413 0.5596400536090369
414 0.5615546620716063
415 0.5619375837641203
416 0.562511966302891
417 0.5690216350756271
418 0.5663411832280298
419 0.5688301742293701
420 0.5724679303082519
421 0.5717020869232242
422 0.5759142255408769
423 0.5764886080796477
424 0.5776373731571893
425 0.5778288340034463
426 0.5795519816197587
427 0.5810836683898143
428 0.5814665900823281
429 0.5864445720850087
430 0.5858701895462378
431 0.5874018763162934
432 0.5860616503924947
433 0.591614014933946
434 0.5898908673176335
435 0.5933371625502585
436 0.5929542408577446
437 0.5908481715489182
438 0.5910396323951752
439 0.5862531112387517
440 0.5858701895462378
441 0.5914225540876891
442 0.594677388474057
443 0.5896994064713766
444 0.5910396323951752
445 0.5954432318590848
446 0.6009955964005361
447 0.5988895270917097
448 0.5998468313229944
449 0.6040589699406471
450 0.6061650392494735
451 0.6057821175569597
452 0.604824813325675
453 0.6042504307869041
454 0.6019529006318208
455 0.6050162741719318
456 0.6071223434807582
457 0.6119088646371817
458 0.6126747080222095
459 0.6149722381772927
460 0.6180356117174038
461 0.6188014551024316
462 0.6145893164847789
463 0.6149722381772927
464 0.6168868466398622
465 0.617269768332376
466 0.617461229178633
467 0.6170783074861191
468 0.6210989852575148
469 0.6218648286425426
470 0.6268428106452231
471 0.623779437105112
472 0.6214819069500287
473 0.6189929159486884
474 0.6209075244112578
475 0.6186099942561746
476 0.6180356117174038
477 0.6149722381772927
478 0.6220562894887995
479 0.6283744974152786
480 0.6325866360329313
481 0.6323951751866743
482 0.6285659582615355
483 0.633161018571702
484 0.6329695577254452
485 0.6381390005743826
486 0.640053609036952
487 0.6412023741144935
488 0.6387133831131534
489 0.6404365307294658
490 0.6371816963430978
491 0.6427340608845491
492 0.6434999042695768
493 0.6413938349607505
494 0.6471376603484588
495 0.6429255217308061
496 0.6450315910396324
497 0.6433084434233199
498 0.6480949645797435
499 0.6454145127321462
500 0.6463718169634309
501 0.652881485736167
502 0.649243729657285
503 0.6500095730423129
504 0.652881485736167
505 0.6507754164273406
506 0.6534558682749377
507 0.6551790158912503
508 0.655944859276278
509 0.6616886846639862
510 0.6597740762014168
511 0.6582423894313613
512 0.656136320122535
513 0.6551790158912503
514 0.6578594677388474
515 0.652498564043653
516 0.6544131725062224
517 0.6549875550449933
518 0.6536473291211947
519 0.6511583381198545
520 0.6503924947348267
521 0.6467547386559449
522 0.6450315910396324
523 0.6505839555810836
524 0.6536473291211947
525 0.6636032931265556
526 0.6645605973578403
527 0.6630289105877848
528 0.6634118322802987
529 0.659391154508903
530 0.6605399195864445
531 0.665517901589125
532 0.6660922841278959
533 0.668772735975493
534 0.6743251005169443
535 0.6810262301359372
536 0.6773884740570554
537 0.6764311698257707
538 0.6791116216733678
539 0.6716446486693471
540 0.6710702661305763
541 0.6672410492054375
542 0.6779628565958261
543 0.6817920735209649
544 0.6798774650583955
545 0.6821749952134788
546 0.6842810645223052
547 0.6816006126747081
548 0.6823664560597358
549 0.6737507179781734
550 0.6737507179781734
551 0.6691556576680069
552 0.6762397089795137
553 0.6775799349033123
554 0.6783457782883401
555 0.6793030825196248
556 0.6777713957495692
557 0.6798774650583955
558 0.6802603867509094
559 0.6789201608271108
560 0.6804518475971664
561 0.6791116216733678
562 0.6821749952134788
563 0.6798774650583955
564 0.6796860042121387
565 0.6838981428297913
566 0.688110281447444
567 0.6814091518284511
568 0.6796860042121387
569 0.6796860042121387
570 0.6779628565958261
571 0.6804518475971664
572 0.6766226306720275
573 0.6747080222094581
574 0.6766226306720275
575 0.6775799349033123
576 0.6747080222094581
577 0.6762397089795137
578 0.6779628565958261
579 0.675473865594486
580 0.6766226306720275
581 0.6747080222094581
582 0.6748994830557151
583 0.6806433084434234
584 0.6838981428297913
585 0.6789201608271108
586 0.6762397089795137
587 0.675282404748229
588 0.6716446486693471
589 0.675473865594486
590 0.6779628565958261
591 0.6737507179781734
592 0.6773884740570554
593 0.6737507179781734
594 0.678728699980854
595 0.6791116216733678
596 0.6793030825196248
597 0.6777713957495692
598 0.6781543174420831
599 0.678537239134597
600 0.684855447061076
601 0.6894505073712426
602 0.6904078116025273
603 0.6816006126747081
604 0.684663986214819
605 0.6838981428297913
606 0.6865785946773885
607 0.6873444380624162
608 0.6927053417576106
609 0.6923224200650967
610 0.6852383687535899
611 0.6917480375263259
612 0.691556576680069
613 0.6963430978364924
614 0.7001723147616312
615 0.6950028719126938
616 0.6951943327589508
617 0.6928968026038675
618 0.6940455676814091
619 0.6971089412215202
620 0.694811411066437
621 0.6967260195290064
622 0.6900248899100134
623 0.6932797242963814
624 0.6950028719126938
625 0.6930882634501244
626 0.6950028719126938
627 0.691556576680069
628 0.6873444380624162
629 0.684855447061076
630 0.6827493777522496
631 0.6825579169059928
632 0.6840896036760482
633 0.6869615163699023
634 0.6869615163699023
635 0.6812176909821941
636 0.6840896036760482
637 0.6844725253685622
638 0.6840896036760482
639 0.6816006126747081
640 0.6779628565958261
641 0.6829408385985066
642 0.6871529772161593
643 0.6856212904461038
644 0.6863871338311315
645 0.6837066819835343
646 0.6886846639862149
647 0.6863871338311315
648 0.687918820601187
649 0.6898334290637564
650 0.6789201608271108
651 0.6838981428297913
652 0.6860042121386176
653 0.6817920735209649
654 0.6861956729848746
655 0.684663986214819
656 0.6800689259046525
657 0.6791116216733678
658 0.675473865594486
659 0.6779628565958261
660 0.6762397089795137
661 0.6817920735209649
662 0.6854298295998469
663 0.6886846639862149
664 0.6907907332950411
665 0.6821749952134788
666 0.6821749952134788
667 0.6819835343672219
668 0.6821749952134788
669 0.684855447061076
670 0.6869615163699023
671 0.6894505073712426
672 0.6909821941412981
673 0.6852383687535899
674 0.6888761248324717
675 0.6892590465249856
676 0.6823664560597358
677 0.6840896036760482
678 0.6867700555236455
679 0.6894505073712426
680 0.6942370285276661
681 0.6930882634501244
682 0.6934711851426383
683 0.6965345586827494
684 0.6950028719126938
685 0.6909821941412981
686 0.6927053417576106
687 0.6888761248324717
688 0.6909821941412981
689 0.694811411066437
690 0.6936626459888953
691 0.6940455676814091
692 0.6999808539153743
693 0.6994064713766035
694 0.6938541068351523
695 0.6963430978364924
696 0.6974918629140341
697 0.6992150105303465
698 0.7024698449167145
699 0.7026613057629715
700 0.6999808539153743
