1 0.0003829216925138809
2 0.0005743825387708214
3 0.0009573042312847023
4 0.0011487650775416428
5 0.0015316867700555237
6 0.002106069308826345
7 0.0022975301550832855
8 0.003254834386367988
9 0.0034462952326249283
10 0.00421213861765269
11 0.0047865211564235115
12 0.005360903695194333
13 0.005935286233965154
14 0.006701129618992916
15 0.00842427723530538
16 0.009190120620333142
17 0.009190120620333142
18 0.009381581466590082
19 0.010530346544131725
20 0.011487650775416428
21 0.013785180930499713
22 0.015125406854298296
23 0.016082711085583
24 0.01665709362435382
25 0.018188780394409344
26 0.019529006318207927
27 0.022209458165805093
28 0.023741144935860617
29 0.026804518475971664
30 0.02948497032356883
31 0.032165422171166
32 0.032739804709936815
33 0.033122726402450696
34 0.036951943327589505
35 0.04269576871529772
36 0.043270151254068544
37 0.047482289871721234
38 0.05054566341183228
39 0.05360903695194333
40 0.055906567107026614
41 0.057246793030825194
42 0.061458931648477884
43 0.06547960941987363
44 0.06624545280490139
45 0.06777713957495692
46 0.07064905226881103
47 0.07332950411640819
48 0.07486119088646372
49 0.07773310358031782
50 0.08213670304422746
51 0.08558299827685238
52 0.08902929350947732
53 0.09304997128087306
54 0.09573042312847023
55 0.09898525751483822
56 0.10147424851617844
57 0.10204863105494927
58 0.10587784798008808
59 0.10683515221137277
60 0.109324143212713
61 0.1102814474439977
62 0.11257897759908099
63 0.11564235113919204
64 0.11583381198544898
65 0.11659965537047674
66 0.12004595060310166
67 0.12081179398812943
68 0.12196055906567108
69 0.12464101091326824
70 0.12559831514455294
71 0.13210798391728892
72 0.1344055140723722
73 0.13651158338119854
74 0.1428297913076776
75 0.14589316484778864
76 0.1514455293892399
77 0.1547003637756079
78 0.15929542408577446
79 0.15967834577828835
80 0.1623587976258855
81 0.1694428489373923
82 0.17212330078498947
83 0.1755695960176144
84 0.1797817346352671
85 0.18246218648286425
86 0.18303656902163506
87 0.18495117748420448
88 0.1874401684855447
89 0.18858893356308634
90 0.19529006318207925
91 0.19720467164464867
92 0.19950220179973197
93 0.20007658433850278
94 0.1996936626459889
95 0.20199119280107217
96 0.20294849703235687
97 0.2086923224200651
98 0.2125215393452039
99 0.2176909821941413
100 0.22017997319548152
101 0.22420065096687727
102 0.22745548535324525
103 0.2318590848171549
104 0.2328163890484396
105 0.23549684089603676
106 0.23549684089603676
107 0.2395175186674325
108 0.24104920543748803
109 0.2427723530538005
110 0.24545280490139768
111 0.24775033505648095
112 0.24794179590273788
113 0.25004786521156425
114 0.25387708213670307
115 0.2559831514455294
116 0.25770629906184184
117 0.26057821175569595
118 0.26134405514072373
119 0.2617269768332376
120 0.2655561937583764
121 0.2691939498372583
122 0.27053417576105687
123 0.2745548535324526
124 0.2776182270725637
125 0.2847022783840705
126 0.28527666092284126
127 0.2854681217690982
128 0.28336205246027185
129 0.2841278958452996
130 0.2856595826153552
131 0.2887229561554662
132 0.29312655561937584
133 0.299061841853341
134 0.3000191460846257
135 0.30078498946965343
136 0.30040206777713957
137 0.30021060693088264
138 0.3051885889335631
139 0.30786904078116023
140 0.3042312847022784
141 0.3044227455485353
142 0.3080605016274172
143 0.30997511008998657
144 0.3128470227838407
145 0.3138043270151254
146 0.3164847788627226
147 0.3176335439402642
148 0.32337736932797245
149 0.32395175186674324
150 0.3241432127130002
151 0.32490905609802795
152 0.32854681217690984
153 0.33046142063947925
154 0.3270151254068543
155 0.3308443423319931
156 0.3308443423319931
157 0.33486502010338887
158 0.3350564809496458
159 0.3421405322611526
160 0.34328929733869423
161 0.3413746888761248
162 0.3438636798774651
163 0.34099176718361096
164 0.34194907141489567
165 0.3459697491862914
166 0.34730997511009
167 0.3526708788052843
168 0.35286233965154123
169 0.3457782883400345
170 0.3501818878039441
171 0.35286233965154123
172 0.3540111047290829
173 0.3520964962665135
174 0.34960750526517326
175 0.353628183036569
176 0.3563086348841662
177 0.35611717403790927
178 0.3595634692705342
179 0.3649243729657285
180 0.36377560788818686
181 0.36932797242963816
182 0.3672219031208118
183 0.3710511200459506
184 0.3700938158146659
185 0.36607313804327013
186 0.36703044227455484
187 0.3721998851234922
188 0.37162550258472143
189 0.3748803369710894
190 0.37277426766226307
191 0.37181696343097836
192 0.3766034845874019
193 0.3766034845874019
194 0.37698640627991575
195 0.38215584912885314
196 0.3852192226689642
197 0.3852192226689642
198 0.38923990044035994
199 0.3915374305954432
200 0.3907715872104155
201 0.39211181313421406
202 0.39211181313421406
203 0.39115450890292935
204 0.39536664752058204
205 0.3942178824430404
206 0.39555810836683897
207 0.3898142829791308
208 0.38866551790158915
209 0.3900057438253877
210 0.3861765269002489
211 0.3898142829791308
212 0.389048439594103
213 0.3980470993681792
214 0.3978556385219223
215 0.3980470993681792
216 0.39632395175186674
217 0.3993873252919778
218 0.3995787861382347
219 0.39823856021443615
220 0.4022592379858319
221 0.40149339460080413
222 0.4047482289871721
223 0.4091518284510818
224 0.4125981236837067
225 0.4103005935286234
226 0.4106835152211373
227 0.41336396706873446
228 0.41240666283744976
229 0.4131725062224775
230 0.4135554279149914
231 0.41432127130001917
232 0.41393834960750525
233 0.41585295807007466
234 0.4162358797625885
235 0.41393834960750525
236 0.41393834960750525
237 0.41298104537622055
238 0.411640819452422
239 0.40857744591231093
240 0.411640819452422
241 0.4125981236837067
242 0.41298104537622055
243 0.41202374114493584
244 0.4160444189163316
245 0.41432127130001917
246 0.41757610568638714
247 0.417959027378901
248 0.42102240091901205
249 0.42197970515029676
250 0.4273406088454911
251 0.4279149913842619
252 0.4273406088454911
253 0.4284893739230327
254 0.4311698257706299
255 0.4284893739230327
256 0.43327589507945624
257 0.4321271300019146
258 0.43519050354202565
259 0.43978556385219225
260 0.44227455485353245
261 0.44380624162358795
262 0.4424660156997894
263 0.44495500670112964
264 0.4472525368562129
265 0.44744399770246984
266 0.443614780777331
267 0.4401684855447061
268 0.4428489373923033
269 0.4472525368562129
270 0.44514646754738657
271 0.44476354585487266
272 0.4445720850086157
273 0.447061076009956
274 0.45280490139766416
275 0.4491671453187823
276 0.45223051885889337
277 0.4547195098602336
278 0.4577828834003446
279 0.4587401876316293
280 0.46256940455676815
281 0.4627608654030251
282 0.4591231093241432
283 0.46314378709553894
284 0.4623779437105112
285 0.4652498564043653
286 0.46620716063565
287 0.4671644648669347
288 0.4675473865594486
289 0.47022783840704574
290 0.4700363775607888
291 0.4729082902546429
292 0.47214244686961515
293 0.47405705533218456
294 0.4704192992533027
295 0.4729082902546429
296 0.4755887421022401
297 0.4708022209458166
298 0.47061076009955966
299 0.47061076009955966
300 0.4717595251771013
301 0.4698449167145319
302 0.46927053417576103
303 0.4618035611717404
304 0.4627608654030251
305 0.46869615163699024
306 0.4673559257131917
307 0.4704192992533027
308 0.47501435956346927
309 0.4742485161784415
310 0.4761631246410109
311 0.4752058204097262
312 0.47922649818112195
313 0.48477886272257326
314 0.48343863679877463
315 0.4826727934137469
316 0.4866934711851426
317 0.485544706107601
318 0.4865020103388857
319 0.48439594103005934
320 0.4865020103388857
321 0.4866934711851426
322 0.4851617844150871
323 0.48899100134022594
324 0.488799540493969
325 0.48975684472525366
326 0.49243729657285085
327 0.4937775224966494
328 0.49186291403408006
329 0.49243729657285085
330 0.5002871912693854
331 0.5069883208883783
332 0.5098602335822324
333 0.5140723721998851
334 0.5150296764311698
335 0.5171357457399962
336 0.5156040589699407
337 0.5115833811985449
338 0.5125406854298296
339 0.511200459506031
340 0.5117748420448018
341 0.5121577637373157
342 0.5148382155849129
343 0.5125406854298296
344 0.514455293892399
345 0.5180930499712809
346 0.5167528240474822
347 0.517710128278767
348 0.5179015891250239
349 0.520773501818878
350 0.5244112578977599
351 0.5251771012827877
352 0.5269002488991001
353 0.5257514838215585
354 0.5295807007466973
355 0.5270917097453571
356 0.5255600229753016
357 0.5219222668964196
358 0.5249856404365307
359 0.5259429446678154
360 0.5265173272065863
361 0.5257514838215585
362 0.5301550832854681
363 0.5328355351330653
364 0.540111047290829
365 0.543557342523454
366 0.5439402642159679
367 0.5406854298295999
368 0.540111047290829
369 0.5422171165996553
370 0.5380049779820026
371 0.5372391345969749
372 0.5418341949071415
373 0.5414512732146276
374 0.543365881677197
375 0.5483438636798774
376 0.55006701129619
377 0.5483438636798774
378 0.5521730806050162
379 0.5542791499138426
380 0.5607888186865786
381 0.5634692705341757
382 0.5602144361478077
383 0.5640436530729466
384 0.5674899483055715
385 0.5711277043844534
386 0.5686387133831131
387 0.5655753398430021
388 0.562894887995405
389 0.5632778096879189
390 0.5697874784606548
391 0.5709362435381964
392 0.5718935477694811
393 0.5713191652307104
394 0.5699789393069118
395 0.5651924181504883
396 0.5651924181504883
397 0.5701704001531687
398 0.5722764694619951
399 0.5722764694619951
400 0.5816580509285851
401 0.581849511774842
402 0.5814665900823281
403 0.585295807007467
404 0.5845299636224393
405 0.5921883974727168
406 0.5986980662454529
407 0.6050162741719318
408 0.6065479609419874
409 0.6063565000957304
410 0.604633352479418
411 0.6038675090943902
412 0.6029102048631055
413 0.6053991958644457
414 0.604633352479418
415 0.6073138043270151
416 0.6061650392494735
417 0.6059735784032165
418 0.6031016657093624
419 0.604441891633161
420 0.6052077350181888
421 0.607696726019529
422 0.6090369519433276
423 0.6088454910970706
424 0.6128661688684663
425 0.6130576297147233
426 0.6126747080222095
427 0.6075052651732721
428 0.6073138043270151
429 0.614014933946008
430 0.6122917863296956
431 0.6122917863296956
432 0.6071223434807582
433 0.6098027953283554
434 0.6099942561746123
435 0.6105686387133831
436 0.6201416810262301
437 0.6209075244112578
438 0.6197587593337163
439 0.6222477503350565
440 0.6241623587976259
441 0.6264598889527092
442 0.6241623587976259
443 0.6203331418724871
444 0.6191843767949454
445 0.6209075244112578
446 0.6186099942561746
447 0.620716063565001
448 0.6210989852575148
449 0.6232050545663412
450 0.6320122534941605
451 0.6360329312655562
452 0.6385219222668964
453 0.630097645031591
454 0.6245452804901398
455 0.6214819069500287
456 0.6256940455676814
457 0.6304805667241049
458 0.630097645031591
459 0.6327780968791882
460 0.6345012444955007
461 0.6364158529580701
462 0.6316293318016466
463 0.6375646180356117
464 0.6318207926479035
465 0.6339268619567299
466 0.639862148190695
467 0.6364158529580701
468 0.6387133831131534
469 0.636607313804327
470 0.636798774650584
471 0.6320122534941605
472 0.6348841661880146
473 0.6287574191077925
474 0.6358414704192993
475 0.6415852958070075
476 0.6413938349607505
477 0.6419682174995214
478 0.6413938349607505
479 0.6429255217308061
480 0.6454145127321462
481 0.6433084434233199
482 0.6442657476546046
483 0.6507754164273406
484 0.6479035037334865
485 0.6471376603484588
486 0.6467547386559449
487 0.6465632778096879
488 0.6473291211947156
489 0.6555619375837641
490 0.6595826153551598
491 0.6636032931265556
492 0.6641776756653265
493 0.6611143021252154
494 0.6590082328163891
495 0.659391154508903
496 0.6569021635075627
497 0.6578594677388474
498 0.6576680068925904
499 0.6597740762014168
500 0.6580509285851044
501 0.6536473291211947
502 0.6517327206586253
503 0.6551790158912503
504 0.6565192418150488
505 0.6549875550449933
506 0.652881485736167
507 0.6523071031973962
508 0.6565192418150488
509 0.6588167719701321
510 0.6588167719701321
511 0.6546046333524794
512 0.656136320122535
513 0.6549875550449933
514 0.6534558682749377
515 0.6498181121960559
516 0.6502010338885698
517 0.6595826153551598
518 0.6618801455102431
519 0.6609228412789585
520 0.6611143021252154
521 0.6609228412789585
522 0.6601569978939307
523 0.6618801455102431
524 0.6662837449741528
525 0.6680068925904652
526 0.6626459888952709
527 0.6666666666666666
528 0.6689641968217499
529 0.6703044227455486
530 0.6637947539728125
531 0.6630289105877848
532 0.6639862148190695
533 0.6664752058204098
534 0.6674325100516945
535 0.6701129618992916
536 0.675282404748229
537 0.6691556576680069
538 0.6727934137468887
539 0.6689641968217499
540 0.6637947539728125
541 0.6668581275129236
542 0.6666666666666666
543 0.6603484587401877
544 0.6622630672027571
545 0.6659008232816389
546 0.6645605973578403
547 0.6701129618992916
548 0.672027570361861
549 0.6743251005169443
550 0.6674325100516945
551 0.6664752058204098
552 0.6724104920543749
553 0.668772735975493
554 0.6676239708979513
555 0.6706873444380624
556 0.6779628565958261
557 0.6794945433658817
558 0.6737507179781734
559 0.6768140915182845
560 0.6708788052843193
561 0.672219031208118
562 0.675090943901972
563 0.6798774650583955
564 0.6783457782883401
565 0.6835152211372775
566 0.6804518475971664
567 0.6758567872869998
568 0.6796860042121387
569 0.6770055523645414
570 0.6748994830557151
571 0.6783457782883401
572 0.6748994830557151
573 0.6726019529006318
574 0.6733677962856596
575 0.6737507179781734
576 0.6729848745931457
577 0.6729848745931457
578 0.6745165613632013
579 0.6748994830557151
580 0.6741336396706873
581 0.6733677962856596
582 0.6748994830557151
583 0.6735592571319166
584 0.6770055523645414
585 0.6731763354394027
586 0.6779628565958261
587 0.6793030825196248
588 0.6775799349033123
589 0.6802603867509094
590 0.6775799349033123
591 0.6789201608271108
592 0.6724104920543749
593 0.6745165613632013
594 0.6760482481332567
595 0.6798774650583955
596 0.6800689259046525
597 0.6771970132107984
598 0.6733677962856596
599 0.6766226306720275
600 0.6773884740570554
601 0.678728699980854
602 0.6747080222094581
603 0.675282404748229
604 0.675473865594486
605 0.6810262301359372
606 0.6775799349033123
607 0.6793030825196248
608 0.6724104920543749
609 0.6743251005169443
610 0.6745165613632013
611 0.6743251005169443
612 0.675090943901972
613 0.6800689259046525
614 0.6816006126747081
615 0.6771970132107984
616 0.678728699980854
617 0.6737507179781734
618 0.6804518475971664
619 0.6814091518284511
620 0.6808347692896802
621 0.6779628565958261
622 0.6743251005169443
623 0.6712617269768333
624 0.6733677962856596
625 0.675282404748229
626 0.6821749952134788
627 0.6838981428297913
628 0.684855447061076
629 0.6804518475971664
630 0.6890675856787287
631 0.6871529772161593
632 0.6852383687535899
633 0.6863871338311315
634 0.6890675856787287
635 0.6898334290637564
636 0.6925138809113536
637 0.6886846639862149
638 0.6831322994447635
639 0.6875358989086732
640 0.6877273597549302
641 0.684855447061076
642 0.6789201608271108
643 0.6808347692896802
644 0.6779628565958261
645 0.6800689259046525
646 0.6838981428297913
647 0.684855447061076
648 0.6814091518284511
649 0.6796860042121387
650 0.6747080222094581
651 0.6806433084434234
652 0.6827493777522496
653 0.6816006126747081
654 0.6856212904461038
655 0.6816006126747081
656 0.6827493777522496
657 0.6829408385985066
658 0.6781543174420831
659 0.6808347692896802
660 0.6804518475971664
661 0.6821749952134788
662 0.6877273597549302
663 0.6894505073712426
664 0.6894505073712426
665 0.6938541068351523
666 0.6930882634501244
667 0.6898334290637564
668 0.691556576680069
669 0.6953857936052077
670 0.6990235496840896
671 0.694428489373923
672 0.6917480375263259
673 0.687918820601187
674 0.687918820601187
675 0.6928968026038675
676 0.6921309592188397
677 0.6930882634501244
678 0.6898334290637564
679 0.687918820601187
680 0.6905992724487843
681 0.6959601761439785
682 0.69461995022018
683 0.694811411066437
684 0.691556576680069
685 0.6967260195290064
686 0.6961516369902355
687 0.6969174803752632
688 0.700938158146659
689 0.6995979322228604
690 0.6982577062990618
691 0.6938541068351523
692 0.6969174803752632
693 0.6961516369902355
694 0.6955772544514647
695 0.6927053417576106
696 0.6905992724487843
697 0.6875358989086732
698 0.6840896036760482
699 0.6871529772161593
700 0.6852383687535899
