1 0.00019146084625694046
2 0.00019146084625694046
3 0.00019146084625694046
4 0.0003829216925138809
5 0.0005743825387708214
6 0.0007658433850277618
7 0.0007658433850277618
8 0.0007658433850277618
9 0.0007658433850277618
10 0.0003829216925138809
11 0.0003829216925138809
12 0.0003829216925138809
13 0.0003829216925138809
14 0.0003829216925138809
15 0.0005743825387708214
16 0.0007658433850277618
17 0.0009573042312847023
18 0.0013402259237985832
19 0.0015316867700555237
20 0.0019146084625694046
21 0.002488991001340226
22 0.002488991001340226
23 0.0026804518475971664
24 0.0026804518475971664
25 0.002488991001340226
26 0.0022975301550832855
27 0.002871912693854107
28 0.0026804518475971664
29 0.003254834386367988
30 0.0036377560788818687
31 0.00421213861765269
32 0.0047865211564235115
33 0.004595060310166571
34 0.005169442848937392
35 0.005169442848937392
36 0.005743825387708214
37 0.005935286233965154
38 0.006318207926479035
39 0.005743825387708214
40 0.005360903695194333
41 0.006318207926479035
42 0.006318207926479035
43 0.006318207926479035
44 0.006126747080222095
45 0.006126747080222095
46 0.006318207926479035
47 0.0072755121577637374
48 0.007466973004020678
49 0.007466973004020678
50 0.007658433850277618
51 0.007658433850277618
52 0.0080413555427915
53 0.00823281638904844
54 0.0080413555427915
55 0.007849894696534559
56 0.007466973004020678
57 0.007849894696534559
58 0.009190120620333142
59 0.009381581466590082
60 0.009573042312847023
61 0.009955964005360904
62 0.009955964005360904
63 0.011296189929159487
64 0.010913268236645606
65 0.011296189929159487
66 0.011296189929159487
67 0.01225349416044419
68 0.012062033314187249
69 0.01263641585295807
70 0.01263641585295807
71 0.01263641585295807
72 0.013019337545471951
73 0.013210798391728892
74 0.013019337545471951
75 0.013019337545471951
76 0.011870572467930308
77 0.011679111621673368
78 0.011296189929159487
79 0.011487650775416428
80 0.010913268236645606
81 0.010913268236645606
82 0.011296189929159487
83 0.011679111621673368
84 0.012062033314187249
85 0.011679111621673368
86 0.012062033314187249
87 0.01225349416044419
88 0.012062033314187249
89 0.01263641585295807
90 0.012062033314187249
91 0.011870572467930308
92 0.011679111621673368
93 0.01244495500670113
94 0.01263641585295807
95 0.013785180930499713
96 0.014168102623013594
97 0.013019337545471951
98 0.01244495500670113
99 0.013593720084242773
100 0.01282787669921501
101 0.01225349416044419
102 0.01282787669921501
103 0.013019337545471951
104 0.013019337545471951
105 0.014168102623013594
106 0.014551024315527475
107 0.015125406854298296
108 0.015508328546812177
109 0.014742485161784415
110 0.014359563469270534
111 0.014742485161784415
112 0.013976641776756654
113 0.013976641776756654
114 0.014551024315527475
115 0.014359563469270534
116 0.014551024315527475
117 0.014551024315527475
118 0.014742485161784415
119 0.014551024315527475
120 0.013976641776756654
121 0.013976641776756654
122 0.013976641776756654
123 0.013785180930499713
124 0.013593720084242773
125 0.014168102623013594
126 0.014168102623013594
127 0.013593720084242773
128 0.013976641776756654
129 0.014359563469270534
130 0.014168102623013594
131 0.014551024315527475
132 0.013593720084242773
133 0.013210798391728892
134 0.014168102623013594
135 0.014742485161784415
136 0.014933946008041356
137 0.014359563469270534
138 0.014551024315527475
139 0.015125406854298296
140 0.015316867700555237
141 0.016082711085583
142 0.015699789393069118
143 0.015316867700555237
144 0.014742485161784415
145 0.015316867700555237
146 0.015316867700555237
147 0.014551024315527475
148 0.014168102623013594
149 0.015316867700555237
150 0.014933946008041356
151 0.01627417193183994
152 0.015699789393069118
153 0.015699789393069118
154 0.015508328546812177
155 0.015125406854298296
156 0.014742485161784415
157 0.015125406854298296
158 0.014742485161784415
159 0.014742485161784415
160 0.014933946008041356
161 0.014359563469270534
162 0.015508328546812177
163 0.015891250239326058
164 0.015891250239326058
165 0.015699789393069118
166 0.015316867700555237
167 0.015316867700555237
168 0.016082711085583
169 0.01627417193183994
170 0.015125406854298296
171 0.014551024315527475
172 0.014551024315527475
173 0.014551024315527475
174 0.015125406854298296
175 0.014742485161784415
176 0.014168102623013594
177 0.015125406854298296
178 0.014551024315527475
179 0.014551024315527475
180 0.014359563469270534
181 0.014551024315527475
182 0.014359563469270534
183 0.014359563469270534
184 0.014933946008041356
185 0.014359563469270534
186 0.014551024315527475
187 0.014359563469270534
188 0.014359563469270534
189 0.014742485161784415
190 0.015316867700555237
191 0.015891250239326058
192 0.016082711085583
193 0.016082711085583
194 0.01646563277809688
195 0.01684855447061076
196 0.01665709362435382
197 0.01646563277809688
198 0.01627417193183994
199 0.01627417193183994
200 0.01646563277809688
201 0.01684855447061076
202 0.0170400153168677
203 0.0170400153168677
204 0.01646563277809688
205 0.01684855447061076
206 0.01665709362435382
207 0.016082711085583
208 0.015699789393069118
209 0.014933946008041356
210 0.013785180930499713
211 0.013785180930499713
212 0.013402259237985832
213 0.013976641776756654
214 0.014933946008041356
215 0.015125406854298296
216 0.015125406854298296
217 0.014933946008041356
218 0.01627417193183994
219 0.015699789393069118
220 0.015699789393069118
221 0.016082711085583
222 0.015891250239326058
223 0.015891250239326058
224 0.015891250239326058
225 0.015508328546812177
226 0.015125406854298296
227 0.015316867700555237
228 0.015699789393069118
229 0.015316867700555237
230 0.015316867700555237
231 0.015125406854298296
232 0.015316867700555237
233 0.015316867700555237
234 0.015316867700555237
235 0.015125406854298296
236 0.015125406854298296
237 0.014551024315527475
238 0.014933946008041356
239 0.015508328546812177
240 0.015508328546812177
241 0.014551024315527475
242 0.013976641776756654
243 0.014359563469270534
244 0.014359563469270534
245 0.014168102623013594
246 0.014168102623013594
247 0.013976641776756654
248 0.013785180930499713
249 0.013019337545471951
250 0.013210798391728892
251 0.01282787669921501
252 0.013210798391728892
253 0.01282787669921501
254 0.01244495500670113
255 0.01225349416044419
256 0.013402259237985832
257 0.013019337545471951
258 0.01282787669921501
259 0.01244495500670113
260 0.01225349416044419
261 0.01244495500670113
262 0.01244495500670113
263 0.01225349416044419
264 0.01244495500670113
265 0.013210798391728892
266 0.013976641776756654
267 0.014168102623013594
268 0.013785180930499713
269 0.013019337545471951
270 0.013019337545471951
271 0.013402259237985832
272 0.014359563469270534
273 0.014359563469270534
274 0.013976641776756654
275 0.014168102623013594
276 0.013785180930499713
277 0.014168102623013594
278 0.013210798391728892
279 0.013210798391728892
280 0.013785180930499713
281 0.013210798391728892
282 0.013593720084242773
283 0.013976641776756654
284 0.013976641776756654
285 0.014168102623013594
286 0.014168102623013594
287 0.013593720084242773
288 0.013402259237985832
289 0.013976641776756654
290 0.013785180930499713
291 0.013785180930499713
292 0.014359563469270534
293 0.014742485161784415
294 0.014742485161784415
295 0.014742485161784415
296 0.014933946008041356
297 0.015125406854298296
298 0.015891250239326058
299 0.015699789393069118
300 0.015508328546812177
301 0.015891250239326058
302 0.015316867700555237
303 0.014742485161784415
304 0.014551024315527475
305 0.014742485161784415
306 0.014742485161784415
307 0.014933946008041356
308 0.014933946008041356
309 0.014168102623013594
310 0.013785180930499713
311 0.013785180930499713
312 0.014551024315527475
313 0.014359563469270534
314 0.014933946008041356
315 0.014168102623013594
316 0.013593720084242773
317 0.013593720084242773
318 0.014359563469270534
319 0.015316867700555237
320 0.015125406854298296
321 0.014742485161784415
322 0.013593720084242773
323 0.014742485161784415
324 0.013019337545471951
325 0.01282787669921501
326 0.013402259237985832
327 0.013593720084242773
328 0.013019337545471951
329 0.01263641585295807
330 0.01282787669921501
331 0.01282787669921501
332 0.01282787669921501
333 0.013402259237985832
334 0.013785180930499713
335 0.013210798391728892
336 0.013593720084242773
337 0.013593720084242773
338 0.013210798391728892
339 0.013210798391728892
340 0.013785180930499713
341 0.013019337545471951
342 0.013402259237985832
343 0.014551024315527475
344 0.013785180930499713
345 0.013593720084242773
346 0.013210798391728892
347 0.013402259237985832
348 0.013402259237985832
349 0.013402259237985832
350 0.013019337545471951
351 0.013402259237985832
352 0.013593720084242773
353 0.013210798391728892
354 0.013593720084242773
355 0.013785180930499713
356 0.013976641776756654
357 0.014168102623013594
358 0.014359563469270534
359 0.014359563469270534
360 0.013402259237985832
361 0.014168102623013594
362 0.014742485161784415
363 0.015316867700555237
364 0.015125406854298296
365 0.015891250239326058
366 0.016082711085583
367 0.01684855447061076
368 0.01627417193183994
369 0.015699789393069118
370 0.015699789393069118
371 0.015316867700555237
372 0.016082711085583
373 0.01646563277809688
374 0.01627417193183994
375 0.016082711085583
376 0.015891250239326058
377 0.015891250239326058
378 0.01684855447061076
379 0.01665709362435382
380 0.01627417193183994
381 0.01627417193183994
382 0.015316867700555237
383 0.015125406854298296
384 0.015508328546812177
385 0.015699789393069118
386 0.015891250239326058
387 0.014551024315527475
388 0.014551024315527475
389 0.013976641776756654
390 0.013593720084242773
391 0.013210798391728892
392 0.013785180930499713
393 0.013976641776756654
394 0.014551024315527475
395 0.014551024315527475
396 0.014359563469270534
397 0.014551024315527475
398 0.014359563469270534
399 0.014742485161784415
400 0.015316867700555237
401 0.015508328546812177
402 0.015316867700555237
403 0.015316867700555237
404 0.014742485161784415
405 0.013402259237985832
406 0.013785180930499713
407 0.013019337545471951
408 0.013210798391728892
409 0.013210798391728892
410 0.01263641585295807
411 0.01225349416044419
412 0.013210798391728892
413 0.013402259237985832
414 0.013785180930499713
415 0.014933946008041356
416 0.015125406854298296
417 0.014933946008041356
418 0.014551024315527475
419 0.014168102623013594
420 0.013976641776756654
421 0.014168102623013594
422 0.014168102623013594
423 0.01282787669921501
424 0.01225349416044419
425 0.01282787669921501
426 0.013402259237985832
427 0.014168102623013594
428 0.013593720084242773
429 0.013976641776756654
430 0.013976641776756654
431 0.014168102623013594
432 0.013593720084242773
433 0.013785180930499713
434 0.014551024315527475
435 0.013402259237985832
436 0.01282787669921501
437 0.013019337545471951
438 0.013210798391728892
439 0.013785180930499713
440 0.013210798391728892
441 0.014168102623013594
442 0.014168102623013594
443 0.014551024315527475
444 0.014359563469270534
445 0.014168102623013594
446 0.013976641776756654
447 0.014742485161784415
448 0.014742485161784415
449 0.015125406854298296
450 0.015508328546812177
451 0.015508328546812177
452 0.014933946008041356
453 0.015125406854298296
454 0.014551024315527475
455 0.014551024315527475
456 0.013976641776756654
457 0.013593720084242773
458 0.013785180930499713
459 0.013210798391728892
460 0.013593720084242773
461 0.014742485161784415
462 0.014551024315527475
463 0.015316867700555237
464 0.015508328546812177
465 0.015508328546812177
466 0.015125406854298296
467 0.015125406854298296
468 0.014551024315527475
469 0.014359563469270534
470 0.013785180930499713
471 0.014168102623013594
472 0.013785180930499713
473 0.013976641776756654
474 0.013593720084242773
475 0.013210798391728892
476 0.013210798391728892
477 0.01282787669921501
478 0.013402259237985832
479 0.014168102623013594
480 0.013593720084242773
481 0.013210798391728892
482 0.01282787669921501
483 0.01282787669921501
484 0.01244495500670113
485 0.01282787669921501
486 0.014168102623013594
487 0.014359563469270534
488 0.014168102623013594
489 0.013593720084242773
490 0.013593720084242773
491 0.013976641776756654
492 0.014551024315527475
493 0.013976641776756654
494 0.014359563469270534
495 0.014551024315527475
496 0.015699789393069118
497 0.015699789393069118
498 0.015125406854298296
499 0.015508328546812177
500 0.015125406854298296
501 0.014551024315527475
502 0.014933946008041356
503 0.014168102623013594
504 0.014742485161784415
505 0.013785180930499713
506 0.014359563469270534
507 0.014359563469270534
508 0.014742485161784415
509 0.014359563469270534
510 0.014359563469270534
511 0.014359563469270534
512 0.014933946008041356
513 0.014742485161784415
514 0.013976641776756654
515 0.014551024315527475
516 0.015316867700555237
517 0.015508328546812177
518 0.015316867700555237
519 0.015316867700555237
520 0.015316867700555237
521 0.015125406854298296
522 0.014933946008041356
523 0.015508328546812177
524 0.015699789393069118
525 0.015508328546812177
526 0.015316867700555237
527 0.014742485161784415
528 0.014742485161784415
529 0.014933946008041356
530 0.014551024315527475
531 0.014742485161784415
532 0.014168102623013594
533 0.013785180930499713
534 0.014933946008041356
535 0.014359563469270534
536 0.014551024315527475
537 0.014168102623013594
538 0.013976641776756654
539 0.013593720084242773
540 0.013976641776756654
541 0.014359563469270534
542 0.014168102623013594
543 0.014551024315527475
544 0.014933946008041356
545 0.015125406854298296
546 0.015125406854298296
547 0.014933946008041356
548 0.015125406854298296
549 0.014551024315527475
550 0.014551024315527475
551 0.014359563469270534
552 0.014742485161784415
553 0.014168102623013594
554 0.014359563469270534
555 0.014742485161784415
556 0.014551024315527475
557 0.014359563469270534
558 0.015125406854298296
559 0.014742485161784415
560 0.014551024315527475
561 0.014742485161784415
562 0.014359563469270534
563 0.013976641776756654
564 0.013785180930499713
565 0.014359563469270534
566 0.013785180930499713
567 0.013593720084242773
568 0.01282787669921501
569 0.01263641585295807
570 0.01263641585295807
571 0.01263641585295807
572 0.013402259237985832
573 0.013785180930499713
574 0.01282787669921501
575 0.013019337545471951
576 0.013019337545471951
577 0.013593720084242773
578 0.013785180930499713
579 0.013785180930499713
580 0.013210798391728892
581 0.013593720084242773
582 0.013976641776756654
583 0.014168102623013594
584 0.014742485161784415
585 0.014168102623013594
586 0.014551024315527475
587 0.014168102623013594
588 0.014168102623013594
589 0.015316867700555237
590 0.015699789393069118
591 0.014742485161784415
592 0.014551024315527475
593 0.014742485161784415
594 0.014551024315527475
595 0.014359563469270534
596 0.013593720084242773
597 0.013593720084242773
598 0.013210798391728892
599 0.01225349416044419
600 0.01225349416044419
601 0.01263641585295807
602 0.01263641585295807
603 0.013593720084242773
604 0.013593720084242773
605 0.013210798391728892
606 0.01244495500670113
607 0.01282787669921501
608 0.01225349416044419
609 0.012062033314187249
610 0.01282787669921501
611 0.01282787669921501
612 0.01263641585295807
613 0.01282787669921501
614 0.013210798391728892
615 0.013019337545471951
616 0.013210798391728892
617 0.013785180930499713
618 0.013593720084242773
619 0.014551024315527475
620 0.014933946008041356
621 0.015699789393069118
622 0.014933946008041356
623 0.013976641776756654
624 0.013785180930499713
625 0.013210798391728892
626 0.013785180930499713
627 0.013976641776756654
628 0.013785180930499713
629 0.013785180930499713
630 0.013593720084242773
631 0.014168102623013594
632 0.013402259237985832
633 0.013210798391728892
634 0.013402259237985832
635 0.013210798391728892
636 0.013593720084242773
637 0.013976641776756654
638 0.013785180930499713
639 0.013785180930499713
640 0.013785180930499713
641 0.013402259237985832
642 0.013210798391728892
643 0.013019337545471951
644 0.013210798391728892
645 0.01282787669921501
646 0.013593720084242773
647 0.013593720084242773
648 0.013785180930499713
649 0.013593720084242773
650 0.014168102623013594
651 0.014359563469270534
652 0.014359563469270534
653 0.014551024315527475
654 0.014168102623013594
655 0.013976641776756654
656 0.014168102623013594
657 0.013976641776756654
658 0.014551024315527475
659 0.014742485161784415
660 0.014933946008041356
661 0.014168102623013594
662 0.014359563469270534
663 0.014359563469270534
664 0.013402259237985832
665 0.01282787669921501
666 0.01282787669921501
667 0.01282787669921501
668 0.012062033314187249
669 0.01225349416044419
670 0.01263641585295807
671 0.01282787669921501
672 0.01244495500670113
673 0.01244495500670113
674 0.01282787669921501
675 0.01244495500670113
676 0.012062033314187249
677 0.01263641585295807
678 0.01263641585295807
679 0.013019337545471951
680 0.013019337545471951
681 0.01225349416044419
682 0.01282787669921501
683 0.013210798391728892
684 0.01282787669921501
685 0.013210798391728892
686 0.013402259237985832
687 0.01282787669921501
688 0.01244495500670113
689 0.011870572467930308
690 0.011679111621673368
691 0.01225349416044419
692 0.011679111621673368
693 0.011296189929159487
694 0.011296189929159487
695 0.011870572467930308
696 0.011487650775416428
697 0.01263641585295807
698 0.01282787669921501
699 0.01282787669921501
700 0.013019337545471951
