1 0.0003829216925138809
2 0.0003829216925138809
3 0.0005743825387708214
4 0.0005743825387708214
5 0.0005743825387708214
6 0.0009573042312847023
7 0.0011487650775416428
8 0.0013402259237985832
9 0.0013402259237985832
10 0.0022975301550832855
11 0.0026804518475971664
12 0.0047865211564235115
13 0.005935286233965154
14 0.006318207926479035
15 0.006318207926479035
16 0.007658433850277618
17 0.007849894696534559
18 0.009381581466590082
19 0.010913268236645606
20 0.01282787669921501
21 0.014551024315527475
22 0.01627417193183994
23 0.020103388856978748
24 0.021635075627034272
25 0.023549684089603676
26 0.026421596783457783
27 0.02852766609228413
28 0.031399578786138235
29 0.03388856978747846
30 0.035228795711277044
31 0.03790924755887421
32 0.039823856021443615
33 0.0421213861765269
34 0.04346161210032548
35 0.04709936817920735
36 0.049971280873061456
37 0.05284319356691557
38 0.05494926287574191
39 0.05743825387708214
40 0.06031016657093624
41 0.064330844342332
42 0.06969174803752633
43 0.0710319739613249
44 0.07160635650009572
45 0.0742868083476929
46 0.07486119088646372
47 0.07792456442657476
48 0.08290254642925522
49 0.08366838981428298
50 0.0913268236645606
51 0.09209266704958836
52 0.09573042312847023
53 0.09898525751483822
54 0.10109132682366456
55 0.10530346544131725
56 0.10549492628757419
57 0.1102814474439977
58 0.11257897759908099
59 0.11277043844533793
60 0.11755695960176143
61 0.12062033314187248
62 0.125406854298296
63 0.12751292360712235
64 0.12942753206969174
65 0.1301933754547195
66 0.1334482098410875
67 0.13593720084242772
68 0.13746888761248324
69 0.13880911353628184
70 0.14168102623013593
71 0.14608462569404557
72 0.14838215584912887
73 0.15259429446678155
74 0.1556576680068926
75 0.15872104154700364
76 0.16025272831705917
77 0.16465632778096878
78 0.1661880145510243
79 0.16733677962856597
80 0.17001723147616313
81 0.17212330078498947
82 0.17346352670878806
83 0.1765269002488991
84 0.18112196055906568
85 0.1826536473291212
86 0.18284510817537813
87 0.18341949071414895
88 0.18380241240666284
89 0.18303656902163506
90 0.18935477694811412
91 0.19299253302699598
92 0.19605590656710703
93 0.19950220179973197
94 0.20122534941604442
95 0.19854489756844726
96 0.20141681026230135
97 0.20907524411257897
98 0.21462760865403024
99 0.2173080605016274
100 0.22075435573425234
101 0.22017997319548152
102 0.2199885123492246
103 0.2243921118131342
104 0.22515795519816198
105 0.22937009381581466
106 0.2318590848171549
107 0.2318590848171549
108 0.23071031973961326
109 0.23683706681983535
110 0.23396515412598123
111 0.24028336205246026
112 0.24219797051502967
113 0.24392111813134215
114 0.25062224775033504
115 0.25540876890675857
116 0.2598123683706682
117 0.2611525942944668
118 0.2645988895270917
119 0.266896419682175
120 0.27053417576105687
121 0.2753206969174804
122 0.2787669921501053
123 0.27838407045759145
124 0.2812559831514455
125 0.2822132873827302
126 0.2841278958452996
127 0.28374497415278577
128 0.2868083476928968
129 0.2877656519241815
130 0.28527666092284126
131 0.28948879954049395
132 0.2944667815431744
133 0.29561554662071604
134 0.2981045376220563
135 0.30040206777713957
136 0.30365690216350755
137 0.3048056672410492
138 0.3038483630097645
139 0.3028910587784798
140 0.30729465824238944
141 0.31208117939881297
142 0.31342140532261153
143 0.31820792647903506
144 0.3212713000191461
145 0.32242006509668775
146 0.3256748994830557
147 0.32663220371434043
148 0.32165422171165997
149 0.32146276086540304
150 0.3260578211755696
151 0.33046142063947925
152 0.33103580317825004
153 0.3360137851809305
154 0.3411832280298679
155 0.34060884549109705
156 0.3453953666475206
157 0.34616121003254835
158 0.3484587401876316
159 0.3507562703427149
160 0.3509477311889719
161 0.34960750526517326
162 0.35496840896036763
163 0.3543940264215968
164 0.35056480949645796
165 0.35037334865020103
166 0.353628183036569
167 0.3578403216542217
168 0.36128661688684666
169 0.3572659391154509
170 0.35669155657668006
171 0.3597549301167911
172 0.36281830365690215
173 0.3624353819643883
174 0.3626268428106452
175 0.3714340417384645
176 0.3766034845874019
177 0.3781351713574574
178 0.3773693279724296
179 0.37449741527857555
180 0.3771778671261727
181 0.3785180930499713
182 0.37698640627991575
183 0.379475397281256
184 0.38024124066628373
185 0.38024124066628373
186 0.38024124066628373
187 0.3817729274363393
188 0.379475397281256
189 0.3766034845874019
190 0.38024124066628373
191 0.3854106835152211
192 0.3856021443614781
193 0.3880911353628183
194 0.3898142829791308
195 0.38828259620907524
196 0.39192035228795713
197 0.3924947348267279
198 0.39019720467164465
199 0.3894313612866169
200 0.3924947348267279
201 0.3907715872104155
202 0.38847405705533217
203 0.3900057438253877
204 0.38923990044035994
205 0.39862148190695
206 0.3980470993681792
207 0.39728125598315145
208 0.39862148190695
209 0.3970897951368945
210 0.4022592379858319
211 0.4047482289871721
212 0.40245069883208884
213 0.40168485544706106
214 0.40436530729465825
215 0.4108749760673942
216 0.4141298104537622
217 0.4170017231476163
218 0.4170017231476163
219 0.4160444189163316
220 0.4150871146850469
221 0.4164273406088455
222 0.4208309400727551
223 0.42044801838024126
224 0.4206394792264982
225 0.42044801838024126
226 0.4258089220754356
227 0.4302125215393452
228 0.4273406088454911
229 0.4296381390005744
230 0.434041738464484
231 0.43423319931074095
232 0.4273406088454911
233 0.4321271300019146
234 0.4338502776182271
235 0.43174420830940075
236 0.43519050354202565
237 0.4348075818495118
238 0.43710511200459506
239 0.443614780777331
240 0.4434233199310741
241 0.44648669347118514
242 0.44935860616503925
243 0.4497415278575531
244 0.4485927627800115
245 0.4505073712425809
246 0.44935860616503925
247 0.4495500670112962
248 0.4524219797051503
249 0.45203905801263644
250 0.45376220562894887
251 0.45797434424660155
252 0.45835726593911547
253 0.4575914225540877
254 0.45452804901397664
255 0.45816580509285854
256 0.45835726593911547
257 0.4562511966302891
258 0.45835726593911547
259 0.45893164847788626
260 0.45893164847788626
261 0.45816580509285854
262 0.456634118322803
263 0.4558682749377752
264 0.45184759716637946
265 0.4541451273214628
266 0.45797434424660155
267 0.4585487267853724
268 0.45797434424660155
269 0.4595060310166571
270 0.45931457017040017
271 0.45816580509285854
272 0.4600804135554279
273 0.4623779437105112
274 0.46773884740570554
275 0.46678154317442083
276 0.46544131725062227
277 0.46831322994447633
278 0.47061076009955966
279 0.46927053417576103
280 0.4673559257131917
281 0.4685046907907333
282 0.4685046907907333
283 0.47673750717978175
284 0.47731188971855254
285 0.4769289680260387
286 0.4744399770246984
287 0.48190695002871914
288 0.4865020103388857
289 0.48956538387899673
290 0.48803369710894123
291 0.4803752632586636
292 0.4803752632586636
293 0.48477886272257326
294 0.4884166188014551
295 0.4901397664177676
296 0.49167145318782307
297 0.4922458357265939
298 0.4932031399578786
299 0.4935860616503925
300 0.4928202182653647
301 0.49147999234156614
302 0.4947348267279341
303 0.4930116791116217
304 0.49243729657285085
305 0.49435190503542026
306 0.4937775224966494
307 0.4945433658816772
308 0.4910970706490523
309 0.49664943519050353
310 0.4991384261918438
311 0.4945433658816772
312 0.4939689833429064
313 0.4947348267279341
314 0.4974152785755313
315 0.5014359563469271
316 0.504499329887038
317 0.5089029293509477
318 0.5085200076584339
319 0.5094773118897186
320 0.5100516944284894
321 0.507945625119663
322 0.5096687727359754
323 0.5165613632012254
324 0.5142638330461421
325 0.5156040589699407
326 0.5184759716637948
327 0.5186674325100517
328 0.5203905801263642
329 0.520964962665135
330 0.5221137277426766
331 0.5192418150488225
332 0.5150296764311698
333 0.5190503542025656
334 0.5200076584338503
335 0.5171357457399962
336 0.5190503542025656
337 0.5224966494351905
338 0.5270917097453571
339 0.5322611525942945
340 0.5334099176718361
341 0.5357074478269194
342 0.5351330652881485
343 0.5427914991384262
344 0.543365881677197
345 0.5439402642159679
346 0.5403025081370859
347 0.5397281255983152
348 0.5357074478269194
349 0.5341757610568638
350 0.5364732912119472
351 0.5349416044418916
352 0.5370476737507179
353 0.543365881677197
354 0.543365881677197
355 0.5427914991384262
356 0.546812176909822
357 0.5517901589125024
358 0.5540876890675857
359 0.5533218456825579
360 0.5529389239900441
361 0.5471950986023358
362 0.5485353245261344
363 0.5450890292935094
364 0.546620716063565
365 0.5447061076009956
366 0.546429255217308
367 0.5477694811411067
368 0.5494926287574191
369 0.5439402642159679
370 0.5452804901397664
371 0.5471950986023358
372 0.5475780202948497
373 0.5535133065288148
374 0.5586827493777522
375 0.5550449932988704
376 0.5508328546812177
377 0.5577254451464676
378 0.5569596017614398
379 0.5554279149913842
380 0.5600229753015509
381 0.5676814091518284
382 0.5669155657668007
383 0.5632778096879189
384 0.5613632012253494
385 0.5582998276852383
386 0.5582998276852383
387 0.5646180356117174
388 0.5703618609994257
389 0.5655753398430021
390 0.5688301742293701
391 0.5709362435381964
392 0.5709362435381964
393 0.5718935477694811
394 0.5751483821558492
395 0.5761056863871339
396 0.581849511774842
397 0.5879762588550641
398 0.5849128853149531
399 0.5801263641585296
400 0.5789775990809879
401 0.578786138234731
402 0.5812751292360713
403 0.5824238943136129
404 0.5835726593911545
405 0.5793605207735019
406 0.5799349033122726
407 0.581849511774842
408 0.5826153551598698
409 0.5828068160061267
410 0.5835726593911545
411 0.5812751292360713
412 0.5874018763162934
413 0.5893164847788627
414 0.5908481715489182
415 0.5912310932414321
416 0.5952517710128279
417 0.5996553704767376
418 0.6009955964005361
419 0.6006126747080222
420 0.60137851809305
421 0.5971663794753973
422 0.5950603101665709
423 0.5937200842427723
424 0.5985066053991959
425 0.6036760482481333
426 0.6065479609419874
427 0.6029102048631055
428 0.6057821175569597
429 0.6136320122534942
430 0.6126747080222095
431 0.6090369519433276
432 0.5998468313229944
433 0.6063565000957304
434 0.6071223434807582
435 0.6055906567107027
436 0.6065479609419874
437 0.6086540302508137
438 0.6099942561746123
439 0.6128661688684663
440 0.6090369519433276
441 0.6122917863296956
442 0.617461229178633
443 0.620524602718744
444 0.6260769672601952
445 0.6222477503350565
446 0.6247367413363967
447 0.6310549492628758
448 0.6251196630289105
449 0.6256940455676814
450 0.6253111238751675
451 0.6285659582615355
452 0.6306720275703619
453 0.6337354011104729
454 0.633543940264216
455 0.6283744974152786
456 0.6272257323377369
457 0.6264598889527092
458 0.6260769672601952
459 0.6258855064139384
460 0.6264598889527092
461 0.6329695577254452
462 0.6308634884166188
463 0.6262684281064522
464 0.6312464101091326
465 0.6323951751866743
466 0.6314378709553896
467 0.6320122534941605
468 0.6348841661880146
469 0.6279915757227647
470 0.6255025847214245
471 0.6255025847214245
472 0.623779437105112
473 0.6266513497989661
474 0.6272257323377369
475 0.6337354011104729
476 0.6346927053417576
477 0.6362243921118131
478 0.6412023741144935
479 0.6412023741144935
480 0.6436913651158338
481 0.6404365307294658
482 0.6448401301933755
483 0.6471376603484588
484 0.6507754164273406
485 0.6459888952709171
486 0.6389048439594103
487 0.6377560788818687
488 0.640053609036952
489 0.6425426000382922
490 0.636798774650584
491 0.6339268619567299
492 0.6346927053417576
493 0.6323951751866743
494 0.6322037143404173
495 0.6354585487267854
496 0.630097645031591
497 0.6343097836492437
498 0.6356500095730423
499 0.6360329312655562
500 0.6389048439594103
501 0.6465632778096879
502 0.6471376603484588
503 0.6500095730423129
504 0.6488608079647712
505 0.6448401301933755
506 0.6465632778096879
507 0.6486693471185143
508 0.6450315910396324
509 0.6505839555810836
510 0.6496266513497989
511 0.6500095730423129
512 0.6538387899674517
513 0.655753398430021
514 0.6582423894313613
515 0.6572850852000766
516 0.6553704767375071
517 0.6590082328163891
518 0.655944859276278
519 0.6584338502776182
520 0.6546046333524794
521 0.6588167719701321
522 0.6588167719701321
523 0.6588167719701321
524 0.6555619375837641
525 0.6532644074286809
526 0.6530729465824239
527 0.6498181121960559
528 0.65269002488991
529 0.6574765460463335
530 0.6626459888952709
531 0.6603484587401877
532 0.6603484587401877
533 0.662454528049014
534 0.6645605973578403
535 0.6626459888952709
536 0.6607313804327015
537 0.6626459888952709
538 0.6597740762014168
539 0.6590082328163891
540 0.6597740762014168
541 0.6645605973578403
542 0.6706873444380624
543 0.6693471185142639
544 0.6726019529006318
545 0.6758567872869998
546 0.6714531878230902
547 0.6689641968217499
548 0.6672410492054375
549 0.6674325100516945
550 0.6660922841278959
551 0.6647520582040972
552 0.6630289105877848
553 0.6666666666666666
554 0.6678154317442083
555 0.6706873444380624
556 0.6649435190503542
557 0.665517901589125
558 0.6637947539728125
559 0.6586253111238751
560 0.659199693662646
561 0.6555619375837641
562 0.6565192418150488
563 0.656136320122535
564 0.6523071031973962
565 0.6540302508137086
566 0.6513497989661114
567 0.655944859276278
568 0.6601569978939307
569 0.659391154508903
570 0.6599655370476738
571 0.6660922841278959
572 0.6643691365115834
573 0.6681983534367222
574 0.6668581275129236
575 0.6668581275129236
576 0.6704958835918055
577 0.6683898142829792
578 0.6637947539728125
579 0.6674325100516945
580 0.668772735975493
581 0.6674325100516945
582 0.6634118322802987
583 0.6620716063565001
584 0.6660922841278959
585 0.6701129618992916
586 0.6636032931265556
587 0.6699215010530346
588 0.6697300402067777
589 0.6748994830557151
590 0.6770055523645414
591 0.6831322994447635
592 0.6863871338311315
593 0.6829408385985066
594 0.6773884740570554
595 0.6766226306720275
596 0.6743251005169443
597 0.6760482481332567
598 0.6739421788244304
599 0.6735592571319166
600 0.6733677962856596
601 0.6727934137468887
602 0.6745165613632013
603 0.678728699980854
604 0.6814091518284511
605 0.6741336396706873
606 0.6733677962856596
607 0.6731763354394027
608 0.6758567872869998
609 0.675090943901972
610 0.6741336396706873
611 0.675282404748229
612 0.6810262301359372
613 0.6825579169059928
614 0.6844725253685622
615 0.6796860042121387
616 0.6810262301359372
617 0.6831322994447635
618 0.6858127512923607
619 0.6854298295998469
620 0.6888761248324717
621 0.687918820601187
622 0.6942370285276661
623 0.6932797242963814
624 0.6942370285276661
625 0.6930882634501244
626 0.6886846639862149
627 0.6921309592188397
628 0.6932797242963814
629 0.6917480375263259
630 0.6873444380624162
631 0.6902163507562703
632 0.6890675856787287
633 0.6875358989086732
634 0.6890675856787287
635 0.6919394983725828
636 0.6875358989086732
637 0.6794945433658817
638 0.6748994830557151
639 0.6831322994447635
640 0.6873444380624162
641 0.6927053417576106
642 0.6930882634501244
643 0.6936626459888953
644 0.691173654987555
645 0.6951943327589508
646 0.6896419682174996
647 0.6871529772161593
648 0.6860042121386176
649 0.6888761248324717
650 0.6858127512923607
651 0.6837066819835343
652 0.6825579169059928
653 0.6865785946773885
654 0.6852383687535899
655 0.6886846639862149
656 0.6877273597549302
657 0.6877273597549302
658 0.6917480375263259
659 0.6861956729848746
660 0.6806433084434234
661 0.6814091518284511
662 0.6816006126747081
663 0.6844725253685622
664 0.6869615163699023
665 0.6850469079073329
666 0.6837066819835343
667 0.6833237602910205
668 0.6883017422937009
669 0.6812176909821941
670 0.6812176909821941
671 0.684855447061076
672 0.684855447061076
673 0.6860042121386176
674 0.6863871338311315
675 0.6894505073712426
676 0.6854298295998469
677 0.6856212904461038
678 0.687918820601187
679 0.687918820601187
680 0.6877273597549302
681 0.6860042121386176
682 0.6854298295998469
683 0.6802603867509094
684 0.6829408385985066
685 0.6827493777522496
686 0.6825579169059928
687 0.6806433084434234
688 0.6840896036760482
689 0.6867700555236455
690 0.6894505073712426
691 0.6907907332950411
692 0.6904078116025273
693 0.6877273597549302
694 0.684663986214819
695 0.6898334290637564
696 0.6871529772161593
697 0.6867700555236455
698 0.6894505073712426
699 0.6840896036760482
700 0.6861956729848746
