1 0.00019146084625694046
2 0.00019146084625694046
3 0.00019146084625694046
4 0.00019146084625694046
5 0.00019146084625694046
6 0.00019146084625694046
7 0.00019146084625694046
8 0.0003829216925138809
9 0.0003829216925138809
10 0.0011487650775416428
11 0.0013402259237985832
12 0.0015316867700555237
13 0.0017231476163124641
14 0.0015316867700555237
15 0.002106069308826345
16 0.002106069308826345
17 0.002488991001340226
18 0.002871912693854107
19 0.002871912693854107
20 0.0034462952326249283
21 0.0034462952326249283
22 0.00421213861765269
23 0.004977982002680452
24 0.005743825387708214
25 0.005743825387708214
26 0.005935286233965154
27 0.006509668772735976
28 0.006318207926479035
29 0.0072755121577637374
30 0.0080413555427915
31 0.00823281638904844
32 0.0080413555427915
33 0.008807198927819261
34 0.009764503159103963
35 0.010913268236645606
36 0.011487650775416428
37 0.014742485161784415
38 0.01665709362435382
39 0.018380241240666284
40 0.022400919012062034
41 0.022400919012062034
42 0.023358223243346736
43 0.024124066628374498
44 0.027953283553513307
45 0.027378901014742486
46 0.030442274554853533
47 0.03293126555619376
48 0.03542025655753398
49 0.036569021635075624
50 0.039823856021443615
51 0.04231284702278384
52 0.047482289871721234
53 0.048248133256748996
54 0.05092858510434616
55 0.05284319356691557
56 0.05514072372199885
57 0.057246793030825194
58 0.06069308826345012
59 0.06605399195864446
60 0.06873444380624162
61 0.07294658242389432
62 0.07639287765651924
63 0.07849894696534558
64 0.0813708596591997
65 0.08271108558299828
66 0.08520007658433851
67 0.08692322420065096
68 0.0903695194332759
69 0.09343289297338694
70 0.09304997128087306
71 0.09534750143595634
72 0.09994256174612291
73 0.10511200459506032
74 0.10836683898142829
75 0.11257897759908099
76 0.11430212521539346
77 0.11468504690790733
78 0.11430212521539346
79 0.11793988129427532
80 0.12100325483438637
81 0.12521539345203905
82 0.12770438445337928
83 0.1292360712234348
84 0.13383113153360138
85 0.13651158338119854
86 0.14225540876890677
87 0.1443614780777331
88 0.14838215584912887
89 0.1524028336205246
90 0.15297721615929544
91 0.1552747463143787
92 0.15814665900823283
93 0.1623587976258855
94 0.16408194524219796
95 0.16810262301359372
96 0.17059161401493395
97 0.17250622247750336
98 0.17518667432510052
99 0.1742293700938158
100 0.1803561171740379
101 0.1836109515604059
102 0.18629140340800307
103 0.18820601187057248
104 0.1931839938732529
105 0.19529006318207925
106 0.1996936626459889
107 0.2010338885697875
108 0.2002680451847597
109 0.2044801838024124
110 0.20409726210989854
111 0.2054374880336971
112 0.21213861765269001
113 0.21271300019146083
114 0.21749952134788436
115 0.22209458165805093
116 0.2253494160444189
117 0.23013593720084244
118 0.23396515412598123
119 0.23702852766609228
120 0.23607122343480758
121 0.23587976258855065
122 0.23836875358989087
123 0.24124066628374496
124 0.2408577445912311
125 0.24238943136128663
126 0.24487842236262683
127 0.24583572659391154
128 0.24449550067011297
129 0.24641010913268235
130 0.2494734826727934
131 0.25062224775033504
132 0.2523453953666475
133 0.2584721424468696
134 0.2617269768332376
135 0.2621098985257515
136 0.2617269768332376
137 0.26383304614206393
138 0.26498181121960557
139 0.2645988895270917
140 0.26498181121960557
141 0.27053417576105687
142 0.2749377752249665
143 0.27551215776373733
144 0.27800114876507753
145 0.2814474439977025
146 0.2856595826153552
147 0.2868083476928968
148 0.28891441700172316
149 0.2944667815431744
150 0.2988703810070841
151 0.30174229370093814
152 0.3051885889335631
153 0.30538004977982003
154 0.3061458931648478
155 0.30652881485736166
156 0.3025081370859659
157 0.302316676239709
158 0.30633735401110473
159 0.3084434233199311
160 0.31208117939881297
161 0.3139957878613823
162 0.31629331801646565
163 0.32146276086540304
164 0.3226115259429447
165 0.3251005169442849
166 0.32758950794562514
167 0.3331418724870764
168 0.33658816771970135
169 0.33716255025847214
170 0.3360137851809305
171 0.33486502010338887
172 0.3367796285659583
173 0.3392686195672985
174 0.34080030633735403
175 0.3423319931074095
176 0.3429063756461804
177 0.3429063756461804
178 0.3453953666475206
179 0.3517135745739996
180 0.3545854872678537
181 0.3559257131916523
182 0.3580317825004787
183 0.35937200842427725
184 0.3614780777331036
185 0.36377560788818686
186 0.3677962856595826
187 0.369710894122152
188 0.37162550258472143
189 0.37545471950986026
190 0.37966685812751294
191 0.3819643882825962
192 0.3783266322037143
193 0.3834960750526517
194 0.38483630097645033
195 0.389048439594103
196 0.3915374305954432
197 0.39287765651924184
198 0.3967068734443806
199 0.4005360903695194
200 0.4013019337545472
201 0.40245069883208884
202 0.402067777139575
203 0.40532261152594296
204 0.405131150679686
205 0.4076201416810262
206 0.4093432892973387
207 0.41298104537622055
208 0.414704192992533
209 0.4152785755313039
210 0.4150871146850469
211 0.41585295807007466
212 0.41815048822515793
213 0.41910779245644264
214 0.42427723530538003
215 0.4250430786904078
216 0.42657476546046336
217 0.4279149913842619
218 0.4279149913842619
219 0.43327589507945624
220 0.4294466781543174
221 0.4284893739230327
222 0.4292552173080605
223 0.4282979130767758
224 0.4304039823856021
225 0.4328929733869424
226 0.4349990426957687
227 0.4319356691556577
228 0.43155274746314376
229 0.4338502776182271
230 0.43614780777331036
231 0.4355734252345395
232 0.4349990426957687
233 0.43882825962090755
234 0.446869615163699
235 0.4541451273214628
236 0.45184759716637946
237 0.45127321462760867
238 0.45108175378135174
239 0.45720850086157383
240 0.4618035611717404
241 0.4637181696343098
242 0.4648669347118514
243 0.46927053417576103
244 0.4690790733295041
245 0.4671644648669347
246 0.4698449167145319
247 0.4713766034845874
248 0.4732912119471568
249 0.4752058204097262
250 0.4717595251771013
251 0.4704192992533027
252 0.46927053417576103
253 0.4761631246410109
254 0.4734826727934138
255 0.47635458548726783
256 0.475971663794754
257 0.47673750717978175
258 0.47826919394983725
259 0.482289871721233
260 0.4865020103388857
261 0.4870763928776565
262 0.48363009764503156
263 0.48477886272257326
264 0.48382155849128855
265 0.48573616695385796
266 0.48477886272257326
267 0.49339460080413555
268 0.4964579743442466
269 0.4949262875741911
270 0.49875550449932987
271 0.501627417193184
272 0.5022017997319548
273 0.5052651732720659
274 0.5031591039632395
275 0.501627417193184
276 0.5066053991958644
277 0.5071797817346353
278 0.5075627034271492
279 0.5075627034271492
280 0.5119663028910588
281 0.5090943901972047
282 0.5125406854298296
283 0.5154125981236837
284 0.520773501818878
285 0.5175186674325101
286 0.5165613632012254
287 0.5150296764311698
288 0.5175186674325101
289 0.5190503542025656
290 0.5205820409726211
291 0.5184759716637948
292 0.5182845108175378
293 0.5165613632012254
294 0.5169442848937392
295 0.5223051885889336
296 0.5261344055140724
297 0.5249856404365307
298 0.5265173272065863
299 0.5249856404365307
300 0.5234539536664752
301 0.524219797051503
302 0.527283170591614
303 0.5269002488991001
304 0.5311123875167528
305 0.5267087880528432
306 0.5267087880528432
307 0.523836875358989
308 0.5269002488991001
309 0.5251771012827877
310 0.5280490139766417
311 0.5328355351330653
312 0.5351330652881485
313 0.5366647520582041
314 0.5372391345969749
315 0.5381964388282596
316 0.5381964388282596
317 0.5397281255983152
318 0.5370476737507179
319 0.5378135171357458
320 0.5370476737507179
321 0.539919586444572
322 0.5391537430595443
323 0.543365881677197
324 0.5454719509860234
325 0.5427914991384262
326 0.5424085774459123
327 0.5426000382921693
328 0.5441317250622247
329 0.5426000382921693
330 0.5437488033697109
331 0.5454719509860234
332 0.5410683515221137
333 0.5383878996745166
334 0.5424085774459123
335 0.540111047290829
336 0.5424085774459123
337 0.5462377943710511
338 0.5493011679111621
339 0.5523645414512732
340 0.5584912885314953
341 0.5582998276852383
342 0.5640436530729466
343 0.565766800689259
344 0.5663411832280298
345 0.5640436530729466
346 0.5598315144552939
347 0.5569596017614398
348 0.5605973578403216
349 0.5552364541451273
350 0.5575339843002106
351 0.5598315144552939
352 0.5605973578403216
353 0.5634692705341757
354 0.5653838789967451
355 0.5571510626076968
356 0.5560022975301551
357 0.5573425234539536
358 0.5577254451464676
359 0.562703427149148
360 0.569213095921884
361 0.5720850086157381
362 0.5732337736932798
363 0.5713191652307104
364 0.5680643308443424
365 0.5699789393069118
366 0.5749569213095922
367 0.5751483821558492
368 0.5751483821558492
369 0.5732337736932798
370 0.5749569213095922
371 0.5741910779245645
372 0.5761056863871339
373 0.5789775990809879
374 0.5782117556959602
375 0.5766800689259046
376 0.5745739996170783
377 0.5720850086157381
378 0.575339843002106
379 0.5789775990809879
380 0.5812751292360713
381 0.5772544514646755
382 0.5858701895462378
383 0.5864445720850087
384 0.5826153551598698
385 0.5835726593911545
386 0.5810836683898143
387 0.5849128853149531
388 0.5874018763162934
389 0.5860616503924947
390 0.5835726593911545
391 0.5826153551598698
392 0.5824238943136129
393 0.5847214244686961
394 0.5881677197013211
395 0.5889335630863488
396 0.5849128853149531
397 0.5826153551598698
398 0.5889335630863488
399 0.5923798583189738
400 0.5912310932414321
401 0.5988895270917097
402 0.5969749186291403
403 0.5942944667815432
404 0.5927627800114876
405 0.5962090752441126
406 0.5969749186291403
407 0.6015699789393069
408 0.6038675090943902
409 0.6019529006318208
410 0.6025272831705916
411 0.5998468313229944
412 0.5969749186291403
413 0.5998468313229944
414 0.6082711085582998
415 0.6094198736358415
416 0.6122917863296956
417 0.6094198736358415
418 0.613823473099751
419 0.6165039249473483
420 0.6163124641010913
421 0.6188014551024316
422 0.6151636990235497
423 0.6159295424085774
424 0.617269768332376
425 0.6147807773310358
426 0.614206394792265
427 0.6163124641010913
428 0.6176526900248899
429 0.623779437105112
430 0.6184185334099177
431 0.6165039249473483
432 0.614014933946008
433 0.6124832471759525
434 0.6228221328738273
435 0.6230135937200842
436 0.6233965154125981
437 0.6256940455676814
438 0.6260769672601952
439 0.6199502201799731
440 0.6210989852575148
441 0.6195672984874593
442 0.6199502201799731
443 0.6235879762588551
444 0.6253111238751675
445 0.6258855064139384
446 0.6247367413363967
447 0.6255025847214245
448 0.6270342714914799
449 0.6281830365690216
450 0.6304805667241049
451 0.6360329312655562
452 0.6306720275703619
453 0.6297147233390772
454 0.6322037143404173
455 0.6297147233390772
456 0.630289105877848
457 0.6339268619567299
458 0.639862148190695
459 0.6457974344246602
460 0.6433084434233199
461 0.6419682174995214
462 0.6415852958070075
463 0.639862148190695
464 0.6402450698832088
465 0.6415852958070075
466 0.6415852958070075
467 0.6415852958070075
468 0.6406279915757228
469 0.6436913651158338
470 0.6392877656519241
471 0.6461803561171741
472 0.6484778862722573
473 0.6456059735784032
474 0.6503924947348267
475 0.6490522688110282
476 0.6484778862722573
477 0.6511583381198545
478 0.6469461995022018
479 0.6448401301933755
480 0.6444572085008615
481 0.6475205820409726
482 0.6503924947348267
483 0.6523071031973962
484 0.6498181121960559
485 0.649435190503542
486 0.6457974344246602
487 0.6484778862722573
488 0.6513497989661114
489 0.652881485736167
490 0.6570936243538197
491 0.6538387899674517
492 0.6459888952709171
493 0.6521156423511392
494 0.6530729465824239
495 0.649243729657285
496 0.652498564043653
497 0.6546046333524794
498 0.6532644074286809
499 0.6469461995022018
500 0.6473291211947156
501 0.6500095730423129
502 0.6515412598123683
503 0.6456059735784032
504 0.6511583381198545
505 0.6484778862722573
506 0.6549875550449933
507 0.6538387899674517
508 0.6555619375837641
509 0.6496266513497989
510 0.6486693471185143
511 0.6521156423511392
512 0.6574765460463335
513 0.655753398430021
514 0.6555619375837641
515 0.656136320122535
516 0.6515412598123683
517 0.6517327206586253
518 0.6475205820409726
519 0.6469461995022018
520 0.6452230518858894
521 0.6540302508137086
522 0.6530729465824239
523 0.6532644074286809
524 0.6567107026613057
525 0.6567107026613057
526 0.6618801455102431
527 0.6683898142829792
528 0.675090943901972
529 0.6741336396706873
530 0.6724104920543749
531 0.6766226306720275
532 0.6760482481332567
533 0.6771970132107984
534 0.6762397089795137
535 0.6697300402067777
536 0.6691556576680069
537 0.6691556576680069
538 0.6710702661305763
539 0.6710702661305763
540 0.6695385793605207
541 0.6726019529006318
542 0.6666666666666666
543 0.6659008232816389
544 0.6626459888952709
545 0.6628374497415278
546 0.6590082328163891
547 0.6530729465824239
548 0.6582423894313613
549 0.6580509285851044
550 0.6607313804327015
551 0.6618801455102431
552 0.6649435190503542
553 0.6659008232816389
554 0.6660922841278959
555 0.6672410492054375
556 0.6733677962856596
557 0.6668581275129236
558 0.6664752058204098
559 0.6616886846639862
560 0.659391154508903
561 0.6632203714340418
562 0.6659008232816389
563 0.671836109515604
564 0.6697300402067777
565 0.6756653264407428
566 0.678728699980854
567 0.6758567872869998
568 0.6758567872869998
569 0.6758567872869998
570 0.675473865594486
571 0.6735592571319166
572 0.6706873444380624
573 0.6660922841278959
574 0.6741336396706873
575 0.6726019529006318
576 0.6733677962856596
577 0.6768140915182845
578 0.6793030825196248
579 0.6770055523645414
580 0.6770055523645414
581 0.6737507179781734
582 0.6762397089795137
583 0.6816006126747081
584 0.6835152211372775
585 0.6869615163699023
586 0.6831322994447635
587 0.6798774650583955
588 0.6833237602910205
589 0.6791116216733678
590 0.6777713957495692
591 0.675282404748229
592 0.6806433084434234
593 0.6793030825196248
594 0.6838981428297913
595 0.6877273597549302
596 0.6838981428297913
597 0.6894505073712426
598 0.6898334290637564
599 0.6909821941412981
600 0.6875358989086732
601 0.6896419682174996
602 0.6902163507562703
603 0.6930882634501244
604 0.6886846639862149
605 0.6934711851426383
606 0.6905992724487843
607 0.691173654987555
608 0.6917480375263259
609 0.6896419682174996
610 0.6865785946773885
611 0.6800689259046525
612 0.6817920735209649
613 0.6875358989086732
614 0.684855447061076
615 0.6861956729848746
616 0.6869615163699023
617 0.6837066819835343
618 0.6798774650583955
619 0.6833237602910205
620 0.688110281447444
621 0.6863871338311315
622 0.6837066819835343
623 0.6875358989086732
624 0.6833237602910205
625 0.6825579169059928
626 0.6816006126747081
627 0.6816006126747081
628 0.6833237602910205
629 0.6894505073712426
630 0.684663986214819
631 0.6821749952134788
632 0.675282404748229
633 0.6806433084434234
634 0.6856212904461038
635 0.6837066819835343
636 0.6831322994447635
637 0.6829408385985066
638 0.6856212904461038
639 0.6871529772161593
640 0.6825579169059928
641 0.6838981428297913
642 0.6789201608271108
643 0.6791116216733678
644 0.6791116216733678
645 0.6710702661305763
646 0.6695385793605207
647 0.6689641968217499
648 0.6756653264407428
649 0.6844725253685622
650 0.6850469079073329
651 0.6905992724487843
652 0.6928968026038675
653 0.6869615163699023
654 0.6865785946773885
655 0.6860042121386176
656 0.6831322994447635
657 0.6837066819835343
658 0.6844725253685622
659 0.6838981428297913
660 0.6861956729848746
661 0.6877273597549302
662 0.6819835343672219
663 0.6812176909821941
664 0.6802603867509094
665 0.6816006126747081
666 0.684663986214819
667 0.6825579169059928
668 0.6833237602910205
669 0.6823664560597358
670 0.6833237602910205
671 0.6816006126747081
672 0.6791116216733678
673 0.6777713957495692
674 0.6733677962856596
675 0.6664752058204098
676 0.6683898142829792
677 0.6680068925904652
678 0.6701129618992916
679 0.672027570361861
680 0.6758567872869998
681 0.6731763354394027
682 0.675473865594486
683 0.6779628565958261
684 0.678537239134597
685 0.6760482481332567
686 0.6800689259046525
687 0.6833237602910205
688 0.6863871338311315
689 0.6875358989086732
690 0.687918820601187
691 0.691173654987555
692 0.6852383687535899
693 0.6854298295998469
694 0.684855447061076
695 0.6858127512923607
696 0.6877273597549302
697 0.6896419682174996
698 0.6925138809113536
699 0.6963430978364924
700 0.694811411066437
