1 0.0009573042312847023
2 0.0011487650775416428
3 0.002106069308826345
4 0.0022975301550832855
5 0.002488991001340226
6 0.0026804518475971664
7 0.003254834386367988
8 0.0044035994639096306
9 0.005169442848937392
10 0.006318207926479035
11 0.0068925904652498565
12 0.007466973004020678
13 0.009381581466590082
14 0.011679111621673368
15 0.01244495500670113
16 0.014551024315527475
17 0.015699789393069118
18 0.017997319548152403
19 0.019720467164464867
20 0.02029484970323569
21 0.020103388856978748
22 0.02048631054949263
23 0.02106069308826345
24 0.022592379858318974
25 0.02565575339843002
26 0.027187440168485545
27 0.02986789201608271
28 0.032739804709936815
29 0.0340800306337354
30 0.03714340417384645
31 0.040206777713957496
32 0.04173846448401302
33 0.04346161210032548
34 0.04556768140915183
35 0.04652498564043653
36 0.05092858510434616
37 0.05360903695194333
38 0.053800497798200266
39 0.056672410492054376
40 0.05858701895462378
41 0.06241623587976259
42 0.06547960941987363
43 0.06873444380624162
44 0.0714148956538388
45 0.07505265173272066
46 0.07677579934903313
47 0.07926479035037334
48 0.08730614589316485
49 0.08941221520199119
50 0.09113536281830366
51 0.09324143212713
52 0.09400727551215776
53 0.09764503159103963
54 0.1003254834386368
55 0.10204863105494927
56 0.10587784798008808
57 0.10721807390388666
58 0.11008998659774076
59 0.11277043844533793
60 0.11793988129427532
61 0.12062033314187248
62 0.12406662837449742
63 0.125406854298296
64 0.12808730614589317
65 0.13421405322611527
66 0.13555427914991383
67 0.13938349607505265
68 0.1434041738464484
69 0.14799923415661498
70 0.1524028336205246
71 0.157572276469462
72 0.15967834577828835
73 0.1623587976258855
74 0.16523071031973963
75 0.16676239708979515
76 0.17135745739996172
77 0.17442083094007277
78 0.17442083094007277
79 0.17403790924755888
80 0.17805858701895463
81 0.1816963430978365
82 0.18341949071414895
83 0.18437679494543366
84 0.18897185525560023
85 0.18897185525560023
86 0.19126938541068353
87 0.19471568064330844
88 0.19911928010721808
89 0.20333141872487076
90 0.20601187057246792
91 0.2086923224200651
92 0.21271300019146083
93 0.21615929542408577
94 0.21501053034654413
95 0.2148190695002872
96 0.21903120811793989
97 0.22266896419682175
98 0.22879571127704385
99 0.22860425043078691
100 0.22994447635458548
101 0.23300784989469653
102 0.23875167528240474
103 0.23741144935860617
104 0.2356883017422937
105 0.2389431361286617
106 0.24392111813134215
107 0.2450698832088838
108 0.24870763928776565
109 0.24794179590273788
110 0.25157955198161974
111 0.25674899483055713
112 0.2609611334482098
113 0.2621098985257515
114 0.2628757419107792
115 0.2653647329121195
116 0.26670495883591805
117 0.2682366456059736
118 0.27053417576105687
119 0.27225732337736935
120 0.27015125406854296
121 0.2735975493011679
122 0.273214627608654
123 0.2758950794562512
124 0.27742676622630674
125 0.2806816006126747
126 0.2841278958452996
127 0.2839364349990427
128 0.28355351330652884
129 0.2858510434616121
130 0.2877656519241815
131 0.2915948688493203
132 0.2942753206969175
133 0.2942753206969175
134 0.299061841853341
135 0.3015508328546812
136 0.3059544323185909
137 0.30786904078116023
138 0.30786904078116023
139 0.3122726402450699
140 0.31533601378518095
141 0.3128470227838407
142 0.3115067968600421
143 0.3139957878613823
144 0.31342140532261153
145 0.3141872487076393
146 0.31437870955389624
147 0.31495309209266703
148 0.3208883783266322
149 0.3256748994830557
150 0.3260578211755696
151 0.3281638904843959
152 0.32950411640819455
153 0.32854681217690984
154 0.3252919777905418
155 0.3335247941795903
156 0.33007849894696534
157 0.33390771587210416
158 0.33811985448975684
159 0.3396515412598124
160 0.3394600804135554
161 0.3404173846448401
162 0.337736932797243
163 0.3383113153360138
164 0.33639670687344436
165 0.3394600804135554
166 0.3413746888761248
167 0.34194907141489567
168 0.3430978364924373
169 0.3469270534175761
170 0.35133065288148574
171 0.35286233965154123
172 0.35669155657668006
173 0.35745739996170783
174 0.36186099942561745
175 0.36473291211947156
176 0.3676048248133257
177 0.3641585295807008
178 0.3658816771970132
179 0.36358414704192993
180 0.36569021635075627
181 0.3721998851234922
182 0.37296572850852
183 0.376220562894888
184 0.3756461803561172
185 0.37985831897376987
186 0.38024124066628373
187 0.38407045759142255
188 0.3842619184376795
189 0.38579360520773504
190 0.3905801263641585
191 0.3896228221328738
192 0.3951751866743251
193 0.39211181313421406
194 0.39460080413555426
195 0.3974727168294084
196 0.3967068734443806
197 0.39479226498181125
198 0.39536664752058204
199 0.3959410300593529
200 0.39728125598315145
201 0.4003446295232625
202 0.39900440359946393
203 0.4030250813708597
204 0.40876890675856786
205 0.4076201416810262
206 0.4135554279149914
207 0.4164273406088455
208 0.4196821749952135
209 0.4206394792264982
210 0.4196821749952135
211 0.4183419490714149
212 0.41336396706873446
213 0.41432127130001917
214 0.4206394792264982
215 0.42006509668772735
216 0.4225540876890676
217 0.42466015699789394
218 0.42887229561554663
219 0.4304039823856021
220 0.4355734252345395
221 0.4367221903120812
222 0.4365307294658242
223 0.4434233199310741
224 0.4461037717786713
225 0.4472525368562129
226 0.4478269193949837
227 0.44572085008615736
228 0.4497415278575531
229 0.44840130193375455
230 0.44514646754738657
231 0.44380624162358795
232 0.44572085008615736
233 0.446869615163699
234 0.4482098410874976
235 0.4556768140915183
236 0.45835726593911547
237 0.4552938923990044
238 0.4568255791690599
239 0.4591231093241432
240 0.4549109707064905
241 0.4524219797051503
242 0.4485927627800115
243 0.4552938923990044
244 0.4612291786329696
245 0.46429255217308063
246 0.469461995022018
247 0.4698449167145319
248 0.4671644648669347
249 0.469461995022018
250 0.47386559448592763
251 0.47578020294849704
252 0.4761631246410109
253 0.47539728125598313
254 0.47769481141106646
255 0.4771204288722956
256 0.4771204288722956
257 0.4807581849511775
258 0.48382155849128855
259 0.485544706107601
260 0.48822515795519816
261 0.49147999234156614
262 0.49530920926670496
263 0.49664943519050353
264 0.4945433658816772
265 0.49071414895653837
266 0.4955006701129619
267 0.49760673942178824
268 0.49798966111430215
269 0.498372582806816
270 0.49684089603676046
271 0.4993298870381007
272 0.5014359563469271
273 0.4999042695768715
274 0.49760673942178824
275 0.49798966111430215
276 0.49952134788435765
277 0.498372582806816
278 0.49760673942178824
279 0.49511774842044803
280 0.49798966111430215
281 0.4947348267279341
282 0.49875550449932987
283 0.49779820026804517
284 0.4993298870381007
285 0.5023932605782118
286 0.5092858510434616
287 0.5110089986597741
288 0.5089029293509477
289 0.5035420256557533
290 0.50813708596592
291 0.5094773118897186
292 0.5073712425808922
293 0.5066053991958644
294 0.5110089986597741
295 0.5069883208883783
296 0.5121577637373157
297 0.5167528240474822
298 0.5100516944284894
299 0.5138809113536282
300 0.5125406854298296
301 0.5190503542025656
302 0.5196247367413364
303 0.5211564235113919
304 0.520964962665135
305 0.520964962665135
306 0.5175186674325101
307 0.5154125981236837
308 0.5156040589699407
309 0.520773501818878
310 0.5192418150488225
311 0.5157955198161975
312 0.5215393452039058
313 0.5211564235113919
314 0.5288148573616696
315 0.5341757610568638
316 0.5341757610568638
317 0.5393452039058013
318 0.5404939689833429
319 0.5360903695194332
320 0.5403025081370859
321 0.5393452039058013
322 0.539919586444572
323 0.543365881677197
324 0.5385793605207735
325 0.5445146467547387
326 0.5403025081370859
327 0.5385793605207735
328 0.5426000382921693
329 0.55006701129619
330 0.553130384836301
331 0.5483438636798774
332 0.546812176909822
333 0.549875550449933
334 0.5525560022975301
335 0.5525560022975301
336 0.5569596017614398
337 0.5598315144552939
338 0.5607888186865786
339 0.5590656710702662
340 0.5577254451464676
341 0.559257131916523
342 0.5642351139192036
343 0.562894887995405
344 0.5648094964579743
345 0.5663411832280298
346 0.5682557916905993
347 0.5707447826919395
348 0.5699789393069118
349 0.569404556768141
350 0.5678728699980854
351 0.5705533218456825
352 0.569213095921884
353 0.5711277043844534
354 0.5697874784606548
355 0.5757227646946199
356 0.5780202948497032
357 0.5726593911545089
358 0.5766800689259046
359 0.5772544514646755
360 0.5762971472333908
361 0.5797434424660157
362 0.5839555810836684
363 0.5908481715489182
364 0.5965919969366265
365 0.594868849320314
366 0.5962090752441126
367 0.6084625694045568
368 0.6063565000957304
369 0.6052077350181888
370 0.6057821175569597
371 0.607696726019529
372 0.6040589699406471
373 0.6050162741719318
374 0.6029102048631055
375 0.6008041355542791
376 0.5983151445529389
377 0.5990809879379667
378 0.598123683706682
379 0.594868849320314
380 0.591614014933946
381 0.591614014933946
382 0.5969749186291403
383 0.5985066053991959
384 0.5990809879379667
385 0.5990809879379667
386 0.6025272831705916
387 0.6052077350181888
388 0.6094198736358415
389 0.6078881868657859
390 0.6099942561746123
391 0.6115259429446678
392 0.6143978556385219
393 0.6155466207160636
394 0.6124832471759525
395 0.6136320122534942
396 0.6166953857936052
397 0.6178441508711469
398 0.6165039249473483
399 0.6216733677962857
400 0.6241623587976259
401 0.6243538196438828
402 0.6260769672601952
403 0.6270342714914799
404 0.6233965154125981
405 0.6251196630289105
406 0.6235879762588551
407 0.6247367413363967
408 0.6241623587976259
409 0.623970897951369
410 0.6264598889527092
411 0.6312464101091326
412 0.6316293318016466
413 0.6270342714914799
414 0.6285659582615355
415 0.6289488799540494
416 0.6274171931839939
417 0.6241623587976259
418 0.623970897951369
419 0.6222477503350565
420 0.6210989852575148
421 0.623970897951369
422 0.6278001148765078
423 0.6285659582615355
424 0.6293318016465633
425 0.6306720275703619
426 0.6253111238751675
427 0.6251196630289105
428 0.6291403408003063
429 0.6285659582615355
430 0.6264598889527092
431 0.630097645031591
432 0.6343097836492437
433 0.6316293318016466
434 0.633161018571702
435 0.6354585487267854
436 0.6413938349607505
437 0.6345012444955007
438 0.6352670878805284
439 0.6390963048056673
440 0.6396706873444381
441 0.6402450698832088
442 0.6406279915757228
443 0.639862148190695
444 0.6381390005743826
445 0.6421596783457783
446 0.6429255217308061
447 0.6456059735784032
448 0.6475205820409726
449 0.6429255217308061
450 0.6415852958070075
451 0.6456059735784032
452 0.6434999042695768
453 0.6484778862722573
454 0.6475205820409726
455 0.6452230518858894
456 0.6459888952709171
457 0.6448401301933755
458 0.6456059735784032
459 0.6471376603484588
460 0.6440742868083477
461 0.6461803561171741
462 0.6523071031973962
463 0.652498564043653
464 0.6517327206586253
465 0.6488608079647712
466 0.6486693471185143
467 0.6549875550449933
468 0.6574765460463335
469 0.6549875550449933
470 0.6569021635075627
471 0.6532644074286809
472 0.6553704767375071
473 0.6588167719701321
474 0.6595826153551598
475 0.662454528049014
476 0.662454528049014
477 0.6614972238177292
478 0.6639862148190695
479 0.6645605973578403
480 0.6622630672027571
481 0.6676239708979513
482 0.6662837449741528
483 0.6651349798966112
484 0.6639862148190695
485 0.659391154508903
486 0.6626459888952709
487 0.6636032931265556
488 0.6703044227455486
489 0.6724104920543749
490 0.672027570361861
491 0.6773884740570554
492 0.668581275129236
493 0.6680068925904652
494 0.6672410492054375
495 0.672027570361861
496 0.6729848745931457
497 0.672027570361861
498 0.6770055523645414
499 0.6726019529006318
500 0.6741336396706873
501 0.6731763354394027
502 0.6714531878230902
503 0.6760482481332567
504 0.6724104920543749
505 0.6666666666666666
506 0.6676239708979513
507 0.6703044227455486
508 0.675090943901972
509 0.6691556576680069
510 0.6680068925904652
511 0.6779628565958261
512 0.6840896036760482
513 0.6821749952134788
514 0.678537239134597
515 0.6842810645223052
516 0.6884932031399579
517 0.6856212904461038
518 0.6850469079073329
519 0.6892590465249856
520 0.6883017422937009
521 0.6894505073712426
522 0.691556576680069
523 0.6917480375263259
524 0.6938541068351523
525 0.6921309592188397
526 0.6896419682174996
527 0.6867700555236455
528 0.6838981428297913
529 0.6837066819835343
530 0.6816006126747081
531 0.6850469079073329
532 0.6838981428297913
533 0.6737507179781734
534 0.6697300402067777
535 0.6768140915182845
536 0.6783457782883401
537 0.6798774650583955
538 0.6773884740570554
539 0.6819835343672219
540 0.6829408385985066
541 0.6810262301359372
542 0.6768140915182845
543 0.6791116216733678
544 0.6816006126747081
545 0.6835152211372775
546 0.6798774650583955
547 0.6794945433658817
548 0.6837066819835343
549 0.6810262301359372
550 0.6796860042121387
551 0.6764311698257707
552 0.6747080222094581
553 0.6729848745931457
554 0.6693471185142639
555 0.6760482481332567
556 0.6791116216733678
557 0.6842810645223052
558 0.6808347692896802
559 0.6814091518284511
560 0.6737507179781734
561 0.6676239708979513
562 0.6662837449741528
563 0.6714531878230902
564 0.6714531878230902
565 0.6771970132107984
566 0.678537239134597
567 0.6804518475971664
568 0.6837066819835343
569 0.6867700555236455
570 0.6884932031399579
571 0.6821749952134788
572 0.6852383687535899
573 0.6817920735209649
574 0.6865785946773885
575 0.684663986214819
576 0.6829408385985066
577 0.6823664560597358
578 0.6812176909821941
579 0.6817920735209649
580 0.6816006126747081
581 0.6821749952134788
582 0.6821749952134788
583 0.6802603867509094
584 0.6837066819835343
585 0.6875358989086732
586 0.684663986214819
587 0.6869615163699023
588 0.6875358989086732
589 0.6850469079073329
590 0.6844725253685622
591 0.6884932031399579
592 0.6904078116025273
593 0.6883017422937009
594 0.6867700555236455
595 0.6905992724487843
596 0.6936626459888953
597 0.6896419682174996
598 0.6884932031399579
599 0.6919394983725828
600 0.6967260195290064
601 0.6934711851426383
602 0.7003637756078882
603 0.6942370285276661
604 0.6938541068351523
605 0.6861956729848746
606 0.6840896036760482
607 0.6877273597549302
608 0.6827493777522496
609 0.6842810645223052
610 0.6793030825196248
611 0.6783457782883401
612 0.6796860042121387
613 0.6838981428297913
614 0.6871529772161593
615 0.6854298295998469
616 0.6804518475971664
617 0.6783457782883401
618 0.6764311698257707
619 0.6756653264407428
620 0.6716446486693471
621 0.6745165613632013
622 0.6770055523645414
623 0.6806433084434234
624 0.6804518475971664
625 0.6852383687535899
626 0.6867700555236455
627 0.6869615163699023
628 0.6896419682174996
629 0.6928968026038675
630 0.6877273597549302
631 0.688110281447444
632 0.6835152211372775
633 0.6814091518284511
634 0.6800689259046525
635 0.6816006126747081
636 0.6791116216733678
637 0.688110281447444
638 0.6814091518284511
639 0.6819835343672219
640 0.687918820601187
641 0.6856212904461038
642 0.6789201608271108
643 0.675282404748229
644 0.6729848745931457
645 0.6735592571319166
646 0.675473865594486
647 0.6748994830557151
648 0.6729848745931457
649 0.6791116216733678
650 0.6829408385985066
651 0.6844725253685622
652 0.6875358989086732
653 0.6969174803752632
654 0.6938541068351523
655 0.6988320888378327
656 0.6984491671453188
657 0.6965345586827494
658 0.6938541068351523
659 0.6919394983725828
660 0.6921309592188397
661 0.691365115833812
662 0.6934711851426383
663 0.6940455676814091
664 0.6965345586827494
665 0.6957687152977217
666 0.6982577062990618
667 0.6961516369902355
668 0.6992150105303465
669 0.6976833237602911
670 0.6965345586827494
671 0.6863871338311315
672 0.691173654987555
673 0.6980662454528049
674 0.694428489373923
675 0.6995979322228604
676 0.6994064713766035
677 0.6976833237602911
678 0.6984491671453188
679 0.7049588359180547
680 0.7057246793030825
681 0.7051502967643117
682 0.7032356883017423
683 0.7062990618418533
684 0.7034271491479992
685 0.7068734443806242
686 0.7043844533792839
687 0.7030442274554853
688 0.7020869232242006
689 0.700938158146659
690 0.7015125406854298
691 0.7024698449167145
692 0.7005552364541451
693 0.6988320888378327
694 0.6973004020677771
695 0.6992150105303465
696 0.694811411066437
697 0.6986406279915757
698 0.6928968026038675
699 0.694428489373923
700 0.6986406279915757
