1 0.0005743825387708214
2 0.0005743825387708214
3 0.0005743825387708214
4 0.0003829216925138809
5 0.0005743825387708214
6 0.0007658433850277618
7 0.0009573042312847023
8 0.0009573042312847023
9 0.0009573042312847023
10 0.0009573042312847023
11 0.0011487650775416428
12 0.0011487650775416428
13 0.0011487650775416428
14 0.0015316867700555237
15 0.0015316867700555237
16 0.0019146084625694046
17 0.0019146084625694046
18 0.0019146084625694046
19 0.002106069308826345
20 0.002488991001340226
21 0.002871912693854107
22 0.002871912693854107
23 0.0026804518475971664
24 0.002488991001340226
25 0.0022975301550832855
26 0.002488991001340226
27 0.0026804518475971664
28 0.0034462952326249283
29 0.00402067777139575
30 0.0044035994639096306
31 0.004977982002680452
32 0.004595060310166571
33 0.0047865211564235115
34 0.0047865211564235115
35 0.0047865211564235115
36 0.005552364541451273
37 0.005743825387708214
38 0.006509668772735976
39 0.006126747080222095
40 0.006509668772735976
41 0.006126747080222095
42 0.005743825387708214
43 0.006126747080222095
44 0.006126747080222095
45 0.005935286233965154
46 0.006126747080222095
47 0.005743825387708214
48 0.005743825387708214
49 0.005935286233965154
50 0.006318207926479035
51 0.006509668772735976
52 0.006701129618992916
53 0.0068925904652498565
54 0.0072755121577637374
55 0.0080413555427915
56 0.00823281638904844
57 0.00842427723530538
58 0.008807198927819261
59 0.008998659774076202
60 0.009573042312847023
61 0.009573042312847023
62 0.010338885697874785
63 0.010338885697874785
64 0.010147424851617844
65 0.010721807390388666
66 0.010913268236645606
67 0.010913268236645606
68 0.010721807390388666
69 0.012062033314187249
70 0.01225349416044419
71 0.011870572467930308
72 0.011870572467930308
73 0.01244495500670113
74 0.01263641585295807
75 0.01282787669921501
76 0.01244495500670113
77 0.013210798391728892
78 0.013402259237985832
79 0.013019337545471951
80 0.013210798391728892
81 0.013402259237985832
82 0.013976641776756654
83 0.013976641776756654
84 0.014742485161784415
85 0.014359563469270534
86 0.014168102623013594
87 0.013976641776756654
88 0.014359563469270534
89 0.013976641776756654
90 0.014359563469270534
91 0.014359563469270534
92 0.013785180930499713
93 0.013976641776756654
94 0.014742485161784415
95 0.014168102623013594
96 0.014359563469270534
97 0.016082711085583
98 0.016082711085583
99 0.015125406854298296
100 0.015316867700555237
101 0.015699789393069118
102 0.015699789393069118
103 0.015699789393069118
104 0.014742485161784415
105 0.015125406854298296
106 0.015125406854298296
107 0.015508328546812177
108 0.015125406854298296
109 0.014742485161784415
110 0.015316867700555237
111 0.014933946008041356
112 0.015316867700555237
113 0.01627417193183994
114 0.01627417193183994
115 0.015891250239326058
116 0.015125406854298296
117 0.015125406854298296
118 0.015316867700555237
119 0.015699789393069118
120 0.015699789393069118
121 0.015699789393069118
122 0.016082711085583
123 0.015508328546812177
124 0.015891250239326058
125 0.015508328546812177
126 0.014933946008041356
127 0.015699789393069118
128 0.015699789393069118
129 0.015125406854298296
130 0.014933946008041356
131 0.015508328546812177
132 0.016082711085583
133 0.01627417193183994
134 0.01665709362435382
135 0.01646563277809688
136 0.016082711085583
137 0.01665709362435382
138 0.01665709362435382
139 0.01684855447061076
140 0.01684855447061076
141 0.01646563277809688
142 0.01646563277809688
143 0.01627417193183994
144 0.015508328546812177
145 0.015125406854298296
146 0.014551024315527475
147 0.013785180930499713
148 0.014359563469270534
149 0.014742485161784415
150 0.014168102623013594
151 0.013593720084242773
152 0.013976641776756654
153 0.014742485161784415
154 0.015125406854298296
155 0.015508328546812177
156 0.014933946008041356
157 0.015316867700555237
158 0.015125406854298296
159 0.014551024315527475
160 0.014168102623013594
161 0.014168102623013594
162 0.014168102623013594
163 0.013402259237985832
164 0.013210798391728892
165 0.013402259237985832
166 0.013402259237985832
167 0.013785180930499713
168 0.014742485161784415
169 0.014742485161784415
170 0.013976641776756654
171 0.013976641776756654
172 0.013402259237985832
173 0.013402259237985832
174 0.013785180930499713
175 0.013402259237985832
176 0.013402259237985832
177 0.014168102623013594
178 0.013019337545471951
179 0.01282787669921501
180 0.013019337545471951
181 0.013976641776756654
182 0.014359563469270534
183 0.014168102623013594
184 0.014168102623013594
185 0.014359563469270534
186 0.014933946008041356
187 0.014742485161784415
188 0.015316867700555237
189 0.015125406854298296
190 0.015316867700555237
191 0.014551024315527475
192 0.015316867700555237
193 0.014742485161784415
194 0.014551024315527475
195 0.015316867700555237
196 0.015316867700555237
197 0.015125406854298296
198 0.014359563469270534
199 0.014168102623013594
200 0.013785180930499713
201 0.013976641776756654
202 0.013976641776756654
203 0.014742485161784415
204 0.014933946008041356
205 0.014933946008041356
206 0.015316867700555237
207 0.015316867700555237
208 0.015891250239326058
209 0.015508328546812177
210 0.015316867700555237
211 0.015891250239326058
212 0.015508328546812177
213 0.015125406854298296
214 0.014551024315527475
215 0.014742485161784415
216 0.014933946008041356
217 0.015125406854298296
218 0.014742485161784415
219 0.014551024315527475
220 0.014933946008041356
221 0.014933946008041356
222 0.014933946008041356
223 0.013593720084242773
224 0.013976641776756654
225 0.013785180930499713
226 0.013785180930499713
227 0.013976641776756654
228 0.013976641776756654
229 0.014742485161784415
230 0.014933946008041356
231 0.015316867700555237
232 0.015125406854298296
233 0.015316867700555237
234 0.014359563469270534
235 0.015508328546812177
236 0.015508328546812177
237 0.014933946008041356
238 0.015508328546812177
239 0.016082711085583
240 0.015891250239326058
241 0.015508328546812177
242 0.015125406854298296
243 0.015125406854298296
244 0.014742485161784415
245 0.014551024315527475
246 0.014742485161784415
247 0.014551024315527475
248 0.014168102623013594
249 0.014933946008041356
250 0.014742485161784415
251 0.014933946008041356
252 0.015316867700555237
253 0.015508328546812177
254 0.015508328546812177
255 0.015316867700555237
256 0.014742485161784415
257 0.015125406854298296
258 0.014933946008041356
259 0.014933946008041356
260 0.015699789393069118
261 0.015508328546812177
262 0.014933946008041356
263 0.015508328546812177
264 0.015125406854298296
265 0.015125406854298296
266 0.014933946008041356
267 0.014551024315527475
268 0.014551024315527475
269 0.014742485161784415
270 0.014933946008041356
271 0.014933946008041356
272 0.015125406854298296
273 0.014551024315527475
274 0.014742485161784415
275 0.015316867700555237
276 0.015699789393069118
277 0.015508328546812177
278 0.015125406854298296
279 0.016082711085583
280 0.014933946008041356
281 0.015125406854298296
282 0.015125406854298296
283 0.015125406854298296
284 0.014933946008041356
285 0.014168102623013594
286 0.013402259237985832
287 0.013785180930499713
288 0.013593720084242773
289 0.013402259237985832
290 0.013210798391728892
291 0.013402259237985832
292 0.013210798391728892
293 0.013593720084242773
294 0.014168102623013594
295 0.013593720084242773
296 0.013785180930499713
297 0.013210798391728892
298 0.013785180930499713
299 0.013593720084242773
300 0.013785180930499713
301 0.013402259237985832
302 0.014359563469270534
303 0.014742485161784415
304 0.013785180930499713
305 0.014359563469270534
306 0.014933946008041356
307 0.015316867700555237
308 0.014168102623013594
309 0.014933946008041356
310 0.014168102623013594
311 0.014551024315527475
312 0.014933946008041356
313 0.015699789393069118
314 0.014933946008041356
315 0.014742485161784415
316 0.014933946008041356
317 0.014742485161784415
318 0.015508328546812177
319 0.015316867700555237
320 0.014551024315527475
321 0.014551024315527475
322 0.014168102623013594
323 0.014551024315527475
324 0.014551024315527475
325 0.014359563469270534
326 0.013785180930499713
327 0.014168102623013594
328 0.014933946008041356
329 0.015508328546812177
330 0.015316867700555237
331 0.015508328546812177
332 0.014551024315527475
333 0.014551024315527475
334 0.014933946008041356
335 0.015699789393069118
336 0.015699789393069118
337 0.015125406854298296
338 0.014551024315527475
339 0.015316867700555237
340 0.015125406854298296
341 0.015125406854298296
342 0.015125406854298296
343 0.014933946008041356
344 0.014742485161784415
345 0.013976641776756654
346 0.013402259237985832
347 0.014933946008041356
348 0.014742485161784415
349 0.015125406854298296
350 0.016082711085583
351 0.016082711085583
352 0.01646563277809688
353 0.01627417193183994
354 0.015891250239326058
355 0.015125406854298296
356 0.014933946008041356
357 0.014551024315527475
358 0.014742485161784415
359 0.015125406854298296
360 0.015125406854298296
361 0.015891250239326058
362 0.015508328546812177
363 0.015891250239326058
364 0.015316867700555237
365 0.015125406854298296
366 0.015125406854298296
367 0.015125406854298296
368 0.014933946008041356
369 0.014359563469270534
370 0.013976641776756654
371 0.014168102623013594
372 0.014742485161784415
373 0.014742485161784415
374 0.014551024315527475
375 0.014742485161784415
376 0.013785180930499713
377 0.014742485161784415
378 0.015316867700555237
379 0.014742485161784415
380 0.014742485161784415
381 0.014551024315527475
382 0.014359563469270534
383 0.014168102623013594
384 0.014933946008041356
385 0.014551024315527475
386 0.014742485161784415
387 0.014933946008041356
388 0.015125406854298296
389 0.014359563469270534
390 0.013210798391728892
391 0.013210798391728892
392 0.013976641776756654
393 0.014359563469270534
394 0.014551024315527475
395 0.015316867700555237
396 0.015125406854298296
397 0.015125406854298296
398 0.014933946008041356
399 0.014742485161784415
400 0.014168102623013594
401 0.014551024315527475
402 0.015316867700555237
403 0.014551024315527475
404 0.015699789393069118
405 0.016082711085583
406 0.015508328546812177
407 0.014742485161784415
408 0.015508328546812177
409 0.015699789393069118
410 0.014742485161784415
411 0.014551024315527475
412 0.014742485161784415
413 0.014359563469270534
414 0.013976641776756654
415 0.014168102623013594
416 0.014168102623013594
417 0.014168102623013594
418 0.013976641776756654
419 0.013785180930499713
420 0.014168102623013594
421 0.014551024315527475
422 0.014933946008041356
423 0.015125406854298296
424 0.014551024315527475
425 0.013976641776756654
426 0.013593720084242773
427 0.013976641776756654
428 0.014359563469270534
429 0.014742485161784415
430 0.014551024315527475
431 0.014742485161784415
432 0.014359563469270534
433 0.014742485161784415
434 0.015316867700555237
435 0.014742485161784415
436 0.014551024315527475
437 0.015699789393069118
438 0.015891250239326058
439 0.015316867700555237
440 0.015125406854298296
441 0.015508328546812177
442 0.015699789393069118
443 0.014933946008041356
444 0.015316867700555237
445 0.014551024315527475
446 0.013976641776756654
447 0.014168102623013594
448 0.014551024315527475
449 0.013593720084242773
450 0.013785180930499713
451 0.014551024315527475
452 0.014742485161784415
453 0.015508328546812177
454 0.015699789393069118
455 0.01627417193183994
456 0.015316867700555237
457 0.014933946008041356
458 0.014742485161784415
459 0.015125406854298296
460 0.015125406854298296
461 0.015316867700555237
462 0.015125406854298296
463 0.015316867700555237
464 0.015891250239326058
465 0.015699789393069118
466 0.015316867700555237
467 0.015125406854298296
468 0.014933946008041356
469 0.013976641776756654
470 0.014168102623013594
471 0.013785180930499713
472 0.015316867700555237
473 0.015125406854298296
474 0.014359563469270534
475 0.014168102623013594
476 0.014168102623013594
477 0.015316867700555237
478 0.014359563469270534
479 0.014551024315527475
480 0.014551024315527475
481 0.014742485161784415
482 0.015316867700555237
483 0.015508328546812177
484 0.015891250239326058
485 0.016082711085583
486 0.016082711085583
487 0.015891250239326058
488 0.015699789393069118
489 0.015891250239326058
490 0.01646563277809688
491 0.01627417193183994
492 0.01646563277809688
493 0.01665709362435382
494 0.01723147616312464
495 0.01665709362435382
496 0.01646563277809688
497 0.016082711085583
498 0.01627417193183994
499 0.015699789393069118
500 0.015508328546812177
501 0.016082711085583
502 0.01627417193183994
503 0.01646563277809688
504 0.01684855447061076
505 0.01665709362435382
506 0.016082711085583
507 0.015699789393069118
508 0.015699789393069118
509 0.015699789393069118
510 0.015316867700555237
511 0.015125406854298296
512 0.015316867700555237
513 0.015125406854298296
514 0.014551024315527475
515 0.015891250239326058
516 0.015508328546812177
517 0.015125406854298296
518 0.015699789393069118
519 0.015891250239326058
520 0.015699789393069118
521 0.015316867700555237
522 0.014359563469270534
523 0.015125406854298296
524 0.015125406854298296
525 0.015508328546812177
526 0.015125406854298296
527 0.015316867700555237
528 0.015125406854298296
529 0.014933946008041356
530 0.014551024315527475
531 0.014742485161784415
532 0.014742485161784415
533 0.014359563469270534
534 0.014742485161784415
535 0.014359563469270534
536 0.014551024315527475
537 0.015125406854298296
538 0.014359563469270534
539 0.015125406854298296
540 0.016082711085583
541 0.015891250239326058
542 0.014742485161784415
543 0.015125406854298296
544 0.014168102623013594
545 0.013976641776756654
546 0.014742485161784415
547 0.015316867700555237
548 0.014933946008041356
549 0.015125406854298296
550 0.014359563469270534
551 0.014933946008041356
552 0.015316867700555237
553 0.015508328546812177
554 0.014933946008041356
555 0.014359563469270534
556 0.014359563469270534
557 0.014359563469270534
558 0.013976641776756654
559 0.013976641776756654
560 0.014168102623013594
561 0.013785180930499713
562 0.013402259237985832
563 0.013976641776756654
564 0.014933946008041356
565 0.014933946008041356
566 0.014168102623013594
567 0.013785180930499713
568 0.013210798391728892
569 0.01225349416044419
570 0.01244495500670113
571 0.013019337545471951
572 0.01263641585295807
573 0.01263641585295807
574 0.013019337545471951
575 0.01282787669921501
576 0.01282787669921501
577 0.01263641585295807
578 0.01282787669921501
579 0.01282787669921501
580 0.01263641585295807
581 0.01244495500670113
582 0.01225349416044419
583 0.012062033314187249
584 0.013402259237985832
585 0.013785180930499713
586 0.013019337545471951
587 0.013210798391728892
588 0.013402259237985832
589 0.013785180930499713
590 0.013976641776756654
591 0.014168102623013594
592 0.014933946008041356
593 0.014742485161784415
594 0.015125406854298296
595 0.015125406854298296
596 0.015699789393069118
597 0.015508328546812177
598 0.015699789393069118
599 0.015125406854298296
600 0.015699789393069118
601 0.015125406854298296
602 0.015125406854298296
603 0.013976641776756654
604 0.013785180930499713
605 0.013593720084242773
606 0.013593720084242773
607 0.013785180930499713
608 0.013402259237985832
609 0.013593720084242773
610 0.014359563469270534
611 0.013976641776756654
612 0.014359563469270534
613 0.014168102623013594
614 0.014168102623013594
615 0.014551024315527475
616 0.015125406854298296
617 0.014551024315527475
618 0.014551024315527475
619 0.014168102623013594
620 0.013976641776756654
621 0.013593720084242773
622 0.013210798391728892
623 0.013402259237985832
624 0.013210798391728892
625 0.01263641585295807
626 0.012062033314187249
627 0.013976641776756654
628 0.013785180930499713
629 0.013976641776756654
630 0.013785180930499713
631 0.013402259237985832
632 0.013593720084242773
633 0.013593720084242773
634 0.01282787669921501
635 0.01282787669921501
636 0.013210798391728892
637 0.013210798391728892
638 0.013210798391728892
639 0.013019337545471951
640 0.014168102623013594
641 0.015508328546812177
642 0.013976641776756654
643 0.014742485161784415
644 0.014359563469270534
645 0.014168102623013594
646 0.013976641776756654
647 0.013976641776756654
648 0.013402259237985832
649 0.013785180930499713
650 0.013593720084242773
651 0.013593720084242773
652 0.014742485161784415
653 0.013976641776756654
654 0.013976641776756654
655 0.014359563469270534
656 0.014168102623013594
657 0.014359563469270534
658 0.014551024315527475
659 0.014551024315527475
660 0.014168102623013594
661 0.013976641776756654
662 0.013019337545471951
663 0.013210798391728892
664 0.013785180930499713
665 0.013019337545471951
666 0.01263641585295807
667 0.01244495500670113
668 0.013593720084242773
669 0.014359563469270534
670 0.014359563469270534
671 0.014551024315527475
672 0.013976641776756654
673 0.013402259237985832
674 0.014168102623013594
675 0.013402259237985832
676 0.013785180930499713
677 0.013402259237985832
678 0.013593720084242773
679 0.014168102623013594
680 0.014168102623013594
681 0.014551024315527475
682 0.014933946008041356
683 0.014933946008041356
684 0.015125406854298296
685 0.01627417193183994
686 0.01627417193183994
687 0.016082711085583
688 0.015699789393069118
689 0.015891250239326058
690 0.01665709362435382
691 0.016082711085583
692 0.015699789393069118
693 0.015699789393069118
694 0.015891250239326058
695 0.014742485161784415
696 0.015125406854298296
697 0.014551024315527475
698 0.014742485161784415
699 0.015125406854298296
700 0.015125406854298296
