1 0.00019146084625694046
2 0.0009573042312847023
3 0.0011487650775416428
4 0.0013402259237985832
5 0.002488991001340226
6 0.00402067777139575
7 0.0044035994639096306
8 0.004977982002680452
9 0.006318207926479035
10 0.006701129618992916
11 0.0080413555427915
12 0.009190120620333142
13 0.010530346544131725
14 0.011104729082902547
15 0.012062033314187249
16 0.01263641585295807
17 0.013785180930499713
18 0.015125406854298296
19 0.01665709362435382
20 0.018188780394409344
21 0.019529006318207927
22 0.02106069308826345
23 0.022783840704575915
24 0.02469844916714532
25 0.027953283553513307
26 0.030059352862339652
27 0.032739804709936815
28 0.03542025655753398
29 0.039058012636415854
30 0.04135554279149914
31 0.04231284702278384
32 0.04480183802412407
33 0.04805667241049205
34 0.05092858510434616
35 0.05265173272065862
36 0.05571510626076967
37 0.058012636415852956
38 0.05973578403216542
39 0.06260769672601953
40 0.06586253111238752
41 0.06739421788244304
42 0.06911736549875551
43 0.0714148956538388
44 0.0742868083476929
45 0.07735018188780395
46 0.07964771204288723
47 0.08156232050545663
48 0.08500861573808156
49 0.08845491097070649
50 0.0913268236645606
51 0.0922841278958453
52 0.09209266704958836
53 0.09534750143595634
54 0.0993681792073521
55 0.10109132682366456
56 0.10568638713383113
57 0.10702661305762971
58 0.11047290829025465
59 0.11162167336779628
60 0.11238751675282405
61 0.11430212521539346
62 0.1192801072180739
63 0.1225349416044419
64 0.12330078498946966
65 0.12617269768332376
66 0.12770438445337928
67 0.128661688684664
68 0.13268236645605974
69 0.1353628183036569
70 0.13861765269002488
71 0.14034080030633736
72 0.14187248707639288
73 0.14302125215393452
74 0.1434041738464484
75 0.14474439977024697
76 0.1481906950028719
77 0.14972238177292743
78 0.15355159869806626
79 0.15546620716063564
80 0.15546620716063564
81 0.15604058969940648
82 0.1614014933946008
83 0.16503924947348267
84 0.16446486693471185
85 0.16503924947348267
86 0.16580509285851044
87 0.17193183993873254
88 0.17729274363392686
89 0.1820792647903504
90 0.18380241240666284
91 0.18705724679303082
92 0.18801455102431552
93 0.18801455102431552
94 0.19203522879571128
95 0.19299253302699598
96 0.19241815048822516
97 0.19663028910587785
98 0.19988512349224583
99 0.20505456634118321
100 0.20505456634118321
101 0.20964962665134979
102 0.21194715680643308
103 0.21462760865403024
104 0.21405322611525943
105 0.21501053034654413
106 0.2173080605016274
107 0.21883974727168293
108 0.22017997319548152
109 0.22515795519816198
110 0.2276469461995022
111 0.23205054566341182
112 0.23817729274363392
113 0.24411257897759908
114 0.24755887421022402
115 0.24813325674899483
116 0.2502393260578212
117 0.250813708596592
118 0.25100516944284895
119 0.25157955198161974
120 0.2536856212904461
121 0.25445146467547386
122 0.2556002297530155
123 0.2592379858318974
124 0.26153551598698066
125 0.26574765460463334
126 0.26613057629714726
127 0.2672793413746889
128 0.26938541068351524
129 0.2697683323760291
130 0.273214627608654
131 0.27551215776373733
132 0.27819260961133446
133 0.27972429638139
134 0.2810645223051886
135 0.2793413746888761
136 0.2785755313038484
137 0.2816389048439594
138 0.28604250430786904
139 0.28699980853915374
140 0.2919777905418342
141 0.292552173080605
142 0.29331801646563277
143 0.2971472333907716
144 0.2988703810070841
145 0.29944476354585486
146 0.29829599846831323
147 0.29944476354585486
148 0.30212521539345205
149 0.3038483630097645
150 0.30174229370093814
151 0.3025081370859659
152 0.30269959793222284
153 0.30557151062607696
154 0.3115067968600421
155 0.3095921883974727
156 0.3094007275512158
157 0.3122726402450699
158 0.31591039632395174
159 0.31878230901780585
160 0.31820792647903506
161 0.3245261344055141
162 0.3212713000191461
163 0.3251005169442849
164 0.3272065862531112
165 0.3298870381007084
166 0.3272065862531112
167 0.32682366456059736
168 0.33103580317825004
169 0.3321845682557917
170 0.3316101857170209
171 0.3333333333333333
172 0.3388856978747846
173 0.3404173846448401
174 0.34003446295232626
175 0.33907715872104155
176 0.33811985448975684
177 0.3396515412598124
178 0.34175761056863874
179 0.3396515412598124
180 0.33716255025847214
181 0.3379283936434999
182 0.3396515412598124
183 0.3459697491862914
184 0.3475014359563469
185 0.35056480949645796
186 0.34884166188014554
187 0.3511391920352288
188 0.35515986980662456
189 0.3591805475780203
190 0.3595634692705342
191 0.36186099942561745
192 0.3597549301167911
193 0.360137851809305
194 0.3595634692705342
195 0.3626268428106452
196 0.36186099942561745
197 0.3649243729657285
198 0.36281830365690215
199 0.36128661688684666
200 0.36549875550449934
201 0.36549875550449934
202 0.37277426766226307
203 0.3746888761248325
204 0.38024124066628373
205 0.3823473099751101
206 0.3852192226689642
207 0.3838789967451656
208 0.3854106835152211
209 0.3896228221328738
210 0.38847405705533217
211 0.38847405705533217
212 0.3898142829791308
213 0.3907715872104155
214 0.3915374305954432
215 0.38828259620907524
216 0.3896228221328738
217 0.3976641776756653
218 0.39728125598315145
219 0.39919586444572086
220 0.40149339460080413
221 0.40493968983342904
222 0.4064713766034846
223 0.40436530729465825
224 0.40168485544706106
225 0.4089603676048248
226 0.40627991575722766
227 0.40685429829599845
228 0.411640819452422
229 0.4145127321462761
230 0.41432127130001917
231 0.4125981236837067
232 0.41815048822515793
233 0.4198736358414704
234 0.4187248707639288
235 0.41910779245644264
236 0.41585295807007466
237 0.4145127321462761
238 0.41566149722381773
239 0.4152785755313039
240 0.41815048822515793
241 0.4183419490714149
242 0.42466015699789394
243 0.43155274746314376
244 0.434041738464484
245 0.43327589507945624
246 0.4374880336971089
247 0.44035994639096304
248 0.43940264215967834
249 0.4399770246984492
250 0.44418916331610186
251 0.44227455485353245
252 0.43844533792839363
253 0.43844533792839363
254 0.44035994639096304
255 0.4461037717786713
256 0.44935860616503925
257 0.45452804901397664
258 0.4539536664752058
259 0.45127321462760867
260 0.46065479609419874
261 0.45720850086157383
262 0.4639096304805667
263 0.46831322994447633
264 0.4717595251771013
265 0.46793030825196247
266 0.4673559257131917
267 0.47156806433084436
268 0.47309975110089986
269 0.4788435764886081
270 0.4755887421022401
271 0.47539728125598313
272 0.4688876124832472
273 0.4700363775607888
274 0.4713766034845874
275 0.4729082902546429
276 0.4742485161784415
277 0.4765460463335248
278 0.479035037334865
279 0.48248133256748993
280 0.4859276278001149
281 0.485544706107601
282 0.4851617844150871
283 0.485544706107601
284 0.4884166188014551
285 0.4884166188014551
286 0.48956538387899673
287 0.48899100134022594
288 0.48631054949262875
289 0.48631054949262875
290 0.47922649818112195
291 0.48094964579743443
292 0.4861190886463718
293 0.4851617844150871
294 0.4851617844150871
295 0.4922458357265939
296 0.4903312272640245
297 0.49167145318782307
298 0.4935860616503925
299 0.49664943519050353
300 0.49952134788435765
301 0.5043078690407812
302 0.5031591039632395
303 0.498372582806816
304 0.49856404365307294
305 0.49607505265173274
306 0.4955006701129619
307 0.5018188780394409
308 0.5012444955006701
309 0.5022017997319548
310 0.5010530346544132
311 0.507945625119663
312 0.5108175378135171
313 0.511391920352288
314 0.5071797817346353
315 0.5117748420448018
316 0.5075627034271492
317 0.5089029293509477
318 0.511200459506031
319 0.5106260769672601
320 0.5092858510434616
321 0.5117748420448018
322 0.5140723721998851
323 0.5156040589699407
324 0.5175186674325101
325 0.517710128278767
326 0.5211564235113919
327 0.5232624928202183
328 0.5259429446678154
329 0.5261344055140724
330 0.5249856404365307
331 0.5270917097453571
332 0.5228795711277043
333 0.5270917097453571
334 0.5278575531303848
335 0.5316867700555237
336 0.5358989086731764
337 0.5267087880528432
338 0.5265173272065863
339 0.5228795711277043
340 0.5269002488991001
341 0.5339843002106069
342 0.5347501435956347
343 0.5328355351330653
344 0.5357074478269194
345 0.5341757610568638
346 0.5343672219031208
347 0.5357074478269194
348 0.5389622822132873
349 0.5422171165996553
350 0.5458548726785373
351 0.5475780202948497
352 0.5506413938349608
353 0.546620716063565
354 0.5510243155274747
355 0.5581083668389815
356 0.5605973578403216
357 0.562894887995405
358 0.5669155657668007
359 0.5665326440742868
360 0.5630863488416619
361 0.562894887995405
362 0.5607888186865786
363 0.5588742102240092
364 0.5533218456825579
365 0.5552364541451273
366 0.5560022975301551
367 0.5602144361478077
368 0.5567681409151829
369 0.5602144361478077
370 0.5646180356117174
371 0.5611717403790925
372 0.5653838789967451
373 0.5674899483055715
374 0.5680643308443424
375 0.5739996170783075
376 0.5699789393069118
377 0.5703618609994257
378 0.5713191652307104
379 0.5724679303082519
380 0.5751483821558492
381 0.5833811985448976
382 0.5810836683898143
383 0.5864445720850087
384 0.5862531112387517
385 0.5828068160061267
386 0.5883591805475781
387 0.5856787286999808
388 0.5858701895462378
389 0.5833811985448976
390 0.5826153551598698
391 0.5829982768523837
392 0.585487267853724
393 0.5923798583189738
394 0.5969749186291403
395 0.5990809879379667
396 0.5986980662454529
397 0.6023358223243347
398 0.6031016657093624
399 0.601187057246793
400 0.6008041355542791
401 0.6004212138617653
402 0.6032931265556194
403 0.6004212138617653
404 0.6040589699406471
405 0.6031016657093624
406 0.5962090752441126
407 0.5962090752441126
408 0.6017614397855638
409 0.6103771778671262
410 0.6121003254834386
411 0.6166953857936052
412 0.613823473099751
413 0.6149722381772927
414 0.6157380815623205
415 0.6170783074861191
416 0.6149722381772927
417 0.617461229178633
418 0.6155466207160636
419 0.6151636990235497
420 0.613823473099751
421 0.613823473099751
422 0.6199502201799731
423 0.6195672984874593
424 0.6184185334099177
425 0.6203331418724871
426 0.620716063565001
427 0.6255025847214245
428 0.6233965154125981
429 0.6241623587976259
430 0.6214819069500287
431 0.6193758376412024
432 0.6199502201799731
433 0.6210989852575148
434 0.6235879762588551
435 0.623970897951369
436 0.6212904461037718
437 0.6224392111813134
438 0.6191843767949454
439 0.6233965154125981
440 0.6241623587976259
441 0.6270342714914799
442 0.6299061841853341
443 0.636798774650584
444 0.6385219222668964
445 0.6436913651158338
446 0.6408194524219797
447 0.6434999042695768
448 0.6448401301933755
449 0.6419682174995214
450 0.6387133831131534
451 0.6387133831131534
452 0.6417767566532644
453 0.6417767566532644
454 0.6450315910396324
455 0.6450315910396324
456 0.6461803561171741
457 0.6406279915757228
458 0.6421596783457783
459 0.6387133831131534
460 0.6425426000382922
461 0.6480949645797435
462 0.6444572085008615
463 0.6452230518858894
464 0.6434999042695768
465 0.6421596783457783
466 0.6457974344246602
467 0.6425426000382922
468 0.640053609036952
469 0.6402450698832088
470 0.6419682174995214
471 0.6456059735784032
472 0.6515412598123683
473 0.6555619375837641
474 0.652881485736167
475 0.6565192418150488
476 0.6607313804327015
477 0.6590082328163891
478 0.6657093624353819
479 0.6674325100516945
480 0.6664752058204098
481 0.6708788052843193
482 0.668581275129236
483 0.6643691365115834
484 0.6567107026613057
485 0.6540302508137086
486 0.65269002488991
487 0.6569021635075627
488 0.6599655370476738
489 0.6532644074286809
490 0.6549875550449933
491 0.6479035037334865
492 0.6461803561171741
493 0.6534558682749377
494 0.659199693662646
495 0.655944859276278
496 0.6607313804327015
497 0.6580509285851044
498 0.6609228412789585
499 0.6626459888952709
500 0.6651349798966112
501 0.6653264407428681
502 0.6628374497415278
503 0.6603484587401877
504 0.6551790158912503
505 0.6544131725062224
506 0.652881485736167
507 0.6542217116599656
508 0.6546046333524794
509 0.6613057629714724
510 0.6609228412789585
511 0.6628374497415278
512 0.6614972238177292
513 0.6603484587401877
514 0.6588167719701321
515 0.6626459888952709
516 0.6614972238177292
517 0.6567107026613057
518 0.6546046333524794
519 0.6599655370476738
520 0.6578594677388474
521 0.659199693662646
522 0.6620716063565001
523 0.665517901589125
524 0.6605399195864445
525 0.6628374497415278
526 0.6680068925904652
527 0.6681983534367222
528 0.6666666666666666
529 0.6699215010530346
530 0.6691556576680069
531 0.665517901589125
532 0.6614972238177292
533 0.6643691365115834
534 0.6643691365115834
535 0.6668581275129236
536 0.6695385793605207
537 0.6681983534367222
538 0.6681983534367222
539 0.6708788052843193
540 0.6699215010530346
541 0.6704958835918055
542 0.6708788052843193
543 0.668581275129236
544 0.668772735975493
545 0.6693471185142639
546 0.6699215010530346
547 0.6741336396706873
548 0.6733677962856596
549 0.6699215010530346
550 0.6727934137468887
551 0.6704958835918055
552 0.6691556576680069
553 0.6710702661305763
554 0.6733677962856596
555 0.6762397089795137
556 0.6814091518284511
557 0.6831322994447635
558 0.6816006126747081
559 0.678728699980854
560 0.6794945433658817
561 0.6804518475971664
562 0.6748994830557151
563 0.6783457782883401
564 0.6758567872869998
565 0.6781543174420831
566 0.675090943901972
567 0.678537239134597
568 0.6758567872869998
569 0.6777713957495692
570 0.6798774650583955
571 0.6764311698257707
572 0.6829408385985066
573 0.6783457782883401
574 0.6733677962856596
575 0.6748994830557151
576 0.6729848745931457
577 0.6706873444380624
578 0.6668581275129236
579 0.6670495883591806
580 0.6676239708979513
581 0.6634118322802987
582 0.6582423894313613
583 0.659199693662646
584 0.6605399195864445
585 0.6632203714340418
586 0.6668581275129236
587 0.668772735975493
588 0.6708788052843193
589 0.6695385793605207
590 0.6678154317442083
591 0.6664752058204098
592 0.665517901589125
593 0.6670495883591806
594 0.6670495883591806
595 0.6662837449741528
596 0.6626459888952709
597 0.656136320122535
598 0.6643691365115834
599 0.6678154317442083
600 0.6664752058204098
601 0.6678154317442083
602 0.6628374497415278
603 0.6616886846639862
604 0.6639862148190695
605 0.6680068925904652
606 0.668772735975493
607 0.6674325100516945
608 0.6680068925904652
609 0.6699215010530346
610 0.6739421788244304
611 0.6762397089795137
612 0.6731763354394027
613 0.6699215010530346
614 0.6662837449741528
615 0.6620716063565001
616 0.6595826153551598
617 0.6605399195864445
618 0.6666666666666666
619 0.6699215010530346
620 0.6714531878230902
621 0.6747080222094581
622 0.6827493777522496
623 0.6844725253685622
624 0.6854298295998469
625 0.6835152211372775
626 0.6831322994447635
627 0.688110281447444
628 0.6852383687535899
629 0.6840896036760482
630 0.6856212904461038
631 0.6835152211372775
632 0.6817920735209649
633 0.6777713957495692
634 0.6789201608271108
635 0.6806433084434234
636 0.6812176909821941
637 0.6791116216733678
638 0.6777713957495692
639 0.6810262301359372
640 0.6810262301359372
641 0.6775799349033123
642 0.6793030825196248
643 0.6831322994447635
644 0.6873444380624162
645 0.6860042121386176
646 0.6888761248324717
647 0.6871529772161593
648 0.691556576680069
649 0.6860042121386176
650 0.6850469079073329
651 0.6860042121386176
652 0.687918820601187
653 0.6934711851426383
654 0.688110281447444
655 0.6871529772161593
656 0.6896419682174996
657 0.684855447061076
658 0.6919394983725828
659 0.6917480375263259
660 0.6927053417576106
661 0.6883017422937009
662 0.6902163507562703
663 0.6888761248324717
664 0.6973004020677771
665 0.691365115833812
666 0.6890675856787287
667 0.6900248899100134
668 0.6886846639862149
669 0.6877273597549302
670 0.6898334290637564
671 0.6890675856787287
672 0.6794945433658817
673 0.6768140915182845
674 0.6798774650583955
675 0.6833237602910205
676 0.6858127512923607
677 0.691365115833812
678 0.6921309592188397
679 0.6863871338311315
680 0.6860042121386176
681 0.6888761248324717
682 0.6907907332950411
683 0.6892590465249856
684 0.6873444380624162
685 0.6883017422937009
686 0.6854298295998469
687 0.6827493777522496
688 0.6812176909821941
689 0.6814091518284511
690 0.6865785946773885
691 0.6871529772161593
692 0.6865785946773885
693 0.6798774650583955
694 0.6865785946773885
695 0.6884932031399579
696 0.6890675856787287
697 0.6886846639862149
698 0.6892590465249856
699 0.6900248899100134
700 0.6886846639862149
