1 0.0003829216925138809
2 0.0005743825387708214
3 0.0011487650775416428
4 0.0019146084625694046
5 0.0034462952326249283
6 0.00402067777139575
7 0.004977982002680452
8 0.005743825387708214
9 0.006318207926479035
10 0.006126747080222095
11 0.006701129618992916
12 0.008807198927819261
13 0.010338885697874785
14 0.01263641585295807
15 0.013976641776756654
16 0.014933946008041356
17 0.015891250239326058
18 0.018380241240666284
19 0.02067777139574957
20 0.022783840704575915
21 0.02469844916714532
22 0.02527283170591614
23 0.027761822707256367
24 0.02948497032356883
25 0.02986789201608271
26 0.032165422171166
27 0.036569021635075624
28 0.03848363009764503
29 0.04001531686770055
30 0.041164081945242195
31 0.04346161210032548
32 0.045376220562894885
33 0.04633352479417959
34 0.04939689833429064
35 0.0511200459506031
36 0.05360903695194333
37 0.05552364541451273
38 0.058012636415852956
39 0.060884549109707066
40 0.06203331418724871
41 0.06586253111238752
42 0.06701129618992915
43 0.06911736549875551
44 0.07160635650009572
45 0.07371242580892208
46 0.07773310358031782
47 0.07773310358031782
48 0.07792456442657476
49 0.08156232050545663
50 0.0842427723530538
51 0.08520007658433851
52 0.08845491097070649
53 0.09075244112578977
54 0.09381581466590082
55 0.09458165805092858
56 0.09726210989852575
57 0.0993681792073521
58 0.10204863105494927
59 0.10147424851617844
60 0.10434616121003255
61 0.10530346544131725
62 0.10492054374880337
63 0.10855829982768524
64 0.11200459506031017
65 0.11525942944667815
66 0.11564235113919204
67 0.11659965537047674
68 0.11947156806433085
69 0.12176909821941413
70 0.12138617652690024
71 0.11889718552556003
72 0.12081179398812943
73 0.1234922458357266
74 0.125406854298296
75 0.12770438445337928
76 0.12981045376220562
77 0.13287382730231667
78 0.13459697491862915
79 0.13842619184376795
80 0.13938349607505265
81 0.14187248707639288
82 0.1401493394600804
83 0.14225540876890677
84 0.14608462569404557
85 0.14972238177292743
86 0.15125406854298296
87 0.15412598123683707
88 0.1585295807007467
89 0.16312464101091326
90 0.16350756270342715
91 0.17078307486119088
92 0.173654987555045
93 0.17403790924755888
94 0.1749952134788436
95 0.17729274363392686
96 0.1797817346352671
97 0.18093049971280872
98 0.18303656902163506
99 0.1836109515604059
100 0.18629140340800307
101 0.18935477694811412
102 0.19012062033314187
103 0.19088646371816964
104 0.19509860233582232
105 0.19643882825962092
106 0.19605590656710703
107 0.19911928010721808
108 0.19758759333716255
109 0.2016082711085583
110 0.20428872295615547
111 0.20409726210989854
112 0.20562894887995406
113 0.2067777139574957
114 0.21079839172889145
115 0.21615929542408577
116 0.21807390388665518
117 0.22286042504307868
118 0.22649818112196055
119 0.22841278958452996
120 0.2318590848171549
121 0.2328163890484396
122 0.2328163890484396
123 0.2337736932797243
124 0.2356883017422937
125 0.23607122343480758
126 0.2389431361286617
127 0.24028336205246026
128 0.24162358797625885
129 0.24315527474631438
130 0.24526134405514072
131 0.2460271874401685
132 0.24755887421022402
133 0.2531112387516753
134 0.25406854298296
135 0.2546429255217308
136 0.2559831514455294
137 0.25770629906184184
138 0.25808922075435575
139 0.2588550641393835
140 0.26153551598698066
141 0.26479035037334864
142 0.27225732337736935
143 0.273406088454911
144 0.273214627608654
145 0.2735975493011679
146 0.2745548535324526
147 0.28087306145893165
148 0.2804901397664178
149 0.2810645223051886
150 0.2816389048439594
151 0.28336205246027185
152 0.28374497415278577
153 0.28891441700172316
154 0.29236071223434806
155 0.2942753206969175
156 0.29408385985066055
157 0.2952326249282022
158 0.2981045376220563
159 0.30116791116216735
160 0.30461420639479225
161 0.3057629714723339
162 0.3115067968600421
163 0.315144552938924
164 0.3174420830940073
165 0.31629331801646565
166 0.31533601378518095
167 0.31591039632395174
168 0.3139957878613823
169 0.31495309209266703
170 0.31954815240283363
171 0.3262492820218265
172 0.3228029867892016
173 0.3262492820218265
174 0.3260578211755696
175 0.32682366456059736
176 0.3256748994830557
177 0.32873827302316677
178 0.33390771587210416
179 0.3367796285659583
180 0.33735401110472907
181 0.3340991767183611
182 0.33199310740953475
183 0.33467355925713194
184 0.3383113153360138
185 0.337545471950986
186 0.34003446295232626
187 0.3423319931074095
188 0.3453953666475206
189 0.34673559257131914
190 0.34903312272640247
191 0.35037334865020103
192 0.3475014359563469
193 0.3530538004977982
194 0.3519050354202566
195 0.35324526134405515
196 0.356883017422937
197 0.35420256557533986
198 0.3580317825004787
199 0.3595634692705342
200 0.3649243729657285
201 0.36358414704192993
202 0.3651158338119854
203 0.36607313804327013
204 0.3687535898908673
205 0.36837066819835346
206 0.3733486502010339
207 0.37277426766226307
208 0.3771778671261727
209 0.37641202374114496
210 0.3773693279724296
211 0.37698640627991575
212 0.3781351713574574
213 0.37698640627991575
214 0.3823473099751101
215 0.38119854489756844
216 0.38158146659008235
217 0.3823473099751101
218 0.3836875358989087
219 0.3854106835152211
220 0.3903886655179016
221 0.3880911353628183
222 0.38675090943901974
223 0.3894313612866169
224 0.38828259620907524
225 0.39306911736549877
226 0.40015316867700557
227 0.40264215967834577
228 0.4037909247558874
229 0.401876316293318
230 0.401876316293318
231 0.3995787861382347
232 0.39728125598315145
233 0.40111047290829027
234 0.3980470993681792
235 0.402067777139575
236 0.4030250813708597
237 0.40532261152594296
238 0.4076201416810262
239 0.40608845491097073
240 0.4066628374497415
241 0.4055140723721999
242 0.40608845491097073
243 0.4070457591422554
244 0.4099176718361095
245 0.41106643691365113
246 0.4127895845299636
247 0.4150871146850469
248 0.4231284702278384
249 0.42370285276660924
250 0.4231284702278384
251 0.42427723530538003
252 0.42657476546046336
253 0.42619184376794944
254 0.4260003829216925
255 0.43251005169442847
256 0.4260003829216925
257 0.4279149913842619
258 0.43078690407811604
259 0.43231859084817154
260 0.4348075818495118
261 0.44035994639096304
262 0.43787095538962284
263 0.43806241623587977
264 0.43595634692705343
265 0.4392111813134214
266 0.4399770246984492
267 0.43959410300593527
268 0.4365307294658242
269 0.4367221903120812
270 0.4392111813134214
271 0.4348075818495118
272 0.43270151254068545
273 0.437296572850852
274 0.43710511200459506
275 0.4409343289297339
276 0.4453379283936435
277 0.4443806241623588
278 0.4453379283936435
279 0.45089029293509475
280 0.45108175378135174
281 0.4539536664752058
282 0.4529963622439211
283 0.45548535324526135
284 0.4602718744016849
285 0.4633352479417959
286 0.4648669347118514
287 0.46448401301933756
288 0.4688876124832472
289 0.46869615163699024
290 0.4685046907907333
291 0.4639096304805667
292 0.4675473865594486
293 0.46697300402067776
294 0.4673559257131917
295 0.46601569978939306
296 0.4713766034845874
297 0.4700363775607888
298 0.47405705533218456
299 0.4752058204097262
300 0.47865211564235116
301 0.47922649818112195
302 0.48018380241240666
303 0.48363009764503156
304 0.4861190886463718
305 0.48535324526134405
306 0.4840130193375455
307 0.4815240283362052
308 0.482289871721233
309 0.4788435764886081
310 0.4826727934137469
311 0.48190695002871914
312 0.48363009764503156
313 0.48535324526134405
314 0.48631054949262875
315 0.49090560980279535
316 0.49167145318782307
317 0.49435190503542026
318 0.4949262875741911
319 0.49760673942178824
320 0.4974152785755313
321 0.49760673942178824
322 0.4972238177292744
323 0.49435190503542026
324 0.4935860616503925
325 0.49856404365307294
326 0.49798966111430215
327 0.5022017997319548
328 0.5035420256557533
329 0.5058395558108367
330 0.5029676431169826
331 0.5067968600421214
332 0.5115833811985449
333 0.5123492245835727
334 0.5154125981236837
335 0.5226881102814475
336 0.5224966494351905
337 0.5184759716637948
338 0.5200076584338503
339 0.5198161975875933
340 0.5196247367413364
341 0.5284319356691557
342 0.5309209266704958
343 0.5282404748228987
344 0.5297721615929543
345 0.5251771012827877
346 0.5270917097453571
347 0.5269002488991001
348 0.5301550832854681
349 0.5339843002106069
350 0.5341757610568638
351 0.5383878996745166
352 0.5381964388282596
353 0.5381964388282596
354 0.5370476737507179
355 0.5403025081370859
356 0.5362818303656902
357 0.5420256557533984
358 0.5427914991384262
359 0.5426000382921693
360 0.5439402642159679
361 0.5380049779820026
362 0.543365881677197
363 0.5437488033697109
364 0.5429829599846832
365 0.5527474631437871
366 0.5556193758376412
367 0.556193758376412
368 0.5584912885314953
369 0.5565766800689259
370 0.5512157763737315
371 0.5515986980662455
372 0.5582998276852383
373 0.5586827493777522
374 0.5611717403790925
375 0.5630863488416619
376 0.5667241049205437
377 0.569404556768141
378 0.5690216350756271
379 0.5688301742293701
380 0.566149722381773
381 0.5646180356117174
382 0.5665326440742868
383 0.5718935477694811
384 0.5690216350756271
385 0.5736166953857936
386 0.5699789393069118
387 0.5784032165422172
388 0.5803178250047866
389 0.5826153551598698
390 0.5891250239326058
391 0.5912310932414321
392 0.5923798583189738
393 0.5893164847788627
394 0.594868849320314
395 0.601187057246793
396 0.60137851809305
397 0.6015699789393069
398 0.6017614397855638
399 0.6019529006318208
400 0.6006126747080222
401 0.5952517710128279
402 0.6025272831705916
403 0.6101857170208692
404 0.6143978556385219
405 0.6201416810262301
406 0.614206394792265
407 0.6147807773310358
408 0.6094198736358415
409 0.6170783074861191
410 0.6132490905609803
411 0.6119088646371817
412 0.614014933946008
413 0.6134405514072372
414 0.6182270725636607
415 0.6189929159486884
416 0.6230135937200842
417 0.6232050545663412
418 0.6279915757227647
419 0.6316293318016466
420 0.6285659582615355
421 0.6268428106452231
422 0.6316293318016466
423 0.6308634884166188
424 0.6345012444955007
425 0.6310549492628758
426 0.630097645031591
427 0.6278001148765078
428 0.6295232624928202
429 0.6343097836492437
430 0.6293318016465633
431 0.6297147233390772
432 0.6279915757227647
433 0.6297147233390772
434 0.6314378709553896
435 0.6276086540302508
436 0.6369902354968409
437 0.6343097836492437
438 0.6308634884166188
439 0.6272257323377369
440 0.6341183228029867
441 0.6385219222668964
442 0.6390963048056673
443 0.6392877656519241
444 0.6356500095730423
445 0.6375646180356117
446 0.6362243921118131
447 0.640053609036952
448 0.6459888952709171
449 0.6448401301933755
450 0.6417767566532644
451 0.6436913651158338
452 0.6427340608845491
453 0.6452230518858894
454 0.6436913651158338
455 0.6469461995022018
456 0.6452230518858894
457 0.6452230518858894
458 0.649243729657285
459 0.6496266513497989
460 0.6511583381198545
461 0.6507754164273406
462 0.6517327206586253
463 0.6532644074286809
464 0.6576680068925904
465 0.6643691365115834
466 0.6706873444380624
467 0.6649435190503542
468 0.6632203714340418
469 0.6632203714340418
470 0.6641776756653265
471 0.6584338502776182
472 0.652881485736167
473 0.6511583381198545
474 0.655753398430021
475 0.6542217116599656
476 0.6578594677388474
477 0.6647520582040972
478 0.6626459888952709
479 0.6674325100516945
480 0.6639862148190695
481 0.6645605973578403
482 0.6659008232816389
483 0.6689641968217499
484 0.6691556576680069
485 0.6695385793605207
486 0.6724104920543749
487 0.665517901589125
488 0.668772735975493
489 0.6726019529006318
490 0.672219031208118
491 0.6760482481332567
492 0.6756653264407428
493 0.6747080222094581
494 0.6706873444380624
495 0.6766226306720275
496 0.6747080222094581
497 0.6756653264407428
498 0.6695385793605207
499 0.6712617269768333
500 0.6651349798966112
501 0.6645605973578403
502 0.6672410492054375
503 0.6664752058204098
504 0.6674325100516945
505 0.6724104920543749
506 0.672027570361861
507 0.675282404748229
508 0.6789201608271108
509 0.6796860042121387
510 0.6823664560597358
511 0.6806433084434234
512 0.6777713957495692
513 0.6777713957495692
514 0.675282404748229
515 0.6708788052843193
516 0.6735592571319166
517 0.6739421788244304
518 0.6704958835918055
519 0.6701129618992916
520 0.6731763354394027
521 0.668772735975493
522 0.6683898142829792
523 0.6693471185142639
524 0.6659008232816389
525 0.6641776756653265
526 0.6651349798966112
527 0.6672410492054375
528 0.6703044227455486
529 0.6724104920543749
530 0.6716446486693471
531 0.6680068925904652
532 0.6760482481332567
533 0.6760482481332567
534 0.6777713957495692
535 0.6802603867509094
536 0.6844725253685622
537 0.6800689259046525
538 0.6737507179781734
539 0.6703044227455486
540 0.6741336396706873
541 0.675090943901972
542 0.6693471185142639
543 0.6716446486693471
544 0.672027570361861
545 0.6657093624353819
546 0.6689641968217499
547 0.672219031208118
548 0.678537239134597
549 0.6766226306720275
550 0.6762397089795137
551 0.6762397089795137
552 0.675473865594486
553 0.678537239134597
554 0.6731763354394027
555 0.6766226306720275
556 0.6794945433658817
557 0.6800689259046525
558 0.678537239134597
559 0.6783457782883401
560 0.6796860042121387
561 0.6798774650583955
562 0.6819835343672219
563 0.6808347692896802
564 0.6902163507562703
565 0.6907907332950411
566 0.6961516369902355
567 0.6894505073712426
568 0.6900248899100134
569 0.6890675856787287
570 0.6896419682174996
571 0.678537239134597
572 0.6850469079073329
573 0.6856212904461038
574 0.6873444380624162
575 0.6798774650583955
576 0.6837066819835343
577 0.6854298295998469
578 0.6902163507562703
579 0.6892590465249856
580 0.6898334290637564
581 0.6844725253685622
582 0.6900248899100134
583 0.6860042121386176
584 0.6873444380624162
585 0.6871529772161593
586 0.6884932031399579
587 0.6883017422937009
588 0.6896419682174996
589 0.6814091518284511
590 0.684663986214819
591 0.6837066819835343
592 0.6865785946773885
593 0.688110281447444
594 0.6852383687535899
595 0.6861956729848746
596 0.6850469079073329
597 0.6861956729848746
598 0.6781543174420831
599 0.6814091518284511
600 0.6884932031399579
601 0.691173654987555
602 0.691556576680069
603 0.6921309592188397
604 0.6959601761439785
605 0.6930882634501244
606 0.694428489373923
607 0.691173654987555
608 0.6875358989086732
609 0.6825579169059928
610 0.6829408385985066
611 0.6858127512923607
612 0.6894505073712426
613 0.6886846639862149
614 0.6858127512923607
615 0.6871529772161593
616 0.691173654987555
617 0.6900248899100134
618 0.6894505073712426
619 0.684663986214819
620 0.6825579169059928
621 0.691173654987555
622 0.6976833237602911
623 0.6971089412215202
624 0.6957687152977217
625 0.6900248899100134
626 0.6934711851426383
627 0.6907907332950411
628 0.6934711851426383
629 0.6986406279915757
630 0.7017040015316868
631 0.700938158146659
632 0.7032356883017423
633 0.7026613057629715
634 0.6932797242963814
635 0.691556576680069
636 0.6902163507562703
637 0.691365115833812
638 0.6902163507562703
639 0.6852383687535899
640 0.6917480375263259
641 0.6905992724487843
642 0.6888761248324717
643 0.6894505073712426
644 0.6925138809113536
645 0.691556576680069
646 0.6971089412215202
647 0.6961516369902355
648 0.6963430978364924
649 0.6959601761439785
650 0.6965345586827494
651 0.6994064713766035
652 0.7007466973004021
653 0.7003637756078882
654 0.6917480375263259
655 0.6928968026038675
656 0.694811411066437
657 0.6957687152977217
658 0.6923224200650967
659 0.688110281447444
660 0.691365115833812
661 0.6854298295998469
662 0.6833237602910205
663 0.6869615163699023
664 0.6873444380624162
665 0.6883017422937009
666 0.6817920735209649
667 0.6800689259046525
668 0.6829408385985066
669 0.6875358989086732
670 0.6863871338311315
671 0.6896419682174996
672 0.6886846639862149
673 0.694428489373923
674 0.691365115833812
675 0.6865785946773885
676 0.6900248899100134
677 0.6923224200650967
678 0.697874784606548
679 0.6890675856787287
680 0.6940455676814091
681 0.6927053417576106
682 0.6888761248324717
683 0.6907907332950411
684 0.691556576680069
685 0.6953857936052077
686 0.6934711851426383
687 0.6898334290637564
688 0.694428489373923
689 0.6896419682174996
690 0.691365115833812
691 0.6907907332950411
692 0.6925138809113536
693 0.691173654987555
694 0.6909821941412981
695 0.6923224200650967
696 0.6923224200650967
697 0.6984491671453188
698 0.7032356883017423
699 0.7057246793030825
700 0.7001723147616312
