1 0.00019146084625694046
2 0.00019146084625694046
3 0.00019146084625694046
4 0.00019146084625694046
5 0.00019146084625694046
6 0.00019146084625694046
7 0.00019146084625694046
8 0.00019146084625694046
9 0.00019146084625694046
10 0.0005743825387708214
11 0.0003829216925138809
12 0.0003829216925138809
13 0.0005743825387708214
14 0.0005743825387708214
15 0.0007658433850277618
16 0.0007658433850277618
17 0.0009573042312847023
18 0.0011487650775416428
19 0.0009573042312847023
20 0.0009573042312847023
21 0.0007658433850277618
22 0.0007658433850277618
23 0.0007658433850277618
24 0.0011487650775416428
25 0.0017231476163124641
26 0.0019146084625694046
27 0.0019146084625694046
28 0.0022975301550832855
29 0.002106069308826345
30 0.002106069308826345
31 0.002106069308826345
32 0.0022975301550832855
33 0.002488991001340226
34 0.002488991001340226
35 0.002871912693854107
36 0.003254834386367988
37 0.0030633735401110473
38 0.003254834386367988
39 0.0030633735401110473
40 0.003254834386367988
41 0.0030633735401110473
42 0.0036377560788818687
43 0.00402067777139575
44 0.003829216925138809
45 0.00402067777139575
46 0.0044035994639096306
47 0.004595060310166571
48 0.004595060310166571
49 0.0047865211564235115
50 0.004595060310166571
51 0.005360903695194333
52 0.005552364541451273
53 0.005360903695194333
54 0.005169442848937392
55 0.005169442848937392
56 0.005169442848937392
57 0.005552364541451273
58 0.005935286233965154
59 0.005935286233965154
60 0.005935286233965154
61 0.005743825387708214
62 0.005552364541451273
63 0.005935286233965154
64 0.006126747080222095
65 0.006701129618992916
66 0.0068925904652498565
67 0.007658433850277618
68 0.007658433850277618
69 0.0072755121577637374
70 0.007849894696534559
71 0.007849894696534559
72 0.007466973004020678
73 0.0072755121577637374
74 0.007658433850277618
75 0.007658433850277618
76 0.00823281638904844
77 0.00823281638904844
78 0.008807198927819261
79 0.007849894696534559
80 0.007849894696534559
81 0.007849894696534559
82 0.0072755121577637374
83 0.007084051311506797
84 0.0072755121577637374
85 0.0072755121577637374
86 0.007466973004020678
87 0.007084051311506797
88 0.006509668772735976
89 0.007084051311506797
90 0.0068925904652498565
91 0.0072755121577637374
92 0.007849894696534559
93 0.0080413555427915
94 0.007849894696534559
95 0.007849894696534559
96 0.007466973004020678
97 0.0072755121577637374
98 0.007849894696534559
99 0.00861573808156232
100 0.00861573808156232
101 0.009381581466590082
102 0.009573042312847023
103 0.009573042312847023
104 0.009764503159103963
105 0.009955964005360904
106 0.009955964005360904
107 0.009955964005360904
108 0.010147424851617844
109 0.010913268236645606
110 0.011296189929159487
111 0.011104729082902547
112 0.011296189929159487
113 0.011487650775416428
114 0.011104729082902547
115 0.011104729082902547
116 0.011104729082902547
117 0.012062033314187249
118 0.012062033314187249
119 0.01244495500670113
120 0.013402259237985832
121 0.01225349416044419
122 0.012062033314187249
123 0.011487650775416428
124 0.011487650775416428
125 0.011104729082902547
126 0.011104729082902547
127 0.010913268236645606
128 0.011487650775416428
129 0.011487650775416428
130 0.013210798391728892
131 0.013785180930499713
132 0.013402259237985832
133 0.013785180930499713
134 0.013785180930499713
135 0.014359563469270534
136 0.013976641776756654
137 0.013593720084242773
138 0.015316867700555237
139 0.015508328546812177
140 0.015891250239326058
141 0.015699789393069118
142 0.015699789393069118
143 0.015891250239326058
144 0.015891250239326058
145 0.015316867700555237
146 0.015508328546812177
147 0.016082711085583
148 0.01627417193183994
149 0.01646563277809688
150 0.016082711085583
151 0.014933946008041356
152 0.014933946008041356
153 0.015699789393069118
154 0.015316867700555237
155 0.015508328546812177
156 0.014742485161784415
157 0.015508328546812177
158 0.01627417193183994
159 0.01646563277809688
160 0.01646563277809688
161 0.01723147616312464
162 0.0170400153168677
163 0.018380241240666284
164 0.018380241240666284
165 0.018954623779437105
166 0.018380241240666284
167 0.018380241240666284
168 0.018188780394409344
169 0.018571702086923225
170 0.017997319548152403
171 0.017805858701895463
172 0.017614397855638522
173 0.01723147616312464
174 0.01723147616312464
175 0.018763162933180165
176 0.019337545471950986
177 0.019720467164464867
178 0.019911928010721808
179 0.019911928010721808
180 0.02067777139574957
181 0.02086923224200651
182 0.022400919012062034
183 0.022592379858318974
184 0.022783840704575915
185 0.023549684089603676
186 0.022592379858318974
187 0.022783840704575915
188 0.023932605782117557
189 0.023549684089603676
190 0.022592379858318974
191 0.022400919012062034
192 0.023358223243346736
193 0.022592379858318974
194 0.022017997319548153
195 0.022592379858318974
196 0.022400919012062034
197 0.022209458165805093
198 0.022592379858318974
199 0.023166762397089796
200 0.023549684089603676
201 0.024124066628374498
202 0.023166762397089796
203 0.022783840704575915
204 0.022783840704575915
205 0.022592379858318974
206 0.022975301550832855
207 0.022017997319548153
208 0.022783840704575915
209 0.022592379858318974
210 0.023358223243346736
211 0.024124066628374498
212 0.02431552747463144
213 0.0250813708596592
214 0.023932605782117557
215 0.023932605782117557
216 0.024124066628374498
217 0.022592379858318974
218 0.022975301550832855
219 0.022592379858318974
220 0.021826536473291212
221 0.02086923224200651
222 0.022400919012062034
223 0.022975301550832855
224 0.022975301550832855
225 0.02431552747463144
226 0.02469844916714532
227 0.02488991001340226
228 0.02469844916714532
229 0.02431552747463144
230 0.02450698832088838
231 0.02431552747463144
232 0.02565575339843002
233 0.025847214244686962
234 0.026613057629714724
235 0.026804518475971664
236 0.0250813708596592
237 0.025847214244686962
238 0.02565575339843002
239 0.02565575339843002
240 0.026038675090943902
241 0.02565575339843002
242 0.025847214244686962
243 0.025847214244686962
244 0.026421596783457783
245 0.026038675090943902
246 0.02565575339843002
247 0.026421596783457783
248 0.026613057629714724
249 0.026995979322228605
250 0.027761822707256367
251 0.02967643116982577
252 0.02967643116982577
253 0.027761822707256367
254 0.02871912693854107
255 0.02871912693854107
256 0.02948497032356883
257 0.030442274554853533
258 0.030633735401110473
259 0.03159103963239517
260 0.03159103963239517
261 0.03159103963239517
262 0.03159103963239517
263 0.03254834386367988
264 0.03427149147999234
265 0.03427149147999234
266 0.034845874018763164
267 0.03465441317250622
268 0.03369710894122152
269 0.03465441317250622
270 0.03465441317250622
271 0.03465441317250622
272 0.0350373348650201
273 0.037334865020103386
274 0.03790924755887421
275 0.03790924755887421
276 0.03810070840513115
277 0.03829216925138809
278 0.039823856021443615
279 0.04001531686770055
280 0.040781160252728314
281 0.04173846448401302
282 0.04192992533026996
283 0.04269576871529772
284 0.04173846448401302
285 0.0430786904078116
286 0.04518475971663795
287 0.044418916331610186
288 0.044993298870381004
289 0.045759142255408766
290 0.04595060310166571
291 0.04671644648669347
292 0.04843959410300593
293 0.047865211564235115
294 0.048822515795519814
295 0.049205437488033694
296 0.05092858510434616
297 0.05131150679686004
298 0.05188588933563086
299 0.052460271874401686
300 0.05265173272065862
301 0.05399195864445721
302 0.053417576105686385
303 0.05456634118322803
304 0.053800497798200266
305 0.05399195864445721
306 0.05456634118322803
307 0.05475780202948497
308 0.05514072372199885
309 0.05648094964579743
310 0.05648094964579743
311 0.05514072372199885
312 0.05437488033697109
313 0.05456634118322803
314 0.05514072372199885
315 0.05609802795328355
316 0.05437488033697109
317 0.055906567107026614
318 0.05552364541451273
319 0.056289488799540495
320 0.057629714723339075
321 0.05858701895462378
322 0.05858701895462378
323 0.05896994064713766
324 0.05973578403216542
325 0.060118705724679304
326 0.06031016657093624
327 0.061076009955964
328 0.061076009955964
329 0.061458931648477884
330 0.06337354011104729
331 0.06241623587976259
332 0.062224775033505646
333 0.06165039249473483
334 0.06126747080222095
335 0.06279915757227647
336 0.0639479226498181
337 0.06490522688110281
338 0.06490522688110281
339 0.0652881485736167
340 0.06567107026613057
341 0.0639479226498181
342 0.06624545280490139
343 0.06586253111238752
344 0.06605399195864446
345 0.06662837449741528
346 0.06681983534367222
347 0.06796860042121386
348 0.06892590465249857
349 0.06930882634501244
350 0.06950028719126938
351 0.06969174803752633
352 0.06988320888378327
353 0.06988320888378327
354 0.07160635650009572
355 0.07371242580892208
356 0.07198927819260961
357 0.07237219988512349
358 0.07352096496266514
359 0.07505265173272066
360 0.07505265173272066
361 0.077158721041547
362 0.07773310358031782
363 0.07907332950411641
364 0.07983917288914417
365 0.07983917288914417
366 0.07907332950411641
367 0.0800306337354011
368 0.08098793796668581
369 0.0800306337354011
370 0.0800306337354011
371 0.07964771204288723
372 0.07983917288914417
373 0.0800306337354011
374 0.08213670304422746
375 0.08232816389048439
376 0.08405131150679686
377 0.08692322420065096
378 0.08845491097070649
379 0.09247558874210224
380 0.09439019720467165
381 0.09783649243729657
382 0.09687918820601187
383 0.09860233582232433
384 0.09955964005360904
385 0.09879379666858128
386 0.09802795328355352
387 0.1012827876699215
388 0.10185717020869232
389 0.10358031782500479
390 0.10664369136511584
391 0.10798391728891442
392 0.10970706490522689
393 0.11143021252153934
394 0.11277043844533793
395 0.11315336013785181
396 0.11449358606165039
397 0.11525942944667815
398 0.11717403790924756
399 0.11813134214053227
400 0.11698257706299062
401 0.11793988129427532
402 0.12023741144935861
403 0.1234922458357266
404 0.12617269768332376
405 0.12808730614589317
406 0.13115067968600422
407 0.13249090560980278
408 0.13383113153360138
409 0.13804327015125406
410 0.14187248707639288
411 0.14551024315527475
412 0.14646754738655945
413 0.1495309209266705
414 0.15278575531303848
415 0.15374305954432319
416 0.15814665900823283
417 0.15929542408577446
418 0.1614014933946008
419 0.16197587593337162
420 0.16408194524219796
421 0.16523071031973963
422 0.16542217116599656
423 0.17040015316867702
424 0.17078307486119088
425 0.173654987555045
426 0.1759525177101283
427 0.17882443040398238
428 0.18112196055906568
429 0.18418533409917673
430 0.1855255600229753
431 0.1874401684855447
432 0.1887803944093433
433 0.1874401684855447
434 0.19031208117939882
435 0.19107792456442657
436 0.19529006318207925
437 0.19567298487459314
438 0.20333141872487076
439 0.20486310549492628
440 0.21098985257514838
441 0.2138617652690025
442 0.2148190695002872
443 0.2176909821941413
444 0.2209458165805093
445 0.22420065096687727
446 0.22745548535324525
447 0.22975301550832855
448 0.23434807581849512
449 0.23645414512732146
450 0.23549684089603676
451 0.23836875358989087
452 0.24315527474631438
453 0.24583572659391154
454 0.24794179590273788
455 0.2521539345203906
456 0.24928202182653647
457 0.2527283170591614
458 0.2559831514455294
459 0.260386750909439
460 0.26421596783457785
461 0.27034271491479994
462 0.2743633926861957
463 0.2785755313038484
464 0.2814474439977025
465 0.2802986789201608
466 0.2841278958452996
467 0.2868083476928968
468 0.2868083476928968
469 0.28948879954049395
470 0.28968026038675093
471 0.2952326249282022
472 0.29944476354585486
473 0.3032739804709937
474 0.3122726402450699
475 0.31246410109132683
476 0.31342140532261153
477 0.31629331801646565
478 0.3212713000191461
479 0.3281638904843959
480 0.32931265556193756
481 0.3321845682557917
482 0.3404173846448401
483 0.3469270534175761
484 0.3509477311889719
485 0.3540111047290829
486 0.35994639096304804
487 0.35937200842427725
488 0.36281830365690215
489 0.36358414704192993
490 0.3643499904269577
491 0.3672219031208118
492 0.3712425808922075
493 0.3767949454336588
494 0.37966685812751294
495 0.3823473099751101
496 0.3833046142063948
497 0.38407045759142255
498 0.3900057438253877
499 0.39287765651924184
500 0.39977024698449165
501 0.4035994639096305
502 0.4066628374497415
503 0.40685429829599845
504 0.4106835152211373
505 0.4135554279149914
506 0.4152785755313039
507 0.4137468887612483
508 0.4177675665326441
509 0.4137468887612483
510 0.41757610568638714
511 0.4221711659965537
512 0.42542600038292167
513 0.4260003829216925
514 0.4294466781543174
515 0.4296381390005744
516 0.4304039823856021
517 0.4346161210032548
518 0.4363392686195673
519 0.4349990426957687
520 0.4374880336971089
521 0.44227455485353245
522 0.4434233199310741
523 0.44840130193375455
524 0.453379283936435
525 0.4497415278575531
526 0.4551024315527475
527 0.4551024315527475
528 0.45797434424660155
529 0.45720850086157383
530 0.45835726593911547
531 0.46065479609419874
532 0.46218648286425423
533 0.46793030825196247
534 0.46869615163699024
535 0.4698449167145319
536 0.4685046907907333
537 0.47214244686961515
538 0.47501435956346927
539 0.47635458548726783
540 0.4803752632586636
541 0.48382155849128855
542 0.4830557151062608
543 0.4840130193375455
544 0.4870763928776565
545 0.4870763928776565
546 0.4922458357265939
547 0.49779820026804517
548 0.504690790733295
549 0.504499329887038
550 0.5062224775033506
551 0.5067968600421214
552 0.5077541642734061
553 0.5075627034271492
554 0.5018188780394409
555 0.5062224775033506
556 0.5089029293509477
557 0.5138809113536282
558 0.5140723721998851
559 0.5108175378135171
560 0.5152211372774268
561 0.5083285468121769
562 0.5050737124258089
563 0.5108175378135171
564 0.5123492245835727
565 0.5148382155849129
566 0.514646754738656
567 0.5129236071223435
568 0.5173272065862531
569 0.5190503542025656
570 0.5228795711277043
571 0.5219222668964196
572 0.5196247367413364
573 0.520773501818878
574 0.5236454145127322
575 0.5230710319739613
576 0.5251771012827877
577 0.5251771012827877
578 0.5265173272065863
579 0.5295807007466973
580 0.5316867700555237
581 0.5303465441317251
582 0.523836875358989
583 0.524219797051503
584 0.5288148573616696
585 0.5303465441317251
586 0.5303465441317251
587 0.5286233965154126
588 0.5314953092092667
589 0.5322611525942945
590 0.5349416044418916
591 0.5385793605207735
592 0.5383878996745166
593 0.5414512732146276
594 0.5477694811411067
595 0.5493011679111621
596 0.5493011679111621
597 0.5487267853723914
598 0.5479609419873636
599 0.5471950986023358
600 0.5514072372199885
601 0.5487267853723914
602 0.5408768906758568
603 0.546429255217308
604 0.5452804901397664
605 0.5514072372199885
606 0.5510243155274747
607 0.5481524028336205
608 0.5456634118322803
609 0.5475780202948497
610 0.5483438636798774
611 0.5470036377560789
612 0.5437488033697109
613 0.5447061076009956
614 0.5454719509860234
615 0.546812176909822
616 0.5487267853723914
617 0.5512157763737315
618 0.5504499329887038
619 0.5512157763737315
620 0.5600229753015509
621 0.5563852192226689
622 0.5630863488416619
623 0.5598315144552939
624 0.5630863488416619
625 0.5638521922266897
626 0.5642351139192036
627 0.5667241049205437
628 0.5722764694619951
629 0.5730423128470228
630 0.5762971472333908
631 0.578594677388474
632 0.5847214244686961
633 0.5774459123109325
634 0.575339843002106
635 0.5699789393069118
636 0.5724679303082519
637 0.5709362435381964
638 0.575339843002106
639 0.5801263641585296
640 0.5799349033122726
641 0.5839555810836684
642 0.5858701895462378
643 0.5835726593911545
644 0.585295807007467
645 0.5881677197013211
646 0.585295807007467
647 0.5814665900823281
648 0.5900823281638905
649 0.5935286233965155
650 0.5925713191652308
651 0.5942944667815432
652 0.5910396323951752
653 0.588550641393835
654 0.588550641393835
655 0.594868849320314
656 0.6050162741719318
657 0.6061650392494735
658 0.6052077350181888
659 0.6088454910970706
660 0.6124832471759525
661 0.6170783074861191
662 0.6199502201799731
663 0.6168868466398622
664 0.6086540302508137
665 0.6128661688684663
666 0.6078881868657859
667 0.604441891633161
668 0.6059735784032165
669 0.6075052651732721
670 0.6078881868657859
671 0.6143978556385219
672 0.6113344820984109
673 0.6105686387133831
674 0.6117174037909248
675 0.6188014551024316
676 0.6191843767949454
677 0.6210989852575148
678 0.6258855064139384
679 0.6232050545663412
680 0.6268428106452231
681 0.6253111238751675
682 0.6264598889527092
683 0.630289105877848
684 0.6283744974152786
685 0.6320122534941605
686 0.6345012444955007
687 0.6310549492628758
688 0.6348841661880146
689 0.6350756270342715
690 0.6356500095730423
691 0.6375646180356117
692 0.6343097836492437
693 0.6299061841853341
694 0.6233965154125981
695 0.6247367413363967
696 0.6278001148765078
697 0.6287574191077925
698 0.6258855064139384
699 0.630289105877848
700 0.6356500095730423
