1 0.0003829216925138809
2 0.0005743825387708214
3 0.0005743825387708214
4 0.0009573042312847023
5 0.0009573042312847023
6 0.002106069308826345
7 0.002488991001340226
8 0.002871912693854107
9 0.003254834386367988
10 0.0036377560788818687
11 0.0047865211564235115
12 0.004977982002680452
13 0.006509668772735976
14 0.007849894696534559
15 0.008998659774076202
16 0.010338885697874785
17 0.012062033314187249
18 0.013593720084242773
19 0.015316867700555237
20 0.017422937009381582
21 0.019720467164464867
22 0.02144361478077733
23 0.022592379858318974
24 0.02469844916714532
25 0.026421596783457783
26 0.02891058778479801
27 0.030442274554853533
28 0.031399578786138235
29 0.03388856978747846
30 0.03542025655753398
31 0.03790924755887421
32 0.04173846448401302
33 0.043653072946582425
34 0.044993298870381004
35 0.04480183802412407
36 0.04652498564043653
37 0.049971280873061456
38 0.05092858510434616
39 0.053034654413172504
40 0.05609802795328355
41 0.0582040972621099
42 0.05992724487842236
43 0.06471376603484587
44 0.06586253111238752
45 0.06605399195864446
46 0.06777713957495692
47 0.06796860042121386
48 0.06950028719126938
49 0.07332950411640819
50 0.07390388665517901
51 0.0762014168102623
52 0.07754164273406089
53 0.08175378135171357
54 0.08347692896802604
55 0.08405131150679686
56 0.08577445912310933
57 0.08883783266322037
58 0.09151828451081753
59 0.09362435381964389
60 0.09343289297338694
61 0.09592188397472717
62 0.09879379666858128
63 0.09898525751483822
64 0.09917671836109515
65 0.10109132682366456
66 0.1031973961324909
67 0.10511200459506032
68 0.10836683898142829
69 0.11047290829025465
70 0.11257897759908099
71 0.11506796860042122
72 0.11870572467930308
73 0.12138617652690024
74 0.1234922458357266
75 0.12464101091326824
76 0.12521539345203905
77 0.12578977599080987
78 0.12770438445337928
79 0.13076775799349033
80 0.13076775799349033
81 0.13383113153360138
82 0.13612866168868468
83 0.13995787861382347
84 0.14225540876890677
85 0.1428297913076776
86 0.14417001723147616
87 0.14799923415661498
88 0.15163699023549684
89 0.15316867700555237
90 0.15718935477694812
91 0.15795519816197587
92 0.16216733677962858
93 0.16389048439594103
94 0.16465632778096878
95 0.16580509285851044
96 0.16771970132107983
97 0.16867700555236453
98 0.17403790924755888
99 0.1732720658625311
100 0.17576105686387133
101 0.17748420448018382
102 0.17882443040398238
103 0.1784415087114685
104 0.18188780394409343
105 0.18188780394409343
106 0.1874401684855447
107 0.19050354202565575
108 0.18916331610185716
109 0.1887803944093433
110 0.18533409917671836
111 0.1855255600229753
112 0.18724870763928778
113 0.18437679494543366
114 0.1887803944093433
115 0.19299253302699598
116 0.1954815240283362
117 0.2002680451847597
118 0.20237411449358605
119 0.2044801838024124
120 0.20850086157380815
121 0.20984108749760674
122 0.21022400919012063
123 0.21424468696151636
124 0.21520199119280106
125 0.22171165996553704
126 0.22266896419682175
127 0.22496649435190502
128 0.22994447635458548
129 0.23128470227838407
130 0.23549684089603676
131 0.23817729274363392
132 0.24296381390005745
133 0.24526134405514072
134 0.2437296572850852
135 0.2460271874401685
136 0.24928202182653647
137 0.25100516944284895
138 0.25196247367413366
139 0.25617461229178634
140 0.25713191652307105
141 0.25866360329312654
142 0.2655561937583764
143 0.2655561937583764
144 0.26861956729848746
145 0.27206586253111237
146 0.2743633926861957
147 0.273214627608654
148 0.27570361860999426
149 0.27723530538004976
150 0.27551215776373733
151 0.27551215776373733
152 0.2760865403025081
153 0.27666092284127897
154 0.2768523836875359
155 0.2801072180739039
156 0.28259620907524413
157 0.28508520007658433
158 0.2902546429255217
159 0.2937009381581467
160 0.29657285085200075
161 0.2977216159295424
162 0.2996362243921118
163 0.29944476354585486
164 0.2988703810070841
165 0.3009764503159104
166 0.3028910587784798
167 0.30461420639479225
168 0.3076775799349033
169 0.3080605016274172
170 0.3084434233199311
171 0.31725062224775036
172 0.3199310740953475
173 0.31973961324909056
174 0.31973961324909056
175 0.3185908481715489
176 0.32069691748037527
177 0.32758950794562514
178 0.3306528814857362
179 0.32854681217690984
180 0.33103580317825004
181 0.33390771587210416
182 0.3335247941795903
183 0.34156614972238175
184 0.34156614972238175
185 0.3453953666475206
186 0.34807581849511776
187 0.34616121003254835
188 0.34884166188014554
189 0.3509477311889719
190 0.3530538004977982
191 0.35324526134405515
192 0.3555427914991384
193 0.356883017422937
194 0.3545854872678537
195 0.3572659391154509
196 0.3616695385793605
197 0.36320122534941607
198 0.3595634692705342
199 0.3582232433467356
200 0.3597549301167911
201 0.3610951560405897
202 0.3639670687344438
203 0.366647520582041
204 0.3651158338119854
205 0.3658816771970132
206 0.3712425808922075
207 0.37430595443231857
208 0.376220562894888
209 0.37890101474248516
210 0.3771778671261727
211 0.38407045759142255
212 0.3878996745165614
213 0.3898142829791308
214 0.3861765269002489
215 0.38828259620907524
216 0.3880911353628183
217 0.38828259620907524
218 0.3878996745165614
219 0.3880911353628183
220 0.38751675282404746
221 0.38847405705533217
222 0.3888569787478461
223 0.38923990044035994
224 0.3924947348267279
225 0.3924947348267279
226 0.3942178824430404
227 0.39536664752058204
228 0.3917288914417002
229 0.3970897951368945
230 0.40111047290829027
231 0.4030250813708597
232 0.4081945242197971
233 0.4089603676048248
234 0.4070457591422554
235 0.4091518284510818
236 0.41144935860616505
237 0.41681026230135937
238 0.4223626268428106
239 0.41566149722381773
240 0.41949071414895656
241 0.42140532261152597
242 0.42102240091901205
243 0.421213861765269
244 0.4215967834577829
245 0.4250430786904078
246 0.42619184376794944
247 0.42714914799923415
248 0.4284893739230327
249 0.4284893739230327
250 0.4279149913842619
251 0.4286808347692897
252 0.42753206969174806
253 0.42906375646180356
254 0.427723530538005
255 0.42638330461420637
256 0.4305954432318591
257 0.4328929733869424
258 0.43270151254068545
259 0.43346735592571317
260 0.43691365115833813
261 0.4357648860807965
262 0.437296572850852
263 0.4367221903120812
264 0.43691365115833813
265 0.43959410300593527
266 0.43882825962090755
267 0.4407428680834769
268 0.4443806241623588
269 0.446869615163699
270 0.4506988320888378
271 0.4485927627800115
272 0.4529963622439211
273 0.45261344055140723
274 0.4551024315527475
275 0.4577828834003446
276 0.4602718744016849
277 0.4627608654030251
278 0.4619950220179973
279 0.46448401301933756
280 0.4656327780968792
281 0.4719509860233582
282 0.4734826727934138
283 0.47539728125598313
284 0.48248133256748993
285 0.4874593145701704
286 0.485544706107601
287 0.4910970706490523
288 0.4912885314953092
289 0.4964579743442466
290 0.4991384261918438
291 0.4993298870381007
292 0.4989469653455868
293 0.49703235688301745
294 0.4974152785755313
295 0.4912885314953092
296 0.49186291403408006
297 0.4981811219605591
298 0.49664943519050353
299 0.4972238177292744
300 0.4964579743442466
301 0.49530920926670496
302 0.498372582806816
303 0.49684089603676046
304 0.5018188780394409
305 0.5067968600421214
306 0.5066053991958644
307 0.5035420256557533
308 0.5041164081945242
309 0.5039249473482673
310 0.5031591039632395
311 0.5064139383496075
312 0.5077541642734061
313 0.5131150679686004
314 0.5133065288148574
315 0.5163699023549684
316 0.5182845108175378
317 0.5205820409726211
318 0.5228795711277043
319 0.5167528240474822
320 0.5200076584338503
321 0.5188588933563086
322 0.5173272065862531
323 0.5203905801263642
324 0.5267087880528432
325 0.5293892399004404
326 0.5282404748228987
327 0.5303465441317251
328 0.5309209266704958
329 0.5270917097453571
330 0.5326440742868084
331 0.5330269959793222
332 0.5362818303656902
333 0.5376220562894888
334 0.5364732912119472
335 0.5389622822132873
336 0.543557342523454
337 0.5429829599846832
338 0.5443231859084817
339 0.5383878996745166
340 0.5416427340608846
341 0.5470036377560789
342 0.5441317250622247
343 0.5510243155274747
344 0.55006701129619
345 0.5508328546812177
346 0.5560022975301551
347 0.5552364541451273
348 0.5563852192226689
349 0.5563852192226689
350 0.5535133065288148
351 0.5554279149913842
352 0.5554279149913842
353 0.5582998276852383
354 0.5613632012253494
355 0.5642351139192036
356 0.5632778096879189
357 0.5644265747654604
358 0.5665326440742868
359 0.5678728699980854
360 0.5678728699980854
361 0.5682557916905993
362 0.5713191652307104
363 0.5732337736932798
364 0.5728508520007658
365 0.5720850086157381
366 0.5720850086157381
367 0.5734252345395366
368 0.5749569213095922
369 0.5715106260769672
370 0.5724679303082519
371 0.5732337736932798
372 0.5711277043844534
373 0.5728508520007658
374 0.5717020869232242
375 0.5743825387708213
376 0.5768715297721616
377 0.578786138234731
378 0.5774459123109325
379 0.5768715297721616
380 0.5736166953857936
381 0.5766800689259046
382 0.5713191652307104
383 0.5743825387708213
384 0.5768715297721616
385 0.5766800689259046
386 0.5772544514646755
387 0.5807007466973004
388 0.5828068160061267
389 0.5826153551598698
390 0.5877847980088072
391 0.5908481715489182
392 0.5985066053991959
393 0.5950603101665709
394 0.5962090752441126
395 0.5958261535515987
396 0.5944859276278002
397 0.5969749186291403
398 0.5986980662454529
399 0.5967834577828834
400 0.6004212138617653
401 0.5998468313229944
402 0.6000382921692514
403 0.6006126747080222
404 0.6000382921692514
405 0.5985066053991959
406 0.6021443614780777
407 0.6025272831705916
408 0.6057821175569597
409 0.6075052651732721
410 0.6099942561746123
411 0.6159295424085774
412 0.6119088646371817
413 0.610951560405897
414 0.6149722381772927
415 0.6111430212521539
416 0.6101857170208692
417 0.6124832471759525
418 0.6121003254834386
419 0.6147807773310358
420 0.617461229178633
421 0.614014933946008
422 0.617269768332376
423 0.6232050545663412
424 0.6218648286425426
425 0.623970897951369
426 0.6228221328738273
427 0.6241623587976259
428 0.6232050545663412
429 0.6276086540302508
430 0.6210989852575148
431 0.6218648286425426
432 0.6197587593337163
433 0.6233965154125981
434 0.6295232624928202
435 0.6274171931839939
436 0.6295232624928202
437 0.6297147233390772
438 0.6308634884166188
439 0.6295232624928202
440 0.6218648286425426
441 0.6243538196438828
442 0.6220562894887995
443 0.6264598889527092
444 0.6268428106452231
445 0.6322037143404173
446 0.6268428106452231
447 0.6327780968791882
448 0.6316293318016466
449 0.6327780968791882
450 0.6304805667241049
451 0.6356500095730423
452 0.6364158529580701
453 0.6408194524219797
454 0.6394792264981811
455 0.6385219222668964
456 0.6348841661880146
457 0.6362243921118131
458 0.6377560788818687
459 0.6341183228029867
460 0.6339268619567299
461 0.6356500095730423
462 0.6348841661880146
463 0.6304805667241049
464 0.6306720275703619
465 0.6341183228029867
466 0.6297147233390772
467 0.6276086540302508
468 0.6364158529580701
469 0.6322037143404173
470 0.633161018571702
471 0.6345012444955007
472 0.6322037143404173
473 0.6318207926479035
474 0.6299061841853341
475 0.6306720275703619
476 0.6285659582615355
477 0.6293318016465633
478 0.6287574191077925
479 0.6293318016465633
480 0.6369902354968409
481 0.6381390005743826
482 0.6379475397281256
483 0.6404365307294658
484 0.6343097836492437
485 0.6377560788818687
486 0.6356500095730423
487 0.6320122534941605
488 0.6297147233390772
489 0.6318207926479035
490 0.6377560788818687
491 0.6406279915757228
492 0.6373731571893547
493 0.6354585487267854
494 0.6354585487267854
495 0.6345012444955007
496 0.6381390005743826
497 0.6375646180356117
498 0.6387133831131534
499 0.6364158529580701
500 0.6408194524219797
501 0.6436913651158338
502 0.6425426000382922
503 0.6438828259620908
504 0.6505839555810836
505 0.6523071031973962
506 0.6469461995022018
507 0.6408194524219797
508 0.6433084434233199
509 0.6486693471185143
510 0.6500095730423129
511 0.6542217116599656
512 0.6517327206586253
513 0.6546046333524794
514 0.6553704767375071
515 0.649243729657285
516 0.6503924947348267
517 0.6471376603484588
518 0.649435190503542
519 0.6511583381198545
520 0.6515412598123683
521 0.6502010338885698
522 0.6486693471185143
523 0.649435190503542
524 0.6507754164273406
525 0.656136320122535
526 0.6580509285851044
527 0.6549875550449933
528 0.6475205820409726
529 0.6459888952709171
530 0.649243729657285
531 0.6463718169634309
532 0.6467547386559449
533 0.652881485736167
534 0.6500095730423129
535 0.6551790158912503
536 0.6509668772735976
537 0.6565192418150488
538 0.6637947539728125
539 0.6632203714340418
540 0.6637947539728125
541 0.6659008232816389
542 0.6626459888952709
543 0.6666666666666666
544 0.6645605973578403
545 0.6653264407428681
546 0.6657093624353819
547 0.6649435190503542
548 0.6660922841278959
549 0.6710702661305763
550 0.6733677962856596
551 0.6697300402067777
552 0.6651349798966112
553 0.6630289105877848
554 0.672027570361861
555 0.6726019529006318
556 0.6620716063565001
557 0.6620716063565001
558 0.6649435190503542
559 0.6636032931265556
560 0.6647520582040972
561 0.6703044227455486
562 0.6678154317442083
563 0.6639862148190695
564 0.668581275129236
565 0.6710702661305763
566 0.6748994830557151
567 0.6735592571319166
568 0.6835152211372775
569 0.6856212904461038
570 0.6835152211372775
571 0.6840896036760482
572 0.6827493777522496
573 0.6791116216733678
574 0.6844725253685622
575 0.6867700555236455
576 0.6827493777522496
577 0.6838981428297913
578 0.6816006126747081
579 0.6779628565958261
580 0.6850469079073329
581 0.6838981428297913
582 0.6819835343672219
583 0.678537239134597
584 0.6764311698257707
585 0.6775799349033123
586 0.678728699980854
587 0.6766226306720275
588 0.6773884740570554
589 0.6798774650583955
590 0.6884932031399579
591 0.6925138809113536
592 0.6890675856787287
593 0.6873444380624162
594 0.6842810645223052
595 0.691556576680069
596 0.6938541068351523
597 0.6921309592188397
598 0.6877273597549302
599 0.6898334290637564
600 0.6892590465249856
601 0.684663986214819
602 0.6842810645223052
603 0.6827493777522496
604 0.6812176909821941
605 0.6821749952134788
606 0.6842810645223052
607 0.6781543174420831
608 0.6739421788244304
609 0.6768140915182845
610 0.6731763354394027
611 0.6735592571319166
612 0.6741336396706873
613 0.6796860042121387
614 0.678728699980854
615 0.6724104920543749
616 0.6729848745931457
617 0.6748994830557151
618 0.6737507179781734
619 0.6743251005169443
620 0.6731763354394027
621 0.6775799349033123
622 0.6714531878230902
623 0.6775799349033123
624 0.6726019529006318
625 0.6724104920543749
626 0.6726019529006318
627 0.6766226306720275
628 0.6775799349033123
629 0.6789201608271108
630 0.6779628565958261
631 0.6724104920543749
632 0.6729848745931457
633 0.671836109515604
634 0.6735592571319166
635 0.6758567872869998
636 0.6793030825196248
637 0.6821749952134788
638 0.6783457782883401
639 0.6762397089795137
640 0.675090943901972
641 0.6710702661305763
642 0.6708788052843193
643 0.6674325100516945
644 0.672027570361861
645 0.6727934137468887
646 0.6706873444380624
647 0.6727934137468887
648 0.6745165613632013
649 0.6768140915182845
650 0.6798774650583955
651 0.6756653264407428
652 0.6794945433658817
653 0.6829408385985066
654 0.6884932031399579
655 0.6867700555236455
656 0.6896419682174996
657 0.6852383687535899
658 0.6884932031399579
659 0.6896419682174996
660 0.6871529772161593
661 0.684663986214819
662 0.6827493777522496
663 0.6804518475971664
664 0.6835152211372775
665 0.6860042121386176
666 0.6861956729848746
667 0.6837066819835343
668 0.6829408385985066
669 0.6798774650583955
670 0.6794945433658817
671 0.6783457782883401
672 0.6806433084434234
673 0.6844725253685622
674 0.684855447061076
675 0.6909821941412981
676 0.6892590465249856
677 0.6890675856787287
678 0.691556576680069
679 0.6942370285276661
680 0.6936626459888953
681 0.6928968026038675
682 0.6992150105303465
683 0.7007466973004021
684 0.7011296189929159
685 0.6992150105303465
686 0.6995979322228604
687 0.7034271491479992
688 0.7049588359180547
689 0.6976833237602911
690 0.6951943327589508
691 0.6974918629140341
692 0.6984491671453188
693 0.6963430978364924
694 0.6928968026038675
695 0.691365115833812
696 0.6963430978364924
697 0.69461995022018
698 0.6942370285276661
699 0.6902163507562703
700 0.6888761248324717
