1 0.0003829216925138809
2 0.0007658433850277618
3 0.0011487650775416428
4 0.0017231476163124641
5 0.0022975301550832855
6 0.0026804518475971664
7 0.0034462952326249283
8 0.00421213861765269
9 0.004977982002680452
10 0.005935286233965154
11 0.007658433850277618
12 0.009573042312847023
13 0.009573042312847023
14 0.011870572467930308
15 0.014168102623013594
16 0.01665709362435382
17 0.019146084625694046
18 0.022017997319548153
19 0.0250813708596592
20 0.02527283170591614
21 0.025847214244686962
22 0.028336205246027188
23 0.030825196247367414
24 0.03446295232624928
25 0.03829216925138809
26 0.04097262109898526
27 0.04346161210032548
28 0.045759142255408766
29 0.04767375071797817
30 0.05035420256557534
31 0.05150296764311698
32 0.05456634118322803
33 0.0582040972621099
34 0.06126747080222095
35 0.0639479226498181
36 0.06624545280490139
37 0.0714148956538388
38 0.07447826919394984
39 0.07600995596400537
40 0.07600995596400537
41 0.07983917288914417
42 0.08213670304422746
43 0.08500861573808156
44 0.08634884166188014
45 0.08788052843193567
46 0.08979513689450508
47 0.09170974535707448
48 0.09553896228221329
49 0.09955964005360904
50 0.1022400919012062
51 0.10568638713383113
52 0.10836683898142829
53 0.1121960559065671
54 0.11277043844533793
55 0.11564235113919204
56 0.11947156806433085
57 0.12387516752824047
58 0.12693854106835153
59 0.13038483630097644
60 0.1340225923798583
61 0.134979896611143
62 0.13421405322611527
63 0.1367030442274555
64 0.14072372199885125
65 0.1411066436913651
66 0.14512732146276086
67 0.14570170400153168
68 0.14876507754164273
69 0.14742485161784416
70 0.14799923415661498
71 0.15201991192801073
72 0.15489182462186482
73 0.15891250239326057
74 0.15872104154700364
75 0.16216733677962858
76 0.16503924947348267
77 0.16810262301359372
78 0.16695385793605208
79 0.16963430978364924
80 0.1726976833237603
81 0.17346352670878806
82 0.17767566532644075
83 0.17825004786521156
84 0.1803561171740379
85 0.1826536473291212
86 0.1820792647903504
87 0.18590848171548918
88 0.18667432510051696
89 0.18897185525560023
90 0.1922266896419682
91 0.19146084625694046
92 0.19663028910587785
93 0.1996936626459889
94 0.2006509668772736
95 0.20696917480375263
96 0.2067777139574957
97 0.2111813134214053
98 0.21098985257514838
99 0.21367030442274554
100 0.21749952134788436
101 0.21673367796285659
102 0.21941412981045377
103 0.22209458165805093
104 0.22362626842810646
105 0.22228604250430786
106 0.22726402450698832
107 0.22937009381581466
108 0.2309017805858702
109 0.2318590848171549
110 0.2385602144361478
111 0.2389431361286617
112 0.2408577445912311
113 0.2427723530538005
114 0.24104920543748803
115 0.2433467355925713
116 0.24449550067011297
117 0.2494734826727934
118 0.25004786521156425
119 0.25100516944284895
120 0.2565575339843002
121 0.2582806816006127
122 0.26249282021826537
123 0.26574765460463334
124 0.2665134979896611
125 0.26938541068351524
126 0.2691939498372583
127 0.2749377752249665
128 0.27666092284127897
129 0.282979130767758
130 0.2841278958452996
131 0.2866168868466399
132 0.2887229561554662
133 0.2944667815431744
134 0.2942753206969175
135 0.29848745931457016
136 0.30021060693088264
137 0.3013593720084243
138 0.30308251962473676
139 0.30499712808730617
140 0.302316676239709
141 0.3034654413172506
142 0.3048056672410492
143 0.30920926670495885
144 0.31437870955389624
145 0.31495309209266703
146 0.3139957878613823
147 0.31686770055523644
148 0.3191652307103197
149 0.3235688301742294
150 0.32682366456059736
151 0.32854681217690984
152 0.33026995979322227
153 0.3308443423319931
154 0.3335247941795903
155 0.33295041164081945
156 0.3367796285659583
157 0.3404173846448401
158 0.3450124449550067
159 0.34903312272640247
160 0.3509477311889719
161 0.3520964962665135
162 0.3517135745739996
163 0.34884166188014554
164 0.35152211372774267
165 0.353628183036569
166 0.35286233965154123
167 0.353628183036569
168 0.3540111047290829
169 0.35133065288148574
170 0.35152211372774267
171 0.3530538004977982
172 0.3605207735018189
173 0.3624353819643883
174 0.3616695385793605
175 0.3641585295807008
176 0.3653072946582424
177 0.36358414704192993
178 0.3662645988895271
179 0.3662645988895271
180 0.36932797242963816
181 0.36817920735209647
182 0.3695194332758951
183 0.37066819835343673
184 0.3746888761248325
185 0.37966685812751294
186 0.3775607888186866
187 0.38024124066628373
188 0.3817729274363393
189 0.3833046142063948
190 0.38043270151254066
191 0.3790924755887421
192 0.3833046142063948
193 0.38694237028527667
194 0.3852192226689642
195 0.38923990044035994
196 0.38751675282404746
197 0.38828259620907524
198 0.389048439594103
199 0.3909630480566724
200 0.39881294275320694
201 0.4003446295232625
202 0.40168485544706106
203 0.40072755121577636
204 0.3993873252919778
205 0.401876316293318
206 0.40015316867700557
207 0.40168485544706106
208 0.4013019337545472
209 0.40111047290829027
210 0.4013019337545472
211 0.4035994639096305
212 0.40532261152594296
213 0.4064713766034846
214 0.4089603676048248
215 0.4037909247558874
216 0.4066628374497415
217 0.41298104537622055
218 0.4141298104537622
219 0.4131725062224775
220 0.4154700363775608
221 0.41853340991767185
222 0.4202565575339843
223 0.41757610568638714
224 0.42102240091901205
225 0.41949071414895656
226 0.4208309400727551
227 0.4170017231476163
228 0.4177675665326441
229 0.4152785755313039
230 0.42197970515029676
231 0.4202565575339843
232 0.4233199310740953
233 0.41949071414895656
234 0.42466015699789394
235 0.4269576871529772
236 0.43097836492437297
237 0.43097836492437297
238 0.43710511200459506
239 0.4365307294658242
240 0.4363392686195673
241 0.43691365115833813
242 0.43767949454336585
243 0.4353819643882826
244 0.43787095538962284
245 0.43959410300593527
246 0.4415087114685047
247 0.4409343289297339
248 0.4434233199310741
249 0.4417001723147616
250 0.4411257897759908
251 0.4434233199310741
252 0.44993298870381004
253 0.446869615163699
254 0.44840130193375455
255 0.4480183802412407
256 0.44935860616503925
257 0.45108175378135174
258 0.4480183802412407
259 0.4491671453187823
260 0.44476354585487266
261 0.4453379283936435
262 0.44304039823856023
263 0.4491671453187823
264 0.4482098410874976
265 0.44744399770246984
266 0.45031591039632396
267 0.45376220562894887
268 0.4543365881677197
269 0.45376220562894887
270 0.45605973578403214
271 0.4587401876316293
272 0.4591231093241432
273 0.45739996170783076
274 0.45357074478269194
275 0.4577828834003446
276 0.45280490139766416
277 0.4516561363201225
278 0.4575914225540877
279 0.4619950220179973
280 0.4577828834003446
281 0.4585487267853724
282 0.456634118322803
283 0.4568255791690599
284 0.45931457017040017
285 0.4612291786329696
286 0.46218648286425423
287 0.46601569978939306
288 0.462952326249282
289 0.4637181696343098
290 0.46601569978939306
291 0.469461995022018
292 0.4704192992533027
293 0.4690790733295041
294 0.4673559257131917
295 0.4685046907907333
296 0.4681217690982194
297 0.4709936817920735
298 0.4719509860233582
299 0.47022783840704574
300 0.47061076009955966
301 0.4752058204097262
302 0.47578020294849704
303 0.4778862722573234
304 0.47865211564235116
305 0.4799923415661497
306 0.48018380241240666
307 0.48439594103005934
308 0.4884166188014551
309 0.4874593145701704
310 0.488799540493969
311 0.49664943519050353
312 0.49416044418916333
313 0.5012444955006701
314 0.5052651732720659
315 0.504499329887038
316 0.5033505648094965
317 0.5052651732720659
318 0.5018188780394409
319 0.5058395558108367
320 0.5077541642734061
321 0.5077541642734061
322 0.5060310166570936
323 0.5077541642734061
324 0.5037334865020103
325 0.5018188780394409
326 0.5025847214244687
327 0.5075627034271492
328 0.5085200076584339
329 0.5154125981236837
330 0.5163699023549684
331 0.5186674325100517
332 0.5180930499712809
333 0.5203905801263642
334 0.5213478843576489
335 0.5190503542025656
336 0.520964962665135
337 0.5217308060501628
338 0.5213478843576489
339 0.5244112578977599
340 0.5290063182079264
341 0.5341757610568638
342 0.5322611525942945
343 0.530729465824239
344 0.5324526134405514
345 0.5330269959793222
346 0.5303465441317251
347 0.5309209266704958
348 0.5328355351330653
349 0.530729465824239
350 0.530538004977982
351 0.5299636224392111
352 0.5349416044418916
353 0.530729465824239
354 0.5303465441317251
355 0.5380049779820026
356 0.5383878996745166
357 0.5429829599846832
358 0.5416427340608846
359 0.5397281255983152
360 0.5404939689833429
361 0.5395366647520582
362 0.5381964388282596
363 0.5383878996745166
364 0.5383878996745166
365 0.546620716063565
366 0.5404939689833429
367 0.5418341949071415
368 0.54317442083094
369 0.5450890292935094
370 0.5437488033697109
371 0.546812176909822
372 0.5470036377560789
373 0.5548535324526135
374 0.5546620716063565
375 0.5565766800689259
376 0.5548535324526135
377 0.562511966302891
378 0.5598315144552939
379 0.5575339843002106
380 0.5552364541451273
381 0.5556193758376412
382 0.5544706107600995
383 0.5650009573042313
384 0.5623205054566341
385 0.559257131916523
386 0.5563852192226689
387 0.5540876890675857
388 0.5506413938349608
389 0.5479609419873636
390 0.546620716063565
391 0.5479609419873636
392 0.5554279149913842
393 0.5590656710702662
394 0.5575339843002106
395 0.559257131916523
396 0.5630863488416619
397 0.5686387133831131
398 0.5690216350756271
399 0.5717020869232242
400 0.5684472525368562
401 0.5713191652307104
402 0.5739996170783075
403 0.5726593911545089
404 0.5730423128470228
405 0.5762971472333908
406 0.5764886080796477
407 0.5743825387708213
408 0.5774459123109325
409 0.5789775990809879
410 0.5826153551598698
411 0.585295807007467
412 0.5860616503924947
413 0.5893164847788627
414 0.5935286233965155
415 0.5900823281638905
416 0.5931457017040015
417 0.5881677197013211
418 0.5941030059352862
419 0.5962090752441126
420 0.5969749186291403
421 0.594677388474057
422 0.5958261535515987
423 0.6017614397855638
424 0.604633352479418
425 0.6057821175569597
426 0.604633352479418
427 0.6042504307869041
428 0.6009955964005361
429 0.6025272831705916
430 0.6040589699406471
431 0.6057821175569597
432 0.6050162741719318
433 0.601187057246793
434 0.6055906567107027
435 0.6103771778671262
436 0.6084625694045568
437 0.6113344820984109
438 0.6121003254834386
439 0.610951560405897
440 0.6096113344820984
441 0.6088454910970706
442 0.6073138043270151
443 0.607696726019529
444 0.6103771778671262
445 0.6130576297147233
446 0.6132490905609803
447 0.6155466207160636
448 0.6188014551024316
449 0.6220562894887995
450 0.6195672984874593
451 0.6212904461037718
452 0.6232050545663412
453 0.620524602718744
454 0.6195672984874593
455 0.6212904461037718
456 0.6165039249473483
457 0.6184185334099177
458 0.6191843767949454
459 0.6214819069500287
460 0.6266513497989661
461 0.6278001148765078
462 0.6274171931839939
463 0.6299061841853341
464 0.6327780968791882
465 0.6310549492628758
466 0.6297147233390772
467 0.6339268619567299
468 0.6371816963430978
469 0.6356500095730423
470 0.6329695577254452
471 0.6341183228029867
472 0.6387133831131534
473 0.6345012444955007
474 0.6322037143404173
475 0.6310549492628758
476 0.633352479417959
477 0.6356500095730423
478 0.6297147233390772
479 0.6325866360329313
480 0.6343097836492437
481 0.6364158529580701
482 0.6412023741144935
483 0.6364158529580701
484 0.6304805667241049
485 0.6323951751866743
486 0.6377560788818687
487 0.6339268619567299
488 0.6308634884166188
489 0.6402450698832088
490 0.6396706873444381
491 0.6486693471185143
492 0.6511583381198545
493 0.6465632778096879
494 0.6459888952709171
495 0.6448401301933755
496 0.640053609036952
497 0.6408194524219797
498 0.6434999042695768
499 0.6469461995022018
500 0.6446486693471185
501 0.6471376603484588
502 0.6423511391920352
503 0.6425426000382922
504 0.6413938349607505
505 0.6419682174995214
506 0.6442657476546046
507 0.6457974344246602
508 0.6436913651158338
509 0.6457974344246602
510 0.6475205820409726
511 0.6532644074286809
512 0.6570936243538197
513 0.6553704767375071
514 0.6544131725062224
515 0.6597740762014168
516 0.6576680068925904
517 0.656136320122535
518 0.6546046333524794
519 0.6540302508137086
520 0.6538387899674517
521 0.65269002488991
522 0.6551790158912503
523 0.652498564043653
524 0.652881485736167
525 0.652881485736167
526 0.6553704767375071
527 0.649243729657285
528 0.6502010338885698
529 0.6538387899674517
530 0.6519241815048823
531 0.6547960941987364
532 0.6555619375837641
533 0.6630289105877848
534 0.6681983534367222
535 0.6678154317442083
536 0.6639862148190695
537 0.6628374497415278
538 0.6607313804327015
539 0.6588167719701321
540 0.659391154508903
541 0.656136320122535
542 0.6532644074286809
543 0.6574765460463335
544 0.6576680068925904
545 0.6580509285851044
546 0.6569021635075627
547 0.655944859276278
548 0.6588167719701321
549 0.6586253111238751
550 0.6645605973578403
551 0.6678154317442083
552 0.671836109515604
553 0.6743251005169443
554 0.6762397089795137
555 0.6724104920543749
556 0.6716446486693471
557 0.6674325100516945
558 0.6681983534367222
559 0.668581275129236
560 0.6693471185142639
561 0.6668581275129236
562 0.6645605973578403
563 0.6620716063565001
564 0.6639862148190695
565 0.6731763354394027
566 0.6735592571319166
567 0.6695385793605207
568 0.6693471185142639
569 0.6641776756653265
570 0.6710702661305763
571 0.665517901589125
572 0.6699215010530346
573 0.6716446486693471
574 0.6735592571319166
575 0.6775799349033123
576 0.6758567872869998
577 0.6758567872869998
578 0.6704958835918055
579 0.6727934137468887
580 0.6756653264407428
581 0.672219031208118
582 0.6731763354394027
583 0.6789201608271108
584 0.6726019529006318
585 0.6735592571319166
586 0.6777713957495692
587 0.672219031208118
588 0.6745165613632013
589 0.6726019529006318
590 0.6708788052843193
591 0.6768140915182845
592 0.675473865594486
593 0.678537239134597
594 0.6766226306720275
595 0.6827493777522496
596 0.6760482481332567
597 0.6733677962856596
598 0.6739421788244304
599 0.675090943901972
600 0.6735592571319166
601 0.6737507179781734
602 0.6714531878230902
603 0.675473865594486
604 0.6773884740570554
605 0.6798774650583955
606 0.6802603867509094
607 0.6794945433658817
608 0.678537239134597
609 0.6800689259046525
610 0.6777713957495692
611 0.6783457782883401
612 0.6779628565958261
613 0.6777713957495692
614 0.6768140915182845
615 0.6766226306720275
616 0.675473865594486
617 0.678728699980854
618 0.678537239134597
619 0.6695385793605207
620 0.6653264407428681
621 0.6716446486693471
622 0.665517901589125
623 0.6703044227455486
624 0.6632203714340418
625 0.6699215010530346
626 0.6693471185142639
627 0.6708788052843193
628 0.672027570361861
629 0.6695385793605207
630 0.6712617269768333
631 0.675473865594486
632 0.6706873444380624
633 0.6706873444380624
634 0.6741336396706873
635 0.6737507179781734
636 0.6827493777522496
637 0.6840896036760482
638 0.6831322994447635
639 0.6860042121386176
640 0.6873444380624162
641 0.6861956729848746
642 0.6865785946773885
643 0.6833237602910205
644 0.6842810645223052
645 0.6835152211372775
646 0.6867700555236455
647 0.6858127512923607
648 0.6796860042121387
649 0.6794945433658817
650 0.6777713957495692
651 0.6802603867509094
652 0.6798774650583955
653 0.6770055523645414
654 0.6773884740570554
655 0.6766226306720275
656 0.672219031208118
657 0.6689641968217499
658 0.6745165613632013
659 0.6743251005169443
660 0.6726019529006318
661 0.6672410492054375
662 0.6748994830557151
663 0.6680068925904652
664 0.6681983534367222
665 0.671836109515604
666 0.6812176909821941
667 0.6873444380624162
668 0.6856212904461038
669 0.6842810645223052
670 0.6886846639862149
671 0.6919394983725828
672 0.6928968026038675
673 0.6965345586827494
674 0.6994064713766035
675 0.7059161401493395
676 0.7020869232242006
677 0.7015125406854298
678 0.707256366073138
679 0.7045759142255409
680 0.6976833237602911
681 0.6995979322228604
682 0.7001723147616312
683 0.7055332184568256
684 0.7005552364541451
685 0.7043844533792839
686 0.7061076009955964
687 0.7062990618418533
688 0.7089795136894506
689 0.7114685046907907
690 0.7097453570744783
691 0.7095538962282213
692 0.707447826919395
693 0.7057246793030825
694 0.6961516369902355
695 0.6973004020677771
696 0.6976833237602911
697 0.6967260195290064
698 0.7030442274554853
699 0.7007466973004021
700 0.7005552364541451
