1 0.0005743825387708214
2 0.0007658433850277618
3 0.0017231476163124641
4 0.002106069308826345
5 0.0026804518475971664
6 0.0044035994639096306
7 0.006509668772735976
8 0.009381581466590082
9 0.010530346544131725
10 0.011487650775416428
11 0.013785180930499713
12 0.013785180930499713
13 0.015508328546812177
14 0.01665709362435382
15 0.017422937009381582
16 0.018571702086923225
17 0.02106069308826345
18 0.021826536473291212
19 0.023741144935860617
20 0.026804518475971664
21 0.028144744399770247
22 0.03159103963239517
23 0.03254834386367988
24 0.035228795711277044
25 0.03752632586636033
26 0.04039823856021443
27 0.04192992533026996
28 0.04480183802412407
29 0.04614206394792265
30 0.04690790733295041
31 0.04709936817920735
32 0.04977982002680452
33 0.05322611525942945
34 0.05648094964579743
35 0.057246793030825194
36 0.05858701895462378
37 0.060884549109707066
38 0.06203331418724871
39 0.064330844342332
40 0.06643691365115834
41 0.06796860042121386
42 0.07084051311506796
43 0.07313804327015125
44 0.07773310358031782
45 0.0813708596591997
46 0.08232816389048439
47 0.08481715489182462
48 0.09017805858701895
49 0.09400727551215776
50 0.09553896228221329
51 0.09726210989852575
52 0.09764503159103963
53 0.10089986597740762
54 0.10147424851617844
55 0.10511200459506032
56 0.11047290829025465
57 0.11085582998276852
58 0.1154508902929351
59 0.12081179398812943
60 0.12425808922075436
61 0.12770438445337928
62 0.12770438445337928
63 0.1292360712234348
64 0.13095921883974726
65 0.13191652307103197
66 0.13517135745739997
67 0.1357457399961708
68 0.14072372199885125
69 0.14263833046142063
70 0.14551024315527475
71 0.14704192992533027
72 0.1476163124641011
73 0.15201991192801073
74 0.15412598123683707
75 0.1556576680068926
76 0.15776373731571894
77 0.1594868849320314
78 0.1614014933946008
79 0.16293318016465633
80 0.16389048439594103
81 0.16408194524219796
82 0.16465632778096878
83 0.1665709362435382
84 0.16829408385985067
85 0.17250622247750336
86 0.1742293700938158
87 0.17537813517135745
88 0.17710128278766993
89 0.1784415087114685
90 0.1807390388665518
91 0.18418533409917673
92 0.18667432510051696
93 0.19146084625694046
94 0.19184376794945435
95 0.19643882825962092
96 0.2002680451847597
97 0.20505456634118321
98 0.2063947922649818
99 0.20964962665134979
100 0.21003254834386367
101 0.2129044610377178
102 0.21807390388665518
103 0.22420065096687727
104 0.22975301550832855
105 0.2309017805858702
106 0.23205054566341182
107 0.23511391920352287
108 0.234730997511009
109 0.23913459697491862
110 0.24028336205246026
111 0.24238943136128663
112 0.24104920543748803
113 0.24162358797625885
114 0.24181504882251578
115 0.24526134405514072
116 0.25062224775033504
117 0.24889910013402258
118 0.25062224775033504
119 0.25196247367413366
120 0.2533026995979322
121 0.25387708213670307
122 0.25674899483055713
123 0.25770629906184184
124 0.257323377369328
125 0.2584721424468696
126 0.2626842810645223
127 0.26670495883591805
128 0.26670495883591805
129 0.27110855829982766
130 0.27666092284127897
131 0.2776182270725637
132 0.2787669921501053
133 0.28355351330652884
134 0.2868083476928968
135 0.28795711277043845
136 0.2871912693854107
137 0.292552173080605
138 0.29408385985066055
139 0.29695577254451466
140 0.2981045376220563
141 0.3000191460846257
142 0.3042312847022784
143 0.3076775799349033
144 0.3090178058587019
145 0.30920926670495885
146 0.3071031973961325
147 0.3069117365498755
148 0.30748611908864637
149 0.3084434233199311
150 0.30729465824238944
151 0.3067202757036186
152 0.3095921883974727
153 0.30997511008998657
154 0.31074095347501435
155 0.3122726402450699
156 0.3122726402450699
157 0.3128470227838407
158 0.311889718552556
159 0.31457017040015317
160 0.3193566915565767
161 0.31954815240283363
162 0.3251005169442849
163 0.31973961324909056
164 0.32050545663411834
165 0.32318590848171547
166 0.3251005169442849
167 0.3335247941795903
168 0.3308443423319931
169 0.3321845682557917
170 0.33026995979322227
171 0.33026995979322227
172 0.3314187248707639
173 0.3316101857170209
174 0.3360137851809305
175 0.3360137851809305
176 0.337736932797243
177 0.3413746888761248
178 0.344055140723722
179 0.34730997511009
180 0.3501818878039441
181 0.3507562703427149
182 0.3524794179590274
183 0.3497989661114302
184 0.35515986980662456
185 0.35496840896036763
186 0.35937200842427725
187 0.35994639096304804
188 0.363392686195673
189 0.3626268428106452
190 0.3620524602718744
191 0.3563086348841662
192 0.3595634692705342
193 0.36032931265556195
194 0.36358414704192993
195 0.369710894122152
196 0.36741336396706875
197 0.3653072946582424
198 0.3641585295807008
199 0.3677962856595826
200 0.369710894122152
201 0.3704767375071798
202 0.3710511200459506
203 0.37085965919969366
204 0.36798774650583954
205 0.3710511200459506
206 0.36990235496840895
207 0.36932797242963816
208 0.37698640627991575
209 0.38119854489756844
210 0.38062416235879765
211 0.3856021443614781
212 0.38579360520773504
213 0.38751675282404746
214 0.3880911353628183
215 0.38923990044035994
216 0.3924947348267279
217 0.3968983342906376
218 0.4005360903695194
219 0.4009190120620333
220 0.40015316867700557
221 0.4045567681409152
222 0.40627991575722766
223 0.40245069883208884
224 0.4099176718361095
225 0.40627991575722766
226 0.41106643691365113
227 0.4108749760673942
228 0.41010913268236643
229 0.4125981236837067
230 0.41489565383878996
231 0.42006509668772735
232 0.4217882443040398
233 0.4183419490714149
234 0.42389431361286617
235 0.4258089220754356
236 0.42638330461420637
237 0.4258089220754356
238 0.42466015699789394
239 0.4282979130767758
240 0.4311698257706299
241 0.43174420830940075
242 0.4330844342331993
243 0.43346735592571317
244 0.43767949454336585
245 0.43863679877465056
246 0.44131725062224775
247 0.4411257897759908
248 0.43519050354202565
249 0.4348075818495118
250 0.4390197204671645
251 0.4415087114685047
252 0.443614780777331
253 0.44476354585487266
254 0.443614780777331
255 0.4424660156997894
256 0.44323185908481716
257 0.45031591039632396
258 0.45012444955006703
259 0.45357074478269194
260 0.45816580509285854
261 0.4575914225540877
262 0.4539536664752058
263 0.46314378709553894
264 0.46352670878805285
265 0.4690790733295041
266 0.46773884740570554
267 0.46505839555810835
268 0.46352670878805285
269 0.46544131725062227
270 0.4652498564043653
271 0.46448401301933756
272 0.469461995022018
273 0.4704192992533027
274 0.4685046907907333
275 0.47022783840704574
276 0.46831322994447633
277 0.4652498564043653
278 0.4673559257131917
279 0.4719509860233582
280 0.4742485161784415
281 0.4752058204097262
282 0.472716829408386
283 0.47635458548726783
284 0.47826919394983725
285 0.47731188971855254
286 0.4780777331035803
287 0.4784606547960942
288 0.482289871721233
289 0.4788435764886081
290 0.4734826727934138
291 0.4742485161784415
292 0.4700363775607888
293 0.4698449167145319
294 0.47635458548726783
295 0.4765460463335248
296 0.4771204288722956
297 0.4815240283362052
298 0.4815240283362052
299 0.479035037334865
300 0.4771204288722956
301 0.4803752632586636
302 0.4815240283362052
303 0.4815240283362052
304 0.4840130193375455
305 0.4813325674899483
306 0.48439594103005934
307 0.4870763928776565
308 0.48994830557151064
309 0.48918246218648287
310 0.4893739230327398
311 0.48803369710894123
312 0.49684089603676046
313 0.5010530346544132
314 0.5000957304231285
315 0.5012444955006701
316 0.5062224775033506
317 0.5058395558108367
318 0.5058395558108367
319 0.5077541642734061
320 0.5066053991958644
321 0.5054566341183228
322 0.5041164081945242
323 0.5022017997319548
324 0.504882251579552
325 0.507945625119663
326 0.511391920352288
327 0.5167528240474822
328 0.5165613632012254
329 0.5157955198161975
330 0.5136894505073712
331 0.5180930499712809
332 0.5180930499712809
333 0.5184759716637948
334 0.5215393452039058
335 0.5156040589699407
336 0.5136894505073712
337 0.5136894505073712
338 0.5127321462760865
339 0.511200459506031
340 0.5119663028910588
341 0.5152211372774268
342 0.5201991192801072
343 0.523836875358989
344 0.5226881102814475
345 0.5211564235113919
346 0.520773501818878
347 0.5257514838215585
348 0.5284319356691557
349 0.5263258663603293
350 0.5322611525942945
351 0.5309209266704958
352 0.5303465441317251
353 0.5313038483630098
354 0.5364732912119472
355 0.5351330652881485
356 0.5364732912119472
357 0.5364732912119472
358 0.5395366647520582
359 0.5391537430595443
360 0.5381964388282596
361 0.539919586444572
362 0.5380049779820026
363 0.5391537430595443
364 0.5439402642159679
365 0.5427914991384262
366 0.5454719509860234
367 0.5460463335247941
368 0.5437488033697109
369 0.5427914991384262
370 0.5426000382921693
371 0.5439402642159679
372 0.5447061076009956
373 0.5420256557533984
374 0.5437488033697109
375 0.546812176909822
376 0.5491097070649053
377 0.5521730806050162
378 0.5523645414512732
379 0.5533218456825579
380 0.5537047673750718
381 0.5517901589125024
382 0.5581083668389815
383 0.5550449932988704
384 0.55944859276278
385 0.5604058969940647
386 0.5646180356117174
387 0.5663411832280298
388 0.5715106260769672
389 0.5778288340034463
390 0.5732337736932798
391 0.5722764694619951
392 0.5764886080796477
393 0.575339843002106
394 0.5784032165422172
395 0.5728508520007658
396 0.5730423128470228
397 0.5757227646946199
398 0.5761056863871339
399 0.5722764694619951
400 0.5732337736932798
401 0.5751483821558492
402 0.5784032165422172
403 0.5862531112387517
404 0.5829982768523837
405 0.5789775990809879
406 0.5791690599272449
407 0.5715106260769672
408 0.5741910779245645
409 0.575339843002106
410 0.5747654604633352
411 0.578594677388474
412 0.5826153551598698
413 0.5828068160061267
414 0.5824238943136129
415 0.5849128853149531
416 0.581849511774842
417 0.5776373731571893
418 0.5778288340034463
419 0.5803178250047866
420 0.5805092858510434
421 0.5835726593911545
422 0.5829982768523837
423 0.5793605207735019
424 0.5847214244686961
425 0.5808922075435573
426 0.5866360329312655
427 0.5895079456251197
428 0.5921883974727168
429 0.5942944667815432
430 0.5977407620141681
431 0.5964005360903695
432 0.6008041355542791
433 0.6027187440168486
434 0.5992724487842236
435 0.5988895270917097
436 0.6021443614780777
437 0.6009955964005361
438 0.6008041355542791
439 0.5990809879379667
440 0.5985066053991959
441 0.6021443614780777
442 0.6025272831705916
443 0.5950603101665709
444 0.5952517710128279
445 0.5998468313229944
446 0.5994639096304806
447 0.5994639096304806
448 0.5992724487842236
449 0.5996553704767376
450 0.5960176143978556
451 0.5929542408577446
452 0.5965919969366265
453 0.5985066053991959
454 0.6008041355542791
455 0.604633352479418
456 0.6071223434807582
457 0.6088454910970706
458 0.6078881868657859
459 0.6121003254834386
460 0.6090369519433276
461 0.6096113344820984
462 0.613823473099751
463 0.6147807773310358
464 0.6147807773310358
465 0.610951560405897
466 0.6159295424085774
467 0.6147807773310358
468 0.6159295424085774
469 0.6168868466398622
470 0.620524602718744
471 0.6130576297147233
472 0.6128661688684663
473 0.617461229178633
474 0.6159295424085774
475 0.6121003254834386
476 0.6128661688684663
477 0.617461229178633
478 0.6233965154125981
479 0.6220562894887995
480 0.6243538196438828
481 0.6189929159486884
482 0.6161210032548344
483 0.6188014551024316
484 0.6151636990235497
485 0.6189929159486884
486 0.620716063565001
487 0.6230135937200842
488 0.620716063565001
489 0.620716063565001
490 0.6195672984874593
491 0.6197587593337163
492 0.6180356117174038
493 0.6189929159486884
494 0.6255025847214245
495 0.6256940455676814
496 0.6270342714914799
497 0.6291403408003063
498 0.6256940455676814
499 0.6216733677962857
500 0.6322037143404173
501 0.6323951751866743
502 0.6369902354968409
503 0.6320122534941605
504 0.630097645031591
505 0.6297147233390772
506 0.6297147233390772
507 0.6325866360329313
508 0.6345012444955007
509 0.6360329312655562
510 0.6383304614206394
511 0.6343097836492437
512 0.6402450698832088
513 0.6383304614206394
514 0.6325866360329313
515 0.6343097836492437
516 0.630097645031591
517 0.6256940455676814
518 0.6272257323377369
519 0.6308634884166188
520 0.6385219222668964
521 0.6383304614206394
522 0.6373731571893547
523 0.6377560788818687
524 0.6392877656519241
525 0.6346927053417576
526 0.6396706873444381
527 0.6379475397281256
528 0.6373731571893547
529 0.6390963048056673
530 0.6419682174995214
531 0.6444572085008615
532 0.6448401301933755
533 0.6408194524219797
534 0.6421596783457783
535 0.6438828259620908
536 0.6442657476546046
537 0.6413938349607505
538 0.6442657476546046
539 0.6461803561171741
540 0.6480949645797435
541 0.6500095730423129
542 0.652498564043653
543 0.652498564043653
544 0.6532644074286809
545 0.6544131725062224
546 0.6532644074286809
547 0.6502010338885698
548 0.6500095730423129
549 0.6484778862722573
550 0.6459888952709171
551 0.6515412598123683
552 0.6484778862722573
553 0.6521156423511392
554 0.6500095730423129
555 0.6553704767375071
556 0.6534558682749377
557 0.6503924947348267
558 0.6515412598123683
559 0.6503924947348267
560 0.6511583381198545
561 0.65269002488991
562 0.65269002488991
563 0.6570936243538197
564 0.659199693662646
565 0.6634118322802987
566 0.6626459888952709
567 0.6618801455102431
568 0.6639862148190695
569 0.6601569978939307
570 0.6551790158912503
571 0.6599655370476738
572 0.6578594677388474
573 0.6611143021252154
574 0.662454528049014
575 0.6666666666666666
576 0.6618801455102431
577 0.6632203714340418
578 0.6622630672027571
579 0.6634118322802987
580 0.6674325100516945
581 0.6743251005169443
582 0.6716446486693471
583 0.671836109515604
584 0.6681983534367222
585 0.668581275129236
586 0.6630289105877848
587 0.6636032931265556
588 0.6595826153551598
589 0.6613057629714724
590 0.6618801455102431
591 0.6632203714340418
592 0.6676239708979513
593 0.6699215010530346
594 0.668772735975493
595 0.6670495883591806
596 0.6664752058204098
597 0.668581275129236
598 0.668581275129236
599 0.6662837449741528
600 0.6630289105877848
601 0.6659008232816389
602 0.6678154317442083
603 0.6697300402067777
604 0.6680068925904652
605 0.6701129618992916
606 0.6681983534367222
607 0.6697300402067777
608 0.6683898142829792
609 0.6706873444380624
610 0.6668581275129236
611 0.6714531878230902
612 0.6743251005169443
613 0.6714531878230902
614 0.6689641968217499
615 0.6708788052843193
616 0.6708788052843193
617 0.6773884740570554
618 0.6756653264407428
619 0.6791116216733678
620 0.6789201608271108
621 0.6793030825196248
622 0.6804518475971664
623 0.6798774650583955
624 0.6758567872869998
625 0.6756653264407428
626 0.6796860042121387
627 0.6827493777522496
628 0.6781543174420831
629 0.6793030825196248
630 0.678728699980854
631 0.6808347692896802
632 0.6816006126747081
633 0.6812176909821941
634 0.6821749952134788
635 0.6831322994447635
636 0.6747080222094581
637 0.6773884740570554
638 0.6812176909821941
639 0.6844725253685622
640 0.6840896036760482
641 0.6854298295998469
642 0.6900248899100134
643 0.691556576680069
644 0.6898334290637564
645 0.6890675856787287
646 0.6871529772161593
647 0.6858127512923607
648 0.6850469079073329
649 0.6838981428297913
650 0.6877273597549302
651 0.6863871338311315
652 0.6831322994447635
653 0.6877273597549302
654 0.6894505073712426
655 0.6823664560597358
656 0.6858127512923607
657 0.6842810645223052
658 0.6842810645223052
659 0.6837066819835343
660 0.6806433084434234
661 0.6816006126747081
662 0.6858127512923607
663 0.6821749952134788
664 0.6804518475971664
665 0.6731763354394027
666 0.6775799349033123
667 0.6760482481332567
668 0.6810262301359372
669 0.6748994830557151
670 0.672027570361861
671 0.6743251005169443
672 0.6724104920543749
673 0.6691556576680069
674 0.6681983534367222
675 0.6712617269768333
676 0.6670495883591806
677 0.671836109515604
678 0.6701129618992916
679 0.6739421788244304
680 0.675282404748229
681 0.6777713957495692
682 0.6817920735209649
683 0.6747080222094581
684 0.6689641968217499
685 0.6756653264407428
686 0.6850469079073329
687 0.6858127512923607
688 0.6892590465249856
689 0.6898334290637564
690 0.6800689259046525
691 0.6838981428297913
692 0.6860042121386176
693 0.6898334290637564
694 0.6902163507562703
695 0.6907907332950411
696 0.6902163507562703
697 0.6927053417576106
698 0.6938541068351523
699 0.6955772544514647
700 0.6923224200650967
