1 0.0003829216925138809
2 0.0003829216925138809
3 0.0003829216925138809
4 0.0007658433850277618
5 0.0009573042312847023
6 0.0009573042312847023
7 0.0009573042312847023
8 0.0009573042312847023
9 0.0007658433850277618
10 0.0003829216925138809
11 0.0003829216925138809
12 0.0005743825387708214
13 0.0005743825387708214
14 0.0005743825387708214
15 0.0003829216925138809
16 0.0003829216925138809
17 0.0003829216925138809
18 0.0003829216925138809
19 0.0005743825387708214
20 0.0005743825387708214
21 0.0003829216925138809
22 0.0005743825387708214
23 0.0005743825387708214
24 0.0005743825387708214
25 0.0009573042312847023
26 0.0009573042312847023
27 0.0009573042312847023
28 0.0011487650775416428
29 0.0009573042312847023
30 0.0011487650775416428
31 0.0013402259237985832
32 0.0017231476163124641
33 0.0017231476163124641
34 0.0019146084625694046
35 0.002106069308826345
36 0.002106069308826345
37 0.002106069308826345
38 0.0019146084625694046
39 0.0019146084625694046
40 0.0019146084625694046
41 0.0017231476163124641
42 0.0022975301550832855
43 0.002488991001340226
44 0.002488991001340226
45 0.002488991001340226
46 0.0026804518475971664
47 0.002871912693854107
48 0.002871912693854107
49 0.002871912693854107
50 0.002871912693854107
51 0.0026804518475971664
52 0.0026804518475971664
53 0.0026804518475971664
54 0.002488991001340226
55 0.002488991001340226
56 0.0026804518475971664
57 0.0030633735401110473
58 0.002871912693854107
59 0.002871912693854107
60 0.0026804518475971664
61 0.0030633735401110473
62 0.0034462952326249283
63 0.00402067777139575
64 0.0044035994639096306
65 0.00402067777139575
66 0.00402067777139575
67 0.004595060310166571
68 0.0044035994639096306
69 0.0044035994639096306
70 0.00421213861765269
71 0.00402067777139575
72 0.003829216925138809
73 0.00421213861765269
74 0.0044035994639096306
75 0.0044035994639096306
76 0.0047865211564235115
77 0.004595060310166571
78 0.005169442848937392
79 0.005169442848937392
80 0.005552364541451273
81 0.005169442848937392
82 0.005169442848937392
83 0.005552364541451273
84 0.005360903695194333
85 0.005743825387708214
86 0.006318207926479035
87 0.006509668772735976
88 0.005743825387708214
89 0.006126747080222095
90 0.006318207926479035
91 0.006509668772735976
92 0.006318207926479035
93 0.006701129618992916
94 0.007084051311506797
95 0.0072755121577637374
96 0.007849894696534559
97 0.0080413555427915
98 0.00842427723530538
99 0.007849894696534559
100 0.0072755121577637374
101 0.0080413555427915
102 0.008998659774076202
103 0.009764503159103963
104 0.008998659774076202
105 0.009573042312847023
106 0.009190120620333142
107 0.009573042312847023
108 0.009955964005360904
109 0.010721807390388666
110 0.010721807390388666
111 0.009955964005360904
112 0.009955964005360904
113 0.009764503159103963
114 0.010338885697874785
115 0.010530346544131725
116 0.011296189929159487
117 0.010913268236645606
118 0.010147424851617844
119 0.010338885697874785
120 0.010147424851617844
121 0.010721807390388666
122 0.011487650775416428
123 0.011679111621673368
124 0.011679111621673368
125 0.011679111621673368
126 0.01282787669921501
127 0.01244495500670113
128 0.01225349416044419
129 0.01263641585295807
130 0.013402259237985832
131 0.013593720084242773
132 0.013019337545471951
133 0.013019337545471951
134 0.01244495500670113
135 0.01263641585295807
136 0.013402259237985832
137 0.013210798391728892
138 0.01263641585295807
139 0.013210798391728892
140 0.013593720084242773
141 0.013785180930499713
142 0.013402259237985832
143 0.013210798391728892
144 0.013593720084242773
145 0.01282787669921501
146 0.01263641585295807
147 0.01244495500670113
148 0.01225349416044419
149 0.011870572467930308
150 0.01263641585295807
151 0.013019337545471951
152 0.013019337545471951
153 0.013402259237985832
154 0.013785180930499713
155 0.014551024315527475
156 0.014359563469270534
157 0.014359563469270534
158 0.014359563469270534
159 0.014551024315527475
160 0.014551024315527475
161 0.014168102623013594
162 0.014742485161784415
163 0.014933946008041356
164 0.015891250239326058
165 0.015316867700555237
166 0.015125406854298296
167 0.015316867700555237
168 0.014551024315527475
169 0.014742485161784415
170 0.014742485161784415
171 0.015125406854298296
172 0.015125406854298296
173 0.015699789393069118
174 0.015125406854298296
175 0.014551024315527475
176 0.014742485161784415
177 0.015508328546812177
178 0.014742485161784415
179 0.014551024315527475
180 0.015125406854298296
181 0.015891250239326058
182 0.015891250239326058
183 0.015316867700555237
184 0.015699789393069118
185 0.015699789393069118
186 0.015316867700555237
187 0.015316867700555237
188 0.015508328546812177
189 0.015316867700555237
190 0.015699789393069118
191 0.014933946008041356
192 0.015508328546812177
193 0.015125406854298296
194 0.014933946008041356
195 0.014933946008041356
196 0.014359563469270534
197 0.014168102623013594
198 0.014359563469270534
199 0.014933946008041356
200 0.014742485161784415
201 0.014551024315527475
202 0.015125406854298296
203 0.015508328546812177
204 0.015508328546812177
205 0.015508328546812177
206 0.015699789393069118
207 0.015508328546812177
208 0.015891250239326058
209 0.015125406854298296
210 0.014551024315527475
211 0.013785180930499713
212 0.013593720084242773
213 0.013785180930499713
214 0.013593720084242773
215 0.014168102623013594
216 0.014168102623013594
217 0.014551024315527475
218 0.014551024315527475
219 0.014551024315527475
220 0.015125406854298296
221 0.014551024315527475
222 0.015508328546812177
223 0.015316867700555237
224 0.014359563469270534
225 0.014742485161784415
226 0.015316867700555237
227 0.015125406854298296
228 0.014742485161784415
229 0.014359563469270534
230 0.014359563469270534
231 0.014359563469270534
232 0.013785180930499713
233 0.013402259237985832
234 0.013593720084242773
235 0.013785180930499713
236 0.014359563469270534
237 0.015125406854298296
238 0.014551024315527475
239 0.014168102623013594
240 0.014168102623013594
241 0.015316867700555237
242 0.015316867700555237
243 0.014742485161784415
244 0.014742485161784415
245 0.014359563469270534
246 0.014168102623013594
247 0.013976641776756654
248 0.013593720084242773
249 0.013402259237985832
250 0.013976641776756654
251 0.013402259237985832
252 0.013785180930499713
253 0.013785180930499713
254 0.014359563469270534
255 0.014551024315527475
256 0.013785180930499713
257 0.014359563469270534
258 0.014359563469270534
259 0.014551024315527475
260 0.014551024315527475
261 0.014551024315527475
262 0.014551024315527475
263 0.014933946008041356
264 0.015316867700555237
265 0.015891250239326058
266 0.015699789393069118
267 0.015891250239326058
268 0.01646563277809688
269 0.01646563277809688
270 0.01684855447061076
271 0.015508328546812177
272 0.015125406854298296
273 0.014742485161784415
274 0.014933946008041356
275 0.015316867700555237
276 0.014168102623013594
277 0.014933946008041356
278 0.013402259237985832
279 0.013402259237985832
280 0.013402259237985832
281 0.013019337545471951
282 0.01225349416044419
283 0.012062033314187249
284 0.012062033314187249
285 0.01263641585295807
286 0.013976641776756654
287 0.014168102623013594
288 0.014168102623013594
289 0.014168102623013594
290 0.014933946008041356
291 0.015508328546812177
292 0.014742485161784415
293 0.014742485161784415
294 0.014551024315527475
295 0.015125406854298296
296 0.014742485161784415
297 0.015125406854298296
298 0.015508328546812177
299 0.015125406854298296
300 0.015316867700555237
301 0.014359563469270534
302 0.014742485161784415
303 0.014359563469270534
304 0.015125406854298296
305 0.014933946008041356
306 0.014742485161784415
307 0.015125406854298296
308 0.015316867700555237
309 0.015316867700555237
310 0.015891250239326058
311 0.015508328546812177
312 0.015508328546812177
313 0.015699789393069118
314 0.015316867700555237
315 0.014742485161784415
316 0.013976641776756654
317 0.013785180930499713
318 0.013976641776756654
319 0.014168102623013594
320 0.014933946008041356
321 0.015508328546812177
322 0.015316867700555237
323 0.015508328546812177
324 0.01646563277809688
325 0.01646563277809688
326 0.015891250239326058
327 0.01646563277809688
328 0.01665709362435382
329 0.01665709362435382
330 0.014933946008041356
331 0.015125406854298296
332 0.014933946008041356
333 0.014742485161784415
334 0.014551024315527475
335 0.014551024315527475
336 0.014742485161784415
337 0.015316867700555237
338 0.015508328546812177
339 0.015125406854298296
340 0.014933946008041356
341 0.014933946008041356
342 0.015125406854298296
343 0.015316867700555237
344 0.015891250239326058
345 0.015125406854298296
346 0.014933946008041356
347 0.015316867700555237
348 0.015508328546812177
349 0.015508328546812177
350 0.015316867700555237
351 0.015125406854298296
352 0.015125406854298296
353 0.015316867700555237
354 0.015125406854298296
355 0.015125406854298296
356 0.015699789393069118
357 0.015891250239326058
358 0.015891250239326058
359 0.01646563277809688
360 0.015891250239326058
361 0.015508328546812177
362 0.015125406854298296
363 0.014359563469270534
364 0.014742485161784415
365 0.015125406854298296
366 0.015125406854298296
367 0.014551024315527475
368 0.014742485161784415
369 0.014742485161784415
370 0.015125406854298296
371 0.015125406854298296
372 0.015508328546812177
373 0.014742485161784415
374 0.014168102623013594
375 0.014551024315527475
376 0.014168102623013594
377 0.014933946008041356
378 0.013976641776756654
379 0.013976641776756654
380 0.014742485161784415
381 0.013976641776756654
382 0.014168102623013594
383 0.013976641776756654
384 0.014359563469270534
385 0.014551024315527475
386 0.013593720084242773
387 0.013402259237985832
388 0.013976641776756654
389 0.014168102623013594
390 0.014742485161784415
391 0.014168102623013594
392 0.013593720084242773
393 0.013976641776756654
394 0.014168102623013594
395 0.014551024315527475
396 0.014551024315527475
397 0.014742485161784415
398 0.015125406854298296
399 0.015891250239326058
400 0.015699789393069118
401 0.016082711085583
402 0.01627417193183994
403 0.015699789393069118
404 0.015316867700555237
405 0.015316867700555237
406 0.015125406854298296
407 0.015699789393069118
408 0.015891250239326058
409 0.01627417193183994
410 0.016082711085583
411 0.01627417193183994
412 0.015891250239326058
413 0.015316867700555237
414 0.014933946008041356
415 0.014359563469270534
416 0.014742485161784415
417 0.014551024315527475
418 0.014359563469270534
419 0.013402259237985832
420 0.013593720084242773
421 0.013210798391728892
422 0.013402259237985832
423 0.014359563469270534
424 0.015125406854298296
425 0.014933946008041356
426 0.014359563469270534
427 0.014933946008041356
428 0.014933946008041356
429 0.015508328546812177
430 0.015125406854298296
431 0.015316867700555237
432 0.015316867700555237
433 0.015125406854298296
434 0.015508328546812177
435 0.015125406854298296
436 0.015125406854298296
437 0.014168102623013594
438 0.014551024315527475
439 0.014933946008041356
440 0.014168102623013594
441 0.014551024315527475
442 0.014742485161784415
443 0.014933946008041356
444 0.014168102623013594
445 0.013402259237985832
446 0.01282787669921501
447 0.013019337545471951
448 0.013019337545471951
449 0.013210798391728892
450 0.013593720084242773
451 0.013785180930499713
452 0.013593720084242773
453 0.014168102623013594
454 0.013785180930499713
455 0.013593720084242773
456 0.013402259237985832
457 0.013593720084242773
458 0.013785180930499713
459 0.014168102623013594
460 0.014359563469270534
461 0.014933946008041356
462 0.014551024315527475
463 0.015125406854298296
464 0.015125406854298296
465 0.015125406854298296
466 0.015125406854298296
467 0.015316867700555237
468 0.014742485161784415
469 0.013210798391728892
470 0.014168102623013594
471 0.014742485161784415
472 0.014359563469270534
473 0.013976641776756654
474 0.014933946008041356
475 0.014359563469270534
476 0.014933946008041356
477 0.014742485161784415
478 0.014551024315527475
479 0.014551024315527475
480 0.014168102623013594
481 0.013785180930499713
482 0.013976641776756654
483 0.013785180930499713
484 0.014742485161784415
485 0.015125406854298296
486 0.015125406854298296
487 0.014742485161784415
488 0.014168102623013594
489 0.013785180930499713
490 0.013976641776756654
491 0.014168102623013594
492 0.014933946008041356
493 0.013785180930499713
494 0.01244495500670113
495 0.013402259237985832
496 0.01263641585295807
497 0.013210798391728892
498 0.013402259237985832
499 0.01282787669921501
500 0.013402259237985832
501 0.014168102623013594
502 0.014742485161784415
503 0.014551024315527475
504 0.014168102623013594
505 0.01282787669921501
506 0.01225349416044419
507 0.013402259237985832
508 0.013785180930499713
509 0.014168102623013594
510 0.014168102623013594
511 0.014359563469270534
512 0.013402259237985832
513 0.013210798391728892
514 0.01244495500670113
515 0.013019337545471951
516 0.01263641585295807
517 0.01282787669921501
518 0.013210798391728892
519 0.013785180930499713
520 0.013785180930499713
521 0.013785180930499713
522 0.013210798391728892
523 0.013402259237985832
524 0.01282787669921501
525 0.01282787669921501
526 0.013019337545471951
527 0.013402259237985832
528 0.014168102623013594
529 0.014359563469270534
530 0.014168102623013594
531 0.014742485161784415
532 0.015316867700555237
533 0.014551024315527475
534 0.015125406854298296
535 0.015508328546812177
536 0.015699789393069118
537 0.015508328546812177
538 0.015125406854298296
539 0.014168102623013594
540 0.014742485161784415
541 0.014359563469270534
542 0.014168102623013594
543 0.014551024315527475
544 0.014742485161784415
545 0.013976641776756654
546 0.014359563469270534
547 0.014359563469270534
548 0.014551024315527475
549 0.013402259237985832
550 0.013402259237985832
551 0.013019337545471951
552 0.014168102623013594
553 0.014168102623013594
554 0.014933946008041356
555 0.014933946008041356
556 0.014168102623013594
557 0.014168102623013594
558 0.014359563469270534
559 0.014359563469270534
560 0.014933946008041356
561 0.014551024315527475
562 0.013593720084242773
563 0.014168102623013594
564 0.014742485161784415
565 0.014551024315527475
566 0.015125406854298296
567 0.015316867700555237
568 0.015508328546812177
569 0.014551024315527475
570 0.015125406854298296
571 0.015508328546812177
572 0.015125406854298296
573 0.014933946008041356
574 0.014933946008041356
575 0.014933946008041356
576 0.014742485161784415
577 0.014551024315527475
578 0.014168102623013594
579 0.014551024315527475
580 0.014551024315527475
581 0.015125406854298296
582 0.014359563469270534
583 0.014742485161784415
584 0.014551024315527475
585 0.013976641776756654
586 0.013593720084242773
587 0.014168102623013594
588 0.014168102623013594
589 0.014551024315527475
590 0.014359563469270534
591 0.013785180930499713
592 0.013402259237985832
593 0.013019337545471951
594 0.013210798391728892
595 0.013593720084242773
596 0.013593720084242773
597 0.013210798391728892
598 0.01282787669921501
599 0.013210798391728892
600 0.013785180930499713
601 0.013593720084242773
602 0.013593720084242773
603 0.014168102623013594
604 0.014551024315527475
605 0.014551024315527475
606 0.014742485161784415
607 0.014933946008041356
608 0.014551024315527475
609 0.014933946008041356
610 0.015316867700555237
611 0.014359563469270534
612 0.013785180930499713
613 0.014168102623013594
614 0.013976641776756654
615 0.013402259237985832
616 0.014359563469270534
617 0.013976641776756654
618 0.013785180930499713
619 0.013976641776756654
620 0.013593720084242773
621 0.013210798391728892
622 0.013210798391728892
623 0.013210798391728892
624 0.013210798391728892
625 0.013785180930499713
626 0.014168102623013594
627 0.014742485161784415
628 0.014168102623013594
629 0.014168102623013594
630 0.015125406854298296
631 0.014742485161784415
632 0.014742485161784415
633 0.015125406854298296
634 0.015316867700555237
635 0.014742485161784415
636 0.014742485161784415
637 0.015125406854298296
638 0.014933946008041356
639 0.015316867700555237
640 0.015125406854298296
641 0.014742485161784415
642 0.015125406854298296
643 0.015508328546812177
644 0.015699789393069118
645 0.01646563277809688
646 0.01627417193183994
647 0.01646563277809688
648 0.01646563277809688
649 0.015508328546812177
650 0.01627417193183994
651 0.016082711085583
652 0.015699789393069118
653 0.015891250239326058
654 0.015891250239326058
655 0.01646563277809688
656 0.01646563277809688
657 0.01646563277809688
658 0.015699789393069118
659 0.016082711085583
660 0.01627417193183994
661 0.015699789393069118
662 0.015699789393069118
663 0.015125406854298296
664 0.014933946008041356
665 0.014933946008041356
666 0.014359563469270534
667 0.013976641776756654
668 0.014551024315527475
669 0.013785180930499713
670 0.014933946008041356
671 0.014742485161784415
672 0.015125406854298296
673 0.014742485161784415
674 0.014933946008041356
675 0.015508328546812177
676 0.015508328546812177
677 0.015891250239326058
678 0.015699789393069118
679 0.016082711085583
680 0.016082711085583
681 0.016082711085583
682 0.015891250239326058
683 0.015891250239326058
684 0.015508328546812177
685 0.015316867700555237
686 0.015125406854298296
687 0.015316867700555237
688 0.015699789393069118
689 0.015699789393069118
690 0.016082711085583
691 0.01646563277809688
692 0.016082711085583
693 0.01627417193183994
694 0.015316867700555237
695 0.015508328546812177
696 0.014742485161784415
697 0.014933946008041356
698 0.014359563469270534
699 0.013785180930499713
700 0.014551024315527475
