1 0.0003829216925138809
2 0.0009573042312847023
3 0.0011487650775416428
4 0.0013402259237985832
5 0.0013402259237985832
6 0.0013402259237985832
7 0.002871912693854107
8 0.0034462952326249283
9 0.00421213861765269
10 0.00421213861765269
11 0.006701129618992916
12 0.00823281638904844
13 0.009573042312847023
14 0.013019337545471951
15 0.014359563469270534
16 0.015891250239326058
17 0.017997319548152403
18 0.02067777139574957
19 0.023166762397089796
20 0.026804518475971664
21 0.030250813708596593
22 0.03197396132490905
23 0.03427149147999234
24 0.03580317825004786
25 0.03848363009764503
26 0.041164081945242195
27 0.04269576871529772
28 0.04633352479417959
29 0.0501627417193184
30 0.053417576105686385
31 0.057246793030825194
32 0.05743825387708214
33 0.05954432318590848
34 0.06509668772735976
35 0.06796860042121386
36 0.07179781734635267
37 0.07562703427149148
38 0.07754164273406089
39 0.07926479035037334
40 0.08366838981428298
41 0.08539153743059544
42 0.08864637181696343
43 0.09056098027953284
44 0.09381581466590082
45 0.09687918820601187
46 0.09841087497606739
47 0.0974535707447827
48 0.09917671836109515
49 0.10377177867126172
50 0.10453762205628948
51 0.10568638713383113
52 0.11066436913651158
53 0.11123875167528241
54 0.11315336013785181
55 0.11525942944667815
56 0.1164081945242198
57 0.11947156806433085
58 0.122152019911928
59 0.12502393260578212
60 0.128661688684664
61 0.13000191460846258
62 0.13249090560980278
63 0.13478843576488608
64 0.13689450507371242
65 0.13746888761248324
66 0.1411066436913651
67 0.14263833046142063
68 0.14321271300019145
69 0.14455293892399004
70 0.14608462569404557
71 0.14895653838789968
72 0.14972238177292743
73 0.15182845108175377
74 0.1533601378518093
75 0.1547003637756079
76 0.15221137277426766
77 0.15297721615929544
78 0.15680643308443423
79 0.16121003254834387
80 0.1614014933946008
81 0.16503924947348267
82 0.1656136320122535
83 0.1684855447061076
84 0.1698257706299062
85 0.17135745739996172
86 0.17250622247750336
87 0.17729274363392686
88 0.17748420448018382
89 0.18093049971280872
90 0.18227072563660732
91 0.18514263833046143
92 0.18495117748420448
93 0.18801455102431552
94 0.18935477694811412
95 0.18858893356308634
96 0.18705724679303082
97 0.18858893356308634
98 0.19107792456442657
99 0.19663028910587785
100 0.19624736741336396
101 0.19777905418341948
102 0.202565575339843
103 0.20428872295615547
104 0.20122534941604442
105 0.2035228795711277
106 0.20888378326632204
107 0.2111813134214053
108 0.21501053034654413
109 0.2209458165805093
110 0.2209458165805093
111 0.22132873827302316
112 0.2205628948879954
113 0.22362626842810646
114 0.22458357265939116
115 0.22554087689067587
116 0.23262492820218264
117 0.234730997511009
118 0.23683706681983535
119 0.2389431361286617
120 0.23836875358989087
121 0.24162358797625885
122 0.2408577445912311
123 0.24009190120620333
124 0.24487842236262683
125 0.24775033505648095
126 0.2502393260578212
127 0.2513880911353628
128 0.2550258472142447
129 0.26057821175569595
130 0.2619184376794945
131 0.2598123683706682
132 0.2619184376794945
133 0.26421596783457785
134 0.2688110281447444
135 0.27283170591614014
136 0.27723530538004976
137 0.2822132873827302
138 0.2801072180739039
139 0.28431935669155656
140 0.2858510434616121
141 0.28451081753781354
142 0.2864254260003829
143 0.28948879954049395
144 0.2891058778479801
145 0.2902546429255217
146 0.2938923990044036
147 0.2952326249282022
148 0.2973386942370285
149 0.2988703810070841
150 0.29925330269959793
151 0.3032739804709937
152 0.3057629714723339
153 0.3067202757036186
154 0.3067202757036186
155 0.3069117365498755
156 0.3109324143212713
157 0.31610185717020867
158 0.3180164656327781
159 0.3199310740953475
160 0.32299444763545854
161 0.3254834386367988
162 0.3272065862531112
163 0.3314187248707639
164 0.3321845682557917
165 0.3298870381007084
166 0.33467355925713194
167 0.3398430021060693
168 0.3398430021060693
169 0.33390771587210416
170 0.3392686195672985
171 0.34348075818495116
172 0.3388856978747846
173 0.3392686195672985
174 0.34080030633735403
175 0.33907715872104155
176 0.3411832280298679
177 0.344055140723722
178 0.34099176718361096
179 0.344055140723722
180 0.3465441317250622
181 0.34673559257131914
182 0.3501818878039441
183 0.3543940264215968
184 0.35611717403790927
185 0.35573425234539535
186 0.3565000957304231
187 0.35898908673176333
188 0.3607122343480758
189 0.36569021635075627
190 0.36645605973578405
191 0.36703044227455484
192 0.3668389814282979
193 0.3700938158146659
194 0.37430595443231857
195 0.37507179781734634
196 0.3766034845874019
197 0.3748803369710894
198 0.376220562894888
199 0.38043270151254066
200 0.3810070840513115
201 0.3842619184376795
202 0.3846448401301934
203 0.3856021443614781
204 0.3836875358989087
205 0.3861765269002489
206 0.38828259620907524
207 0.3917288914417002
208 0.39192035228795713
209 0.38828259620907524
210 0.3903886655179016
211 0.39383496075052654
212 0.39364349990426956
213 0.3898142829791308
214 0.39364349990426956
215 0.3961324909056098
216 0.39536664752058204
217 0.3915374305954432
218 0.3903886655179016
219 0.39268619567298485
220 0.39287765651924184
221 0.3942178824430404
222 0.3965154125981237
223 0.39364349990426956
224 0.39211181313421406
225 0.39555810836683897
226 0.3942178824430404
227 0.3974727168294084
228 0.39919586444572086
229 0.3980470993681792
230 0.39919586444572086
231 0.3995787861382347
232 0.4005360903695194
233 0.39919586444572086
234 0.3974727168294084
235 0.4037909247558874
236 0.40532261152594296
237 0.40245069883208884
238 0.39881294275320694
239 0.3978556385219223
240 0.39919586444572086
241 0.40015316867700557
242 0.4030250813708597
243 0.40589699406471375
244 0.40493968983342904
245 0.4055140723721999
246 0.40781160252728316
247 0.40627991575722766
248 0.41049205437488034
249 0.40781160252728316
250 0.40493968983342904
251 0.4081945242197971
252 0.4099176718361095
253 0.41202374114493584
254 0.4093432892973387
255 0.41049205437488034
256 0.41240666283744976
257 0.41757610568638714
258 0.41929925330269957
259 0.4206394792264982
260 0.4248516178441509
261 0.42657476546046336
262 0.4302125215393452
263 0.43231859084817154
264 0.4273406088454911
265 0.42714914799923415
266 0.4250430786904078
267 0.4279149913842619
268 0.4284893739230327
269 0.42466015699789394
270 0.4235113919203523
271 0.4208309400727551
272 0.4196821749952135
273 0.4235113919203523
274 0.4273406088454911
275 0.4311698257706299
276 0.4294466781543174
277 0.4328929733869424
278 0.43097836492437297
279 0.43155274746314376
280 0.43327589507945624
281 0.43365881677197016
282 0.43251005169442847
283 0.43595634692705343
284 0.4367221903120812
285 0.43940264215967834
286 0.44380624162358795
287 0.4426574765460463
288 0.43940264215967834
289 0.4411257897759908
290 0.4443806241623588
291 0.44399770246984493
292 0.44476354585487266
293 0.44418916331610186
294 0.4462952326249282
295 0.44572085008615736
296 0.446869615163699
297 0.44744399770246984
298 0.4505073712425809
299 0.4543365881677197
300 0.45376220562894887
301 0.4562511966302891
302 0.45739996170783076
303 0.4562511966302891
304 0.4558682749377752
305 0.4577828834003446
306 0.4600804135554279
307 0.46505839555810835
308 0.46218648286425423
309 0.4633352479417959
310 0.4619950220179973
311 0.46869615163699024
312 0.4742485161784415
313 0.4780777331035803
314 0.485544706107601
315 0.48458740187631627
316 0.48114110664369136
317 0.4813325674899483
318 0.4832471759525177
319 0.4868849320313996
320 0.48918246218648287
321 0.488608079647712
322 0.4884166188014551
323 0.4935860616503925
324 0.4945433658816772
325 0.4930116791116217
326 0.4870763928776565
327 0.48975684472525366
328 0.49339460080413555
329 0.4955006701129619
330 0.4949262875741911
331 0.49530920926670496
332 0.5004786521156424
333 0.4991384261918438
334 0.5000957304231285
335 0.5041164081945242
336 0.507945625119663
337 0.507945625119663
338 0.5119663028910588
339 0.514455293892399
340 0.511391920352288
341 0.5106260769672601
342 0.5159869806624545
343 0.5157955198161975
344 0.5117748420448018
345 0.5098602335822324
346 0.50813708596592
347 0.5123492245835727
348 0.5136894505073712
349 0.5110089986597741
350 0.5094773118897186
351 0.5167528240474822
352 0.514455293892399
353 0.5167528240474822
354 0.5102431552747463
355 0.5148382155849129
356 0.5175186674325101
357 0.5211564235113919
358 0.5232624928202183
359 0.524219797051503
360 0.5249856404365307
361 0.5211564235113919
362 0.5190503542025656
363 0.5192418150488225
364 0.5251771012827877
365 0.5263258663603293
366 0.5295807007466973
367 0.5259429446678154
368 0.5309209266704958
369 0.5380049779820026
370 0.5360903695194332
371 0.5408768906758568
372 0.540111047290829
373 0.5410683515221137
374 0.5439402642159679
375 0.5475780202948497
376 0.5475780202948497
377 0.5537047673750718
378 0.5569596017614398
379 0.5582998276852383
380 0.5600229753015509
381 0.5613632012253494
382 0.5613632012253494
383 0.5619375837641203
384 0.562511966302891
385 0.5623205054566341
386 0.5584912885314953
387 0.5682557916905993
388 0.5720850086157381
389 0.5720850086157381
390 0.5738081562320505
391 0.5717020869232242
392 0.5732337736932798
393 0.5747654604633352
394 0.5745739996170783
395 0.5749569213095922
396 0.5745739996170783
397 0.575531303848363
398 0.5749569213095922
399 0.575339843002106
400 0.5749569213095922
401 0.569404556768141
402 0.5711277043844534
403 0.5726593911545089
404 0.5736166953857936
405 0.5757227646946199
406 0.582040972621099
407 0.5816580509285851
408 0.5824238943136129
409 0.5774459123109325
410 0.5795519816197587
411 0.5797434424660157
412 0.5803178250047866
413 0.58510434616121
414 0.5766800689259046
415 0.5778288340034463
416 0.5789775990809879
417 0.575531303848363
418 0.5807007466973004
419 0.582040972621099
420 0.582040972621099
421 0.582040972621099
422 0.5845299636224393
423 0.5879762588550641
424 0.5914225540876891
425 0.5918054757802029
426 0.5908481715489182
427 0.597932222860425
428 0.6023358223243347
429 0.6031016657093624
430 0.601187057246793
431 0.6019529006318208
432 0.6004212138617653
433 0.5925713191652308
434 0.591614014933946
435 0.5954432318590848
436 0.6006126747080222
437 0.6002297530155083
438 0.5985066053991959
439 0.5941030059352862
440 0.5973578403216542
441 0.5975493011679112
442 0.6000382921692514
443 0.6021443614780777
444 0.6082711085582998
445 0.6119088646371817
446 0.6153551598698066
447 0.6189929159486884
448 0.6166953857936052
449 0.6163124641010913
450 0.6191843767949454
451 0.6165039249473483
452 0.6124832471759525
453 0.6092284127895845
454 0.6092284127895845
455 0.6057821175569597
456 0.604824813325675
457 0.601187057246793
458 0.6055906567107027
459 0.6055906567107027
460 0.604441891633161
461 0.6113344820984109
462 0.6155466207160636
463 0.6145893164847789
464 0.6128661688684663
465 0.6170783074861191
466 0.6182270725636607
467 0.6126747080222095
468 0.6168868466398622
469 0.6132490905609803
470 0.6157380815623205
471 0.6195672984874593
472 0.6170783074861191
473 0.6178441508711469
474 0.6220562894887995
475 0.6218648286425426
476 0.620524602718744
477 0.6268428106452231
478 0.6253111238751675
479 0.6281830365690216
480 0.6268428106452231
481 0.6232050545663412
482 0.6287574191077925
483 0.6233965154125981
484 0.6201416810262301
485 0.6314378709553896
486 0.6276086540302508
487 0.6274171931839939
488 0.6281830365690216
489 0.6228221328738273
490 0.6247367413363967
491 0.623779437105112
492 0.6256940455676814
493 0.6295232624928202
494 0.6297147233390772
495 0.6291403408003063
496 0.6329695577254452
497 0.630289105877848
498 0.6268428106452231
499 0.6281830365690216
500 0.6285659582615355
501 0.6226306720275704
502 0.6264598889527092
503 0.6274171931839939
504 0.6312464101091326
505 0.6283744974152786
506 0.6308634884166188
507 0.6308634884166188
508 0.6346927053417576
509 0.6360329312655562
510 0.6394792264981811
511 0.633543940264216
512 0.6293318016465633
513 0.6285659582615355
514 0.6308634884166188
515 0.633543940264216
516 0.6343097836492437
517 0.6327780968791882
518 0.6350756270342715
519 0.636798774650584
520 0.6454145127321462
521 0.6500095730423129
522 0.649243729657285
523 0.6473291211947156
524 0.6498181121960559
525 0.652881485736167
526 0.6482864254260003
527 0.6498181121960559
528 0.6482864254260003
529 0.6530729465824239
530 0.6565192418150488
531 0.655753398430021
532 0.65269002488991
533 0.655753398430021
534 0.6565192418150488
535 0.6586253111238751
536 0.6601569978939307
537 0.659391154508903
538 0.6607313804327015
539 0.6580509285851044
540 0.6517327206586253
541 0.6534558682749377
542 0.6555619375837641
543 0.6586253111238751
544 0.6609228412789585
545 0.6576680068925904
546 0.6572850852000766
547 0.6567107026613057
548 0.6563277809687919
549 0.6536473291211947
550 0.6637947539728125
551 0.6605399195864445
552 0.656136320122535
553 0.6595826153551598
554 0.6565192418150488
555 0.6599655370476738
556 0.6643691365115834
557 0.6691556576680069
558 0.6701129618992916
559 0.6699215010530346
560 0.672027570361861
561 0.6683898142829792
562 0.671836109515604
563 0.6716446486693471
564 0.6743251005169443
565 0.6829408385985066
566 0.6760482481332567
567 0.6764311698257707
568 0.6773884740570554
569 0.6760482481332567
570 0.6756653264407428
571 0.6731763354394027
572 0.6731763354394027
573 0.6664752058204098
574 0.6657093624353819
575 0.6657093624353819
576 0.6712617269768333
577 0.6680068925904652
578 0.6672410492054375
579 0.6660922841278959
580 0.6651349798966112
581 0.6630289105877848
582 0.6622630672027571
583 0.6643691365115834
584 0.668772735975493
585 0.672219031208118
586 0.668772735975493
587 0.6704958835918055
588 0.6680068925904652
589 0.6645605973578403
590 0.6618801455102431
591 0.6662837449741528
592 0.6672410492054375
593 0.6662837449741528
594 0.6645605973578403
595 0.6672410492054375
596 0.6683898142829792
597 0.6620716063565001
598 0.6641776756653265
599 0.6660922841278959
600 0.6662837449741528
601 0.6626459888952709
602 0.6595826153551598
603 0.6605399195864445
604 0.6637947539728125
605 0.6580509285851044
606 0.6641776756653265
607 0.6651349798966112
608 0.6634118322802987
609 0.6618801455102431
610 0.659199693662646
611 0.665517901589125
612 0.6689641968217499
613 0.6672410492054375
614 0.6710702661305763
615 0.6701129618992916
616 0.6691556576680069
617 0.6668581275129236
618 0.6733677962856596
619 0.6745165613632013
620 0.6710702661305763
621 0.6693471185142639
622 0.6680068925904652
623 0.665517901589125
624 0.6605399195864445
625 0.6639862148190695
626 0.6670495883591806
627 0.659391154508903
628 0.6599655370476738
629 0.6590082328163891
630 0.662454528049014
631 0.6645605973578403
632 0.665517901589125
633 0.6710702661305763
634 0.6773884740570554
635 0.6770055523645414
636 0.6733677962856596
637 0.6726019529006318
638 0.6727934137468887
639 0.6668581275129236
640 0.6674325100516945
641 0.6693471185142639
642 0.6662837449741528
643 0.6680068925904652
644 0.6681983534367222
645 0.6758567872869998
646 0.675282404748229
647 0.6773884740570554
648 0.6768140915182845
649 0.675473865594486
650 0.6794945433658817
651 0.6800689259046525
652 0.6825579169059928
653 0.6917480375263259
654 0.6984491671453188
655 0.6984491671453188
656 0.6971089412215202
657 0.6971089412215202
658 0.6961516369902355
659 0.6955772544514647
660 0.694428489373923
661 0.6940455676814091
662 0.6932797242963814
663 0.6842810645223052
664 0.6835152211372775
665 0.6858127512923607
666 0.6816006126747081
667 0.6796860042121387
668 0.6773884740570554
669 0.6793030825196248
670 0.6817920735209649
671 0.6819835343672219
672 0.6823664560597358
673 0.6837066819835343
674 0.684663986214819
675 0.6842810645223052
676 0.6821749952134788
677 0.6883017422937009
678 0.687918820601187
679 0.6900248899100134
680 0.6888761248324717
681 0.6833237602910205
682 0.6812176909821941
683 0.6804518475971664
684 0.6810262301359372
685 0.6821749952134788
686 0.6819835343672219
687 0.6871529772161593
688 0.6932797242963814
689 0.6854298295998469
690 0.6852383687535899
691 0.6917480375263259
692 0.6842810645223052
693 0.6854298295998469
694 0.6877273597549302
695 0.688110281447444
696 0.6921309592188397
697 0.6938541068351523
698 0.6957687152977217
699 0.7013210798391729
700 0.6997893930691174
