1 0.0003829216925138809
2 0.0005743825387708214
3 0.0017231476163124641
4 0.0022975301550832855
5 0.0022975301550832855
6 0.0030633735401110473
7 0.0044035994639096306
8 0.0044035994639096306
9 0.0047865211564235115
10 0.005935286233965154
11 0.006509668772735976
12 0.0080413555427915
13 0.009381581466590082
14 0.010721807390388666
15 0.01244495500670113
16 0.013785180930499713
17 0.015316867700555237
18 0.01665709362435382
19 0.018954623779437105
20 0.02125215393452039
21 0.021826536473291212
22 0.02450698832088838
23 0.026038675090943902
24 0.026230135937200843
25 0.027378901014742486
26 0.02852766609228413
27 0.02929350947731189
28 0.031399578786138235
29 0.03331418724870764
30 0.03388856978747846
31 0.035228795711277044
32 0.03848363009764503
33 0.04039823856021443
34 0.04250430786904078
35 0.045759142255408766
36 0.048248133256748996
37 0.051694428489373924
38 0.05475780202948497
39 0.05896994064713766
40 0.061841853340991765
41 0.06452230518858894
42 0.06701129618992915
43 0.06950028719126938
44 0.0714148956538388
45 0.07486119088646372
46 0.077158721041547
47 0.08156232050545663
48 0.08156232050545663
49 0.08290254642925522
50 0.0903695194332759
51 0.09113536281830366
52 0.09439019720467165
53 0.09802795328355352
54 0.09687918820601187
55 0.09955964005360904
56 0.09879379666858128
57 0.09898525751483822
58 0.10147424851617844
59 0.10358031782500479
60 0.10798391728891442
61 0.11104729082902547
62 0.11506796860042122
63 0.11851426383304614
64 0.12310932414321271
65 0.12330078498946966
66 0.12502393260578212
67 0.12808730614589317
68 0.12981045376220562
69 0.13172506222477504
70 0.13115067968600422
71 0.13306528814857363
72 0.1353628183036569
73 0.13651158338119854
74 0.1405322611525943
75 0.1428297913076776
76 0.14742485161784416
77 0.14838215584912887
78 0.1499138426191844
79 0.15067968600421214
80 0.15393452039058012
81 0.15738081562320505
82 0.16082711085582999
83 0.16082711085582999
84 0.1594868849320314
85 0.16484778862722574
86 0.16695385793605208
87 0.17174037909247558
88 0.17403790924755888
89 0.1759525177101283
90 0.1816963430978365
91 0.1826536473291212
92 0.18341949071414895
93 0.18724870763928778
94 0.1935669155657668
95 0.1922266896419682
96 0.1926096113344821
97 0.19280107218073905
98 0.19643882825962092
99 0.199310740953475
100 0.20390580126364158
101 0.20620333141872488
102 0.21175569596017615
103 0.21367030442274554
104 0.21558491288531495
105 0.21501053034654413
106 0.21558491288531495
107 0.22171165996553704
108 0.22420065096687727
109 0.22592379858318973
110 0.2238177292743634
111 0.22420065096687727
112 0.2270725636607314
113 0.23032739804709937
114 0.23262492820218264
115 0.23932605782117558
116 0.237985831897377
117 0.24104920543748803
118 0.24219797051502967
119 0.24583572659391154
120 0.24832471759525176
121 0.24851617844150872
122 0.25062224775033504
123 0.25445146467547386
124 0.2557916905992724
125 0.25713191652307105
126 0.2588550641393835
127 0.2588550641393835
128 0.25866360329312654
129 0.2601952900631821
130 0.26325866360329314
131 0.26345012444955007
132 0.26498181121960557
133 0.2665134979896611
134 0.26613057629714726
135 0.2678537239134597
136 0.27015125406854296
137 0.27110855829982766
138 0.27551215776373733
139 0.27646946199502204
140 0.2741719318399387
141 0.2793413746888761
142 0.28259620907524413
143 0.2866168868466399
144 0.2866168868466399
145 0.2915948688493203
146 0.292743633926862
147 0.2912119471568064
148 0.2917863296955773
149 0.29465824238943134
150 0.29925330269959793
151 0.3009764503159104
152 0.3042312847022784
153 0.3019337545471951
154 0.3034654413172506
155 0.30786904078116023
156 0.311889718552556
157 0.311889718552556
158 0.31495309209266703
159 0.315144552938924
160 0.32050545663411834
161 0.32395175186674324
162 0.3273980470993682
163 0.32778096879188207
164 0.3281638904843959
165 0.3273980470993682
166 0.33199310740953475
167 0.33199310740953475
168 0.3289297338694237
169 0.32873827302316677
170 0.327972429638139
171 0.3314187248707639
172 0.3350564809496458
173 0.33735401110472907
174 0.3383113153360138
175 0.34060884549109705
176 0.34175761056863874
177 0.34711851426383306
178 0.35133065288148574
179 0.35420256557533986
180 0.35669155657668006
181 0.3565000957304231
182 0.3526708788052843
183 0.35133065288148574
184 0.3553513306528815
185 0.35286233965154123
186 0.35573425234539535
187 0.3543940264215968
188 0.35841470419299254
189 0.3610951560405897
190 0.36473291211947156
191 0.36454145127321463
192 0.3653072946582424
193 0.36569021635075627
194 0.36645605973578405
195 0.3649243729657285
196 0.36837066819835346
197 0.36837066819835346
198 0.3677962856595826
199 0.3641585295807008
200 0.3620524602718744
201 0.3630097645031591
202 0.36607313804327013
203 0.3676048248133257
204 0.3695194332758951
205 0.37028527666092287
206 0.37430595443231857
207 0.37641202374114496
208 0.38024124066628373
209 0.38158146659008235
210 0.38407045759142255
211 0.3896228221328738
212 0.3913459697491863
213 0.3888569787478461
214 0.39115450890292935
215 0.3909630480566724
216 0.39402642159678347
217 0.39306911736549877
218 0.3965154125981237
219 0.3951751866743251
220 0.39555810836683897
221 0.3984300210606931
222 0.3961324909056098
223 0.3980470993681792
224 0.3959410300593529
225 0.3980470993681792
226 0.39900440359946393
227 0.4028336205246027
228 0.40436530729465825
229 0.40436530729465825
230 0.40340800306337354
231 0.4045567681409152
232 0.4041738464484013
233 0.4074286808347693
234 0.4122152019911928
235 0.4106835152211373
236 0.4150871146850469
237 0.41661880145510244
238 0.4202565575339843
239 0.4150871146850469
240 0.4135554279149914
241 0.41681026230135937
242 0.41144935860616505
243 0.4127895845299636
244 0.4189163316101857
245 0.417959027378901
246 0.41681026230135937
247 0.41949071414895656
248 0.421213861765269
249 0.4235113919203523
250 0.421213861765269
251 0.42561746122917865
252 0.42753206969174806
253 0.42906375646180356
254 0.4292552173080605
255 0.4282979130767758
256 0.43078690407811604
257 0.43519050354202565
258 0.44055140723721997
259 0.4418916331610186
260 0.4445720850086157
261 0.4453379283936435
262 0.44667815431744207
263 0.4487842236262684
264 0.4461037717786713
265 0.4443806241623588
266 0.4472525368562129
267 0.44840130193375455
268 0.4487842236262684
269 0.45280490139766416
270 0.4600804135554279
271 0.4602718744016849
272 0.46448401301933756
273 0.46314378709553894
274 0.46544131725062227
275 0.4685046907907333
276 0.4736741336396707
277 0.4746314378709554
278 0.47635458548726783
279 0.47826919394983725
280 0.47252536856212907
281 0.47826919394983725
282 0.47731188971855254
283 0.4807581849511775
284 0.47960941987363587
285 0.48018380241240666
286 0.485544706107601
287 0.48343863679877463
288 0.4849703235688302
289 0.48803369710894123
290 0.488799540493969
291 0.48899100134022594
292 0.4870763928776565
293 0.4903312272640245
294 0.49071414895653837
295 0.49147999234156614
296 0.4928202182653647
297 0.49090560980279535
298 0.4939689833429064
299 0.49760673942178824
300 0.5006701129618993
301 0.5006701129618993
302 0.5031591039632395
303 0.49588359180547575
304 0.4956921309592188
305 0.4989469653455868
306 0.5002871912693854
307 0.5031591039632395
308 0.5060310166570936
309 0.5058395558108367
310 0.5064139383496075
311 0.5058395558108367
312 0.5127321462760865
313 0.5165613632012254
314 0.5171357457399962
315 0.5182845108175378
316 0.5259429446678154
317 0.5228795711277043
318 0.5205820409726211
319 0.5192418150488225
320 0.520964962665135
321 0.5184759716637948
322 0.5205820409726211
323 0.5236454145127322
324 0.5249856404365307
325 0.527474631437871
326 0.527474631437871
327 0.5341757610568638
328 0.5389622822132873
329 0.5372391345969749
330 0.5412598123683706
331 0.5429829599846832
332 0.5391537430595443
333 0.5364732912119472
334 0.5385793605207735
335 0.5385793605207735
336 0.5426000382921693
337 0.5414512732146276
338 0.5412598123683706
339 0.543365881677197
340 0.5429829599846832
341 0.5479609419873636
342 0.5502584721424468
343 0.5485353245261344
344 0.5508328546812177
345 0.5523645414512732
346 0.5515986980662455
347 0.5540876890675857
348 0.5533218456825579
349 0.5550449932988704
350 0.5491097070649053
351 0.5485353245261344
352 0.5491097070649053
353 0.5483438636798774
354 0.5493011679111621
355 0.5527474631437871
356 0.5506413938349608
357 0.5485353245261344
358 0.5454719509860234
359 0.5473865594485927
360 0.5508328546812177
361 0.5494926287574191
362 0.5479609419873636
363 0.5540876890675857
364 0.5527474631437871
365 0.5569596017614398
366 0.5607888186865786
367 0.5634692705341757
368 0.562894887995405
369 0.562894887995405
370 0.5617461229178633
371 0.5611717403790925
372 0.5621290446103772
373 0.5586827493777522
374 0.5600229753015509
375 0.566149722381773
376 0.5669155657668007
377 0.5711277043844534
378 0.5699789393069118
379 0.5715106260769672
380 0.5726593911545089
381 0.5726593911545089
382 0.5695960176143978
383 0.5690216350756271
384 0.5674899483055715
385 0.5678728699980854
386 0.5636607313804327
387 0.5674899483055715
388 0.5684472525368562
389 0.5676814091518284
390 0.5724679303082519
391 0.5741910779245645
392 0.5770629906184185
393 0.5762971472333908
394 0.5776373731571893
395 0.5862531112387517
396 0.5898908673176335
397 0.5914225540876891
398 0.5883591805475781
399 0.5896994064713766
400 0.5870189546237794
401 0.5843385027761823
402 0.5856787286999808
403 0.5829982768523837
404 0.5839555810836684
405 0.5874018763162934
406 0.5896994064713766
407 0.5904652498564044
408 0.5954432318590848
409 0.5973578403216542
410 0.5960176143978556
411 0.5971663794753973
412 0.5937200842427723
413 0.5931457017040015
414 0.5962090752441126
415 0.5965919969366265
416 0.6015699789393069
417 0.5990809879379667
418 0.6017614397855638
419 0.6008041355542791
420 0.598123683706682
421 0.6031016657093624
422 0.604441891633161
423 0.6038675090943902
424 0.6094198736358415
425 0.6107600995596401
426 0.6023358223243347
427 0.6000382921692514
428 0.6006126747080222
429 0.6025272831705916
430 0.604441891633161
431 0.6057821175569597
432 0.6019529006318208
433 0.6050162741719318
434 0.6055906567107027
435 0.6036760482481333
436 0.6032931265556194
437 0.6015699789393069
438 0.6000382921692514
439 0.6052077350181888
440 0.6029102048631055
441 0.6096113344820984
442 0.6161210032548344
443 0.6096113344820984
444 0.6098027953283554
445 0.6117174037909248
446 0.6136320122534942
447 0.6115259429446678
448 0.6149722381772927
449 0.6145893164847789
450 0.6157380815623205
451 0.6168868466398622
452 0.6165039249473483
453 0.6191843767949454
454 0.620716063565001
455 0.623970897951369
456 0.6295232624928202
457 0.6262684281064522
458 0.6245452804901398
459 0.6253111238751675
460 0.6295232624928202
461 0.6256940455676814
462 0.6230135937200842
463 0.6278001148765078
464 0.6285659582615355
465 0.6279915757227647
466 0.6283744974152786
467 0.6278001148765078
468 0.6212904461037718
469 0.6188014551024316
470 0.623779437105112
471 0.623779437105112
472 0.6287574191077925
473 0.6258855064139384
474 0.6320122534941605
475 0.6270342714914799
476 0.6256940455676814
477 0.6216733677962857
478 0.623970897951369
479 0.6199502201799731
480 0.623779437105112
481 0.6262684281064522
482 0.6354585487267854
483 0.6417767566532644
484 0.6442657476546046
485 0.6452230518858894
486 0.6490522688110282
487 0.6517327206586253
488 0.6546046333524794
489 0.65269002488991
490 0.6553704767375071
491 0.6505839555810836
492 0.6513497989661114
493 0.6532644074286809
494 0.6513497989661114
495 0.6500095730423129
496 0.6473291211947156
497 0.6519241815048823
498 0.6553704767375071
499 0.649243729657285
500 0.6482864254260003
501 0.6515412598123683
502 0.649435190503542
503 0.6500095730423129
504 0.6509668772735976
505 0.6532644074286809
506 0.6482864254260003
507 0.6477120428872296
508 0.6471376603484588
509 0.6484778862722573
510 0.6457974344246602
511 0.6503924947348267
512 0.6433084434233199
513 0.6425426000382922
514 0.6394792264981811
515 0.6406279915757228
516 0.6475205820409726
517 0.6567107026613057
518 0.6565192418150488
519 0.6519241815048823
520 0.6530729465824239
521 0.6530729465824239
522 0.655753398430021
523 0.6580509285851044
524 0.6565192418150488
525 0.6603484587401877
526 0.6614972238177292
527 0.6632203714340418
528 0.665517901589125
529 0.6645605973578403
530 0.6737507179781734
531 0.6668581275129236
532 0.6634118322802987
533 0.665517901589125
534 0.6689641968217499
535 0.672219031208118
536 0.6712617269768333
537 0.672027570361861
538 0.6737507179781734
539 0.6748994830557151
540 0.6756653264407428
541 0.6779628565958261
542 0.6758567872869998
543 0.6816006126747081
544 0.6825579169059928
545 0.678537239134597
546 0.6783457782883401
547 0.6800689259046525
548 0.6793030825196248
549 0.6810262301359372
550 0.6808347692896802
551 0.6856212904461038
552 0.6808347692896802
553 0.6819835343672219
554 0.6867700555236455
555 0.6829408385985066
556 0.6829408385985066
557 0.6888761248324717
558 0.6967260195290064
559 0.6953857936052077
560 0.691365115833812
561 0.6900248899100134
562 0.6909821941412981
563 0.6904078116025273
564 0.6890675856787287
565 0.6890675856787287
566 0.6873444380624162
567 0.6883017422937009
568 0.6812176909821941
569 0.6844725253685622
570 0.6829408385985066
571 0.6831322994447635
572 0.6840896036760482
573 0.6800689259046525
574 0.6770055523645414
575 0.6802603867509094
576 0.6827493777522496
577 0.6781543174420831
578 0.675090943901972
579 0.6701129618992916
580 0.6689641968217499
581 0.6657093624353819
582 0.6691556576680069
583 0.6676239708979513
584 0.6634118322802987
585 0.6662837449741528
586 0.668772735975493
587 0.6662837449741528
588 0.675090943901972
589 0.6783457782883401
590 0.6806433084434234
591 0.6768140915182845
592 0.6814091518284511
593 0.6817920735209649
594 0.6771970132107984
595 0.675473865594486
596 0.675473865594486
597 0.6773884740570554
598 0.6783457782883401
599 0.6850469079073329
600 0.6890675856787287
601 0.6896419682174996
602 0.6923224200650967
603 0.6909821941412981
604 0.6871529772161593
605 0.6819835343672219
606 0.6883017422937009
607 0.6936626459888953
608 0.691173654987555
609 0.6867700555236455
610 0.6833237602910205
611 0.6869615163699023
612 0.6877273597549302
613 0.6904078116025273
614 0.6959601761439785
615 0.6940455676814091
616 0.6971089412215202
617 0.6982577062990618
618 0.700938158146659
619 0.7003637756078882
620 0.6951943327589508
621 0.6969174803752632
622 0.6999808539153743
623 0.7055332184568256
624 0.6969174803752632
625 0.6927053417576106
626 0.6973004020677771
627 0.6900248899100134
628 0.687918820601187
629 0.6900248899100134
630 0.6923224200650967
631 0.6907907332950411
632 0.6909821941412981
633 0.6955772544514647
634 0.691556576680069
635 0.6902163507562703
636 0.6898334290637564
637 0.6863871338311315
638 0.6917480375263259
639 0.694811411066437
640 0.6980662454528049
641 0.7005552364541451
642 0.700938158146659
643 0.7032356883017423
644 0.7030442274554853
645 0.7043844533792839
646 0.7064905226881103
647 0.6940455676814091
648 0.6934711851426383
649 0.6957687152977217
650 0.6980662454528049
651 0.6942370285276661
652 0.691556576680069
653 0.6861956729848746
654 0.6821749952134788
655 0.6863871338311315
656 0.6860042121386176
657 0.6865785946773885
658 0.6865785946773885
659 0.6904078116025273
660 0.691173654987555
661 0.6982577062990618
662 0.7034271491479992
663 0.7049588359180547
664 0.7038100708405132
665 0.7024698449167145
666 0.6997893930691174
667 0.7005552364541451
668 0.6988320888378327
669 0.6971089412215202
670 0.7003637756078882
671 0.6999808539153743
672 0.7020869232242006
673 0.7017040015316868
674 0.6928968026038675
675 0.6919394983725828
676 0.6898334290637564
677 0.6829408385985066
678 0.6800689259046525
679 0.6867700555236455
680 0.6877273597549302
681 0.6835152211372775
682 0.6793030825196248
683 0.6810262301359372
684 0.6745165613632013
685 0.6758567872869998
686 0.6768140915182845
687 0.6827493777522496
688 0.6840896036760482
689 0.6819835343672219
690 0.6829408385985066
691 0.6808347692896802
692 0.6831322994447635
693 0.6856212904461038
694 0.6892590465249856
695 0.6842810645223052
696 0.6804518475971664
697 0.684855447061076
698 0.6837066819835343
699 0.6854298295998469
700 0.6844725253685622
