1 0.0003829216925138809
2 0.0003829216925138809
3 0.0003829216925138809
4 0.0019146084625694046
5 0.002488991001340226
6 0.003254834386367988
7 0.0030633735401110473
8 0.003254834386367988
9 0.00421213861765269
10 0.0044035994639096306
11 0.005169442848937392
12 0.006318207926479035
13 0.00861573808156232
14 0.009764503159103963
15 0.011487650775416428
16 0.011870572467930308
17 0.01282787669921501
18 0.014933946008041356
19 0.01684855447061076
20 0.02086923224200651
21 0.021635075627034272
22 0.022975301550832855
23 0.02527283170591614
24 0.026995979322228605
25 0.02948497032356883
26 0.032739804709936815
27 0.0350373348650201
28 0.036951943327589505
29 0.03963239517518667
30 0.04192992533026996
31 0.045376220562894885
32 0.047482289871721234
33 0.05073712425808922
34 0.05226881102814474
35 0.054183419490714146
36 0.05571510626076967
37 0.05705533218456826
38 0.0591614014933946
39 0.061841853340991765
40 0.064330844342332
41 0.06701129618992915
42 0.07256366073138043
43 0.07332950411640819
44 0.07600995596400537
45 0.07562703427149148
46 0.07792456442657476
47 0.08213670304422746
48 0.08175378135171357
49 0.08175378135171357
50 0.08500861573808156
51 0.08826345012444956
52 0.08692322420065096
53 0.0871146850469079
54 0.09170974535707448
55 0.09783649243729657
56 0.09821941412981046
57 0.10147424851617844
58 0.10300593528623396
59 0.10415470036377561
60 0.10874976067394218
61 0.1121960559065671
62 0.11525942944667815
63 0.12023741144935861
64 0.1234922458357266
65 0.12559831514455294
66 0.13172506222477504
67 0.13191652307103197
68 0.1340225923798583
69 0.13555427914991383
70 0.13900057438253877
71 0.14187248707639288
72 0.14551024315527475
73 0.14742485161784416
74 0.14933946008041354
75 0.15584912885314953
76 0.15967834577828835
77 0.16216733677962858
78 0.16408194524219796
79 0.16503924947348267
80 0.1656136320122535
81 0.1698257706299062
82 0.17384644840130192
83 0.18054757802029486
84 0.18284510817537813
85 0.18437679494543366
86 0.1845682557916906
87 0.18705724679303082
88 0.18935477694811412
89 0.19146084625694046
90 0.1954815240283362
91 0.1987363584147042
92 0.1983534367221903
93 0.202565575339843
94 0.20830940072755122
95 0.20907524411257897
96 0.21405322611525943
97 0.2148190695002872
98 0.21692513880911354
99 0.22152019911928011
100 0.21941412981045377
101 0.22305188588933564
102 0.22802986789201607
103 0.22802986789201607
104 0.231476163124641
105 0.23300784989469653
106 0.23224200650966878
107 0.2337736932797243
108 0.2376029102048631
109 0.2385602144361478
110 0.24353819643882826
111 0.24889910013402258
112 0.25253685621290445
113 0.2556002297530155
114 0.2611525942944668
115 0.2630672027570362
116 0.26574765460463334
117 0.266896419682175
118 0.2730231667623971
119 0.27800114876507753
120 0.28183036569021636
121 0.28336205246027185
122 0.2820218265364733
123 0.2841278958452996
124 0.2854681217690982
125 0.2912119471568064
126 0.2917863296955773
127 0.29791307677579937
128 0.29695577254451466
129 0.3000191460846257
130 0.3000191460846257
131 0.3015508328546812
132 0.30040206777713957
133 0.3044227455485353
134 0.30729465824238944
135 0.3130384836300976
136 0.3139957878613823
137 0.318399387325292
138 0.32242006509668775
139 0.3218456825579169
140 0.32203714340417383
141 0.3228029867892016
142 0.3218456825579169
143 0.3199310740953475
144 0.3226115259429447
145 0.3235688301742294
146 0.32433467355925716
147 0.32069691748037527
148 0.3218456825579169
149 0.32050545663411834
150 0.3260578211755696
151 0.3335247941795903
152 0.33582232433467357
153 0.3394600804135554
154 0.3398430021060693
155 0.344055140723722
156 0.3469270534175761
157 0.3459697491862914
158 0.34443806241623587
159 0.3438636798774651
160 0.3453953666475206
161 0.3457782883400345
162 0.3463526708788053
163 0.3455868274937775
164 0.3484587401876316
165 0.35133065288148574
166 0.3526708788052843
167 0.3534367221903121
168 0.35496840896036763
169 0.3507562703427149
170 0.35477694811411065
171 0.35860616503924947
172 0.3614780777331036
173 0.36320122534941607
174 0.36645605973578405
175 0.36817920735209647
176 0.3687535898908673
177 0.37181696343097836
178 0.3700938158146659
179 0.36894505073712425
180 0.36741336396706875
181 0.3704767375071798
182 0.36837066819835346
183 0.36549875550449934
184 0.36798774650583954
185 0.3658816771970132
186 0.3653072946582424
187 0.3672219031208118
188 0.36894505073712425
189 0.3691365115833812
190 0.37162550258472143
191 0.3723913459697492
192 0.37641202374114496
193 0.38158146659008235
194 0.38253877082136706
195 0.3810070840513115
196 0.3810070840513115
197 0.38215584912885314
198 0.38483630097645033
199 0.3846448401301934
200 0.3894313612866169
201 0.38866551790158915
202 0.39287765651924184
203 0.3957495692130959
204 0.3978556385219223
205 0.39996170783074864
206 0.4013019337545472
207 0.39862148190695
208 0.39996170783074864
209 0.39919586444572086
210 0.3974727168294084
211 0.3967068734443806
212 0.3949837258280682
213 0.3967068734443806
214 0.3951751866743251
215 0.39268619567298485
216 0.39019720467164465
217 0.3896228221328738
218 0.392303273980471
219 0.3924947348267279
220 0.39306911736549877
221 0.39192035228795713
222 0.39364349990426956
223 0.3917288914417002
224 0.39402642159678347
225 0.3984300210606931
226 0.3970897951368945
227 0.4022592379858319
228 0.40149339460080413
229 0.39862148190695
230 0.4003446295232625
231 0.40532261152594296
232 0.40972621098985257
233 0.40972621098985257
234 0.4093432892973387
235 0.41144935860616505
236 0.40972621098985257
237 0.4131725062224775
238 0.41585295807007466
239 0.41853340991767185
240 0.42293700938158146
241 0.4250430786904078
242 0.42466015699789394
243 0.4282979130767758
244 0.42542600038292167
245 0.42427723530538003
246 0.4221711659965537
247 0.421213861765269
248 0.42561746122917865
249 0.42293700938158146
250 0.42044801838024126
251 0.4240857744591231
252 0.42638330461420637
253 0.4292552173080605
254 0.43365881677197016
255 0.4357648860807965
256 0.43787095538962284
257 0.43423319931074095
258 0.43327589507945624
259 0.43710511200459506
260 0.44035994639096304
261 0.4411257897759908
262 0.4415087114685047
263 0.44667815431744207
264 0.44840130193375455
265 0.4480183802412407
266 0.4497415278575531
267 0.45089029293509475
268 0.45089029293509475
269 0.4551024315527475
270 0.45797434424660155
271 0.45835726593911547
272 0.4619950220179973
273 0.4627608654030251
274 0.4618035611717404
275 0.4633352479417959
276 0.4681217690982194
277 0.4671644648669347
278 0.47309975110089986
279 0.4755887421022401
280 0.4742485161784415
281 0.4713766034845874
282 0.4688876124832472
283 0.46429255217308063
284 0.46410109132682364
285 0.4656327780968792
286 0.4673559257131917
287 0.46678154317442083
288 0.46544131725062227
289 0.46505839555810835
290 0.46256940455676815
291 0.46218648286425423
292 0.4600804135554279
293 0.4610377177867126
294 0.4639096304805667
295 0.4713766034845874
296 0.4708022209458166
297 0.4761631246410109
298 0.4742485161784415
299 0.47156806433084436
300 0.4723339077158721
301 0.4688876124832472
302 0.4671644648669347
303 0.47118514263833045
304 0.469461995022018
305 0.4742485161784415
306 0.4778862722573234
307 0.4780777331035803
308 0.48114110664369136
309 0.4832471759525177
310 0.47769481141106646
311 0.479035037334865
312 0.48363009764503156
313 0.4884166188014551
314 0.488608079647712
315 0.49147999234156614
316 0.49339460080413555
317 0.4928202182653647
318 0.4955006701129619
319 0.5006701129618993
320 0.49664943519050353
321 0.4926287574191078
322 0.49416044418916333
323 0.49607505265173274
324 0.4932031399578786
325 0.4932031399578786
326 0.49626651349798967
327 0.4981811219605591
328 0.498372582806816
329 0.4956921309592188
330 0.4956921309592188
331 0.4949262875741911
332 0.5004786521156424
333 0.5004786521156424
334 0.5004786521156424
335 0.501627417193184
336 0.5027761822707256
337 0.5006701129618993
338 0.5058395558108367
339 0.5060310166570936
340 0.511200459506031
341 0.5121577637373157
342 0.5119663028910588
343 0.5129236071223435
344 0.5100516944284894
345 0.5085200076584339
346 0.5071797817346353
347 0.5085200076584339
348 0.5058395558108367
349 0.5089029293509477
350 0.5131150679686004
351 0.5150296764311698
352 0.5127321462760865
353 0.514646754738656
354 0.5133065288148574
355 0.5104346161210033
356 0.5179015891250239
357 0.5188588933563086
358 0.5211564235113919
359 0.5221137277426766
360 0.5265173272065863
361 0.5284319356691557
362 0.5284319356691557
363 0.5341757610568638
364 0.5364732912119472
365 0.5395366647520582
366 0.5366647520582041
367 0.5397281255983152
368 0.5397281255983152
369 0.5443231859084817
370 0.5494926287574191
371 0.5447061076009956
372 0.5494926287574191
373 0.5487267853723914
374 0.5538962282213288
375 0.5537047673750718
376 0.5537047673750718
377 0.5538962282213288
378 0.5558108366838982
379 0.5548535324526135
380 0.55944859276278
381 0.5596400536090369
382 0.5619375837641203
383 0.5607888186865786
384 0.5648094964579743
385 0.569404556768141
386 0.5711277043844534
387 0.5667241049205437
388 0.5653838789967451
389 0.5678728699980854
390 0.5739996170783075
391 0.5711277043844534
392 0.5720850086157381
393 0.5724679303082519
394 0.5697874784606548
395 0.5705533218456825
396 0.5699789393069118
397 0.5738081562320505
398 0.5784032165422172
399 0.5828068160061267
400 0.582232433467356
401 0.578594677388474
402 0.5837641202374114
403 0.5866360329312655
404 0.5862531112387517
405 0.5829982768523837
406 0.5839555810836684
407 0.5872104154700364
408 0.585295807007467
409 0.5829982768523837
410 0.5793605207735019
411 0.5791690599272449
412 0.5862531112387517
413 0.5914225540876891
414 0.5965919969366265
415 0.594868849320314
416 0.594868849320314
417 0.5950603101665709
418 0.5908481715489182
419 0.5912310932414321
420 0.5933371625502585
421 0.5977407620141681
422 0.60137851809305
423 0.6034845874018763
424 0.6063565000957304
425 0.5994639096304806
426 0.6015699789393069
427 0.5941030059352862
428 0.594868849320314
429 0.6032931265556194
430 0.6031016657093624
431 0.6105686387133831
432 0.6069308826345012
433 0.6071223434807582
434 0.6069308826345012
435 0.6050162741719318
436 0.6063565000957304
437 0.6038675090943902
438 0.6038675090943902
439 0.6053991958644457
440 0.6042504307869041
441 0.6023358223243347
442 0.6023358223243347
443 0.5994639096304806
444 0.6002297530155083
445 0.5962090752441126
446 0.5923798583189738
447 0.5908481715489182
448 0.5887421022400919
449 0.5898908673176335
450 0.5933371625502585
451 0.5952517710128279
452 0.6000382921692514
453 0.6006126747080222
454 0.6027187440168486
455 0.6055906567107027
456 0.6069308826345012
457 0.6117174037909248
458 0.6155466207160636
459 0.6184185334099177
460 0.6233965154125981
461 0.6222477503350565
462 0.6170783074861191
463 0.6121003254834386
464 0.6134405514072372
465 0.6168868466398622
466 0.6218648286425426
467 0.6260769672601952
468 0.6243538196438828
469 0.6291403408003063
470 0.6316293318016466
471 0.6360329312655562
472 0.6364158529580701
473 0.6364158529580701
474 0.6413938349607505
475 0.6452230518858894
476 0.6486693471185143
477 0.6515412598123683
478 0.6452230518858894
479 0.6463718169634309
480 0.6402450698832088
481 0.6369902354968409
482 0.6325866360329313
483 0.6385219222668964
484 0.6389048439594103
485 0.6352670878805284
486 0.6318207926479035
487 0.630289105877848
488 0.6356500095730423
489 0.6348841661880146
490 0.6312464101091326
491 0.6352670878805284
492 0.6404365307294658
493 0.6408194524219797
494 0.6440742868083477
495 0.6434999042695768
496 0.6390963048056673
497 0.6421596783457783
498 0.6433084434233199
499 0.6427340608845491
500 0.6440742868083477
501 0.6415852958070075
502 0.6423511391920352
503 0.6467547386559449
504 0.6500095730423129
505 0.6467547386559449
506 0.6513497989661114
507 0.652881485736167
508 0.6482864254260003
509 0.6477120428872296
510 0.6477120428872296
511 0.6509668772735976
512 0.6503924947348267
513 0.652498564043653
514 0.6586253111238751
515 0.6622630672027571
516 0.6662837449741528
517 0.6668581275129236
518 0.665517901589125
519 0.6693471185142639
520 0.6678154317442083
521 0.6676239708979513
522 0.6678154317442083
523 0.6616886846639862
524 0.6536473291211947
525 0.656136320122535
526 0.6542217116599656
527 0.6574765460463335
528 0.6595826153551598
529 0.6626459888952709
530 0.6666666666666666
531 0.6674325100516945
532 0.6689641968217499
533 0.6716446486693471
534 0.6706873444380624
535 0.6695385793605207
536 0.6693471185142639
537 0.6706873444380624
538 0.671836109515604
539 0.6674325100516945
540 0.6647520582040972
541 0.6668581275129236
542 0.668581275129236
543 0.672027570361861
544 0.675090943901972
545 0.6768140915182845
546 0.6771970132107984
547 0.6729848745931457
548 0.6741336396706873
549 0.671836109515604
550 0.6697300402067777
551 0.6697300402067777
552 0.671836109515604
553 0.6735592571319166
554 0.6726019529006318
555 0.6726019529006318
556 0.6760482481332567
557 0.6735592571319166
558 0.6737507179781734
559 0.6766226306720275
560 0.6758567872869998
561 0.6766226306720275
562 0.6756653264407428
563 0.6731763354394027
564 0.6701129618992916
565 0.6748994830557151
566 0.6748994830557151
567 0.6800689259046525
568 0.6810262301359372
569 0.6771970132107984
570 0.6777713957495692
571 0.6789201608271108
572 0.6821749952134788
573 0.6810262301359372
574 0.6861956729848746
575 0.6875358989086732
576 0.6798774650583955
577 0.6858127512923607
578 0.6875358989086732
579 0.6907907332950411
580 0.691173654987555
581 0.6927053417576106
582 0.6992150105303465
583 0.6892590465249856
584 0.6858127512923607
585 0.6873444380624162
586 0.6917480375263259
587 0.6955772544514647
588 0.6969174803752632
589 0.6953857936052077
590 0.694811411066437
591 0.6923224200650967
592 0.6982577062990618
593 0.6957687152977217
594 0.6932797242963814
595 0.6902163507562703
596 0.6921309592188397
597 0.6959601761439785
598 0.6980662454528049
599 0.6932797242963814
600 0.6980662454528049
601 0.7051502967643117
602 0.7013210798391729
603 0.6969174803752632
604 0.6971089412215202
605 0.694811411066437
606 0.6951943327589508
607 0.6955772544514647
608 0.6959601761439785
609 0.6986406279915757
610 0.6957687152977217
611 0.691365115833812
612 0.6930882634501244
613 0.6927053417576106
614 0.6925138809113536
615 0.6919394983725828
616 0.6905992724487843
617 0.6852383687535899
618 0.6905992724487843
619 0.6934711851426383
620 0.691556576680069
621 0.6835152211372775
622 0.6844725253685622
623 0.6840896036760482
624 0.6825579169059928
625 0.6777713957495692
626 0.6838981428297913
627 0.684663986214819
628 0.6844725253685622
629 0.684663986214819
630 0.6806433084434234
631 0.6798774650583955
632 0.6827493777522496
633 0.6810262301359372
634 0.684855447061076
635 0.6877273597549302
636 0.688110281447444
637 0.6925138809113536
638 0.6990235496840896
639 0.694811411066437
640 0.7003637756078882
641 0.694428489373923
642 0.691556576680069
643 0.6896419682174996
644 0.6823664560597358
645 0.6823664560597358
646 0.6827493777522496
647 0.6856212904461038
648 0.6850469079073329
649 0.6892590465249856
650 0.684663986214819
651 0.6883017422937009
652 0.691173654987555
653 0.6907907332950411
654 0.684663986214819
655 0.684663986214819
656 0.6873444380624162
657 0.6863871338311315
658 0.6871529772161593
659 0.6861956729848746
660 0.688110281447444
661 0.6932797242963814
662 0.6938541068351523
663 0.694428489373923
664 0.6940455676814091
665 0.69461995022018
666 0.694811411066437
667 0.6928968026038675
668 0.6951943327589508
669 0.6934711851426383
670 0.6884932031399579
671 0.6833237602910205
672 0.6854298295998469
673 0.6890675856787287
674 0.6909821941412981
675 0.7017040015316868
676 0.6951943327589508
677 0.6965345586827494
678 0.694811411066437
679 0.6927053417576106
680 0.6953857936052077
681 0.6930882634501244
682 0.6986406279915757
683 0.6997893930691174
684 0.6973004020677771
685 0.6980662454528049
686 0.6963430978364924
687 0.6967260195290064
688 0.7030442274554853
689 0.704192992533027
690 0.7018954623779438
691 0.7034271491479992
692 0.7078307486119089
693 0.7089795136894506
694 0.700938158146659
695 0.70400153168677
696 0.6974918629140341
697 0.6999808539153743
698 0.6997893930691174
699 0.700938158146659
700 0.6992150105303465
