1 0.0003829216925138809
2 0.0005743825387708214
3 0.0007658433850277618
4 0.0011487650775416428
5 0.0009573042312847023
6 0.0013402259237985832
7 0.0017231476163124641
8 0.002488991001340226
9 0.004595060310166571
10 0.005360903695194333
11 0.006126747080222095
12 0.007466973004020678
13 0.008998659774076202
14 0.009955964005360904
15 0.012062033314187249
16 0.014168102623013594
17 0.014742485161784415
18 0.01646563277809688
19 0.017614397855638522
20 0.019146084625694046
21 0.021635075627034272
22 0.02469844916714532
23 0.026995979322228605
24 0.02948497032356883
25 0.031016657093624354
26 0.034845874018763164
27 0.039058012636415854
28 0.04231284702278384
29 0.043653072946582425
30 0.04805667241049205
31 0.048822515795519814
32 0.05360903695194333
33 0.05552364541451273
34 0.05973578403216542
35 0.062224775033505646
36 0.06318207926479034
37 0.06452230518858894
38 0.06835152211372775
39 0.07198927819260961
40 0.07447826919394984
41 0.07639287765651924
42 0.08041355542791499
43 0.08194524219797052
44 0.08539153743059544
45 0.0861573808156232
46 0.0903695194332759
47 0.09362435381964389
48 0.09477311889718552
49 0.09764503159103963
50 0.0993681792073521
51 0.10089986597740762
52 0.10568638713383113
53 0.1064522305188589
54 0.10587784798008808
55 0.10989852575148382
56 0.11430212521539346
57 0.11449358606165039
58 0.11870572467930308
59 0.12119471568064331
60 0.12502393260578212
61 0.12770438445337928
62 0.13115067968600422
63 0.13076775799349033
64 0.1305762971472334
65 0.13325674899483056
66 0.13689450507371242
67 0.14091518284510818
68 0.1437870955389623
69 0.1443614780777331
70 0.14742485161784416
71 0.14933946008041354
72 0.15278575531303848
73 0.15106260769672603
74 0.1514455293892399
75 0.15393452039058012
76 0.15393452039058012
77 0.15776373731571894
78 0.15929542408577446
79 0.16350756270342715
80 0.16637947539728126
81 0.16905992724487842
82 0.17193183993873254
83 0.17480375263258663
84 0.1749952134788436
85 0.17901589125023934
86 0.18093049971280872
87 0.1797817346352671
88 0.18533409917671836
89 0.1883974727168294
90 0.19146084625694046
91 0.18992915948688494
92 0.1931839938732529
93 0.19988512349224583
94 0.2010338885697875
95 0.2035228795711277
96 0.2035228795711277
97 0.20237411449358605
98 0.2077350181887804
99 0.21328738273023168
100 0.2182653647329121
101 0.21979705150296763
102 0.22132873827302316
103 0.22362626842810646
104 0.22649818112196055
105 0.22611525942944669
106 0.22745548535324525
107 0.22917863296955773
108 0.23358223243346735
109 0.23779437105112006
110 0.2372199885123492
111 0.24009190120620333
112 0.24545280490139768
113 0.2456442657476546
114 0.25062224775033504
115 0.25540876890675857
116 0.25904652498564046
117 0.25904652498564046
118 0.26230135937200844
119 0.2644074286808348
120 0.27187440168485544
121 0.2724487842236263
122 0.2714914799923416
123 0.2753206969174804
124 0.2778096879188206
125 0.2816389048439594
126 0.2801072180739039
127 0.28431935669155656
128 0.2866168868466399
129 0.2912119471568064
130 0.2917863296955773
131 0.2942753206969175
132 0.292552173080605
133 0.29504116408194525
134 0.29599846831322996
135 0.2996362243921118
136 0.3013593720084243
137 0.30021060693088264
138 0.3044227455485353
139 0.3044227455485353
140 0.3084434233199311
141 0.30978364924372964
142 0.31610185717020867
143 0.31629331801646565
144 0.31782500478652115
145 0.3170591614014934
146 0.3208883783266322
147 0.3256748994830557
148 0.3264407428680835
149 0.3251005169442849
150 0.3264407428680835
151 0.324717595251771
152 0.32682366456059736
153 0.3254834386367988
154 0.3316101857170209
155 0.3340991767183611
156 0.334290637564618
157 0.33486502010338887
158 0.337736932797243
159 0.3423319931074095
160 0.3413746888761248
161 0.34616121003254835
162 0.34769289680260385
163 0.35056480949645796
164 0.3499904269576872
165 0.3519050354202566
166 0.3545854872678537
167 0.3572659391154509
168 0.360137851809305
169 0.36032931265556195
170 0.3677962856595826
171 0.36377560788818686
172 0.3641585295807008
173 0.36607313804327013
174 0.36224392111813136
175 0.36454145127321463
176 0.3695194332758951
177 0.37085965919969366
178 0.37066819835343673
179 0.36932797242963816
180 0.3668389814282979
181 0.3658816771970132
182 0.3649243729657285
183 0.3662645988895271
184 0.37085965919969366
185 0.3721998851234922
186 0.37794371051120046
187 0.3737315718935478
188 0.37181696343097836
189 0.376220562894888
190 0.3737315718935478
191 0.3733486502010339
192 0.37411449358606164
193 0.3720084242772353
194 0.37277426766226307
195 0.3767949454336588
196 0.3829216925138809
197 0.38598506605399197
198 0.39479226498181125
199 0.39287765651924184
200 0.39632395175186674
201 0.3965154125981237
202 0.3993873252919778
203 0.3968983342906376
204 0.39306911736549877
205 0.3978556385219223
206 0.39555810836683897
207 0.39536664752058204
208 0.4028336205246027
209 0.40608845491097073
210 0.40627991575722766
211 0.40532261152594296
212 0.4045567681409152
213 0.40608845491097073
214 0.41010913268236643
215 0.4106835152211373
216 0.41393834960750525
217 0.4125981236837067
218 0.41240666283744976
219 0.4127895845299636
220 0.4150871146850469
221 0.4231284702278384
222 0.42714914799923415
223 0.42561746122917865
224 0.42427723530538003
225 0.4231284702278384
226 0.4196821749952135
227 0.41815048822515793
228 0.41910779245644264
229 0.4189163316101857
230 0.4189163316101857
231 0.4196821749952135
232 0.4248516178441509
233 0.42427723530538003
234 0.4292552173080605
235 0.4311698257706299
236 0.43519050354202565
237 0.437296572850852
238 0.43710511200459506
239 0.43882825962090755
240 0.44131725062224775
241 0.44476354585487266
242 0.4434233199310741
243 0.4482098410874976
244 0.447061076009956
245 0.4461037717786713
246 0.4428489373923033
247 0.44495500670112964
248 0.45184759716637946
249 0.4547195098602336
250 0.4543365881677197
251 0.45605973578403214
252 0.4541451273214628
253 0.4543365881677197
254 0.45969749186291403
255 0.46161210032548344
256 0.46620716063565
257 0.46620716063565
258 0.4656327780968792
259 0.4652498564043653
260 0.46831322994447633
261 0.4708022209458166
262 0.4729082902546429
263 0.4736741336396707
264 0.47673750717978175
265 0.4769289680260387
266 0.4769289680260387
267 0.47731188971855254
268 0.4788435764886081
269 0.4780777331035803
270 0.4784606547960942
271 0.47960941987363587
272 0.48286425426000384
273 0.48209841087497607
274 0.4842044801838024
275 0.48573616695385796
276 0.49167145318782307
277 0.49856404365307294
278 0.49875550449932987
279 0.4972238177292744
280 0.5025847214244687
281 0.5075627034271492
282 0.5041164081945242
283 0.5006701129618993
284 0.5018188780394409
285 0.49626651349798967
286 0.5014359563469271
287 0.504690790733295
288 0.5067968600421214
289 0.5077541642734061
290 0.5064139383496075
291 0.5020103388856979
292 0.5060310166570936
293 0.507945625119663
294 0.507945625119663
295 0.5096687727359754
296 0.5108175378135171
297 0.5133065288148574
298 0.5161784415087115
299 0.5186674325100517
300 0.5156040589699407
301 0.514646754738656
302 0.5169442848937392
303 0.5226881102814475
304 0.5215393452039058
305 0.5188588933563086
306 0.5286233965154126
307 0.5299636224392111
308 0.5368562129044611
309 0.5368562129044611
310 0.540111047290829
311 0.5366647520582041
312 0.5339843002106069
313 0.5387708213670305
314 0.5368562129044611
315 0.5383878996745166
316 0.5366647520582041
317 0.5343672219031208
318 0.543557342523454
319 0.5414512732146276
320 0.5443231859084817
321 0.5458548726785373
322 0.5452804901397664
323 0.5475780202948497
324 0.553130384836301
325 0.5565766800689259
326 0.5565766800689259
327 0.55944859276278
328 0.562703427149148
329 0.5648094964579743
330 0.5663411832280298
331 0.5651924181504883
332 0.5663411832280298
333 0.5682557916905993
334 0.5695960176143978
335 0.5711277043844534
336 0.575531303848363
337 0.5732337736932798
338 0.5741910779245645
339 0.5774459123109325
340 0.58510434616121
341 0.5824238943136129
342 0.585295807007467
343 0.581849511774842
344 0.5849128853149531
345 0.5866360329312655
346 0.5887421022400919
347 0.5860616503924947
348 0.5906567107026613
349 0.5918054757802029
350 0.5896994064713766
351 0.5889335630863488
352 0.5826153551598698
353 0.585295807007467
354 0.5826153551598698
355 0.5807007466973004
356 0.5789775990809879
357 0.585295807007467
358 0.58510434616121
359 0.5887421022400919
360 0.5887421022400919
361 0.5921883974727168
362 0.5933371625502585
363 0.5872104154700364
364 0.591614014933946
365 0.5937200842427723
366 0.5910396323951752
367 0.5918054757802029
368 0.5942944667815432
369 0.6031016657093624
370 0.6036760482481333
371 0.6032931265556194
372 0.6057821175569597
373 0.6092284127895845
374 0.610951560405897
375 0.6105686387133831
376 0.6147807773310358
377 0.6170783074861191
378 0.6170783074861191
379 0.6180356117174038
380 0.6096113344820984
381 0.6069308826345012
382 0.6113344820984109
383 0.6143978556385219
384 0.617269768332376
385 0.617461229178633
386 0.6121003254834386
387 0.617269768332376
388 0.6193758376412024
389 0.6176526900248899
390 0.6184185334099177
391 0.6214819069500287
392 0.6170783074861191
393 0.6184185334099177
394 0.6149722381772927
395 0.6224392111813134
396 0.617269768332376
397 0.6176526900248899
398 0.6180356117174038
399 0.6170783074861191
400 0.6166953857936052
401 0.6212904461037718
402 0.6266513497989661
403 0.6245452804901398
404 0.6255025847214245
405 0.617461229178633
406 0.6189929159486884
407 0.6191843767949454
408 0.6212904461037718
409 0.6220562894887995
410 0.623970897951369
411 0.6258855064139384
412 0.6270342714914799
413 0.630289105877848
414 0.633161018571702
415 0.6323951751866743
416 0.6295232624928202
417 0.6233965154125981
418 0.6245452804901398
419 0.6272257323377369
420 0.6266513497989661
421 0.6278001148765078
422 0.630289105877848
423 0.6316293318016466
424 0.6322037143404173
425 0.633543940264216
426 0.630289105877848
427 0.6264598889527092
428 0.6279915757227647
429 0.6264598889527092
430 0.6308634884166188
431 0.633543940264216
432 0.6316293318016466
433 0.6318207926479035
434 0.6396706873444381
435 0.6417767566532644
436 0.640053609036952
437 0.6383304614206394
438 0.6421596783457783
439 0.6387133831131534
440 0.6408194524219797
441 0.6356500095730423
442 0.6325866360329313
443 0.6346927053417576
444 0.6392877656519241
445 0.6390963048056673
446 0.6425426000382922
447 0.6452230518858894
448 0.6475205820409726
449 0.6465632778096879
450 0.6425426000382922
451 0.6404365307294658
452 0.6390963048056673
453 0.6421596783457783
454 0.6375646180356117
455 0.6417767566532644
456 0.6408194524219797
457 0.6434999042695768
458 0.6444572085008615
459 0.6456059735784032
460 0.6477120428872296
461 0.6477120428872296
462 0.6479035037334865
463 0.6507754164273406
464 0.65269002488991
465 0.6555619375837641
466 0.652498564043653
467 0.65269002488991
468 0.6521156423511392
469 0.6551790158912503
470 0.6588167719701321
471 0.6542217116599656
472 0.6523071031973962
473 0.6578594677388474
474 0.6569021635075627
475 0.6576680068925904
476 0.6626459888952709
477 0.6618801455102431
478 0.6618801455102431
479 0.6691556576680069
480 0.6674325100516945
481 0.6634118322802987
482 0.6574765460463335
483 0.6546046333524794
484 0.65269002488991
485 0.6547960941987364
486 0.6553704767375071
487 0.6534558682749377
488 0.6544131725062224
489 0.6515412598123683
490 0.6438828259620908
491 0.6448401301933755
492 0.6429255217308061
493 0.6427340608845491
494 0.6480949645797435
495 0.6480949645797435
496 0.6429255217308061
497 0.6446486693471185
498 0.6498181121960559
499 0.6582423894313613
500 0.6597740762014168
501 0.6641776756653265
502 0.6599655370476738
503 0.6622630672027571
504 0.6628374497415278
505 0.6664752058204098
506 0.675090943901972
507 0.668772735975493
508 0.6664752058204098
509 0.6659008232816389
510 0.6645605973578403
511 0.6649435190503542
512 0.6603484587401877
513 0.6674325100516945
514 0.6666666666666666
515 0.6666666666666666
516 0.6660922841278959
517 0.6647520582040972
518 0.6695385793605207
519 0.6703044227455486
520 0.671836109515604
521 0.6735592571319166
522 0.6716446486693471
523 0.6726019529006318
524 0.6714531878230902
525 0.6657093624353819
526 0.6601569978939307
527 0.6588167719701321
528 0.6620716063565001
529 0.6563277809687919
530 0.6586253111238751
531 0.6695385793605207
532 0.6666666666666666
533 0.6618801455102431
534 0.665517901589125
535 0.6668581275129236
536 0.6639862148190695
537 0.6630289105877848
538 0.6601569978939307
539 0.6613057629714724
540 0.6614972238177292
541 0.6668581275129236
542 0.6659008232816389
543 0.6703044227455486
544 0.6649435190503542
545 0.6607313804327015
546 0.6611143021252154
547 0.6603484587401877
548 0.6605399195864445
549 0.6630289105877848
550 0.6636032931265556
551 0.668581275129236
552 0.6681983534367222
553 0.6731763354394027
554 0.6733677962856596
555 0.6657093624353819
556 0.6660922841278959
557 0.6670495883591806
558 0.6708788052843193
559 0.6706873444380624
560 0.6693471185142639
561 0.6691556576680069
562 0.6714531878230902
563 0.672219031208118
564 0.6748994830557151
565 0.6706873444380624
566 0.6701129618992916
567 0.675090943901972
568 0.6699215010530346
569 0.6683898142829792
570 0.6678154317442083
571 0.6637947539728125
572 0.6680068925904652
573 0.6701129618992916
574 0.6662837449741528
575 0.6674325100516945
576 0.6680068925904652
577 0.6708788052843193
578 0.6789201608271108
579 0.6775799349033123
580 0.6819835343672219
581 0.6831322994447635
582 0.6821749952134788
583 0.6850469079073329
584 0.6833237602910205
585 0.6819835343672219
586 0.6793030825196248
587 0.6781543174420831
588 0.6789201608271108
589 0.6756653264407428
590 0.6712617269768333
591 0.672219031208118
592 0.6743251005169443
593 0.6689641968217499
594 0.6670495883591806
595 0.6712617269768333
596 0.6716446486693471
597 0.6729848745931457
598 0.6680068925904652
599 0.6691556576680069
600 0.672219031208118
601 0.6672410492054375
602 0.6641776756653265
603 0.6678154317442083
604 0.6706873444380624
605 0.6676239708979513
606 0.6739421788244304
607 0.6814091518284511
608 0.6812176909821941
609 0.6771970132107984
610 0.6800689259046525
611 0.6835152211372775
612 0.6871529772161593
613 0.6806433084434234
614 0.6779628565958261
615 0.6800689259046525
616 0.6829408385985066
617 0.6800689259046525
618 0.6775799349033123
619 0.6783457782883401
620 0.6800689259046525
621 0.6798774650583955
622 0.6894505073712426
623 0.6886846639862149
624 0.6884932031399579
625 0.6900248899100134
626 0.6917480375263259
627 0.6905992724487843
628 0.6894505073712426
629 0.6858127512923607
630 0.6871529772161593
631 0.6904078116025273
632 0.6917480375263259
633 0.6898334290637564
634 0.6902163507562703
635 0.6923224200650967
636 0.6959601761439785
637 0.6961516369902355
638 0.6927053417576106
639 0.694811411066437
640 0.6980662454528049
641 0.6942370285276661
642 0.6932797242963814
643 0.6988320888378327
644 0.6980662454528049
645 0.6976833237602911
646 0.6967260195290064
647 0.6934711851426383
648 0.6921309592188397
649 0.6927053417576106
650 0.6923224200650967
651 0.6921309592188397
652 0.6928968026038675
653 0.6877273597549302
654 0.6904078116025273
655 0.6890675856787287
656 0.6932797242963814
657 0.6957687152977217
658 0.6923224200650967
659 0.6973004020677771
660 0.691173654987555
661 0.6938541068351523
662 0.694428489373923
663 0.6934711851426383
664 0.7020869232242006
665 0.7034271491479992
666 0.7045759142255409
667 0.7049588359180547
668 0.7017040015316868
669 0.70400153168677
670 0.6955772544514647
671 0.6995979322228604
672 0.7015125406854298
673 0.7057246793030825
674 0.7043844533792839
675 0.7080222094581659
676 0.7028527666092285
677 0.7034271491479992
678 0.7045759142255409
679 0.7020869232242006
680 0.7045759142255409
681 0.7068734443806242
682 0.7026613057629715
683 0.7003637756078882
684 0.7017040015316868
685 0.7059161401493395
686 0.7036186099942562
687 0.7020869232242006
688 0.6997893930691174
689 0.6974918629140341
690 0.6973004020677771
691 0.7024698449167145
692 0.7049588359180547
693 0.7085965919969366
694 0.7082136703044227
695 0.710702661305763
696 0.707447826919395
697 0.7076392877656519
698 0.7034271491479992
699 0.713957495692131
700 0.7084051311506797
