1 0.00019146084625694046
2 0.0003829216925138809
3 0.0003829216925138809
4 0.0009573042312847023
5 0.0013402259237985832
6 0.002106069308826345
7 0.0044035994639096306
8 0.005552364541451273
9 0.006701129618992916
10 0.006701129618992916
11 0.007466973004020678
12 0.008807198927819261
13 0.009381581466590082
14 0.010147424851617844
15 0.011104729082902547
16 0.01263641585295807
17 0.014359563469270534
18 0.015125406854298296
19 0.017614397855638522
20 0.019720467164464867
21 0.022209458165805093
22 0.022975301550832855
23 0.02488991001340226
24 0.026038675090943902
25 0.026995979322228605
26 0.02871912693854107
27 0.03159103963239517
28 0.0340800306337354
29 0.03465441317250622
30 0.03618609994256174
31 0.03867509094390197
32 0.040206777713957496
33 0.04250430786904078
34 0.04729082902546429
35 0.049205437488033694
36 0.05035420256557534
37 0.05284319356691557
38 0.053800497798200266
39 0.05533218456825579
40 0.05648094964579743
41 0.06126747080222095
42 0.06241623587976259
43 0.06490522688110281
44 0.06835152211372775
45 0.0700746697300402
46 0.07390388665517901
47 0.07486119088646372
48 0.07849894696534558
49 0.07926479035037334
50 0.08481715489182462
51 0.08788052843193567
52 0.08979513689450508
53 0.09113536281830366
54 0.09324143212713
55 0.0961133448209841
56 0.0974535707447827
57 0.10013402259237986
58 0.10089986597740762
59 0.10281447443997703
60 0.10492054374880337
61 0.10626076967260195
62 0.1102814474439977
63 0.11162167336779628
64 0.11238751675282405
65 0.1154508902929351
66 0.11870572467930308
67 0.12176909821941413
68 0.12598123683706683
69 0.12751292360712235
70 0.12942753206969174
71 0.12847022783840706
72 0.1301933754547195
73 0.13459697491862915
74 0.13880911353628184
75 0.13880911353628184
76 0.13880911353628184
77 0.14321271300019145
78 0.14646754738655945
79 0.14608462569404557
80 0.14646754738655945
81 0.14972238177292743
82 0.14972238177292743
83 0.15067968600421214
84 0.15412598123683707
85 0.1552747463143787
86 0.15910396323951753
87 0.1617844150871147
88 0.16389048439594103
89 0.16733677962856597
90 0.17154891824621865
91 0.17346352670878806
92 0.17537813517135745
93 0.17997319548152402
94 0.18284510817537813
95 0.18475971663794755
96 0.1860999425617461
97 0.18705724679303082
98 0.18801455102431552
99 0.19050354202565575
100 0.19299253302699598
101 0.19854489756844726
102 0.19816197587593337
103 0.2035228795711277
104 0.20850086157380815
105 0.20984108749760674
106 0.21137277426766227
107 0.21213861765269001
108 0.21213861765269001
109 0.21462760865403024
110 0.2138617652690025
111 0.21673367796285659
112 0.22286042504307868
113 0.2243921118131342
114 0.2270725636607314
115 0.23032739804709937
116 0.23339077158721042
117 0.23224200650966878
118 0.23434807581849512
119 0.23913459697491862
120 0.23970897951368944
121 0.24296381390005745
122 0.24755887421022402
123 0.2466015699789393
124 0.24889910013402258
125 0.25349416044418915
126 0.25445146467547386
127 0.25789775990809877
128 0.2550258472142447
129 0.2594294466781543
130 0.26325866360329314
131 0.2626842810645223
132 0.263641585295807
133 0.2663220371434042
134 0.27206586253111237
135 0.27187440168485544
136 0.2724487842236263
137 0.2743633926861957
138 0.27838407045759145
139 0.28240474822898715
140 0.2847022783840705
141 0.2854681217690982
142 0.289297338694237
143 0.29236071223434806
144 0.29408385985066055
145 0.2977216159295424
146 0.29848745931457016
147 0.2973386942370285
148 0.29676431169825773
149 0.2996362243921118
150 0.29695577254451466
151 0.2988703810070841
152 0.2996362243921118
153 0.3019337545471951
154 0.30652881485736166
155 0.30461420639479225
156 0.30538004977982003
157 0.311889718552556
158 0.311889718552556
159 0.31495309209266703
160 0.31878230901780585
161 0.3176335439402642
162 0.3185908481715489
163 0.31610185717020867
164 0.3141872487076393
165 0.31533601378518095
166 0.3193566915565767
167 0.32318590848171547
168 0.3270151254068543
169 0.33007849894696534
170 0.3316101857170209
171 0.327972429638139
172 0.3298870381007084
173 0.33199310740953475
174 0.3379283936434999
175 0.34060884549109705
176 0.3457782883400345
177 0.3423319931074095
178 0.34348075818495116
179 0.344055140723722
180 0.3398430021060693
181 0.3421405322611526
182 0.3398430021060693
183 0.34099176718361096
184 0.3448209841087498
185 0.3492245835726594
186 0.3501818878039441
187 0.35056480949645796
188 0.3530538004977982
189 0.3565000957304231
190 0.36281830365690215
191 0.36281830365690215
192 0.3651158338119854
193 0.36703044227455484
194 0.36837066819835346
195 0.37162550258472143
196 0.376220562894888
197 0.3756461803561172
198 0.379283936434999
199 0.3823473099751101
200 0.38483630097645033
201 0.38770821367030445
202 0.3900057438253877
203 0.38732529197779053
204 0.3896228221328738
205 0.39536664752058204
206 0.3934520390580126
207 0.39555810836683897
208 0.3978556385219223
209 0.39383496075052654
210 0.3905801263641585
211 0.392303273980471
212 0.39440934328929733
213 0.39402642159678347
214 0.39460080413555426
215 0.39536664752058204
216 0.39364349990426956
217 0.39555810836683897
218 0.39287765651924184
219 0.39440934328929733
220 0.3974727168294084
221 0.3957495692130959
222 0.4003446295232625
223 0.39881294275320694
224 0.39881294275320694
225 0.3995787861382347
226 0.4022592379858319
227 0.4028336205246027
228 0.4028336205246027
229 0.40532261152594296
230 0.4047482289871721
231 0.4066628374497415
232 0.4070457591422554
233 0.4093432892973387
234 0.40972621098985257
235 0.411640819452422
236 0.4076201416810262
237 0.4080030633735401
238 0.4125981236837067
239 0.4089603676048248
240 0.4127895845299636
241 0.4177675665326441
242 0.4221711659965537
243 0.42197970515029676
244 0.42561746122917865
245 0.42657476546046336
246 0.4284893739230327
247 0.42638330461420637
248 0.4260003829216925
249 0.4302125215393452
250 0.4250430786904078
251 0.42561746122917865
252 0.4302125215393452
253 0.42982959984683133
254 0.42982959984683133
255 0.427723530538005
256 0.42274554853532453
257 0.42638330461420637
258 0.4260003829216925
259 0.43002106069308826
260 0.4344246601569979
261 0.4357648860807965
262 0.4353819643882826
263 0.4407428680834769
264 0.4424660156997894
265 0.4453379283936435
266 0.44495500670112964
267 0.44227455485353245
268 0.44667815431744207
269 0.44476354585487266
270 0.4514646754738656
271 0.45548535324526135
272 0.45261344055140723
273 0.45720850086157383
274 0.45797434424660155
275 0.46544131725062227
276 0.46218648286425423
277 0.4665900823281639
278 0.47214244686961515
279 0.47252536856212907
280 0.47865211564235116
281 0.4780777331035803
282 0.4729082902546429
283 0.4769289680260387
284 0.4769289680260387
285 0.4803752632586636
286 0.4807581849511775
287 0.48248133256748993
288 0.47578020294849704
289 0.4736741336396707
290 0.47252536856212907
291 0.47826919394983725
292 0.47922649818112195
293 0.48018380241240666
294 0.48248133256748993
295 0.4805667241049205
296 0.4807581849511775
297 0.482289871721233
298 0.48439594103005934
299 0.488608079647712
300 0.4949262875741911
301 0.5008615738081562
302 0.49760673942178824
303 0.498372582806816
304 0.49626651349798967
305 0.5006701129618993
306 0.4981811219605591
307 0.4972238177292744
308 0.49798966111430215
309 0.5012444955006701
310 0.5029676431169826
311 0.5004786521156424
312 0.5020103388856979
313 0.504499329887038
314 0.507945625119663
315 0.5004786521156424
316 0.5041164081945242
317 0.5018188780394409
318 0.5050737124258089
319 0.5087114685046908
320 0.5083285468121769
321 0.514646754738656
322 0.5152211372774268
323 0.511200459506031
324 0.5110089986597741
325 0.5163699023549684
326 0.5175186674325101
327 0.5179015891250239
328 0.5192418150488225
329 0.5217308060501628
330 0.5249856404365307
331 0.5278575531303848
332 0.527474631437871
333 0.5251771012827877
334 0.5267087880528432
335 0.5236454145127322
336 0.5259429446678154
337 0.5259429446678154
338 0.5278575531303848
339 0.527283170591614
340 0.5261344055140724
341 0.5286233965154126
342 0.5332184568255792
343 0.5330269959793222
344 0.5324526134405514
345 0.5347501435956347
346 0.539919586444572
347 0.5437488033697109
348 0.5475780202948497
349 0.5493011679111621
350 0.5494926287574191
351 0.5502584721424468
352 0.5519816197587594
353 0.5577254451464676
354 0.5538962282213288
355 0.556193758376412
356 0.5563852192226689
357 0.556193758376412
358 0.5558108366838982
359 0.5575339843002106
360 0.5540876890675857
361 0.5546620716063565
362 0.5600229753015509
363 0.562703427149148
364 0.562511966302891
365 0.5682557916905993
366 0.5674899483055715
367 0.562894887995405
368 0.5615546620716063
369 0.5686387133831131
370 0.5711277043844534
371 0.5707447826919395
372 0.5682557916905993
373 0.569213095921884
374 0.5672984874593145
375 0.5695960176143978
376 0.569404556768141
377 0.5709362435381964
378 0.5724679303082519
379 0.5705533218456825
380 0.5688301742293701
381 0.5713191652307104
382 0.5722764694619951
383 0.5722764694619951
384 0.5808922075435573
385 0.5789775990809879
386 0.5791690599272449
387 0.5810836683898143
388 0.5902737890101474
389 0.5860616503924947
390 0.5891250239326058
391 0.5900823281638905
392 0.5977407620141681
393 0.6021443614780777
394 0.6027187440168486
395 0.6063565000957304
396 0.6075052651732721
397 0.6082711085582998
398 0.6121003254834386
399 0.6103771778671262
400 0.6157380815623205
401 0.614014933946008
402 0.6157380815623205
403 0.6080796477120429
404 0.607696726019529
405 0.6124832471759525
406 0.6099942561746123
407 0.6082711085582998
408 0.610951560405897
409 0.6178441508711469
410 0.6159295424085774
411 0.6182270725636607
412 0.6178441508711469
413 0.620524602718744
414 0.6178441508711469
415 0.6184185334099177
416 0.6226306720275704
417 0.6153551598698066
418 0.6136320122534942
419 0.6128661688684663
420 0.6210989852575148
421 0.6226306720275704
422 0.6251196630289105
423 0.6289488799540494
424 0.6255025847214245
425 0.6272257323377369
426 0.6345012444955007
427 0.6364158529580701
428 0.6314378709553896
429 0.6306720275703619
430 0.6318207926479035
431 0.6327780968791882
432 0.6299061841853341
433 0.633161018571702
434 0.6356500095730423
435 0.6346927053417576
436 0.6329695577254452
437 0.6350756270342715
438 0.6348841661880146
439 0.6425426000382922
440 0.6450315910396324
441 0.6538387899674517
442 0.6517327206586253
443 0.655753398430021
444 0.6563277809687919
445 0.6536473291211947
446 0.6551790158912503
447 0.6515412598123683
448 0.655753398430021
449 0.6505839555810836
450 0.6509668772735976
451 0.649243729657285
452 0.6423511391920352
453 0.6427340608845491
454 0.6356500095730423
455 0.6369902354968409
456 0.6436913651158338
457 0.6467547386559449
458 0.6475205820409726
459 0.6473291211947156
460 0.6450315910396324
461 0.6410109132682367
462 0.6452230518858894
463 0.6461803561171741
464 0.6452230518858894
465 0.6480949645797435
466 0.6448401301933755
467 0.6511583381198545
468 0.6505839555810836
469 0.6507754164273406
470 0.6567107026613057
471 0.6549875550449933
472 0.6540302508137086
473 0.655753398430021
474 0.6580509285851044
475 0.6542217116599656
476 0.6586253111238751
477 0.6530729465824239
478 0.652881485736167
479 0.6505839555810836
480 0.6425426000382922
481 0.6471376603484588
482 0.6461803561171741
483 0.6496266513497989
484 0.6490522688110282
485 0.6484778862722573
486 0.6456059735784032
487 0.6490522688110282
488 0.6509668772735976
489 0.6547960941987364
490 0.6542217116599656
491 0.6507754164273406
492 0.6503924947348267
493 0.6488608079647712
494 0.6486693471185143
495 0.6469461995022018
496 0.6482864254260003
497 0.6530729465824239
498 0.655944859276278
499 0.6570936243538197
500 0.6546046333524794
501 0.6521156423511392
502 0.6532644074286809
503 0.6546046333524794
504 0.655944859276278
505 0.6628374497415278
506 0.6626459888952709
507 0.6567107026613057
508 0.6630289105877848
509 0.6703044227455486
510 0.668581275129236
511 0.668772735975493
512 0.6703044227455486
513 0.6681983534367222
514 0.6680068925904652
515 0.6662837449741528
516 0.6670495883591806
517 0.6668581275129236
518 0.6668581275129236
519 0.6678154317442083
520 0.672027570361861
521 0.6771970132107984
522 0.675473865594486
523 0.675282404748229
524 0.6729848745931457
525 0.6701129618992916
526 0.6764311698257707
527 0.678537239134597
528 0.6816006126747081
529 0.6837066819835343
530 0.6860042121386176
531 0.6840896036760482
532 0.6789201608271108
533 0.6775799349033123
534 0.6775799349033123
535 0.6793030825196248
536 0.6861956729848746
537 0.6896419682174996
538 0.688110281447444
539 0.6890675856787287
540 0.6886846639862149
541 0.6884932031399579
542 0.6900248899100134
543 0.6942370285276661
544 0.6896419682174996
545 0.684855447061076
546 0.6800689259046525
547 0.6817920735209649
548 0.678537239134597
549 0.6771970132107984
550 0.6758567872869998
551 0.6760482481332567
552 0.6747080222094581
553 0.6735592571319166
554 0.6739421788244304
555 0.668581275129236
556 0.6704958835918055
557 0.668772735975493
558 0.6748994830557151
559 0.6806433084434234
560 0.6823664560597358
561 0.6842810645223052
562 0.6840896036760482
563 0.6789201608271108
564 0.6770055523645414
565 0.6771970132107984
566 0.6726019529006318
567 0.6737507179781734
568 0.6745165613632013
569 0.6729848745931457
570 0.678537239134597
571 0.6823664560597358
572 0.6796860042121387
573 0.6791116216733678
574 0.6814091518284511
575 0.6741336396706873
576 0.6748994830557151
577 0.6743251005169443
578 0.675473865594486
579 0.6706873444380624
580 0.6741336396706873
581 0.6779628565958261
582 0.6783457782883401
583 0.6745165613632013
584 0.675282404748229
585 0.675090943901972
586 0.6760482481332567
587 0.675090943901972
588 0.6727934137468887
589 0.672027570361861
590 0.6796860042121387
591 0.684855447061076
592 0.6814091518284511
593 0.6860042121386176
594 0.6877273597549302
595 0.6898334290637564
596 0.6886846639862149
597 0.6886846639862149
598 0.688110281447444
599 0.6898334290637564
600 0.6871529772161593
601 0.6867700555236455
602 0.678537239134597
603 0.6762397089795137
604 0.6806433084434234
605 0.6858127512923607
606 0.6892590465249856
607 0.6852383687535899
608 0.6850469079073329
609 0.6854298295998469
610 0.6884932031399579
611 0.6819835343672219
612 0.6748994830557151
613 0.6781543174420831
614 0.6835152211372775
615 0.6827493777522496
616 0.688110281447444
617 0.6892590465249856
618 0.6950028719126938
619 0.6890675856787287
620 0.6909821941412981
621 0.6942370285276661
622 0.6984491671453188
623 0.6980662454528049
624 0.6936626459888953
625 0.6923224200650967
626 0.6900248899100134
627 0.6907907332950411
628 0.6919394983725828
629 0.6907907332950411
630 0.6904078116025273
631 0.688110281447444
632 0.6877273597549302
633 0.6852383687535899
634 0.6907907332950411
635 0.6871529772161593
636 0.6871529772161593
637 0.675090943901972
638 0.6733677962856596
639 0.6768140915182845
640 0.6821749952134788
641 0.6825579169059928
642 0.6823664560597358
643 0.6777713957495692
644 0.6816006126747081
645 0.6793030825196248
646 0.678728699980854
647 0.6898334290637564
648 0.6871529772161593
649 0.6898334290637564
650 0.6898334290637564
651 0.6938541068351523
652 0.6938541068351523
653 0.6936626459888953
654 0.6942370285276661
655 0.6907907332950411
656 0.6892590465249856
657 0.691173654987555
658 0.6917480375263259
659 0.6900248899100134
660 0.6838981428297913
661 0.6886846639862149
662 0.6875358989086732
663 0.6902163507562703
664 0.694428489373923
665 0.6927053417576106
666 0.6980662454528049
667 0.7011296189929159
668 0.7013210798391729
669 0.7045759142255409
670 0.700938158146659
671 0.6995979322228604
672 0.7078307486119089
673 0.7076392877656519
674 0.7084051311506797
675 0.7122343480758185
676 0.7108941221520199
677 0.7131916523071032
678 0.7095538962282213
679 0.7097453570744783
680 0.7120428872295615
681 0.710702661305763
682 0.7066819835343672
683 0.7080222094581659
684 0.7093624353819644
685 0.7174037909247559
686 0.7181696343097836
687 0.7145318782309018
688 0.7131916523071032
689 0.7082136703044227
690 0.7076392877656519
691 0.704192992533027
692 0.7059161401493395
693 0.7082136703044227
694 0.7061076009955964
695 0.7062990618418533
696 0.7049588359180547
697 0.7062990618418533
698 0.7043844533792839
699 0.7049588359180547
700 0.710511200459506
