1 0.0005743825387708214
2 0.0011487650775416428
3 0.0011487650775416428
4 0.0011487650775416428
5 0.0017231476163124641
6 0.0026804518475971664
7 0.0030633735401110473
8 0.0030633735401110473
9 0.0036377560788818687
10 0.004977982002680452
11 0.006701129618992916
12 0.0072755121577637374
13 0.007849894696534559
14 0.009190120620333142
15 0.010913268236645606
16 0.012062033314187249
17 0.014168102623013594
18 0.015508328546812177
19 0.01723147616312464
20 0.018571702086923225
21 0.019911928010721808
22 0.02086923224200651
23 0.02106069308826345
24 0.022975301550832855
25 0.02527283170591614
26 0.02948497032356883
27 0.03197396132490905
28 0.03293126555619376
29 0.0340800306337354
30 0.03790924755887421
31 0.039823856021443615
32 0.04346161210032548
33 0.044610377177867123
34 0.04729082902546429
35 0.047865211564235115
36 0.05054566341183228
37 0.051694428489373924
38 0.05399195864445721
39 0.054183419490714146
40 0.05648094964579743
41 0.0591614014933946
42 0.06241623587976259
43 0.06318207926479034
44 0.06547960941987363
45 0.06681983534367222
46 0.06681983534367222
47 0.07064905226881103
48 0.07237219988512349
49 0.07313804327015125
50 0.0762014168102623
51 0.07773310358031782
52 0.08117939881294275
53 0.0832854681217691
54 0.08692322420065096
55 0.08998659774076201
56 0.09362435381964389
57 0.09668772735975494
58 0.09898525751483822
59 0.09860233582232433
60 0.10089986597740762
61 0.1031973961324909
62 0.10721807390388666
63 0.11449358606165039
64 0.11583381198544898
65 0.1192801072180739
66 0.12138617652690024
67 0.125406854298296
68 0.1263641585295807
69 0.13000191460846258
70 0.13249090560980278
71 0.13287382730231667
72 0.1357457399961708
73 0.13842619184376795
74 0.14321271300019145
75 0.14455293892399004
76 0.1443614780777331
77 0.14933946008041354
78 0.15010530346544132
79 0.15450890292935096
80 0.15680643308443423
81 0.1594868849320314
82 0.16101857170208692
83 0.16465632778096878
84 0.16905992724487842
85 0.17174037909247558
86 0.17250622247750336
87 0.1749952134788436
88 0.17805858701895463
89 0.18093049971280872
90 0.18495117748420448
91 0.18705724679303082
92 0.1860999425617461
93 0.18954623779437105
94 0.18954623779437105
95 0.19280107218073905
96 0.1958644457208501
97 0.19777905418341948
98 0.19950220179973197
99 0.20179973195481524
100 0.20658625311123874
101 0.20926670495883593
102 0.21271300019146083
103 0.21213861765269001
104 0.2111813134214053
105 0.21596783457782884
106 0.21788244304039825
107 0.218648286425426
108 0.22228604250430786
109 0.22458357265939116
110 0.22515795519816198
111 0.22630672027570362
112 0.23071031973961326
113 0.23128470227838407
114 0.2328163890484396
115 0.23300784989469653
116 0.2366456059735784
117 0.23607122343480758
118 0.23836875358989087
119 0.24411257897759908
120 0.24641010913268235
121 0.250813708596592
122 0.25100516944284895
123 0.2550258472142447
124 0.2565575339843002
125 0.2584721424468696
126 0.26249282021826537
127 0.2626842810645223
128 0.2645988895270917
129 0.26613057629714726
130 0.2655561937583764
131 0.2665134979896611
132 0.27034271491479994
133 0.2670878805284319
134 0.27053417576105687
135 0.2691939498372583
136 0.2697683323760291
137 0.27378901014742485
138 0.2770438445337928
139 0.2831705916140149
140 0.2871912693854107
141 0.289297338694237
142 0.2929350947731189
143 0.29331801646563277
144 0.295807007466973
145 0.29753015508328545
146 0.295807007466973
147 0.2977216159295424
148 0.29829599846831323
149 0.3013593720084243
150 0.3013593720084243
151 0.30116791116216735
152 0.30882634501244494
153 0.30825196247367415
154 0.308634884166188
155 0.3130384836300976
156 0.3122726402450699
157 0.3141872487076393
158 0.3170591614014934
159 0.32069691748037527
160 0.3228029867892016
161 0.32299444763545854
162 0.3252919777905418
163 0.3262492820218265
164 0.3323760291020486
165 0.3270151254068543
166 0.32778096879188207
167 0.3281638904843959
168 0.33295041164081945
169 0.33582232433467357
170 0.33639670687344436
171 0.3402259237985832
172 0.33811985448975684
173 0.33658816771970135
174 0.33907715872104155
175 0.33907715872104155
176 0.3379283936434999
177 0.34194907141489567
178 0.3430978364924373
179 0.3455868274937775
180 0.3469270534175761
181 0.3509477311889719
182 0.3524794179590274
183 0.353628183036569
184 0.3545854872678537
185 0.3501818878039441
186 0.3520964962665135
187 0.3580317825004787
188 0.36032931265556195
189 0.3653072946582424
190 0.366647520582041
191 0.3704767375071798
192 0.3712425808922075
193 0.37315718935477693
194 0.37890101474248516
195 0.37641202374114496
196 0.3800497798200268
197 0.3790924755887421
198 0.37794371051120046
199 0.3790924755887421
200 0.38043270151254066
201 0.3808156232050546
202 0.3842619184376795
203 0.38119854489756844
204 0.3846448401301934
205 0.38253877082136706
206 0.38158146659008235
207 0.3846448401301934
208 0.38732529197779053
209 0.3871338311315336
210 0.3836875358989087
211 0.3880911353628183
212 0.3907715872104155
213 0.38866551790158915
214 0.39192035228795713
215 0.39192035228795713
216 0.3880911353628183
217 0.39115450890292935
218 0.3898142829791308
219 0.3905801263641585
220 0.3915374305954432
221 0.3909630480566724
222 0.39115450890292935
223 0.3924947348267279
224 0.3951751866743251
225 0.3967068734443806
226 0.39996170783074864
227 0.4013019337545472
228 0.4003446295232625
229 0.40168485544706106
230 0.4009190120620333
231 0.4041738464484013
232 0.40111047290829027
233 0.39919586444572086
234 0.40264215967834577
235 0.4047482289871721
236 0.408385985066054
237 0.40608845491097073
238 0.4106835152211373
239 0.4089603676048248
240 0.41010913268236643
241 0.41298104537622055
242 0.4091518284510818
243 0.4160444189163316
244 0.4189163316101857
245 0.42006509668772735
246 0.42044801838024126
247 0.4160444189163316
248 0.41949071414895656
249 0.42197970515029676
250 0.42102240091901205
251 0.4250430786904078
252 0.4231284702278384
253 0.4279149913842619
254 0.43174420830940075
255 0.43251005169442847
256 0.43136128661688683
257 0.4305954432318591
258 0.4330844342331993
259 0.43519050354202565
260 0.43863679877465056
261 0.44227455485353245
262 0.447061076009956
263 0.4516561363201225
264 0.4497415278575531
265 0.45376220562894887
266 0.45701704001531684
267 0.4552938923990044
268 0.45376220562894887
269 0.4551024315527475
270 0.4551024315527475
271 0.453379283936435
272 0.4556768140915183
273 0.45357074478269194
274 0.45835726593911547
275 0.4600804135554279
276 0.4602718744016849
277 0.45644265747654605
278 0.4547195098602336
279 0.4600804135554279
280 0.4627608654030251
281 0.46544131725062227
282 0.46314378709553894
283 0.4681217690982194
284 0.46601569978939306
285 0.46831322994447633
286 0.47252536856212907
287 0.4755887421022401
288 0.4761631246410109
289 0.4713766034845874
290 0.4713766034845874
291 0.4752058204097262
292 0.47501435956346927
293 0.4778862722573234
294 0.4778862722573234
295 0.48190695002871914
296 0.4794179590273789
297 0.47922649818112195
298 0.4832471759525177
299 0.4826727934137469
300 0.4794179590273789
301 0.472716829408386
302 0.4771204288722956
303 0.482289871721233
304 0.48535324526134405
305 0.485544706107601
306 0.4859276278001149
307 0.48458740187631627
308 0.4830557151062608
309 0.4842044801838024
310 0.48726785372391346
311 0.48822515795519816
312 0.49607505265173274
313 0.4964579743442466
314 0.49779820026804517
315 0.49798966111430215
316 0.49684089603676046
317 0.49607505265173274
318 0.4972238177292744
319 0.49779820026804517
320 0.5029676431169826
321 0.4991384261918438
322 0.5041164081945242
323 0.5073712425808922
324 0.5094773118897186
325 0.5123492245835727
326 0.5115833811985449
327 0.5110089986597741
328 0.5156040589699407
329 0.5167528240474822
330 0.5194332758950795
331 0.5230710319739613
332 0.5247941795902737
333 0.5221137277426766
334 0.5270917097453571
335 0.5297721615929543
336 0.5339843002106069
337 0.5314953092092667
338 0.5282404748228987
339 0.5269002488991001
340 0.5282404748228987
341 0.5228795711277043
342 0.5186674325100517
343 0.5179015891250239
344 0.5186674325100517
345 0.5290063182079264
346 0.5295807007466973
347 0.5278575531303848
348 0.5282404748228987
349 0.5301550832854681
350 0.5320696917480375
351 0.5372391345969749
352 0.5362818303656902
353 0.5416427340608846
354 0.5422171165996553
355 0.5412598123683706
356 0.5456634118322803
357 0.546620716063565
358 0.5448975684472526
359 0.546429255217308
360 0.543557342523454
361 0.5470036377560789
362 0.5533218456825579
363 0.5542791499138426
364 0.5598315144552939
365 0.5634692705341757
366 0.5640436530729466
367 0.5665326440742868
368 0.565958261535516
369 0.5653838789967451
370 0.5646180356117174
371 0.5728508520007658
372 0.5722764694619951
373 0.5747654604633352
374 0.582232433467356
375 0.5808922075435573
376 0.582040972621099
377 0.5795519816197587
378 0.5803178250047866
379 0.5791690599272449
380 0.5808922075435573
381 0.5843385027761823
382 0.5877847980088072
383 0.5929542408577446
384 0.5889335630863488
385 0.5849128853149531
386 0.5877847980088072
387 0.591614014933946
388 0.5927627800114876
389 0.5956346927053418
390 0.5969749186291403
391 0.5971663794753973
392 0.6029102048631055
393 0.6050162741719318
394 0.6099942561746123
395 0.6098027953283554
396 0.6178441508711469
397 0.617461229178633
398 0.6124832471759525
399 0.6130576297147233
400 0.6176526900248899
401 0.614206394792265
402 0.6134405514072372
403 0.6176526900248899
404 0.617461229178633
405 0.6184185334099177
406 0.6195672984874593
407 0.6203331418724871
408 0.6264598889527092
409 0.6291403408003063
410 0.623970897951369
411 0.6184185334099177
412 0.6193758376412024
413 0.6163124641010913
414 0.6203331418724871
415 0.6281830365690216
416 0.6279915757227647
417 0.6272257323377369
418 0.6295232624928202
419 0.6314378709553896
420 0.6364158529580701
421 0.6379475397281256
422 0.6412023741144935
423 0.643116982577063
424 0.6354585487267854
425 0.6396706873444381
426 0.6310549492628758
427 0.6316293318016466
428 0.6343097836492437
429 0.6377560788818687
430 0.6410109132682367
431 0.6389048439594103
432 0.6413938349607505
433 0.6417767566532644
434 0.6507754164273406
435 0.652881485736167
436 0.6509668772735976
437 0.6490522688110282
438 0.652881485736167
439 0.6479035037334865
440 0.6479035037334865
441 0.6538387899674517
442 0.6555619375837641
443 0.6563277809687919
444 0.6565192418150488
445 0.6576680068925904
446 0.6544131725062224
447 0.6482864254260003
448 0.6540302508137086
449 0.6540302508137086
450 0.6542217116599656
451 0.6530729465824239
452 0.65269002488991
453 0.6517327206586253
454 0.6546046333524794
455 0.6547960941987364
456 0.6511583381198545
457 0.6549875550449933
458 0.6565192418150488
459 0.6578594677388474
460 0.6607313804327015
461 0.6639862148190695
462 0.662454528049014
463 0.6693471185142639
464 0.6714531878230902
465 0.6737507179781734
466 0.6760482481332567
467 0.6771970132107984
468 0.6810262301359372
469 0.672219031208118
470 0.6662837449741528
471 0.6693471185142639
472 0.6637947539728125
473 0.6614972238177292
474 0.6590082328163891
475 0.6651349798966112
476 0.6664752058204098
477 0.6659008232816389
478 0.6674325100516945
479 0.6726019529006318
480 0.675282404748229
481 0.6716446486693471
482 0.672219031208118
483 0.6756653264407428
484 0.6760482481332567
485 0.6777713957495692
486 0.6825579169059928
487 0.6806433084434234
488 0.6835152211372775
489 0.6819835343672219
490 0.6808347692896802
491 0.6806433084434234
492 0.6856212904461038
493 0.684663986214819
494 0.6873444380624162
495 0.684855447061076
496 0.6860042121386176
497 0.6833237602910205
498 0.6835152211372775
499 0.6816006126747081
500 0.6902163507562703
501 0.6921309592188397
502 0.6900248899100134
503 0.6961516369902355
504 0.694428489373923
505 0.6909821941412981
506 0.6890675856787287
507 0.6925138809113536
508 0.691365115833812
509 0.6955772544514647
510 0.7001723147616312
511 0.6984491671453188
512 0.691173654987555
513 0.6886846639862149
514 0.684855447061076
515 0.6854298295998469
516 0.6875358989086732
517 0.6850469079073329
518 0.684663986214819
519 0.6907907332950411
520 0.6877273597549302
521 0.6904078116025273
522 0.6934711851426383
523 0.691556576680069
524 0.687918820601187
525 0.688110281447444
526 0.6865785946773885
527 0.6886846639862149
528 0.6840896036760482
529 0.6869615163699023
530 0.6838981428297913
531 0.6842810645223052
532 0.6833237602910205
533 0.6827493777522496
534 0.6806433084434234
535 0.6768140915182845
536 0.6745165613632013
537 0.6729848745931457
538 0.6758567872869998
539 0.6835152211372775
540 0.6838981428297913
541 0.6823664560597358
542 0.6804518475971664
543 0.6823664560597358
544 0.6821749952134788
545 0.6861956729848746
546 0.6873444380624162
547 0.6821749952134788
548 0.675090943901972
549 0.6760482481332567
550 0.6726019529006318
551 0.6697300402067777
552 0.672219031208118
553 0.6733677962856596
554 0.6768140915182845
555 0.6798774650583955
556 0.6816006126747081
557 0.6800689259046525
558 0.6773884740570554
559 0.6699215010530346
560 0.6737507179781734
561 0.6735592571319166
562 0.6825579169059928
563 0.6804518475971664
564 0.6794945433658817
565 0.6823664560597358
566 0.687918820601187
567 0.6940455676814091
568 0.6896419682174996
569 0.6919394983725828
570 0.6927053417576106
571 0.6950028719126938
572 0.6963430978364924
573 0.6959601761439785
574 0.6957687152977217
575 0.691365115833812
576 0.6896419682174996
577 0.6869615163699023
578 0.6806433084434234
579 0.6856212904461038
580 0.6873444380624162
581 0.6877273597549302
582 0.6900248899100134
583 0.6871529772161593
584 0.6867700555236455
585 0.6884932031399579
586 0.687918820601187
587 0.6867700555236455
588 0.6867700555236455
589 0.6823664560597358
590 0.6871529772161593
591 0.6850469079073329
592 0.6827493777522496
593 0.6854298295998469
594 0.6800689259046525
595 0.6827493777522496
596 0.6837066819835343
597 0.687918820601187
598 0.6877273597549302
599 0.6877273597549302
600 0.691173654987555
601 0.691556576680069
602 0.6923224200650967
603 0.6896419682174996
604 0.6904078116025273
605 0.694428489373923
606 0.6923224200650967
607 0.6938541068351523
608 0.691556576680069
609 0.6923224200650967
610 0.6898334290637564
611 0.6863871338311315
612 0.6827493777522496
613 0.6838981428297913
614 0.6858127512923607
615 0.6896419682174996
616 0.691173654987555
617 0.694811411066437
618 0.6965345586827494
619 0.6990235496840896
620 0.7003637756078882
621 0.6988320888378327
622 0.6965345586827494
623 0.6992150105303465
624 0.6980662454528049
625 0.6976833237602911
626 0.6988320888378327
627 0.6969174803752632
628 0.7030442274554853
629 0.6995979322228604
630 0.6936626459888953
631 0.6940455676814091
632 0.6925138809113536
633 0.6923224200650967
634 0.6919394983725828
635 0.6928968026038675
636 0.6940455676814091
637 0.6869615163699023
638 0.6883017422937009
639 0.6959601761439785
640 0.6932797242963814
641 0.6974918629140341
642 0.6957687152977217
643 0.6953857936052077
644 0.6930882634501244
645 0.6923224200650967
646 0.6923224200650967
647 0.6995979322228604
648 0.704192992533027
649 0.697874784606548
650 0.6976833237602911
651 0.7024698449167145
652 0.7030442274554853
653 0.707256366073138
654 0.7080222094581659
655 0.6974918629140341
656 0.7007466973004021
657 0.7026613057629715
658 0.7007466973004021
659 0.7001723147616312
660 0.7005552364541451
661 0.7007466973004021
662 0.7030442274554853
663 0.7007466973004021
664 0.6967260195290064
665 0.6982577062990618
666 0.6959601761439785
667 0.7011296189929159
668 0.700938158146659
669 0.7032356883017423
670 0.7036186099942562
671 0.7043844533792839
672 0.7045759142255409
673 0.7061076009955964
674 0.7030442274554853
675 0.7011296189929159
676 0.7049588359180547
677 0.7043844533792839
678 0.700938158146659
679 0.6995979322228604
680 0.7049588359180547
681 0.7001723147616312
682 0.6990235496840896
683 0.700938158146659
684 0.7034271491479992
685 0.7026613057629715
686 0.710511200459506
687 0.7156806433084434
688 0.7084051311506797
689 0.7143404173846448
690 0.7057246793030825
691 0.7051502967643117
692 0.700938158146659
693 0.6973004020677771
694 0.6976833237602911
695 0.6953857936052077
696 0.6971089412215202
697 0.6923224200650967
698 0.7013210798391729
699 0.6942370285276661
700 0.6898334290637564
