1 0.0009573042312847023
2 0.0017231476163124641
3 0.0022975301550832855
4 0.002871912693854107
5 0.0030633735401110473
6 0.00421213861765269
7 0.005360903695194333
8 0.006318207926479035
9 0.0080413555427915
10 0.008807198927819261
11 0.011296189929159487
12 0.012062033314187249
13 0.013593720084242773
14 0.014742485161784415
15 0.01684855447061076
16 0.018954623779437105
17 0.02048631054949263
18 0.022209458165805093
19 0.02469844916714532
20 0.026613057629714724
21 0.027761822707256367
22 0.02967643116982577
23 0.03197396132490905
24 0.035611717403790925
25 0.03790924755887421
26 0.04173846448401302
27 0.04422745548535324
28 0.04480183802412407
29 0.04671644648669347
30 0.049971280873061456
31 0.053417576105686385
32 0.05514072372199885
33 0.05858701895462378
34 0.061458931648477884
35 0.06337354011104729
36 0.06299061841853341
37 0.06624545280490139
38 0.0700746697300402
39 0.07084051311506796
40 0.07218073903886656
41 0.07581849511774842
42 0.0762014168102623
43 0.07696726019529006
44 0.08022209458165805
45 0.08290254642925522
46 0.08596591996936627
47 0.09017805858701895
48 0.09304997128087306
49 0.09687918820601187
50 0.09879379666858128
51 0.10185717020869232
52 0.10243155274746314
53 0.10511200459506032
54 0.10683515221137277
55 0.10989852575148382
56 0.1164081945242198
57 0.12081179398812943
58 0.1234922458357266
59 0.12655561937583765
60 0.1278958452996362
61 0.12693854106835153
62 0.12885314953092092
63 0.13306528814857363
64 0.13651158338119854
65 0.14321271300019145
66 0.14531878230901782
67 0.14780777331035802
68 0.15106260769672603
69 0.15259429446678155
70 0.15680643308443423
71 0.15910396323951753
72 0.1617844150871147
73 0.16599655370476737
74 0.16771970132107983
75 0.17288914417001724
76 0.17346352670878806
77 0.17442083094007277
78 0.17633543940264215
79 0.17786712617269768
80 0.18246218648286425
81 0.18188780394409343
82 0.1855255600229753
83 0.18667432510051696
84 0.19050354202565575
85 0.19777905418341948
86 0.19854489756844726
87 0.20179973195481524
88 0.2016082711085583
89 0.2044801838024124
90 0.2067777139574957
91 0.20696917480375263
92 0.21137277426766227
93 0.21367030442274554
94 0.21635075627034273
95 0.21807390388665518
96 0.22247750335056482
97 0.2205628948879954
98 0.2253494160444189
99 0.22841278958452996
100 0.23262492820218264
101 0.23319931074095349
102 0.23262492820218264
103 0.234730997511009
104 0.23453953666475205
105 0.23607122343480758
106 0.2385602144361478
107 0.23970897951368944
108 0.24124066628374496
109 0.24583572659391154
110 0.24775033505648095
111 0.2550258472142447
112 0.2594294466781543
113 0.2569404556768141
114 0.25962090752441125
115 0.25866360329312654
116 0.26134405514072373
117 0.26057821175569595
118 0.26345012444955007
119 0.2674708022209458
120 0.2735975493011679
121 0.2726402450698832
122 0.2745548535324526
123 0.2758950794562512
124 0.27666092284127897
125 0.27838407045759145
126 0.2795328355351331
127 0.2814474439977025
128 0.2841278958452996
129 0.28623396515412597
130 0.2883400344629523
131 0.28853149530920924
132 0.2883400344629523
133 0.29082902546429257
134 0.29599846831322996
135 0.29695577254451466
136 0.299061841853341
137 0.3015508328546812
138 0.3005935286233965
139 0.30174229370093814
140 0.3084434233199311
141 0.31016657093624356
142 0.31437870955389624
143 0.31533601378518095
144 0.315144552938924
145 0.31629331801646565
146 0.31629331801646565
147 0.318399387325292
148 0.32318590848171547
149 0.32318590848171547
150 0.3251005169442849
151 0.327972429638139
152 0.32912119471568063
153 0.3335247941795903
154 0.33390771587210416
155 0.3323760291020486
156 0.3316101857170209
157 0.33735401110472907
158 0.34080030633735403
159 0.3413746888761248
160 0.34348075818495116
161 0.3457782883400345
162 0.3475014359563469
163 0.34788435764886083
164 0.3497989661114302
165 0.3499904269576872
166 0.3507562703427149
167 0.3555427914991384
168 0.35669155657668006
169 0.35937200842427725
170 0.3610951560405897
171 0.3620524602718744
172 0.36128661688684666
173 0.36569021635075627
174 0.3691365115833812
175 0.3704767375071798
176 0.36798774650583954
177 0.3712425808922075
178 0.3746888761248325
179 0.37526325866360327
180 0.3767949454336588
181 0.37411449358606164
182 0.3775607888186866
183 0.37890101474248516
184 0.382730231667624
185 0.3842619184376795
186 0.3838789967451656
187 0.38215584912885314
188 0.38483630097645033
189 0.38655944859276276
190 0.38770821367030445
191 0.3854106835152211
192 0.3871338311315336
193 0.39211181313421406
194 0.39460080413555426
195 0.39364349990426956
196 0.3951751866743251
197 0.39383496075052654
198 0.39881294275320694
199 0.40149339460080413
200 0.3974727168294084
201 0.39728125598315145
202 0.3968983342906376
203 0.39919586444572086
204 0.39919586444572086
205 0.40340800306337354
206 0.4030250813708597
207 0.39919586444572086
208 0.401876316293318
209 0.4003446295232625
210 0.4013019337545472
211 0.405131150679686
212 0.40608845491097073
213 0.40493968983342904
214 0.4081945242197971
215 0.4118322802986789
216 0.41202374114493584
217 0.4106835152211373
218 0.4164273406088455
219 0.4196821749952135
220 0.42197970515029676
221 0.4208309400727551
222 0.4221711659965537
223 0.4221711659965537
224 0.42102240091901205
225 0.4217882443040398
226 0.4208309400727551
227 0.42102240091901205
228 0.42523453953666474
229 0.42619184376794944
230 0.42523453953666474
231 0.4217882443040398
232 0.4296381390005744
233 0.427723530538005
234 0.43002106069308826
235 0.4353819643882826
236 0.4401684855447061
237 0.43940264215967834
238 0.44399770246984493
239 0.4443806241623588
240 0.44399770246984493
241 0.43882825962090755
242 0.44035994639096304
243 0.44304039823856023
244 0.4491671453187823
245 0.4516561363201225
246 0.45127321462760867
247 0.4558682749377752
248 0.4558682749377752
249 0.46084625694045567
250 0.4627608654030251
251 0.4633352479417959
252 0.462952326249282
253 0.4604633352479418
254 0.46065479609419874
255 0.46084625694045567
256 0.4619950220179973
257 0.46256940455676815
258 0.4658242389431361
259 0.4685046907907333
260 0.46448401301933756
261 0.47386559448592763
262 0.47214244686961515
263 0.47405705533218456
264 0.4746314378709554
265 0.47309975110089986
266 0.4736741336396707
267 0.4734826727934138
268 0.475971663794754
269 0.4761631246410109
270 0.47750335056480947
271 0.48286425426000384
272 0.48439594103005934
273 0.4830557151062608
274 0.4840130193375455
275 0.48458740187631627
276 0.48803369710894123
277 0.488608079647712
278 0.4926287574191078
279 0.48918246218648287
280 0.488799540493969
281 0.4930116791116217
282 0.49703235688301745
283 0.5010530346544132
284 0.4997128087306146
285 0.498372582806816
286 0.4955006701129619
287 0.4972238177292744
288 0.4993298870381007
289 0.5020103388856979
290 0.5037334865020103
291 0.5041164081945242
292 0.5025847214244687
293 0.5010530346544132
294 0.49952134788435765
295 0.4997128087306146
296 0.5031591039632395
297 0.5077541642734061
298 0.5037334865020103
299 0.5087114685046908
300 0.514455293892399
301 0.5192418150488225
302 0.5217308060501628
303 0.5188588933563086
304 0.5205820409726211
305 0.5211564235113919
306 0.5215393452039058
307 0.5201991192801072
308 0.5223051885889336
309 0.5244112578977599
310 0.5278575531303848
311 0.530729465824239
312 0.5309209266704958
313 0.5293892399004404
314 0.530538004977982
315 0.5368562129044611
316 0.5378135171357458
317 0.539919586444572
318 0.5385793605207735
319 0.5408768906758568
320 0.5450890292935094
321 0.5494926287574191
322 0.5477694811411067
323 0.5494926287574191
324 0.5462377943710511
325 0.5473865594485927
326 0.5470036377560789
327 0.5475780202948497
328 0.5437488033697109
329 0.5473865594485927
330 0.5542791499138426
331 0.5527474631437871
332 0.5521730806050162
333 0.5540876890675857
334 0.5554279149913842
335 0.5515986980662455
336 0.5471950986023358
337 0.5512157763737315
338 0.5515986980662455
339 0.5540876890675857
340 0.5565766800689259
341 0.5598315144552939
342 0.562894887995405
343 0.5630863488416619
344 0.5644265747654604
345 0.5642351139192036
346 0.5617461229178633
347 0.5621290446103772
348 0.5630863488416619
349 0.5676814091518284
350 0.5667241049205437
351 0.5686387133831131
352 0.5665326440742868
353 0.5676814091518284
354 0.5695960176143978
355 0.5715106260769672
356 0.5764886080796477
357 0.5768715297721616
358 0.5776373731571893
359 0.5801263641585296
360 0.5808922075435573
361 0.5807007466973004
362 0.582232433467356
363 0.5812751292360713
364 0.5881677197013211
365 0.5877847980088072
366 0.588550641393835
367 0.5912310932414321
368 0.5923798583189738
369 0.5877847980088072
370 0.5900823281638905
371 0.5875933371625502
372 0.5833811985448976
373 0.5824238943136129
374 0.5826153551598698
375 0.5860616503924947
376 0.5858701895462378
377 0.5862531112387517
378 0.5847214244686961
379 0.5879762588550641
380 0.5929542408577446
381 0.5965919969366265
382 0.594868849320314
383 0.5971663794753973
384 0.6038675090943902
385 0.6031016657093624
386 0.6059735784032165
387 0.6071223434807582
388 0.6071223434807582
389 0.6098027953283554
390 0.610951560405897
391 0.617461229178633
392 0.6166953857936052
393 0.6103771778671262
394 0.6099942561746123
395 0.6080796477120429
396 0.6115259429446678
397 0.614014933946008
398 0.6161210032548344
399 0.6222477503350565
400 0.6220562894887995
401 0.6182270725636607
402 0.6130576297147233
403 0.6153551598698066
404 0.620524602718744
405 0.6186099942561746
406 0.6249282021826537
407 0.6291403408003063
408 0.6343097836492437
409 0.6371816963430978
410 0.6410109132682367
411 0.6375646180356117
412 0.6392877656519241
413 0.6358414704192993
414 0.633543940264216
415 0.6369902354968409
416 0.636607313804327
417 0.6377560788818687
418 0.6373731571893547
419 0.6412023741144935
420 0.6434999042695768
421 0.6442657476546046
422 0.643116982577063
423 0.6419682174995214
424 0.6456059735784032
425 0.6436913651158338
426 0.6459888952709171
427 0.6482864254260003
428 0.6502010338885698
429 0.643116982577063
430 0.6436913651158338
431 0.6467547386559449
432 0.6436913651158338
433 0.6505839555810836
434 0.6503924947348267
435 0.6482864254260003
436 0.6538387899674517
437 0.6546046333524794
438 0.6582423894313613
439 0.6540302508137086
440 0.6540302508137086
441 0.6500095730423129
442 0.6507754164273406
443 0.652498564043653
444 0.6544131725062224
445 0.6574765460463335
446 0.659199693662646
447 0.6626459888952709
448 0.6637947539728125
449 0.6659008232816389
450 0.6659008232816389
451 0.6662837449741528
452 0.6664752058204098
453 0.6706873444380624
454 0.6737507179781734
455 0.6676239708979513
456 0.668581275129236
457 0.6672410492054375
458 0.6649435190503542
459 0.6657093624353819
460 0.6662837449741528
461 0.6660922841278959
462 0.6616886846639862
463 0.6628374497415278
464 0.668581275129236
465 0.6706873444380624
466 0.6680068925904652
467 0.6712617269768333
468 0.668581275129236
469 0.6737507179781734
470 0.6727934137468887
471 0.6756653264407428
472 0.6764311698257707
473 0.678537239134597
474 0.672219031208118
475 0.6727934137468887
476 0.6716446486693471
477 0.6716446486693471
478 0.6737507179781734
479 0.6708788052843193
480 0.672027570361861
481 0.6764311698257707
482 0.6781543174420831
483 0.6796860042121387
484 0.675473865594486
485 0.672027570361861
486 0.6703044227455486
487 0.6710702661305763
488 0.668581275129236
489 0.6695385793605207
490 0.6716446486693471
491 0.6716446486693471
492 0.6701129618992916
493 0.6726019529006318
494 0.6708788052843193
495 0.6735592571319166
496 0.6714531878230902
497 0.6680068925904652
498 0.6674325100516945
499 0.6678154317442083
500 0.6689641968217499
501 0.6666666666666666
502 0.6670495883591806
503 0.6708788052843193
504 0.672027570361861
505 0.6701129618992916
506 0.668581275129236
507 0.668581275129236
508 0.6764311698257707
509 0.6804518475971664
510 0.675473865594486
511 0.6758567872869998
512 0.675282404748229
513 0.6804518475971664
514 0.6793030825196248
515 0.6814091518284511
516 0.6794945433658817
517 0.675282404748229
518 0.6773884740570554
519 0.6814091518284511
520 0.6854298295998469
521 0.6867700555236455
522 0.6817920735209649
523 0.6800689259046525
524 0.6840896036760482
525 0.6800689259046525
526 0.6833237602910205
527 0.6819835343672219
528 0.6842810645223052
529 0.6840896036760482
530 0.6816006126747081
531 0.6816006126747081
532 0.6808347692896802
533 0.6779628565958261
534 0.6816006126747081
535 0.6812176909821941
536 0.6748994830557151
537 0.6756653264407428
538 0.6710702661305763
539 0.6701129618992916
540 0.6758567872869998
541 0.6783457782883401
542 0.6773884740570554
543 0.6800689259046525
544 0.6747080222094581
545 0.6739421788244304
546 0.6781543174420831
547 0.6781543174420831
548 0.6789201608271108
549 0.6838981428297913
550 0.6773884740570554
551 0.6816006126747081
552 0.6808347692896802
553 0.6838981428297913
554 0.6856212904461038
555 0.6850469079073329
556 0.6873444380624162
557 0.6875358989086732
558 0.6886846639862149
559 0.6936626459888953
560 0.691556576680069
561 0.6900248899100134
562 0.6925138809113536
563 0.6902163507562703
564 0.6927053417576106
565 0.6959601761439785
566 0.6921309592188397
567 0.691173654987555
568 0.6967260195290064
569 0.6984491671453188
570 0.6992150105303465
571 0.6934711851426383
572 0.6923224200650967
573 0.6932797242963814
574 0.6957687152977217
575 0.6951943327589508
576 0.6957687152977217
577 0.6928968026038675
578 0.6896419682174996
579 0.6898334290637564
580 0.6904078116025273
581 0.6873444380624162
582 0.688110281447444
583 0.6927053417576106
584 0.6961516369902355
585 0.694811411066437
586 0.6982577062990618
587 0.6953857936052077
588 0.6886846639862149
589 0.688110281447444
590 0.6894505073712426
591 0.6927053417576106
592 0.6904078116025273
593 0.6875358989086732
594 0.6896419682174996
595 0.6856212904461038
596 0.6819835343672219
597 0.6745165613632013
598 0.6865785946773885
599 0.6816006126747081
600 0.678728699980854
601 0.6819835343672219
602 0.6804518475971664
603 0.6793030825196248
604 0.6810262301359372
605 0.6804518475971664
606 0.6766226306720275
607 0.6806433084434234
608 0.6779628565958261
609 0.6779628565958261
610 0.6783457782883401
611 0.6791116216733678
612 0.6764311698257707
613 0.675473865594486
614 0.6764311698257707
615 0.6831322994447635
616 0.6886846639862149
617 0.6873444380624162
618 0.6821749952134788
619 0.6838981428297913
620 0.6861956729848746
621 0.6883017422937009
622 0.6884932031399579
623 0.6905992724487843
624 0.6936626459888953
625 0.6932797242963814
626 0.6938541068351523
627 0.694811411066437
628 0.69461995022018
629 0.6934711851426383
630 0.6961516369902355
631 0.6997893930691174
632 0.7022783840704576
633 0.7070649052268811
634 0.7064905226881103
635 0.7007466973004021
636 0.7005552364541451
637 0.7015125406854298
638 0.7020869232242006
639 0.7020869232242006
640 0.697874784606548
641 0.6959601761439785
642 0.6919394983725828
643 0.6928968026038675
644 0.6883017422937009
645 0.6957687152977217
646 0.6928968026038675
647 0.6971089412215202
648 0.6959601761439785
649 0.6953857936052077
650 0.6953857936052077
651 0.700938158146659
652 0.7024698449167145
653 0.7061076009955964
654 0.7066819835343672
655 0.7078307486119089
656 0.7045759142255409
657 0.7003637756078882
658 0.6953857936052077
659 0.6905992724487843
660 0.6896419682174996
661 0.6883017422937009
662 0.691173654987555
663 0.6842810645223052
664 0.6840896036760482
665 0.6817920735209649
666 0.6816006126747081
667 0.6771970132107984
668 0.6777713957495692
669 0.6756653264407428
670 0.6808347692896802
671 0.6831322994447635
672 0.688110281447444
673 0.6869615163699023
674 0.6856212904461038
675 0.6861956729848746
676 0.6969174803752632
677 0.6930882634501244
678 0.691365115833812
679 0.6904078116025273
680 0.6888761248324717
681 0.6869615163699023
682 0.6951943327589508
683 0.691365115833812
684 0.6873444380624162
685 0.6869615163699023
686 0.6950028719126938
687 0.6927053417576106
688 0.6940455676814091
689 0.6921309592188397
690 0.6896419682174996
691 0.6900248899100134
692 0.6940455676814091
693 0.6927053417576106
694 0.6965345586827494
695 0.6930882634501244
696 0.694428489373923
697 0.6973004020677771
698 0.6932797242963814
699 0.6934711851426383
700 0.6961516369902355
