1 0.00019146084625694046
2 0.00019146084625694046
3 0.00019146084625694046
4 0.00019146084625694046
5 0.00019146084625694046
6 0.00019146084625694046
7 0.0003829216925138809
8 0.0007658433850277618
9 0.0005743825387708214
10 0.0007658433850277618
11 0.0011487650775416428
12 0.0011487650775416428
13 0.0013402259237985832
14 0.0015316867700555237
15 0.0015316867700555237
16 0.0013402259237985832
17 0.0017231476163124641
18 0.0015316867700555237
19 0.002106069308826345
20 0.0017231476163124641
21 0.0019146084625694046
22 0.0019146084625694046
23 0.002106069308826345
24 0.0022975301550832855
25 0.002488991001340226
26 0.002488991001340226
27 0.0022975301550832855
28 0.0022975301550832855
29 0.0022975301550832855
30 0.002488991001340226
31 0.0030633735401110473
32 0.0026804518475971664
33 0.0026804518475971664
34 0.002488991001340226
35 0.002488991001340226
36 0.002488991001340226
37 0.002488991001340226
38 0.002488991001340226
39 0.0026804518475971664
40 0.0030633735401110473
41 0.002871912693854107
42 0.0030633735401110473
43 0.0026804518475971664
44 0.0026804518475971664
45 0.0034462952326249283
46 0.0036377560788818687
47 0.0034462952326249283
48 0.003254834386367988
49 0.0030633735401110473
50 0.0036377560788818687
51 0.003829216925138809
52 0.00421213861765269
53 0.00402067777139575
54 0.0036377560788818687
55 0.00402067777139575
56 0.0036377560788818687
57 0.003829216925138809
58 0.003829216925138809
59 0.003829216925138809
60 0.003829216925138809
61 0.004595060310166571
62 0.004595060310166571
63 0.0044035994639096306
64 0.00421213861765269
65 0.004595060310166571
66 0.0047865211564235115
67 0.004977982002680452
68 0.004595060310166571
69 0.005360903695194333
70 0.005169442848937392
71 0.0047865211564235115
72 0.0047865211564235115
73 0.0047865211564235115
74 0.005169442848937392
75 0.005169442848937392
76 0.004977982002680452
77 0.005169442848937392
78 0.005169442848937392
79 0.005743825387708214
80 0.006126747080222095
81 0.005743825387708214
82 0.005743825387708214
83 0.005552364541451273
84 0.006126747080222095
85 0.006318207926479035
86 0.006509668772735976
87 0.0068925904652498565
88 0.006126747080222095
89 0.006126747080222095
90 0.006126747080222095
91 0.005743825387708214
92 0.005935286233965154
93 0.0068925904652498565
94 0.007849894696534559
95 0.0080413555427915
96 0.0080413555427915
97 0.00823281638904844
98 0.007849894696534559
99 0.00823281638904844
100 0.007658433850277618
101 0.00823281638904844
102 0.00823281638904844
103 0.00823281638904844
104 0.008807198927819261
105 0.00842427723530538
106 0.00861573808156232
107 0.008998659774076202
108 0.00861573808156232
109 0.009381581466590082
110 0.009955964005360904
111 0.010338885697874785
112 0.010147424851617844
113 0.010913268236645606
114 0.011487650775416428
115 0.011679111621673368
116 0.011679111621673368
117 0.011104729082902547
118 0.011296189929159487
119 0.010721807390388666
120 0.010913268236645606
121 0.010721807390388666
122 0.010913268236645606
123 0.011487650775416428
124 0.011487650775416428
125 0.011487650775416428
126 0.011296189929159487
127 0.011487650775416428
128 0.012062033314187249
129 0.01244495500670113
130 0.012062033314187249
131 0.01244495500670113
132 0.01244495500670113
133 0.012062033314187249
134 0.011679111621673368
135 0.013019337545471951
136 0.013593720084242773
137 0.013019337545471951
138 0.013593720084242773
139 0.014168102623013594
140 0.014551024315527475
141 0.014168102623013594
142 0.014551024315527475
143 0.014551024315527475
144 0.013976641776756654
145 0.013976641776756654
146 0.014168102623013594
147 0.014168102623013594
148 0.013785180930499713
149 0.013593720084242773
150 0.014551024315527475
151 0.015699789393069118
152 0.01627417193183994
153 0.01646563277809688
154 0.016082711085583
155 0.014551024315527475
156 0.015125406854298296
157 0.015508328546812177
158 0.015508328546812177
159 0.016082711085583
160 0.015699789393069118
161 0.015125406854298296
162 0.014933946008041356
163 0.015316867700555237
164 0.015125406854298296
165 0.015316867700555237
166 0.015508328546812177
167 0.015125406854298296
168 0.015125406854298296
169 0.014359563469270534
170 0.014359563469270534
171 0.014551024315527475
172 0.015125406854298296
173 0.015508328546812177
174 0.014933946008041356
175 0.016082711085583
176 0.015508328546812177
177 0.014742485161784415
178 0.013402259237985832
179 0.013593720084242773
180 0.013402259237985832
181 0.013976641776756654
182 0.014742485161784415
183 0.014933946008041356
184 0.014551024315527475
185 0.014933946008041356
186 0.013976641776756654
187 0.014551024315527475
188 0.014359563469270534
189 0.014933946008041356
190 0.015891250239326058
191 0.0170400153168677
192 0.0170400153168677
193 0.01665709362435382
194 0.015891250239326058
195 0.01646563277809688
196 0.01646563277809688
197 0.015316867700555237
198 0.014551024315527475
199 0.014742485161784415
200 0.014551024315527475
201 0.014551024315527475
202 0.014933946008041356
203 0.014933946008041356
204 0.015891250239326058
205 0.015699789393069118
206 0.015891250239326058
207 0.015316867700555237
208 0.015508328546812177
209 0.014933946008041356
210 0.015316867700555237
211 0.014933946008041356
212 0.015316867700555237
213 0.014933946008041356
214 0.014551024315527475
215 0.014359563469270534
216 0.014359563469270534
217 0.013402259237985832
218 0.013593720084242773
219 0.013402259237985832
220 0.013019337545471951
221 0.01244495500670113
222 0.01244495500670113
223 0.01282787669921501
224 0.013019337545471951
225 0.013402259237985832
226 0.013593720084242773
227 0.013402259237985832
228 0.01263641585295807
229 0.014359563469270534
230 0.014551024315527475
231 0.014551024315527475
232 0.015891250239326058
233 0.015891250239326058
234 0.014933946008041356
235 0.015125406854298296
236 0.014551024315527475
237 0.014551024315527475
238 0.014551024315527475
239 0.014359563469270534
240 0.014933946008041356
241 0.014359563469270534
242 0.014551024315527475
243 0.014933946008041356
244 0.015125406854298296
245 0.014933946008041356
246 0.014933946008041356
247 0.014551024315527475
248 0.015125406854298296
249 0.015508328546812177
250 0.015316867700555237
251 0.014933946008041356
252 0.014551024315527475
253 0.014933946008041356
254 0.014933946008041356
255 0.015316867700555237
256 0.01627417193183994
257 0.015891250239326058
258 0.015699789393069118
259 0.015699789393069118
260 0.015699789393069118
261 0.01627417193183994
262 0.01646563277809688
263 0.015699789393069118
264 0.014742485161784415
265 0.015508328546812177
266 0.015508328546812177
267 0.016082711085583
268 0.01684855447061076
269 0.015699789393069118
270 0.015699789393069118
271 0.015891250239326058
272 0.015508328546812177
273 0.014742485161784415
274 0.015699789393069118
275 0.015699789393069118
276 0.015316867700555237
277 0.015699789393069118
278 0.015699789393069118
279 0.016082711085583
280 0.016082711085583
281 0.015508328546812177
282 0.016082711085583
283 0.01627417193183994
284 0.016082711085583
285 0.016082711085583
286 0.01627417193183994
287 0.015699789393069118
288 0.014551024315527475
289 0.014933946008041356
290 0.014742485161784415
291 0.015125406854298296
292 0.014742485161784415
293 0.014551024315527475
294 0.015125406854298296
295 0.014933946008041356
296 0.014742485161784415
297 0.015316867700555237
298 0.015316867700555237
299 0.014742485161784415
300 0.014551024315527475
301 0.014551024315527475
302 0.014359563469270534
303 0.014551024315527475
304 0.014359563469270534
305 0.013976641776756654
306 0.013402259237985832
307 0.013402259237985832
308 0.013402259237985832
309 0.01282787669921501
310 0.013593720084242773
311 0.01282787669921501
312 0.01282787669921501
313 0.01244495500670113
314 0.01282787669921501
315 0.013402259237985832
316 0.013210798391728892
317 0.013593720084242773
318 0.013210798391728892
319 0.013210798391728892
320 0.013402259237985832
321 0.013593720084242773
322 0.013976641776756654
323 0.013210798391728892
324 0.013593720084242773
325 0.013019337545471951
326 0.01282787669921501
327 0.013019337545471951
328 0.01282787669921501
329 0.013019337545471951
330 0.013210798391728892
331 0.013785180930499713
332 0.013593720084242773
333 0.01282787669921501
334 0.01282787669921501
335 0.013785180930499713
336 0.014742485161784415
337 0.014551024315527475
338 0.014551024315527475
339 0.014933946008041356
340 0.014933946008041356
341 0.015316867700555237
342 0.015316867700555237
343 0.015125406854298296
344 0.015316867700555237
345 0.015125406854298296
346 0.014933946008041356
347 0.014551024315527475
348 0.015508328546812177
349 0.015699789393069118
350 0.015316867700555237
351 0.015891250239326058
352 0.015699789393069118
353 0.015699789393069118
354 0.015125406854298296
355 0.015316867700555237
356 0.015125406854298296
357 0.015125406854298296
358 0.014933946008041356
359 0.015699789393069118
360 0.015508328546812177
361 0.015125406854298296
362 0.014742485161784415
363 0.014933946008041356
364 0.015125406854298296
365 0.015125406854298296
366 0.015891250239326058
367 0.015508328546812177
368 0.015699789393069118
369 0.015699789393069118
370 0.015699789393069118
371 0.016082711085583
372 0.01627417193183994
373 0.01627417193183994
374 0.01646563277809688
375 0.01665709362435382
376 0.01627417193183994
377 0.015699789393069118
378 0.015699789393069118
379 0.014933946008041356
380 0.015699789393069118
381 0.014551024315527475
382 0.014168102623013594
383 0.013976641776756654
384 0.013593720084242773
385 0.013593720084242773
386 0.014168102623013594
387 0.014551024315527475
388 0.015125406854298296
389 0.015891250239326058
390 0.014742485161784415
391 0.014933946008041356
392 0.014359563469270534
393 0.014551024315527475
394 0.014359563469270534
395 0.014551024315527475
396 0.014933946008041356
397 0.014933946008041356
398 0.014933946008041356
399 0.014359563469270534
400 0.014551024315527475
401 0.015891250239326058
402 0.015699789393069118
403 0.015699789393069118
404 0.016082711085583
405 0.016082711085583
406 0.016082711085583
407 0.01646563277809688
408 0.015508328546812177
409 0.015508328546812177
410 0.014933946008041356
411 0.015125406854298296
412 0.015508328546812177
413 0.015316867700555237
414 0.015316867700555237
415 0.015125406854298296
416 0.015316867700555237
417 0.015316867700555237
418 0.01646563277809688
419 0.01627417193183994
420 0.016082711085583
421 0.015699789393069118
422 0.015508328546812177
423 0.015316867700555237
424 0.015699789393069118
425 0.015891250239326058
426 0.015508328546812177
427 0.015508328546812177
428 0.015316867700555237
429 0.015508328546812177
430 0.015125406854298296
431 0.014933946008041356
432 0.014933946008041356
433 0.015508328546812177
434 0.015508328546812177
435 0.015699789393069118
436 0.015125406854298296
437 0.014742485161784415
438 0.015316867700555237
439 0.015891250239326058
440 0.016082711085583
441 0.015125406854298296
442 0.014168102623013594
443 0.014742485161784415
444 0.014551024315527475
445 0.014551024315527475
446 0.013976641776756654
447 0.013593720084242773
448 0.013785180930499713
449 0.015125406854298296
450 0.015125406854298296
451 0.015125406854298296
452 0.014742485161784415
453 0.015316867700555237
454 0.014933946008041356
455 0.015125406854298296
456 0.015508328546812177
457 0.016082711085583
458 0.016082711085583
459 0.016082711085583
460 0.015125406854298296
461 0.015316867700555237
462 0.015125406854298296
463 0.014742485161784415
464 0.014551024315527475
465 0.013976641776756654
466 0.013785180930499713
467 0.014168102623013594
468 0.015699789393069118
469 0.015891250239326058
470 0.015125406854298296
471 0.015125406854298296
472 0.015699789393069118
473 0.015699789393069118
474 0.015125406854298296
475 0.016082711085583
476 0.01627417193183994
477 0.015891250239326058
478 0.01627417193183994
479 0.016082711085583
480 0.015891250239326058
481 0.015699789393069118
482 0.015508328546812177
483 0.015891250239326058
484 0.015891250239326058
485 0.015699789393069118
486 0.015891250239326058
487 0.01627417193183994
488 0.01646563277809688
489 0.01646563277809688
490 0.016082711085583
491 0.015891250239326058
492 0.015891250239326058
493 0.017422937009381582
494 0.01665709362435382
495 0.01665709362435382
496 0.0170400153168677
497 0.017422937009381582
498 0.01684855447061076
499 0.01627417193183994
500 0.01646563277809688
501 0.016082711085583
502 0.015891250239326058
503 0.015891250239326058
504 0.015125406854298296
505 0.015316867700555237
506 0.015316867700555237
507 0.014742485161784415
508 0.014742485161784415
509 0.015125406854298296
510 0.014168102623013594
511 0.013976641776756654
512 0.014359563469270534
513 0.014551024315527475
514 0.015316867700555237
515 0.015699789393069118
516 0.014742485161784415
517 0.014359563469270534
518 0.014933946008041356
519 0.014742485161784415
520 0.015316867700555237
521 0.015316867700555237
522 0.015125406854298296
523 0.014551024315527475
524 0.014551024315527475
525 0.013785180930499713
526 0.014168102623013594
527 0.014551024315527475
528 0.014742485161784415
529 0.014742485161784415
530 0.014742485161784415
531 0.015125406854298296
532 0.014551024315527475
533 0.014551024315527475
534 0.014742485161784415
535 0.013976641776756654
536 0.014551024315527475
537 0.014933946008041356
538 0.014742485161784415
539 0.014359563469270534
540 0.014742485161784415
541 0.014168102623013594
542 0.014359563469270534
543 0.014742485161784415
544 0.015125406854298296
545 0.015125406854298296
546 0.015508328546812177
547 0.015508328546812177
548 0.015508328546812177
549 0.015125406854298296
550 0.015125406854298296
551 0.015891250239326058
552 0.015508328546812177
553 0.015699789393069118
554 0.014933946008041356
555 0.015125406854298296
556 0.015699789393069118
557 0.015699789393069118
558 0.01646563277809688
559 0.01665709362435382
560 0.016082711085583
561 0.015699789393069118
562 0.016082711085583
563 0.015508328546812177
564 0.015508328546812177
565 0.015699789393069118
566 0.015316867700555237
567 0.015699789393069118
568 0.016082711085583
569 0.015125406854298296
570 0.015699789393069118
571 0.015508328546812177
572 0.014742485161784415
573 0.014168102623013594
574 0.014359563469270534
575 0.014551024315527475
576 0.015125406854298296
577 0.015508328546812177
578 0.014933946008041356
579 0.014742485161784415
580 0.015508328546812177
581 0.014933946008041356
582 0.015699789393069118
583 0.015508328546812177
584 0.015316867700555237
585 0.014742485161784415
586 0.014359563469270534
587 0.014359563469270534
588 0.013785180930499713
589 0.013593720084242773
590 0.013785180930499713
591 0.013593720084242773
592 0.01282787669921501
593 0.01244495500670113
594 0.01282787669921501
595 0.01244495500670113
596 0.011679111621673368
597 0.01282787669921501
598 0.01263641585295807
599 0.012062033314187249
600 0.01263641585295807
601 0.013210798391728892
602 0.013593720084242773
603 0.013785180930499713
604 0.013976641776756654
605 0.013785180930499713
606 0.013785180930499713
607 0.013593720084242773
608 0.013976641776756654
609 0.013593720084242773
610 0.014168102623013594
611 0.013785180930499713
612 0.014742485161784415
613 0.014551024315527475
614 0.014551024315527475
615 0.014551024315527475
616 0.014359563469270534
617 0.013976641776756654
618 0.013210798391728892
619 0.013402259237985832
620 0.013785180930499713
621 0.014168102623013594
622 0.014359563469270534
623 0.014742485161784415
624 0.014551024315527475
625 0.014551024315527475
626 0.014742485161784415
627 0.013785180930499713
628 0.014168102623013594
629 0.014742485161784415
630 0.014551024315527475
631 0.014551024315527475
632 0.014742485161784415
633 0.014933946008041356
634 0.014359563469270534
635 0.015125406854298296
636 0.015125406854298296
637 0.014359563469270534
638 0.014359563469270534
639 0.014933946008041356
640 0.015125406854298296
641 0.015316867700555237
642 0.015508328546812177
643 0.015316867700555237
644 0.015508328546812177
645 0.01627417193183994
646 0.016082711085583
647 0.015508328546812177
648 0.014933946008041356
649 0.015125406854298296
650 0.014359563469270534
651 0.014359563469270534
652 0.014359563469270534
653 0.015125406854298296
654 0.015508328546812177
655 0.015699789393069118
656 0.015699789393069118
657 0.01665709362435382
658 0.016082711085583
659 0.01646563277809688
660 0.01627417193183994
661 0.015891250239326058
662 0.015316867700555237
663 0.015125406854298296
664 0.014933946008041356
665 0.015699789393069118
666 0.016082711085583
667 0.015508328546812177
668 0.015316867700555237
669 0.014742485161784415
670 0.014551024315527475
671 0.015125406854298296
672 0.014933946008041356
673 0.015316867700555237
674 0.015316867700555237
675 0.015508328546812177
676 0.015316867700555237
677 0.015316867700555237
678 0.015699789393069118
679 0.01627417193183994
680 0.01665709362435382
681 0.017614397855638522
682 0.01627417193183994
683 0.015316867700555237
684 0.015125406854298296
685 0.015508328546812177
686 0.016082711085583
687 0.015891250239326058
688 0.015699789393069118
689 0.014742485161784415
690 0.014168102623013594
691 0.014359563469270534
692 0.014742485161784415
693 0.015508328546812177
694 0.014742485161784415
695 0.015508328546812177
696 0.015891250239326058
697 0.015316867700555237
698 0.015508328546812177
699 0.015316867700555237
700 0.015508328546812177
