1 0.00019146084625694046
2 0.0005743825387708214
3 0.0007658433850277618
4 0.0013402259237985832
5 0.0015316867700555237
6 0.0022975301550832855
7 0.002871912693854107
8 0.003254834386367988
9 0.003829216925138809
10 0.005743825387708214
11 0.006509668772735976
12 0.007849894696534559
13 0.008807198927819261
14 0.009764503159103963
15 0.009764503159103963
16 0.010530346544131725
17 0.011104729082902547
18 0.013019337545471951
19 0.015125406854298296
20 0.015891250239326058
21 0.01627417193183994
22 0.01684855447061076
23 0.018763162933180165
24 0.019720467164464867
25 0.022975301550832855
26 0.02469844916714532
27 0.026038675090943902
28 0.026995979322228605
29 0.030825196247367414
30 0.031208117939881295
31 0.03293126555619376
32 0.035228795711277044
33 0.037334865020103386
34 0.04039823856021443
35 0.04250430786904078
36 0.04480183802412407
37 0.047865211564235115
38 0.05073712425808922
39 0.052077350181887805
40 0.052460271874401686
41 0.05284319356691557
42 0.053417576105686385
43 0.056289488799540495
44 0.057629714723339075
45 0.05935286233965154
46 0.0639479226498181
47 0.06624545280490139
48 0.0681600612674708
49 0.07064905226881103
50 0.07218073903886656
51 0.07371242580892208
52 0.0752441125789776
53 0.0752441125789776
54 0.07811602527283171
55 0.07792456442657476
56 0.08060501627417194
57 0.08251962473674133
58 0.08673176335439403
59 0.09056098027953284
60 0.09362435381964389
61 0.09477311889718552
62 0.0974535707447827
63 0.09841087497606739
64 0.0993681792073521
65 0.10204863105494927
66 0.1031973961324909
67 0.1064522305188589
68 0.1074095347501436
69 0.10894122152019912
70 0.1135362818303657
71 0.11755695960176143
72 0.12081179398812943
73 0.12425808922075436
74 0.12655561937583765
75 0.13134214053226115
76 0.13249090560980278
77 0.13421405322611527
78 0.13842619184376795
79 0.13957495692130958
80 0.1420639479226498
81 0.14321271300019145
82 0.14417001723147616
83 0.14551024315527475
84 0.15125406854298296
85 0.1533601378518093
86 0.15833811985448976
87 0.15910396323951753
88 0.1594868849320314
89 0.1627417193183994
90 0.16465632778096878
91 0.167145318782309
92 0.16695385793605208
93 0.1675282404748229
94 0.16925138809113535
95 0.17078307486119088
96 0.1732720658625311
97 0.17748420448018382
98 0.1816963430978365
99 0.18341949071414895
100 0.1860999425617461
101 0.189737698640628
102 0.19280107218073905
103 0.19433275895079458
104 0.1945242197970515
105 0.19892781926096115
106 0.202565575339843
107 0.205820409726211
108 0.20696917480375263
109 0.21309592188397472
110 0.21309592188397472
111 0.21443614780777331
112 0.2182653647329121
113 0.22075435573425234
114 0.22362626842810646
115 0.22822132873827303
116 0.23415661497223816
117 0.2376029102048631
118 0.24238943136128663
119 0.24717595251771013
120 0.24928202182653647
121 0.24966494351905036
122 0.25157955198161974
123 0.2548343863679877
124 0.2569404556768141
125 0.2557916905992724
126 0.257323377369328
127 0.25962090752441125
128 0.26421596783457785
129 0.26574765460463334
130 0.266896419682175
131 0.266896419682175
132 0.26842810645223053
133 0.27015125406854296
134 0.26957687152977217
135 0.26938541068351524
136 0.273406088454911
137 0.27914991384261917
138 0.2795328355351331
139 0.2822132873827302
140 0.28508520007658433
141 0.2917863296955773
142 0.29695577254451466
143 0.2954240857744591
144 0.3015508328546812
145 0.30365690216350755
146 0.3032739804709937
147 0.30308251962473676
148 0.3013593720084243
149 0.30365690216350755
150 0.3059544323185909
151 0.3090178058587019
152 0.31016657093624356
153 0.30729465824238944
154 0.31342140532261153
155 0.3170591614014934
156 0.3226115259429447
157 0.32395175186674324
158 0.32337736932797245
159 0.3262492820218265
160 0.32778096879188207
161 0.3316101857170209
162 0.3333333333333333
163 0.331227264024507
164 0.33448209841087495
165 0.33543940264215966
166 0.3379283936434999
167 0.34099176718361096
168 0.3421405322611526
169 0.34271491479992344
170 0.3436722190312081
171 0.344055140723722
172 0.34424660156997894
173 0.34730997511009
174 0.3507562703427149
175 0.3497989661114302
176 0.3517135745739996
177 0.35611717403790927
178 0.3595634692705342
179 0.36549875550449934
180 0.3649243729657285
181 0.36798774650583954
182 0.36454145127321463
183 0.36817920735209647
184 0.36894505073712425
185 0.3668389814282979
186 0.36932797242963816
187 0.3714340417384645
188 0.3767949454336588
189 0.37507179781734634
190 0.379475397281256
191 0.38062416235879765
192 0.38139000574382537
193 0.3833046142063948
194 0.3808156232050546
195 0.3838789967451656
196 0.3834960750526517
197 0.38675090943901974
198 0.38598506605399197
199 0.3896228221328738
200 0.39287765651924184
201 0.39440934328929733
202 0.3959410300593529
203 0.3967068734443806
204 0.3942178824430404
205 0.3967068734443806
206 0.4045567681409152
207 0.4057055332184568
208 0.4028336205246027
209 0.4028336205246027
210 0.40168485544706106
211 0.4057055332184568
212 0.41010913268236643
213 0.41144935860616505
214 0.411640819452422
215 0.4141298104537622
216 0.4145127321462761
217 0.4106835152211373
218 0.4137468887612483
219 0.417959027378901
220 0.41757610568638714
221 0.4198736358414704
222 0.42389431361286617
223 0.4240857744591231
224 0.42293700938158146
225 0.42714914799923415
226 0.42714914799923415
227 0.42657476546046336
228 0.4346161210032548
229 0.43806241623587977
230 0.4420830940072755
231 0.4409343289297339
232 0.4401684855447061
233 0.44035994639096304
234 0.446869615163699
235 0.4505073712425809
236 0.45261344055140723
237 0.4524219797051503
238 0.45031591039632396
239 0.4516561363201225
240 0.45357074478269194
241 0.4558682749377752
242 0.4556768140915183
243 0.45816580509285854
244 0.45816580509285854
245 0.4556768140915183
246 0.4541451273214628
247 0.4543365881677197
248 0.4552938923990044
249 0.4575914225540877
250 0.4587401876316293
251 0.46065479609419874
252 0.4623779437105112
253 0.4639096304805667
254 0.46161210032548344
255 0.46620716063565
256 0.46639862148190697
257 0.4685046907907333
258 0.469461995022018
259 0.469461995022018
260 0.47482289871721234
261 0.47731188971855254
262 0.47769481141106646
263 0.475971663794754
264 0.48190695002871914
265 0.48382155849128855
266 0.4832471759525177
267 0.4870763928776565
268 0.49339460080413555
269 0.49243729657285085
270 0.4922458357265939
271 0.4876507754164273
272 0.488799540493969
273 0.48975684472525366
274 0.4849703235688302
275 0.488799540493969
276 0.48918246218648287
277 0.49339460080413555
278 0.49779820026804517
279 0.4974152785755313
280 0.4991384261918438
281 0.4999042695768715
282 0.5023932605782118
283 0.5006701129618993
284 0.5020103388856979
285 0.5073712425808922
286 0.5058395558108367
287 0.5020103388856979
288 0.5067968600421214
289 0.5012444955006701
290 0.5029676431169826
291 0.5018188780394409
292 0.4999042695768715
293 0.5008615738081562
294 0.5006701129618993
295 0.5033505648094965
296 0.507945625119663
297 0.5092858510434616
298 0.5087114685046908
299 0.5067968600421214
300 0.5073712425808922
301 0.5087114685046908
302 0.5062224775033506
303 0.5104346161210033
304 0.5054566341183228
305 0.5123492245835727
306 0.5125406854298296
307 0.5125406854298296
308 0.511200459506031
309 0.5157955198161975
310 0.5169442848937392
311 0.5179015891250239
312 0.5201991192801072
313 0.5196247367413364
314 0.5198161975875933
315 0.5224966494351905
316 0.5217308060501628
317 0.520773501818878
318 0.5226881102814475
319 0.5249856404365307
320 0.5232624928202183
321 0.5253685621290446
322 0.5276660922841279
323 0.530729465824239
324 0.5324526134405514
325 0.5334099176718361
326 0.5347501435956347
327 0.5416427340608846
328 0.5452804901397664
329 0.5471950986023358
330 0.5504499329887038
331 0.5447061076009956
332 0.546812176909822
333 0.5510243155274747
334 0.5525560022975301
335 0.5521730806050162
336 0.5493011679111621
337 0.5460463335247941
338 0.5491097070649053
339 0.546429255217308
340 0.5454719509860234
341 0.5447061076009956
342 0.546812176909822
343 0.546812176909822
344 0.5491097070649053
345 0.5517901589125024
346 0.5491097070649053
347 0.5504499329887038
348 0.55006701129619
349 0.5525560022975301
350 0.5533218456825579
351 0.5508328546812177
352 0.5582998276852383
353 0.5582998276852383
354 0.5650009573042313
355 0.5669155657668007
356 0.5713191652307104
357 0.5680643308443424
358 0.5738081562320505
359 0.5669155657668007
360 0.565766800689259
361 0.5688301742293701
362 0.5699789393069118
363 0.5682557916905993
364 0.5686387133831131
365 0.5709362435381964
366 0.5709362435381964
367 0.5697874784606548
368 0.5651924181504883
369 0.5640436530729466
370 0.5724679303082519
371 0.5730423128470228
372 0.5766800689259046
373 0.582040972621099
374 0.5826153551598698
375 0.5828068160061267
376 0.5826153551598698
377 0.5870189546237794
378 0.5891250239326058
379 0.5900823281638905
380 0.5874018763162934
381 0.5831897376986406
382 0.5896994064713766
383 0.5950603101665709
384 0.5990809879379667
385 0.6002297530155083
386 0.5990809879379667
387 0.5994639096304806
388 0.5986980662454529
389 0.594868849320314
390 0.5944859276278002
391 0.594868849320314
392 0.5971663794753973
393 0.5939115450890293
394 0.598123683706682
395 0.5967834577828834
396 0.5964005360903695
397 0.5986980662454529
398 0.5952517710128279
399 0.5887421022400919
400 0.5927627800114876
401 0.5983151445529389
402 0.5962090752441126
403 0.6008041355542791
404 0.6086540302508137
405 0.6071223434807582
406 0.6038675090943902
407 0.604441891633161
408 0.6052077350181888
409 0.60137851809305
410 0.6052077350181888
411 0.6057821175569597
412 0.6036760482481333
413 0.6042504307869041
414 0.6050162741719318
415 0.6029102048631055
416 0.6078881868657859
417 0.6069308826345012
418 0.6113344820984109
419 0.6105686387133831
420 0.6094198736358415
421 0.6082711085582998
422 0.6101857170208692
423 0.6145893164847789
424 0.6186099942561746
425 0.6209075244112578
426 0.623779437105112
427 0.6220562894887995
428 0.6228221328738273
429 0.6203331418724871
430 0.6151636990235497
431 0.6159295424085774
432 0.6203331418724871
433 0.6189929159486884
434 0.6228221328738273
435 0.6264598889527092
436 0.6289488799540494
437 0.6346927053417576
438 0.6352670878805284
439 0.6379475397281256
440 0.6387133831131534
441 0.6358414704192993
442 0.6412023741144935
443 0.6389048439594103
444 0.6343097836492437
445 0.6371816963430978
446 0.6385219222668964
447 0.6377560788818687
448 0.6339268619567299
449 0.6404365307294658
450 0.6433084434233199
451 0.6461803561171741
452 0.6496266513497989
453 0.6477120428872296
454 0.6457974344246602
455 0.6502010338885698
456 0.6553704767375071
457 0.6567107026613057
458 0.659391154508903
459 0.659391154508903
460 0.6616886846639862
461 0.6603484587401877
462 0.6498181121960559
463 0.643116982577063
464 0.6463718169634309
465 0.6473291211947156
466 0.6486693471185143
467 0.6484778862722573
468 0.6482864254260003
469 0.6515412598123683
470 0.6544131725062224
471 0.6500095730423129
472 0.6505839555810836
473 0.6523071031973962
474 0.6507754164273406
475 0.6551790158912503
476 0.6547960941987364
477 0.6511583381198545
478 0.6536473291211947
479 0.6553704767375071
480 0.659199693662646
481 0.6584338502776182
482 0.6551790158912503
483 0.6630289105877848
484 0.6651349798966112
485 0.6653264407428681
486 0.6616886846639862
487 0.6641776756653265
488 0.6651349798966112
489 0.6657093624353819
490 0.6676239708979513
491 0.6727934137468887
492 0.6764311698257707
493 0.6796860042121387
494 0.6745165613632013
495 0.6760482481332567
496 0.6745165613632013
497 0.6739421788244304
498 0.6716446486693471
499 0.672027570361861
500 0.6703044227455486
501 0.6701129618992916
502 0.675090943901972
503 0.6802603867509094
504 0.6748994830557151
505 0.6733677962856596
506 0.6704958835918055
507 0.6712617269768333
508 0.6727934137468887
509 0.6681983534367222
510 0.6659008232816389
511 0.6716446486693471
512 0.668772735975493
513 0.668772735975493
514 0.6662837449741528
515 0.665517901589125
516 0.6664752058204098
517 0.6674325100516945
518 0.6647520582040972
519 0.6662837449741528
520 0.6659008232816389
521 0.6695385793605207
522 0.6676239708979513
523 0.6681983534367222
524 0.6668581275129236
525 0.6672410492054375
526 0.6651349798966112
527 0.6676239708979513
528 0.665517901589125
529 0.6676239708979513
530 0.6618801455102431
531 0.6601569978939307
532 0.6616886846639862
533 0.6712617269768333
534 0.6737507179781734
535 0.6708788052843193
536 0.6729848745931457
537 0.668772735975493
538 0.6708788052843193
539 0.6706873444380624
540 0.6733677962856596
541 0.6714531878230902
542 0.6678154317442083
543 0.6683898142829792
544 0.6689641968217499
545 0.6641776756653265
546 0.6605399195864445
547 0.6609228412789585
548 0.6609228412789585
549 0.6613057629714724
550 0.6609228412789585
551 0.6641776756653265
552 0.6662837449741528
553 0.6632203714340418
554 0.6613057629714724
555 0.6578594677388474
556 0.6634118322802987
557 0.6670495883591806
558 0.671836109515604
559 0.6731763354394027
560 0.6775799349033123
561 0.678537239134597
562 0.6812176909821941
563 0.6808347692896802
564 0.6814091518284511
565 0.6816006126747081
566 0.6844725253685622
567 0.6860042121386176
568 0.6837066819835343
569 0.6789201608271108
570 0.6748994830557151
571 0.6733677962856596
572 0.6760482481332567
573 0.6796860042121387
574 0.6779628565958261
575 0.6829408385985066
576 0.6873444380624162
577 0.6854298295998469
578 0.6779628565958261
579 0.6771970132107984
580 0.6760482481332567
581 0.678728699980854
582 0.6773884740570554
583 0.6806433084434234
584 0.6810262301359372
585 0.6812176909821941
586 0.6793030825196248
587 0.6825579169059928
588 0.6863871338311315
589 0.6892590465249856
590 0.6858127512923607
591 0.6896419682174996
592 0.691365115833812
593 0.6927053417576106
594 0.6940455676814091
595 0.6957687152977217
596 0.6973004020677771
597 0.694428489373923
598 0.6905992724487843
599 0.6950028719126938
600 0.6957687152977217
601 0.6953857936052077
602 0.694428489373923
603 0.6953857936052077
604 0.6988320888378327
605 0.6971089412215202
606 0.6965345586827494
607 0.6976833237602911
608 0.6994064713766035
609 0.7001723147616312
610 0.6982577062990618
611 0.6963430978364924
612 0.7005552364541451
613 0.6938541068351523
614 0.6957687152977217
615 0.6982577062990618
616 0.7026613057629715
617 0.7057246793030825
618 0.7049588359180547
619 0.700938158146659
620 0.6984491671453188
621 0.7011296189929159
622 0.7036186099942562
623 0.6974918629140341
624 0.6921309592188397
625 0.6907907332950411
626 0.691556576680069
627 0.6934711851426383
628 0.6936626459888953
629 0.691173654987555
630 0.6938541068351523
631 0.6980662454528049
632 0.6955772544514647
633 0.6938541068351523
634 0.6950028719126938
635 0.6961516369902355
636 0.6967260195290064
637 0.6976833237602911
638 0.6965345586827494
639 0.6950028719126938
640 0.6940455676814091
641 0.6936626459888953
642 0.6927053417576106
643 0.6921309592188397
644 0.6904078116025273
645 0.6890675856787287
646 0.6890675856787287
647 0.6959601761439785
648 0.6953857936052077
649 0.6967260195290064
650 0.6969174803752632
651 0.6994064713766035
652 0.6988320888378327
653 0.7007466973004021
654 0.7022783840704576
655 0.7003637756078882
656 0.6994064713766035
657 0.7024698449167145
658 0.7018954623779438
659 0.6994064713766035
660 0.6942370285276661
661 0.6892590465249856
662 0.6861956729848746
663 0.684855447061076
664 0.687918820601187
665 0.6940455676814091
666 0.6875358989086732
667 0.691173654987555
668 0.6934711851426383
669 0.6925138809113536
670 0.6961516369902355
671 0.6927053417576106
672 0.691556576680069
673 0.694428489373923
674 0.6928968026038675
675 0.6971089412215202
676 0.697874784606548
677 0.691556576680069
678 0.6950028719126938
679 0.6955772544514647
680 0.6930882634501244
681 0.6871529772161593
682 0.6837066819835343
683 0.6858127512923607
684 0.6821749952134788
685 0.6825579169059928
686 0.6861956729848746
687 0.688110281447444
688 0.6865785946773885
689 0.6838981428297913
690 0.6821749952134788
691 0.6869615163699023
692 0.684855447061076
693 0.6856212904461038
694 0.6823664560597358
695 0.6827493777522496
696 0.6791116216733678
697 0.6796860042121387
698 0.6794945433658817
699 0.6748994830557151
700 0.6816006126747081
