1 0.0007658433850277618
2 0.0005743825387708214
3 0.0007658433850277618
4 0.0013402259237985832
5 0.0015316867700555237
6 0.0022975301550832855
7 0.002871912693854107
8 0.0034462952326249283
9 0.003829216925138809
10 0.0044035994639096306
11 0.005169442848937392
12 0.005743825387708214
13 0.006318207926479035
14 0.007658433850277618
15 0.008807198927819261
16 0.010338885697874785
17 0.01225349416044419
18 0.014742485161784415
19 0.016082711085583
20 0.018380241240666284
21 0.02048631054949263
22 0.024124066628374498
23 0.027378901014742486
24 0.02910204863105495
25 0.030825196247367414
26 0.03254834386367988
27 0.03637756078881869
28 0.039058012636415854
29 0.04192992533026996
30 0.04671644648669347
31 0.04939689833429064
32 0.05092858510434616
33 0.053417576105686385
34 0.056289488799540495
35 0.0591614014933946
36 0.06318207926479034
37 0.06681983534367222
38 0.07122343480758185
39 0.07447826919394984
40 0.07696726019529006
41 0.07983917288914417
42 0.08309400727551215
43 0.08558299827685238
44 0.08979513689450508
45 0.09209266704958836
46 0.09362435381964389
47 0.09649626651349799
48 0.09783649243729657
49 0.1003254834386368
50 0.1031973961324909
51 0.10511200459506032
52 0.10587784798008808
53 0.10874976067394218
54 0.11200459506031017
55 0.11334482098410875
56 0.1154508902929351
57 0.11870572467930308
58 0.12272640245069884
59 0.1234922458357266
60 0.12483247175952518
61 0.12751292360712235
62 0.12770438445337928
63 0.1292360712234348
64 0.13038483630097644
65 0.13268236645605974
66 0.134979896611143
67 0.13785180930499713
68 0.14225540876890677
69 0.1424468696151637
70 0.1424468696151637
71 0.1443614780777331
72 0.14551024315527475
73 0.1476163124641011
74 0.15278575531303848
75 0.1556576680068926
76 0.1594868849320314
77 0.1627417193183994
78 0.1656136320122535
79 0.17116599655370476
80 0.17250622247750336
81 0.1732720658625311
82 0.17403790924755888
83 0.17690982194141297
84 0.17863296955772545
85 0.18303656902163506
86 0.18705724679303082
87 0.189737698640628
88 0.19126938541068353
89 0.1945242197970515
90 0.19663028910587785
91 0.2002680451847597
92 0.20179973195481524
93 0.19892781926096115
94 0.20275703618609994
95 0.20658625311123874
96 0.21079839172889145
97 0.21749952134788436
98 0.21903120811793989
99 0.22132873827302316
100 0.2257323377369328
101 0.22592379858318973
102 0.22898717212330078
103 0.23339077158721042
104 0.2328163890484396
105 0.23913459697491862
106 0.24162358797625885
107 0.2437296572850852
108 0.24487842236262683
109 0.2502393260578212
110 0.25349416044418915
111 0.2575148382155849
112 0.25713191652307105
113 0.26057821175569595
114 0.26421596783457785
115 0.2645988895270917
116 0.26325866360329314
117 0.26498181121960557
118 0.27053417576105687
119 0.2674708022209458
120 0.2730231667623971
121 0.2768523836875359
122 0.2793413746888761
123 0.2787669921501053
124 0.28240474822898715
125 0.28278766992150106
126 0.28451081753781354
127 0.28374497415278577
128 0.28604250430786904
129 0.2900631820792648
130 0.292743633926862
131 0.29044610377177865
132 0.29140340800306336
133 0.2954240857744591
134 0.29676431169825773
135 0.2986789201608271
136 0.30078498946965343
137 0.30174229370093814
138 0.3084434233199311
139 0.3130384836300976
140 0.31208117939881297
141 0.31591039632395174
142 0.31437870955389624
143 0.3180164656327781
144 0.32318590848171547
145 0.3270151254068543
146 0.3272065862531112
147 0.3272065862531112
148 0.3316101857170209
149 0.3352479417959027
150 0.3335247941795903
151 0.3325674899483056
152 0.33026995979322227
153 0.3318016465632778
154 0.3333333333333333
155 0.33543940264215966
156 0.3392686195672985
157 0.33735401110472907
158 0.3396515412598124
159 0.34328929733869423
160 0.3448209841087498
161 0.3413746888761248
162 0.34328929733869423
163 0.3469270534175761
164 0.3520964962665135
165 0.35228795711277044
166 0.3517135745739996
167 0.35228795711277044
168 0.3555427914991384
169 0.35841470419299254
170 0.3587976258855064
171 0.360137851809305
172 0.3591805475780203
173 0.3610951560405897
174 0.36320122534941607
175 0.3653072946582424
176 0.36837066819835346
177 0.3695194332758951
178 0.37354011104729085
179 0.37430595443231857
180 0.3756461803561172
181 0.37258280681600614
182 0.37870955389622823
183 0.37775224966494353
184 0.3790924755887421
185 0.37775224966494353
186 0.3773693279724296
187 0.37545471950986026
188 0.37545471950986026
189 0.37315718935477693
190 0.3721998851234922
191 0.3739230327398047
192 0.37602910204863105
193 0.38483630097645033
194 0.3834960750526517
195 0.38483630097645033
196 0.3846448401301934
197 0.38694237028527667
198 0.38598506605399197
199 0.3894313612866169
200 0.3915374305954432
201 0.39211181313421406
202 0.39440934328929733
203 0.38866551790158915
204 0.39115450890292935
205 0.39019720467164465
206 0.3896228221328738
207 0.3957495692130959
208 0.3968983342906376
209 0.39862148190695
210 0.40111047290829027
211 0.402067777139575
212 0.4037909247558874
213 0.40685429829599845
214 0.40493968983342904
215 0.4108749760673942
216 0.41010913268236643
217 0.4070457591422554
218 0.40857744591231093
219 0.408385985066054
220 0.4170017231476163
221 0.41566149722381773
222 0.41432127130001917
223 0.4122152019911928
224 0.4089603676048248
225 0.4093432892973387
226 0.41144935860616505
227 0.4125981236837067
228 0.41393834960750525
229 0.4177675665326441
230 0.4187248707639288
231 0.41853340991767185
232 0.4217882443040398
233 0.42293700938158146
234 0.4279149913842619
235 0.42982959984683133
236 0.42906375646180356
237 0.4311698257706299
238 0.4311698257706299
239 0.43251005169442847
240 0.43174420830940075
241 0.43327589507945624
242 0.43327589507945624
243 0.437296572850852
244 0.4411257897759908
245 0.44552938923990043
246 0.4478269193949837
247 0.44840130193375455
248 0.4478269193949837
249 0.4482098410874976
250 0.4476354585487268
251 0.44667815431744207
252 0.44304039823856023
253 0.4424660156997894
254 0.44304039823856023
255 0.44380624162358795
256 0.446869615163699
257 0.4487842236262684
258 0.4487842236262684
259 0.4478269193949837
260 0.447061076009956
261 0.44418916331610186
262 0.4434233199310741
263 0.4461037717786713
264 0.44840130193375455
265 0.4482098410874976
266 0.44840130193375455
267 0.4489756844725254
268 0.45223051885889337
269 0.45089029293509475
270 0.45031591039632396
271 0.45280490139766416
272 0.4524219797051503
273 0.45357074478269194
274 0.4524219797051503
275 0.45548535324526135
276 0.4516561363201225
277 0.4516561363201225
278 0.45720850086157383
279 0.45988895270917096
280 0.46065479609419874
281 0.4614206394792265
282 0.4614206394792265
283 0.4633352479417959
284 0.46429255217308063
285 0.46218648286425423
286 0.46314378709553894
287 0.46084625694045567
288 0.46256940455676815
289 0.4618035611717404
290 0.46161210032548344
291 0.4604633352479418
292 0.4610377177867126
293 0.4614206394792265
294 0.4610377177867126
295 0.46352670878805285
296 0.4658242389431361
297 0.4688876124832472
298 0.469461995022018
299 0.4627608654030251
300 0.4639096304805667
301 0.4627608654030251
302 0.462952326249282
303 0.46448401301933756
304 0.4709936817920735
305 0.47061076009955966
306 0.472716829408386
307 0.4755887421022401
308 0.4744399770246984
309 0.47482289871721234
310 0.4771204288722956
311 0.4769289680260387
312 0.48018380241240666
313 0.4778862722573234
314 0.48286425426000384
315 0.4870763928776565
316 0.482289871721233
317 0.48190695002871914
318 0.4842044801838024
319 0.4849703235688302
320 0.4870763928776565
321 0.4878422362626843
322 0.488799540493969
323 0.4937775224966494
324 0.49511774842044803
325 0.4945433658816772
326 0.49779820026804517
327 0.49607505265173274
328 0.49798966111430215
329 0.498372582806816
330 0.4972238177292744
331 0.5018188780394409
332 0.5066053991958644
333 0.5018188780394409
334 0.5018188780394409
335 0.5022017997319548
336 0.5033505648094965
337 0.504690790733295
338 0.5064139383496075
339 0.5138809113536282
340 0.5157955198161975
341 0.5186674325100517
342 0.5219222668964196
343 0.5249856404365307
344 0.5295807007466973
345 0.527474631437871
346 0.524219797051503
347 0.5228795711277043
348 0.5270917097453571
349 0.5267087880528432
350 0.5226881102814475
351 0.5246027187440169
352 0.5246027187440169
353 0.5270917097453571
354 0.5278575531303848
355 0.5276660922841279
356 0.5286233965154126
357 0.5299636224392111
358 0.5290063182079264
359 0.5301550832854681
360 0.5288148573616696
361 0.5282404748228987
362 0.5324526134405514
363 0.53379283936435
364 0.5322611525942945
365 0.5328355351330653
366 0.5332184568255792
367 0.5322611525942945
368 0.5303465441317251
369 0.5347501435956347
370 0.5378135171357458
371 0.5393452039058013
372 0.546429255217308
373 0.5483438636798774
374 0.5527474631437871
375 0.5565766800689259
376 0.5544706107600995
377 0.549875550449933
378 0.5496840896036761
379 0.549875550449933
380 0.553130384836301
381 0.5523645414512732
382 0.5529389239900441
383 0.5521730806050162
384 0.553130384836301
385 0.5535133065288148
386 0.5581083668389815
387 0.5596400536090369
388 0.559257131916523
389 0.5617461229178633
390 0.5632778096879189
391 0.5642351139192036
392 0.5640436530729466
393 0.5604058969940647
394 0.5619375837641203
395 0.5596400536090369
396 0.5642351139192036
397 0.5650009573042313
398 0.5663411832280298
399 0.5674899483055715
400 0.5764886080796477
401 0.5791690599272449
402 0.5807007466973004
403 0.5824238943136129
404 0.582232433467356
405 0.5799349033122726
406 0.5833811985448976
407 0.5833811985448976
408 0.585487267853724
409 0.5833811985448976
410 0.5835726593911545
411 0.5831897376986406
412 0.5826153551598698
413 0.581849511774842
414 0.5837641202374114
415 0.5812751292360713
416 0.5816580509285851
417 0.5856787286999808
418 0.58510434616121
419 0.5837641202374114
420 0.5837641202374114
421 0.585295807007467
422 0.5898908673176335
423 0.5860616503924947
424 0.5860616503924947
425 0.5866360329312655
426 0.5877847980088072
427 0.5927627800114876
428 0.5912310932414321
429 0.5912310932414321
430 0.5910396323951752
431 0.5941030059352862
432 0.5941030059352862
433 0.5962090752441126
434 0.5954432318590848
435 0.6042504307869041
436 0.604824813325675
437 0.60137851809305
438 0.6040589699406471
439 0.6078881868657859
440 0.6059735784032165
441 0.6034845874018763
442 0.6031016657093624
443 0.6086540302508137
444 0.6117174037909248
445 0.6098027953283554
446 0.6103771778671262
447 0.6143978556385219
448 0.6149722381772927
449 0.6084625694045568
450 0.6094198736358415
451 0.6113344820984109
452 0.6166953857936052
453 0.6184185334099177
454 0.6210989852575148
455 0.6233965154125981
456 0.6218648286425426
457 0.6233965154125981
458 0.623970897951369
459 0.630097645031591
460 0.6343097836492437
461 0.6316293318016466
462 0.6310549492628758
463 0.6287574191077925
464 0.6312464101091326
465 0.633543940264216
466 0.6352670878805284
467 0.6318207926479035
468 0.630097645031591
469 0.6293318016465633
470 0.6285659582615355
471 0.6316293318016466
472 0.6274171931839939
473 0.6304805667241049
474 0.6318207926479035
475 0.630289105877848
476 0.6322037143404173
477 0.6241623587976259
478 0.6264598889527092
479 0.6228221328738273
480 0.623970897951369
481 0.6251196630289105
482 0.6245452804901398
483 0.6274171931839939
484 0.6255025847214245
485 0.6258855064139384
486 0.6266513497989661
487 0.6281830365690216
488 0.6289488799540494
489 0.6281830365690216
490 0.6350756270342715
491 0.6364158529580701
492 0.6429255217308061
493 0.6425426000382922
494 0.6436913651158338
495 0.6456059735784032
496 0.6490522688110282
497 0.65269002488991
498 0.6532644074286809
499 0.6457974344246602
500 0.6457974344246602
501 0.6456059735784032
502 0.6387133831131534
503 0.6392877656519241
504 0.6452230518858894
505 0.6459888952709171
506 0.6440742868083477
507 0.6480949645797435
508 0.6523071031973962
509 0.6517327206586253
510 0.6482864254260003
511 0.6473291211947156
512 0.6459888952709171
513 0.6434999042695768
514 0.6417767566532644
515 0.6434999042695768
516 0.6448401301933755
517 0.6434999042695768
518 0.6457974344246602
519 0.6542217116599656
520 0.6538387899674517
521 0.6534558682749377
522 0.6513497989661114
523 0.65269002488991
524 0.6572850852000766
525 0.6649435190503542
526 0.6674325100516945
527 0.6674325100516945
528 0.6693471185142639
529 0.672219031208118
530 0.672219031208118
531 0.6716446486693471
532 0.675282404748229
533 0.6712617269768333
534 0.6691556576680069
535 0.6626459888952709
536 0.6584338502776182
537 0.6664752058204098
538 0.6605399195864445
539 0.6630289105877848
540 0.6641776756653265
541 0.6599655370476738
542 0.6582423894313613
543 0.665517901589125
544 0.6712617269768333
545 0.6697300402067777
546 0.6704958835918055
547 0.6681983534367222
548 0.6641776756653265
549 0.6611143021252154
550 0.6607313804327015
551 0.6659008232816389
552 0.6666666666666666
553 0.6641776756653265
554 0.6643691365115834
555 0.6674325100516945
556 0.6634118322802987
557 0.6636032931265556
558 0.6691556576680069
559 0.668772735975493
560 0.6710702661305763
561 0.6662837449741528
562 0.6651349798966112
563 0.6672410492054375
564 0.6735592571319166
565 0.6726019529006318
566 0.6706873444380624
567 0.6683898142829792
568 0.6664752058204098
569 0.6691556576680069
570 0.6666666666666666
571 0.6681983534367222
572 0.6636032931265556
573 0.6641776756653265
574 0.6620716063565001
575 0.6683898142829792
576 0.6699215010530346
577 0.6699215010530346
578 0.6712617269768333
579 0.6714531878230902
580 0.6762397089795137
581 0.6729848745931457
582 0.6693471185142639
583 0.6733677962856596
584 0.672027570361861
585 0.672219031208118
586 0.6676239708979513
587 0.6676239708979513
588 0.6712617269768333
589 0.6741336396706873
590 0.6794945433658817
591 0.6877273597549302
592 0.6902163507562703
593 0.6869615163699023
594 0.6835152211372775
595 0.6898334290637564
596 0.6890675856787287
597 0.6871529772161593
598 0.6854298295998469
599 0.6842810645223052
600 0.6860042121386176
601 0.6819835343672219
602 0.6808347692896802
603 0.6814091518284511
604 0.684663986214819
605 0.6773884740570554
606 0.6791116216733678
607 0.6777713957495692
608 0.6766226306720275
609 0.6748994830557151
610 0.6760482481332567
611 0.6823664560597358
612 0.6861956729848746
613 0.6821749952134788
614 0.6821749952134788
615 0.6814091518284511
616 0.6871529772161593
617 0.6789201608271108
618 0.6819835343672219
619 0.6777713957495692
620 0.6817920735209649
621 0.6789201608271108
622 0.684663986214819
623 0.6817920735209649
624 0.6823664560597358
625 0.678728699980854
626 0.6789201608271108
627 0.6760482481332567
628 0.6779628565958261
629 0.6804518475971664
630 0.6791116216733678
631 0.6896419682174996
632 0.6902163507562703
633 0.6850469079073329
634 0.6840896036760482
635 0.6789201608271108
636 0.6808347692896802
637 0.6854298295998469
638 0.6902163507562703
639 0.6869615163699023
640 0.6819835343672219
641 0.6819835343672219
642 0.6854298295998469
643 0.6827493777522496
644 0.6808347692896802
645 0.678537239134597
646 0.6802603867509094
647 0.6829408385985066
648 0.6821749952134788
649 0.6838981428297913
650 0.6888761248324717
651 0.6982577062990618
652 0.6971089412215202
653 0.6980662454528049
654 0.6976833237602911
655 0.691556576680069
656 0.6928968026038675
657 0.6909821941412981
658 0.6986406279915757
659 0.6986406279915757
660 0.6997893930691174
661 0.6990235496840896
662 0.6973004020677771
663 0.6963430978364924
664 0.6938541068351523
665 0.6894505073712426
666 0.6898334290637564
667 0.6865785946773885
668 0.6814091518284511
669 0.6856212904461038
670 0.6898334290637564
671 0.6902163507562703
672 0.6898334290637564
673 0.6940455676814091
674 0.6928968026038675
675 0.6927053417576106
676 0.6923224200650967
677 0.6917480375263259
678 0.6896419682174996
679 0.6829408385985066
680 0.6854298295998469
681 0.6825579169059928
682 0.6835152211372775
683 0.6819835343672219
684 0.6804518475971664
685 0.6877273597549302
686 0.6844725253685622
687 0.6840896036760482
688 0.6877273597549302
689 0.6840896036760482
690 0.6838981428297913
691 0.6896419682174996
692 0.6860042121386176
693 0.6902163507562703
694 0.6940455676814091
695 0.6967260195290064
696 0.6988320888378327
697 0.7013210798391729
698 0.7001723147616312
699 0.7015125406854298
700 0.7043844533792839
