1 0.0003829216925138809
2 0.00019146084625694046
3 0.00019146084625694046
4 0.00019146084625694046
5 0.0003829216925138809
6 0.0003829216925138809
7 0.0003829216925138809
8 0.0003829216925138809
9 0.0003829216925138809
10 0.0003829216925138809
11 0.0003829216925138809
12 0.0003829216925138809
13 0.0003829216925138809
14 0.0005743825387708214
15 0.0005743825387708214
16 0.0005743825387708214
17 0.0005743825387708214
18 0.0005743825387708214
19 0.0005743825387708214
20 0.0005743825387708214
21 0.0005743825387708214
22 0.0007658433850277618
23 0.0007658433850277618
24 0.0007658433850277618
25 0.0013402259237985832
26 0.0015316867700555237
27 0.0017231476163124641
28 0.0011487650775416428
29 0.0013402259237985832
30 0.0013402259237985832
31 0.0013402259237985832
32 0.0011487650775416428
33 0.0009573042312847023
34 0.0011487650775416428
35 0.0013402259237985832
36 0.0013402259237985832
37 0.0015316867700555237
38 0.0015316867700555237
39 0.0017231476163124641
40 0.0017231476163124641
41 0.0015316867700555237
42 0.0015316867700555237
43 0.0017231476163124641
44 0.0019146084625694046
45 0.0019146084625694046
46 0.0019146084625694046
47 0.0019146084625694046
48 0.0017231476163124641
49 0.0015316867700555237
50 0.0015316867700555237
51 0.0015316867700555237
52 0.0015316867700555237
53 0.0017231476163124641
54 0.0017231476163124641
55 0.0019146084625694046
56 0.0019146084625694046
57 0.002106069308826345
58 0.0022975301550832855
59 0.0022975301550832855
60 0.0019146084625694046
61 0.0019146084625694046
62 0.0022975301550832855
63 0.0026804518475971664
64 0.0026804518475971664
65 0.0026804518475971664
66 0.0026804518475971664
67 0.002488991001340226
68 0.0022975301550832855
69 0.002106069308826345
70 0.0019146084625694046
71 0.002106069308826345
72 0.002106069308826345
73 0.002106069308826345
74 0.002106069308826345
75 0.0019146084625694046
76 0.0015316867700555237
77 0.0015316867700555237
78 0.0017231476163124641
79 0.0017231476163124641
80 0.0017231476163124641
81 0.0017231476163124641
82 0.0019146084625694046
83 0.0022975301550832855
84 0.002488991001340226
85 0.0019146084625694046
86 0.002106069308826345
87 0.0019146084625694046
88 0.002106069308826345
89 0.002106069308826345
90 0.0019146084625694046
91 0.002106069308826345
92 0.0017231476163124641
93 0.0017231476163124641
94 0.0017231476163124641
95 0.002106069308826345
96 0.002106069308826345
97 0.0019146084625694046
98 0.002106069308826345
99 0.002488991001340226
100 0.002488991001340226
101 0.002488991001340226
102 0.002488991001340226
103 0.0022975301550832855
104 0.0019146084625694046
105 0.0019146084625694046
106 0.0019146084625694046
107 0.0022975301550832855
108 0.002488991001340226
109 0.002488991001340226
110 0.002488991001340226
111 0.002488991001340226
112 0.0026804518475971664
113 0.0022975301550832855
114 0.0022975301550832855
115 0.0022975301550832855
116 0.0022975301550832855
117 0.0022975301550832855
118 0.0026804518475971664
119 0.002488991001340226
120 0.002488991001340226
121 0.0026804518475971664
122 0.0026804518475971664
123 0.002488991001340226
124 0.002871912693854107
125 0.002871912693854107
126 0.002871912693854107
127 0.002871912693854107
128 0.0030633735401110473
129 0.003254834386367988
130 0.003254834386367988
131 0.003254834386367988
132 0.0030633735401110473
133 0.0030633735401110473
134 0.0034462952326249283
135 0.0034462952326249283
136 0.0034462952326249283
137 0.0034462952326249283
138 0.0034462952326249283
139 0.0036377560788818687
140 0.0036377560788818687
141 0.003829216925138809
142 0.00421213861765269
143 0.0044035994639096306
144 0.004595060310166571
145 0.005169442848937392
146 0.0044035994639096306
147 0.0047865211564235115
148 0.005360903695194333
149 0.005552364541451273
150 0.005743825387708214
151 0.006126747080222095
152 0.005935286233965154
153 0.005935286233965154
154 0.005935286233965154
155 0.006509668772735976
156 0.007084051311506797
157 0.007658433850277618
158 0.007849894696534559
159 0.00823281638904844
160 0.00861573808156232
161 0.009190120620333142
162 0.008807198927819261
163 0.00842427723530538
164 0.00842427723530538
165 0.009190120620333142
166 0.009190120620333142
167 0.009764503159103963
168 0.009381581466590082
169 0.009381581466590082
170 0.009764503159103963
171 0.009573042312847023
172 0.009573042312847023
173 0.009764503159103963
174 0.009955964005360904
175 0.009764503159103963
176 0.010147424851617844
177 0.010147424851617844
178 0.010338885697874785
179 0.010913268236645606
180 0.011679111621673368
181 0.011487650775416428
182 0.011104729082902547
183 0.011104729082902547
184 0.011104729082902547
185 0.011296189929159487
186 0.011870572467930308
187 0.010338885697874785
188 0.011104729082902547
189 0.011104729082902547
190 0.011870572467930308
191 0.01225349416044419
192 0.01244495500670113
193 0.011487650775416428
194 0.012062033314187249
195 0.01244495500670113
196 0.013019337545471951
197 0.013210798391728892
198 0.013402259237985832
199 0.013019337545471951
200 0.01244495500670113
201 0.01225349416044419
202 0.01263641585295807
203 0.01263641585295807
204 0.013019337545471951
205 0.013593720084242773
206 0.013402259237985832
207 0.013976641776756654
208 0.013593720084242773
209 0.013402259237985832
210 0.013785180930499713
211 0.01282787669921501
212 0.01225349416044419
213 0.013019337545471951
214 0.01282787669921501
215 0.01263641585295807
216 0.013593720084242773
217 0.014359563469270534
218 0.015316867700555237
219 0.014933946008041356
220 0.014742485161784415
221 0.014742485161784415
222 0.014742485161784415
223 0.015508328546812177
224 0.015125406854298296
225 0.015125406854298296
226 0.014933946008041356
227 0.016082711085583
228 0.01665709362435382
229 0.015891250239326058
230 0.015891250239326058
231 0.015891250239326058
232 0.016082711085583
233 0.01627417193183994
234 0.016082711085583
235 0.015891250239326058
236 0.0170400153168677
237 0.01684855447061076
238 0.01646563277809688
239 0.015699789393069118
240 0.015316867700555237
241 0.014933946008041356
242 0.014933946008041356
243 0.015891250239326058
244 0.016082711085583
245 0.015508328546812177
246 0.015125406854298296
247 0.015125406854298296
248 0.015891250239326058
249 0.015508328546812177
250 0.015891250239326058
251 0.014933946008041356
252 0.014551024315527475
253 0.015316867700555237
254 0.015316867700555237
255 0.015125406854298296
256 0.015125406854298296
257 0.015125406854298296
258 0.014168102623013594
259 0.013785180930499713
260 0.013976641776756654
261 0.014551024315527475
262 0.014742485161784415
263 0.014359563469270534
264 0.013785180930499713
265 0.013976641776756654
266 0.013976641776756654
267 0.014742485161784415
268 0.015508328546812177
269 0.015508328546812177
270 0.014933946008041356
271 0.014551024315527475
272 0.013976641776756654
273 0.013019337545471951
274 0.01282787669921501
275 0.013593720084242773
276 0.014359563469270534
277 0.014551024315527475
278 0.014742485161784415
279 0.014168102623013594
280 0.014551024315527475
281 0.014742485161784415
282 0.014168102623013594
283 0.013976641776756654
284 0.013019337545471951
285 0.01244495500670113
286 0.01263641585295807
287 0.01282787669921501
288 0.013402259237985832
289 0.013019337545471951
290 0.01225349416044419
291 0.01263641585295807
292 0.01282787669921501
293 0.013593720084242773
294 0.014168102623013594
295 0.014933946008041356
296 0.014551024315527475
297 0.014359563469270534
298 0.014551024315527475
299 0.015125406854298296
300 0.014933946008041356
301 0.014359563469270534
302 0.013785180930499713
303 0.013976641776756654
304 0.013976641776756654
305 0.013593720084242773
306 0.013210798391728892
307 0.013019337545471951
308 0.013402259237985832
309 0.013593720084242773
310 0.014168102623013594
311 0.014168102623013594
312 0.014551024315527475
313 0.014551024315527475
314 0.014168102623013594
315 0.013593720084242773
316 0.013210798391728892
317 0.013402259237985832
318 0.01282787669921501
319 0.01225349416044419
320 0.01225349416044419
321 0.01225349416044419
322 0.01225349416044419
323 0.013019337545471951
324 0.013019337545471951
325 0.01244495500670113
326 0.013019337545471951
327 0.013402259237985832
328 0.013210798391728892
329 0.013785180930499713
330 0.013593720084242773
331 0.013593720084242773
332 0.014168102623013594
333 0.013785180930499713
334 0.013402259237985832
335 0.014168102623013594
336 0.015125406854298296
337 0.014168102623013594
338 0.013210798391728892
339 0.01244495500670113
340 0.013402259237985832
341 0.013976641776756654
342 0.013593720084242773
343 0.014933946008041356
344 0.014168102623013594
345 0.014359563469270534
346 0.014742485161784415
347 0.014933946008041356
348 0.014933946008041356
349 0.015508328546812177
350 0.015125406854298296
351 0.014359563469270534
352 0.013785180930499713
353 0.013785180930499713
354 0.013019337545471951
355 0.013210798391728892
356 0.013402259237985832
357 0.013593720084242773
358 0.013785180930499713
359 0.014168102623013594
360 0.014933946008041356
361 0.014742485161784415
362 0.014168102623013594
363 0.014359563469270534
364 0.014742485161784415
365 0.014359563469270534
366 0.014168102623013594
367 0.014359563469270534
368 0.013593720084242773
369 0.013210798391728892
370 0.013019337545471951
371 0.014168102623013594
372 0.014168102623013594
373 0.013593720084242773
374 0.013210798391728892
375 0.014359563469270534
376 0.014168102623013594
377 0.015125406854298296
378 0.015316867700555237
379 0.015508328546812177
380 0.014551024315527475
381 0.014551024315527475
382 0.014551024315527475
383 0.014742485161784415
384 0.014359563469270534
385 0.014359563469270534
386 0.014742485161784415
387 0.015316867700555237
388 0.014742485161784415
389 0.014168102623013594
390 0.014551024315527475
391 0.014551024315527475
392 0.014742485161784415
393 0.015316867700555237
394 0.015316867700555237
395 0.015316867700555237
396 0.015125406854298296
397 0.015508328546812177
398 0.015316867700555237
399 0.015699789393069118
400 0.015891250239326058
401 0.015699789393069118
402 0.016082711085583
403 0.01627417193183994
404 0.015891250239326058
405 0.015508328546812177
406 0.015125406854298296
407 0.014742485161784415
408 0.014742485161784415
409 0.015125406854298296
410 0.015125406854298296
411 0.015125406854298296
412 0.015125406854298296
413 0.015508328546812177
414 0.01627417193183994
415 0.01646563277809688
416 0.01646563277809688
417 0.015508328546812177
418 0.015125406854298296
419 0.014742485161784415
420 0.014933946008041356
421 0.015891250239326058
422 0.015891250239326058
423 0.015316867700555237
424 0.015699789393069118
425 0.015699789393069118
426 0.015699789393069118
427 0.015508328546812177
428 0.015508328546812177
429 0.015316867700555237
430 0.015699789393069118
431 0.015125406854298296
432 0.015316867700555237
433 0.015891250239326058
434 0.015699789393069118
435 0.015316867700555237
436 0.015699789393069118
437 0.01627417193183994
438 0.015699789393069118
439 0.015699789393069118
440 0.015699789393069118
441 0.015699789393069118
442 0.015891250239326058
443 0.01627417193183994
444 0.016082711085583
445 0.01627417193183994
446 0.015316867700555237
447 0.015891250239326058
448 0.015316867700555237
449 0.015316867700555237
450 0.015699789393069118
451 0.015891250239326058
452 0.015508328546812177
453 0.014933946008041356
454 0.015508328546812177
455 0.015508328546812177
456 0.014551024315527475
457 0.015891250239326058
458 0.01627417193183994
459 0.01627417193183994
460 0.015891250239326058
461 0.015508328546812177
462 0.015699789393069118
463 0.015125406854298296
464 0.015316867700555237
465 0.014359563469270534
466 0.013785180930499713
467 0.013210798391728892
468 0.013593720084242773
469 0.014933946008041356
470 0.015125406854298296
471 0.015316867700555237
472 0.015699789393069118
473 0.015508328546812177
474 0.015699789393069118
475 0.015891250239326058
476 0.015125406854298296
477 0.015125406854298296
478 0.014933946008041356
479 0.015125406854298296
480 0.015508328546812177
481 0.015891250239326058
482 0.015699789393069118
483 0.015699789393069118
484 0.015891250239326058
485 0.015891250239326058
486 0.016082711085583
487 0.01627417193183994
488 0.01665709362435382
489 0.01665709362435382
490 0.01627417193183994
491 0.01627417193183994
492 0.015699789393069118
493 0.015891250239326058
494 0.016082711085583
495 0.01627417193183994
496 0.01627417193183994
497 0.015125406854298296
498 0.015125406854298296
499 0.015699789393069118
500 0.015508328546812177
501 0.015891250239326058
502 0.015891250239326058
503 0.01627417193183994
504 0.01627417193183994
505 0.01646563277809688
506 0.015508328546812177
507 0.015699789393069118
508 0.016082711085583
509 0.015891250239326058
510 0.016082711085583
511 0.01627417193183994
512 0.0170400153168677
513 0.01684855447061076
514 0.015891250239326058
515 0.01627417193183994
516 0.01627417193183994
517 0.015891250239326058
518 0.015316867700555237
519 0.015508328546812177
520 0.014742485161784415
521 0.015316867700555237
522 0.015508328546812177
523 0.015508328546812177
524 0.015316867700555237
525 0.015699789393069118
526 0.015508328546812177
527 0.015891250239326058
528 0.015125406854298296
529 0.014359563469270534
530 0.014551024315527475
531 0.014168102623013594
532 0.014168102623013594
533 0.013976641776756654
534 0.013785180930499713
535 0.013593720084242773
536 0.014168102623013594
537 0.014168102623013594
538 0.014359563469270534
539 0.014742485161784415
540 0.014742485161784415
541 0.015316867700555237
542 0.015699789393069118
543 0.015316867700555237
544 0.014742485161784415
545 0.015699789393069118
546 0.015508328546812177
547 0.014742485161784415
548 0.014742485161784415
549 0.014742485161784415
550 0.014742485161784415
551 0.014551024315527475
552 0.014359563469270534
553 0.014742485161784415
554 0.014933946008041356
555 0.015316867700555237
556 0.015508328546812177
557 0.015125406854298296
558 0.015316867700555237
559 0.015699789393069118
560 0.015508328546812177
561 0.014933946008041356
562 0.014551024315527475
563 0.014742485161784415
564 0.015125406854298296
565 0.015125406854298296
566 0.016082711085583
567 0.015316867700555237
568 0.015316867700555237
569 0.014933946008041356
570 0.014933946008041356
571 0.014933946008041356
572 0.015316867700555237
573 0.015316867700555237
574 0.015125406854298296
575 0.014933946008041356
576 0.015125406854298296
577 0.015125406854298296
578 0.014933946008041356
579 0.015316867700555237
580 0.014933946008041356
581 0.014933946008041356
582 0.014933946008041356
583 0.015125406854298296
584 0.015125406854298296
585 0.015508328546812177
586 0.015125406854298296
587 0.016082711085583
588 0.016082711085583
589 0.015891250239326058
590 0.014933946008041356
591 0.014742485161784415
592 0.014742485161784415
593 0.014168102623013594
594 0.013593720084242773
595 0.013019337545471951
596 0.013593720084242773
597 0.013593720084242773
598 0.013593720084242773
599 0.013402259237985832
600 0.013593720084242773
601 0.013593720084242773
602 0.013593720084242773
603 0.014168102623013594
604 0.014359563469270534
605 0.014168102623013594
606 0.014359563469270534
607 0.014359563469270534
608 0.014359563469270534
609 0.013976641776756654
610 0.013593720084242773
611 0.01225349416044419
612 0.01282787669921501
613 0.013402259237985832
614 0.013402259237985832
615 0.013402259237985832
616 0.013210798391728892
617 0.01263641585295807
618 0.013593720084242773
619 0.014359563469270534
620 0.014168102623013594
621 0.013976641776756654
622 0.014359563469270534
623 0.014551024315527475
624 0.015316867700555237
625 0.014551024315527475
626 0.013976641776756654
627 0.014168102623013594
628 0.014359563469270534
629 0.014168102623013594
630 0.013593720084242773
631 0.013593720084242773
632 0.013785180930499713
633 0.013019337545471951
634 0.013402259237985832
635 0.013019337545471951
636 0.013210798391728892
637 0.01263641585295807
638 0.01263641585295807
639 0.01263641585295807
640 0.01244495500670113
641 0.01263641585295807
642 0.01244495500670113
643 0.011679111621673368
644 0.01225349416044419
645 0.012062033314187249
646 0.012062033314187249
647 0.01282787669921501
648 0.013019337545471951
649 0.013785180930499713
650 0.013785180930499713
651 0.013593720084242773
652 0.014359563469270534
653 0.014168102623013594
654 0.013785180930499713
655 0.013402259237985832
656 0.013210798391728892
657 0.013593720084242773
658 0.013785180930499713
659 0.014359563469270534
660 0.013976641776756654
661 0.013593720084242773
662 0.013593720084242773
663 0.014359563469270534
664 0.013785180930499713
665 0.014168102623013594
666 0.013976641776756654
667 0.014359563469270534
668 0.014933946008041356
669 0.014168102623013594
670 0.014168102623013594
671 0.014168102623013594
672 0.014551024315527475
673 0.014168102623013594
674 0.014742485161784415
675 0.014168102623013594
676 0.013785180930499713
677 0.013785180930499713
678 0.013402259237985832
679 0.013210798391728892
680 0.013210798391728892
681 0.01282787669921501
682 0.013019337545471951
683 0.01282787669921501
684 0.013593720084242773
685 0.013019337545471951
686 0.01282787669921501
687 0.013019337545471951
688 0.013785180930499713
689 0.014359563469270534
690 0.013785180930499713
691 0.013976641776756654
692 0.013976641776756654
693 0.013976641776756654
694 0.014168102623013594
695 0.013785180930499713
696 0.013402259237985832
697 0.013210798391728892
698 0.01244495500670113
699 0.01225349416044419
700 0.01244495500670113
