1 0.0003829216925138809
2 0.0003829216925138809
3 0.0003829216925138809
4 0.0003829216925138809
5 0.0003829216925138809
6 0.0003829216925138809
7 0.0005743825387708214
8 0.0005743825387708214
9 0.0007658433850277618
10 0.0007658433850277618
11 0.0007658433850277618
12 0.0009573042312847023
13 0.0011487650775416428
14 0.0011487650775416428
15 0.0011487650775416428
16 0.0011487650775416428
17 0.0011487650775416428
18 0.0009573042312847023
19 0.0009573042312847023
20 0.0009573042312847023
21 0.0007658433850277618
22 0.0005743825387708214
23 0.0007658433850277618
24 0.0007658433850277618
25 0.0007658433850277618
26 0.0007658433850277618
27 0.0007658433850277618
28 0.0005743825387708214
29 0.0007658433850277618
30 0.0005743825387708214
31 0.0005743825387708214
32 0.0005743825387708214
33 0.0005743825387708214
34 0.0005743825387708214
35 0.0007658433850277618
36 0.0005743825387708214
37 0.0009573042312847023
38 0.0013402259237985832
39 0.0015316867700555237
40 0.0015316867700555237
41 0.0017231476163124641
42 0.0022975301550832855
43 0.0026804518475971664
44 0.002488991001340226
45 0.0026804518475971664
46 0.002871912693854107
47 0.002488991001340226
48 0.0022975301550832855
49 0.0022975301550832855
50 0.002106069308826345
51 0.0022975301550832855
52 0.0022975301550832855
53 0.002488991001340226
54 0.0030633735401110473
55 0.003254834386367988
56 0.002871912693854107
57 0.002871912693854107
58 0.0026804518475971664
59 0.0026804518475971664
60 0.002488991001340226
61 0.002871912693854107
62 0.002871912693854107
63 0.002871912693854107
64 0.0034462952326249283
65 0.0034462952326249283
66 0.0034462952326249283
67 0.0034462952326249283
68 0.0030633735401110473
69 0.0034462952326249283
70 0.0036377560788818687
71 0.0034462952326249283
72 0.0034462952326249283
73 0.0034462952326249283
74 0.0034462952326249283
75 0.003254834386367988
76 0.0034462952326249283
77 0.0036377560788818687
78 0.0036377560788818687
79 0.0034462952326249283
80 0.0034462952326249283
81 0.00402067777139575
82 0.0034462952326249283
83 0.00402067777139575
84 0.00402067777139575
85 0.003829216925138809
86 0.003829216925138809
87 0.003829216925138809
88 0.0030633735401110473
89 0.003254834386367988
90 0.0030633735401110473
91 0.0030633735401110473
92 0.003829216925138809
93 0.003829216925138809
94 0.0036377560788818687
95 0.00421213861765269
96 0.0044035994639096306
97 0.005169442848937392
98 0.005360903695194333
99 0.005169442848937392
100 0.005552364541451273
101 0.005743825387708214
102 0.005169442848937392
103 0.004977982002680452
104 0.004977982002680452
105 0.004977982002680452
106 0.005360903695194333
107 0.005360903695194333
108 0.005552364541451273
109 0.005360903695194333
110 0.006126747080222095
111 0.007084051311506797
112 0.0068925904652498565
113 0.007084051311506797
114 0.0072755121577637374
115 0.0072755121577637374
116 0.0068925904652498565
117 0.006701129618992916
118 0.006701129618992916
119 0.0068925904652498565
120 0.0068925904652498565
121 0.0068925904652498565
122 0.0072755121577637374
123 0.007466973004020678
124 0.007849894696534559
125 0.007849894696534559
126 0.007849894696534559
127 0.007849894696534559
128 0.007849894696534559
129 0.007466973004020678
130 0.0080413555427915
131 0.0080413555427915
132 0.008807198927819261
133 0.00823281638904844
134 0.00842427723530538
135 0.009381581466590082
136 0.009381581466590082
137 0.009573042312847023
138 0.009764503159103963
139 0.010338885697874785
140 0.010530346544131725
141 0.009955964005360904
142 0.010530346544131725
143 0.009955964005360904
144 0.010147424851617844
145 0.011296189929159487
146 0.011296189929159487
147 0.010913268236645606
148 0.011487650775416428
149 0.011487650775416428
150 0.011296189929159487
151 0.011679111621673368
152 0.011679111621673368
153 0.011870572467930308
154 0.011679111621673368
155 0.011104729082902547
156 0.012062033314187249
157 0.01244495500670113
158 0.013019337545471951
159 0.01263641585295807
160 0.01282787669921501
161 0.013210798391728892
162 0.01244495500670113
163 0.01282787669921501
164 0.013785180930499713
165 0.013976641776756654
166 0.014168102623013594
167 0.015891250239326058
168 0.015699789393069118
169 0.01627417193183994
170 0.01665709362435382
171 0.017422937009381582
172 0.018571702086923225
173 0.018954623779437105
174 0.020103388856978748
175 0.02086923224200651
176 0.021635075627034272
177 0.02106069308826345
178 0.02125215393452039
179 0.02144361478077733
180 0.02106069308826345
181 0.021826536473291212
182 0.02125215393452039
183 0.023549684089603676
184 0.024124066628374498
185 0.02450698832088838
186 0.02488991001340226
187 0.026230135937200843
188 0.026613057629714724
189 0.026613057629714724
190 0.026421596783457783
191 0.027570361860999426
192 0.027953283553513307
193 0.026804518475971664
194 0.026613057629714724
195 0.026421596783457783
196 0.026995979322228605
197 0.027378901014742486
198 0.027761822707256367
199 0.027953283553513307
200 0.02852766609228413
201 0.028336205246027188
202 0.028336205246027188
203 0.02910204863105495
204 0.02948497032356883
205 0.02891058778479801
206 0.028336205246027188
207 0.02891058778479801
208 0.02967643116982577
209 0.030059352862339652
210 0.031016657093624354
211 0.031399578786138235
212 0.032356883017422934
213 0.03331418724870764
214 0.03427149147999234
215 0.0340800306337354
216 0.035611717403790925
217 0.03618609994256174
218 0.03676048248133257
219 0.03637756078881869
220 0.03637756078881869
221 0.036951943327589505
222 0.036569021635075624
223 0.03637756078881869
224 0.03790924755887421
225 0.03714340417384645
226 0.03867509094390197
227 0.03752632586636033
228 0.03829216925138809
229 0.03810070840513115
230 0.03924947348267279
231 0.04058969940647138
232 0.041547003637756076
233 0.04231284702278384
234 0.04192992533026996
235 0.04192992533026996
236 0.041547003637756076
237 0.044418916331610186
238 0.047482289871721234
239 0.04767375071797817
240 0.047482289871721234
241 0.04556768140915183
242 0.04709936817920735
243 0.04652498564043653
244 0.04863105494926288
245 0.04901397664177676
246 0.04843959410300593
247 0.04901397664177676
248 0.04843959410300593
249 0.048822515795519814
250 0.049971280873061456
251 0.04901397664177676
252 0.05092858510434616
253 0.05092858510434616
254 0.051694428489373924
255 0.05131150679686004
256 0.05150296764311698
257 0.051694428489373924
258 0.05360903695194333
259 0.05514072372199885
260 0.05494926287574191
261 0.05533218456825579
262 0.05437488033697109
263 0.05437488033697109
264 0.053800497798200266
265 0.053800497798200266
266 0.05533218456825579
267 0.054183419490714146
268 0.05494926287574191
269 0.05456634118322803
270 0.05571510626076967
271 0.057246793030825194
272 0.058395558108366837
273 0.058395558108366837
274 0.0582040972621099
275 0.05782117556959602
276 0.058395558108366837
277 0.05782117556959602
278 0.0582040972621099
279 0.05973578403216542
280 0.060884549109707066
281 0.061458931648477884
282 0.06337354011104729
283 0.06356500095730423
284 0.06279915757227647
285 0.06241623587976259
286 0.06279915757227647
287 0.06165039249473483
288 0.06241623587976259
289 0.06260769672601953
290 0.06356500095730423
291 0.06643691365115834
292 0.0672027570361861
293 0.06739421788244304
294 0.06701129618992915
295 0.06701129618992915
296 0.06835152211372775
297 0.06988320888378327
298 0.0714148956538388
299 0.07064905226881103
300 0.07122343480758185
301 0.07045759142255409
302 0.07179781734635267
303 0.07064905226881103
304 0.07084051311506796
305 0.07160635650009572
306 0.07237219988512349
307 0.07160635650009572
308 0.07198927819260961
309 0.07352096496266514
310 0.07543557342523453
311 0.07447826919394984
312 0.0752441125789776
313 0.07409534750143595
314 0.07409534750143595
315 0.07505265173272066
316 0.07696726019529006
317 0.07773310358031782
318 0.0762014168102623
319 0.07811602527283171
320 0.0800306337354011
321 0.0800306337354011
322 0.0813708596591997
323 0.08232816389048439
324 0.08251962473674133
325 0.08462569404556768
326 0.08443423319931075
327 0.08539153743059544
328 0.08596591996936627
329 0.08922075435573425
330 0.09075244112578977
331 0.09285851043461613
332 0.0961133448209841
333 0.09496457974344247
334 0.09764503159103963
335 0.09783649243729657
336 0.10070840513115067
337 0.10147424851617844
338 0.1022400919012062
339 0.10396323951751867
340 0.10951560405896994
341 0.11143021252153934
342 0.11449358606165039
343 0.11755695960176143
344 0.11947156806433085
345 0.12062033314187248
346 0.12272640245069884
347 0.12693854106835153
348 0.128661688684664
349 0.1296189929159487
350 0.13306528814857363
351 0.13363967068734445
352 0.1372774267662263
353 0.13976641776756654
354 0.1428297913076776
355 0.14704192992533027
356 0.14742485161784416
357 0.1504882251579552
358 0.154317442083094
359 0.1566149722381773
360 0.15967834577828835
361 0.16216733677962858
362 0.16771970132107983
363 0.1694428489373923
364 0.1732720658625311
365 0.1755695960176144
366 0.1749952134788436
367 0.1797817346352671
368 0.18322802986789202
369 0.18590848171548918
370 0.1878230901780586
371 0.18916331610185716
372 0.18916331610185716
373 0.19107792456442657
374 0.19567298487459314
375 0.2002680451847597
376 0.19988512349224583
377 0.2035228795711277
378 0.2035228795711277
379 0.202565575339843
380 0.20601187057246792
381 0.20658625311123874
382 0.20850086157380815
383 0.20945816580509286
384 0.21175569596017615
385 0.2129044610377178
386 0.21673367796285659
387 0.22171165996553704
388 0.22611525942944669
389 0.22783840704575914
390 0.2337736932797243
391 0.2385602144361478
392 0.24181504882251578
393 0.24143212713000192
394 0.24258089220754356
395 0.24621864828642542
396 0.24526134405514072
397 0.24679303082519624
398 0.24526134405514072
399 0.24679303082519624
400 0.24909056098027954
401 0.2502393260578212
402 0.2548343863679877
403 0.2569404556768141
404 0.2626842810645223
405 0.26842810645223053
406 0.27034271491479994
407 0.2735975493011679
408 0.2758950794562512
409 0.27895845299636224
410 0.28259620907524413
411 0.2839364349990427
412 0.2891058778479801
413 0.29216925138809113
414 0.2948497032356883
415 0.29504116408194525
416 0.29504116408194525
417 0.2986789201608271
418 0.30403982385602146
419 0.30882634501244494
420 0.31016657093624356
421 0.3141872487076393
422 0.31437870955389624
423 0.31208117939881297
424 0.31169825770629905
425 0.3128470227838407
426 0.31533601378518095
427 0.31629331801646565
428 0.3176335439402642
429 0.32146276086540304
430 0.32203714340417383
431 0.32222860425043076
432 0.32337736932797245
433 0.327972429638139
434 0.3340991767183611
435 0.33543940264215966
436 0.3379283936434999
437 0.34194907141489567
438 0.3453953666475206
439 0.34271491479992344
440 0.34328929733869423
441 0.3482672793413747
442 0.3543940264215968
443 0.360137851809305
444 0.3610951560405897
445 0.356883017422937
446 0.3563086348841662
447 0.3626268428106452
448 0.36473291211947156
449 0.3687535898908673
450 0.3746888761248325
451 0.37449741527857555
452 0.3746888761248325
453 0.37430595443231857
454 0.3781351713574574
455 0.3781351713574574
456 0.382730231667624
457 0.38062416235879765
458 0.3836875358989087
459 0.3913459697491863
460 0.39460080413555426
461 0.3978556385219223
462 0.3968983342906376
463 0.4009190120620333
464 0.40264215967834577
465 0.40398238560214433
466 0.40072755121577636
467 0.40264215967834577
468 0.4057055332184568
469 0.40532261152594296
470 0.4047482289871721
471 0.4076201416810262
472 0.4141298104537622
473 0.4145127321462761
474 0.411640819452422
475 0.4122152019911928
476 0.41489565383878996
477 0.4196821749952135
478 0.42140532261152597
479 0.4240857744591231
480 0.4269576871529772
481 0.4292552173080605
482 0.43519050354202565
483 0.43940264215967834
484 0.43978556385219225
485 0.43691365115833813
486 0.434041738464484
487 0.4344246601569979
488 0.4328929733869424
489 0.43423319931074095
490 0.43882825962090755
491 0.4461037717786713
492 0.4491671453187823
493 0.45452804901397664
494 0.45701704001531684
495 0.46505839555810835
496 0.46429255217308063
497 0.4637181696343098
498 0.46697300402067776
499 0.4665900823281639
500 0.46448401301933756
501 0.46352670878805285
502 0.4627608654030251
503 0.4646754738655945
504 0.46620716063565
505 0.47252536856212907
506 0.4732912119471568
507 0.4723339077158721
508 0.4723339077158721
509 0.47252536856212907
510 0.47482289871721234
511 0.4803752632586636
512 0.4784606547960942
513 0.4794179590273789
514 0.48209841087497607
515 0.48018380241240666
516 0.4859276278001149
517 0.4832471759525177
518 0.48899100134022594
519 0.4910970706490523
520 0.4930116791116217
521 0.4922458357265939
522 0.49052268811028144
523 0.492054374880337
524 0.48975684472525366
525 0.48803369710894123
526 0.4922458357265939
527 0.49511774842044803
528 0.4981811219605591
529 0.4972238177292744
530 0.4989469653455868
531 0.4999042695768715
532 0.5020103388856979
533 0.5090943901972047
534 0.5108175378135171
535 0.514646754738656
536 0.5180930499712809
537 0.5194332758950795
538 0.5236454145127322
539 0.5192418150488225
540 0.5215393452039058
541 0.5230710319739613
542 0.5221137277426766
543 0.5265173272065863
544 0.5282404748228987
545 0.5286233965154126
546 0.530538004977982
547 0.5336013785180931
548 0.5368562129044611
549 0.5391537430595443
550 0.540111047290829
551 0.5381964388282596
552 0.5393452039058013
553 0.5378135171357458
554 0.5422171165996553
555 0.5427914991384262
556 0.5452804901397664
557 0.54317442083094
558 0.5456634118322803
559 0.5426000382921693
560 0.5447061076009956
561 0.5416427340608846
562 0.5416427340608846
563 0.543557342523454
564 0.5389622822132873
565 0.5410683515221137
566 0.5355159869806625
567 0.5370476737507179
568 0.5387708213670305
569 0.5391537430595443
570 0.5420256557533984
571 0.5471950986023358
572 0.5504499329887038
573 0.5502584721424468
574 0.5493011679111621
575 0.5487267853723914
576 0.5563852192226689
577 0.5571510626076968
578 0.5506413938349608
579 0.5445146467547387
580 0.5479609419873636
581 0.5514072372199885
582 0.5517901589125024
583 0.5573425234539536
584 0.5600229753015509
585 0.5596400536090369
586 0.5586827493777522
587 0.5602144361478077
588 0.5590656710702662
589 0.5672984874593145
590 0.5665326440742868
591 0.5671070266130577
592 0.569213095921884
593 0.569404556768141
594 0.5665326440742868
595 0.5676814091518284
596 0.5697874784606548
597 0.5770629906184185
598 0.5801263641585296
599 0.5784032165422172
600 0.5768715297721616
601 0.575531303848363
602 0.575531303848363
603 0.582040972621099
604 0.5828068160061267
605 0.5782117556959602
606 0.582232433467356
607 0.5862531112387517
608 0.5906567107026613
609 0.5883591805475781
610 0.5877847980088072
611 0.5902737890101474
612 0.5902737890101474
613 0.5925713191652308
614 0.594868849320314
615 0.5925713191652308
616 0.5898908673176335
617 0.5893164847788627
618 0.588550641393835
619 0.5839555810836684
620 0.5864445720850087
621 0.5887421022400919
622 0.585487267853724
623 0.5831897376986406
624 0.5889335630863488
625 0.5912310932414321
626 0.5866360329312655
627 0.5918054757802029
628 0.5927627800114876
629 0.5927627800114876
630 0.5864445720850087
631 0.5887421022400919
632 0.5927627800114876
633 0.5939115450890293
634 0.5925713191652308
635 0.5941030059352862
636 0.591614014933946
637 0.5893164847788627
638 0.594868849320314
639 0.5992724487842236
640 0.5985066053991959
641 0.5967834577828834
642 0.5975493011679112
643 0.5994639096304806
644 0.6023358223243347
645 0.6027187440168486
646 0.5988895270917097
647 0.6009955964005361
648 0.6032931265556194
649 0.6075052651732721
650 0.6113344820984109
651 0.6117174037909248
652 0.6027187440168486
653 0.6040589699406471
654 0.6006126747080222
655 0.6036760482481333
656 0.6069308826345012
657 0.6092284127895845
658 0.6099942561746123
659 0.6080796477120429
660 0.6067394217882442
661 0.6101857170208692
662 0.6130576297147233
663 0.6149722381772927
664 0.6136320122534942
665 0.6149722381772927
666 0.6105686387133831
667 0.6082711085582998
668 0.6128661688684663
669 0.6161210032548344
670 0.6163124641010913
671 0.6161210032548344
672 0.617461229178633
673 0.6128661688684663
674 0.6166953857936052
675 0.6163124641010913
676 0.6212904461037718
677 0.6228221328738273
678 0.6272257323377369
679 0.6312464101091326
680 0.6337354011104729
681 0.633161018571702
682 0.6293318016465633
683 0.6327780968791882
684 0.6354585487267854
685 0.633543940264216
686 0.6345012444955007
687 0.6369902354968409
688 0.6413938349607505
689 0.6438828259620908
690 0.6377560788818687
691 0.6364158529580701
692 0.6316293318016466
693 0.6318207926479035
694 0.6310549492628758
695 0.6343097836492437
696 0.6285659582615355
697 0.6306720275703619
698 0.6297147233390772
699 0.6272257323377369
700 0.6281830365690216
