1 0.00019146084625694046
2 0.0003829216925138809
3 0.0009573042312847023
4 0.0015316867700555237
5 0.0015316867700555237
6 0.0022975301550832855
7 0.002106069308826345
8 0.0026804518475971664
9 0.002488991001340226
10 0.0022975301550832855
11 0.003829216925138809
12 0.0047865211564235115
13 0.006318207926479035
14 0.007658433850277618
15 0.0080413555427915
16 0.00823281638904844
17 0.009381581466590082
18 0.010530346544131725
19 0.011679111621673368
20 0.013019337545471951
21 0.014168102623013594
22 0.015316867700555237
23 0.0170400153168677
24 0.019911928010721808
25 0.02125215393452039
26 0.024124066628374498
27 0.026995979322228605
28 0.027378901014742486
29 0.02948497032356883
30 0.03159103963239517
31 0.03293126555619376
32 0.03542025655753398
33 0.037334865020103386
34 0.04039823856021443
35 0.043270151254068544
36 0.04556768140915183
37 0.04901397664177676
38 0.05035420256557534
39 0.051694428489373924
40 0.05437488033697109
41 0.05475780202948497
42 0.056289488799540495
43 0.05973578403216542
44 0.06490522688110281
45 0.06911736549875551
46 0.07237219988512349
47 0.07447826919394984
48 0.07543557342523453
49 0.07926479035037334
50 0.08194524219797052
51 0.0813708596591997
52 0.08462569404556768
53 0.08481715489182462
54 0.08826345012444956
55 0.09190120620333142
56 0.09496457974344247
57 0.09687918820601187
58 0.1003254834386368
59 0.10262301359372009
60 0.10453762205628948
61 0.10683515221137277
62 0.10894122152019912
63 0.11066436913651158
64 0.11525942944667815
65 0.11889718552556003
66 0.12138617652690024
67 0.12272640245069884
68 0.12387516752824047
69 0.12387516752824047
70 0.12847022783840706
71 0.13191652307103197
72 0.134979896611143
73 0.1405322611525943
74 0.14225540876890677
75 0.14302125215393452
76 0.14685046907907334
77 0.14876507754164273
78 0.14933946008041354
79 0.1476163124641011
80 0.15125406854298296
81 0.15623205054566341
82 0.15738081562320505
83 0.16025272831705917
84 0.16121003254834387
85 0.16255025847214244
86 0.16408194524219796
87 0.167145318782309
88 0.1726976833237603
89 0.17384644840130192
90 0.1784415087114685
91 0.17959027378901016
92 0.18150488225157954
93 0.18284510817537813
94 0.18705724679303082
95 0.18801455102431552
96 0.19069500287191268
97 0.1926096113344821
98 0.19777905418341948
99 0.19950220179973197
100 0.205820409726211
101 0.20792647903503733
102 0.2106069308826345
103 0.21558491288531495
104 0.21922266896419682
105 0.22228604250430786
106 0.22630672027570362
107 0.22822132873827303
108 0.2295615546620716
109 0.23319931074095349
110 0.2366456059735784
111 0.2433467355925713
112 0.24411257897759908
113 0.24679303082519624
114 0.2494734826727934
115 0.2533026995979322
116 0.2559831514455294
117 0.2565575339843002
118 0.2594294466781543
119 0.2607696726019529
120 0.26057821175569595
121 0.2617269768332376
122 0.26230135937200844
123 0.2644074286808348
124 0.26345012444955007
125 0.2653647329121195
126 0.27283170591614014
127 0.27225732337736935
128 0.27110855829982766
129 0.2697683323760291
130 0.26957687152977217
131 0.27187440168485544
132 0.27666092284127897
133 0.2801072180739039
134 0.2854681217690982
135 0.29082902546429257
136 0.289297338694237
137 0.29236071223434806
138 0.29695577254451466
139 0.2954240857744591
140 0.29925330269959793
141 0.29944476354585486
142 0.30403982385602146
143 0.3061458931648478
144 0.30538004977982003
145 0.30748611908864637
146 0.3103580317825005
147 0.31074095347501435
148 0.31074095347501435
149 0.3095921883974727
150 0.315144552938924
151 0.31591039632395174
152 0.31878230901780585
153 0.32299444763545854
154 0.32146276086540304
155 0.3252919777905418
156 0.33046142063947925
157 0.3350564809496458
158 0.334290637564618
159 0.3331418724870764
160 0.33563086348841664
161 0.33639670687344436
162 0.33735401110472907
163 0.33735401110472907
164 0.3421405322611526
165 0.34443806241623587
166 0.34673559257131914
167 0.34865020103388855
168 0.35152211372774267
169 0.3517135745739996
170 0.3526708788052843
171 0.3555427914991384
172 0.3572659391154509
173 0.3630097645031591
174 0.36473291211947156
175 0.3626268428106452
176 0.36473291211947156
177 0.36645605973578405
178 0.3714340417384645
179 0.37085965919969366
180 0.37296572850852
181 0.37698640627991575
182 0.37698640627991575
183 0.38024124066628373
184 0.379475397281256
185 0.37870955389622823
186 0.3817729274363393
187 0.37985831897376987
188 0.38215584912885314
189 0.3852192226689642
190 0.3903886655179016
191 0.3961324909056098
192 0.39881294275320694
193 0.40072755121577636
194 0.4041738464484013
195 0.40685429829599845
196 0.4055140723721999
197 0.40972621098985257
198 0.40589699406471375
199 0.41049205437488034
200 0.4064713766034846
201 0.4099176718361095
202 0.41240666283744976
203 0.41336396706873446
204 0.41049205437488034
205 0.4122152019911928
206 0.4137468887612483
207 0.4135554279149914
208 0.4125981236837067
209 0.41815048822515793
210 0.42140532261152597
211 0.41681026230135937
212 0.42006509668772735
213 0.41719318399387323
214 0.41719318399387323
215 0.4145127321462761
216 0.4196821749952135
217 0.4217882443040398
218 0.427723530538005
219 0.4279149913842619
220 0.4296381390005744
221 0.4304039823856021
222 0.4296381390005744
223 0.43136128661688683
224 0.43231859084817154
225 0.4348075818495118
226 0.43423319931074095
227 0.4330844342331993
228 0.43231859084817154
229 0.43365881677197016
230 0.4328929733869424
231 0.43136128661688683
232 0.43231859084817154
233 0.4363392686195673
234 0.43691365115833813
235 0.4367221903120812
236 0.4365307294658242
237 0.4390197204671645
238 0.4424660156997894
239 0.44514646754738657
240 0.44667815431744207
241 0.44476354585487266
242 0.44840130193375455
243 0.44840130193375455
244 0.4497415278575531
245 0.4531878230901781
246 0.45012444955006703
247 0.4453379283936435
248 0.446869615163699
249 0.4506988320888378
250 0.44993298870381004
251 0.4516561363201225
252 0.45012444955006703
253 0.45127321462760867
254 0.45261344055140723
255 0.45605973578403214
256 0.4591231093241432
257 0.4585487267853724
258 0.45739996170783076
259 0.45893164847788626
260 0.45988895270917096
261 0.462952326249282
262 0.46620716063565
263 0.46678154317442083
264 0.46352670878805285
265 0.46927053417576103
266 0.4690790733295041
267 0.47405705533218456
268 0.47865211564235116
269 0.4803752632586636
270 0.4884166188014551
271 0.4866934711851426
272 0.48477886272257326
273 0.48726785372391346
274 0.48439594103005934
275 0.4870763928776565
276 0.49435190503542026
277 0.4939689833429064
278 0.49779820026804517
279 0.5037334865020103
280 0.5069883208883783
281 0.5056480949645797
282 0.5083285468121769
283 0.504690790733295
284 0.5041164081945242
285 0.5020103388856979
286 0.5002871912693854
287 0.5025847214244687
288 0.5010530346544132
289 0.5018188780394409
290 0.5014359563469271
291 0.507945625119663
292 0.5123492245835727
293 0.5108175378135171
294 0.511200459506031
295 0.5090943901972047
296 0.5052651732720659
297 0.5027761822707256
298 0.5010530346544132
299 0.5012444955006701
300 0.5004786521156424
301 0.5025847214244687
302 0.5033505648094965
303 0.50813708596592
304 0.5110089986597741
305 0.5083285468121769
306 0.5090943901972047
307 0.5190503542025656
308 0.5232624928202183
309 0.5249856404365307
310 0.5219222668964196
311 0.5217308060501628
312 0.530729465824239
313 0.5345586827493778
314 0.5341757610568638
315 0.5316867700555237
316 0.5265173272065863
317 0.5280490139766417
318 0.5278575531303848
319 0.5213478843576489
320 0.5230710319739613
321 0.5224966494351905
322 0.5247941795902737
323 0.5297721615929543
324 0.5270917097453571
325 0.5276660922841279
326 0.5282404748228987
327 0.5336013785180931
328 0.5355159869806625
329 0.5389622822132873
330 0.5427914991384262
331 0.5418341949071415
332 0.5395366647520582
333 0.5450890292935094
334 0.5380049779820026
335 0.5418341949071415
336 0.5439402642159679
337 0.5445146467547387
338 0.5460463335247941
339 0.5508328546812177
340 0.5537047673750718
341 0.5567681409151829
342 0.5548535324526135
343 0.5563852192226689
344 0.5569596017614398
345 0.5584912885314953
346 0.5560022975301551
347 0.5571510626076968
348 0.5581083668389815
349 0.559257131916523
350 0.55944859276278
351 0.5508328546812177
352 0.5554279149913842
353 0.5556193758376412
354 0.5600229753015509
355 0.5613632012253494
356 0.5621290446103772
357 0.5671070266130577
358 0.5674899483055715
359 0.5674899483055715
360 0.5713191652307104
361 0.5722764694619951
362 0.5751483821558492
363 0.5761056863871339
364 0.5764886080796477
365 0.5812751292360713
366 0.5766800689259046
367 0.5778288340034463
368 0.5791690599272449
369 0.5847214244686961
370 0.5893164847788627
371 0.5896994064713766
372 0.5872104154700364
373 0.5870189546237794
374 0.5868274937775225
375 0.5870189546237794
376 0.588550641393835
377 0.5929542408577446
378 0.5900823281638905
379 0.5891250239326058
380 0.5931457017040015
381 0.5933371625502585
382 0.5971663794753973
383 0.598123683706682
384 0.5929542408577446
385 0.5962090752441126
386 0.5986980662454529
387 0.5965919969366265
388 0.6017614397855638
389 0.6029102048631055
390 0.6053991958644457
391 0.604441891633161
392 0.6067394217882442
393 0.6017614397855638
394 0.6015699789393069
395 0.6040589699406471
396 0.6053991958644457
397 0.6103771778671262
398 0.6036760482481333
399 0.6006126747080222
400 0.6023358223243347
401 0.6025272831705916
402 0.5985066053991959
403 0.6025272831705916
404 0.6063565000957304
405 0.6059735784032165
406 0.604441891633161
407 0.6121003254834386
408 0.6184185334099177
409 0.6193758376412024
410 0.6245452804901398
411 0.623779437105112
412 0.6233965154125981
413 0.6243538196438828
414 0.6218648286425426
415 0.6241623587976259
416 0.6266513497989661
417 0.6195672984874593
418 0.6157380815623205
419 0.6214819069500287
420 0.6233965154125981
421 0.623779437105112
422 0.6220562894887995
423 0.6218648286425426
424 0.6178441508711469
425 0.6243538196438828
426 0.6228221328738273
427 0.6245452804901398
428 0.6316293318016466
429 0.6364158529580701
430 0.6364158529580701
431 0.6413938349607505
432 0.6413938349607505
433 0.6417767566532644
434 0.6408194524219797
435 0.6463718169634309
436 0.6488608079647712
437 0.6479035037334865
438 0.6450315910396324
439 0.6417767566532644
440 0.6412023741144935
441 0.6404365307294658
442 0.6425426000382922
443 0.6444572085008615
444 0.6444572085008615
445 0.649435190503542
446 0.655944859276278
447 0.6551790158912503
448 0.6576680068925904
449 0.6630289105877848
450 0.6590082328163891
451 0.6634118322802987
452 0.662454528049014
453 0.6601569978939307
454 0.6653264407428681
455 0.6632203714340418
456 0.6645605973578403
457 0.6670495883591806
458 0.6695385793605207
459 0.6597740762014168
460 0.6586253111238751
461 0.6595826153551598
462 0.6570936243538197
463 0.6611143021252154
464 0.6666666666666666
465 0.6666666666666666
466 0.6636032931265556
467 0.6553704767375071
468 0.6576680068925904
469 0.6580509285851044
470 0.6611143021252154
471 0.6582423894313613
472 0.6609228412789585
473 0.659391154508903
474 0.6609228412789585
475 0.6580509285851044
476 0.6553704767375071
477 0.6547960941987364
478 0.6572850852000766
479 0.6605399195864445
480 0.6641776756653265
481 0.6645605973578403
482 0.6601569978939307
483 0.6511583381198545
484 0.6580509285851044
485 0.6611143021252154
486 0.6611143021252154
487 0.6614972238177292
488 0.6601569978939307
489 0.6618801455102431
490 0.6574765460463335
491 0.6630289105877848
492 0.6616886846639862
493 0.6603484587401877
494 0.6586253111238751
495 0.6614972238177292
496 0.6584338502776182
497 0.6567107026613057
498 0.6622630672027571
499 0.6639862148190695
500 0.6660922841278959
501 0.6681983534367222
502 0.6712617269768333
503 0.6708788052843193
504 0.6731763354394027
505 0.6798774650583955
506 0.6791116216733678
507 0.6758567872869998
508 0.6775799349033123
509 0.6779628565958261
510 0.6764311698257707
511 0.6766226306720275
512 0.6758567872869998
513 0.6726019529006318
514 0.6764311698257707
515 0.6741336396706873
516 0.6733677962856596
517 0.6871529772161593
518 0.6840896036760482
519 0.6852383687535899
520 0.6844725253685622
521 0.6781543174420831
522 0.6724104920543749
523 0.6708788052843193
524 0.672027570361861
525 0.6699215010530346
526 0.6756653264407428
527 0.6760482481332567
528 0.6802603867509094
529 0.6743251005169443
530 0.6779628565958261
531 0.6768140915182845
532 0.6768140915182845
533 0.6858127512923607
534 0.6856212904461038
535 0.684855447061076
536 0.6854298295998469
537 0.691173654987555
538 0.6829408385985066
539 0.6806433084434234
540 0.6831322994447635
541 0.6833237602910205
542 0.684855447061076
543 0.6861956729848746
544 0.678728699980854
545 0.6783457782883401
546 0.6810262301359372
547 0.6789201608271108
548 0.6840896036760482
549 0.6884932031399579
550 0.6867700555236455
551 0.6907907332950411
552 0.6883017422937009
553 0.6804518475971664
554 0.6781543174420831
555 0.6779628565958261
556 0.6789201608271108
557 0.6817920735209649
558 0.684663986214819
559 0.6842810645223052
560 0.6856212904461038
561 0.6810262301359372
562 0.6838981428297913
563 0.6817920735209649
564 0.6844725253685622
565 0.6863871338311315
566 0.6865785946773885
567 0.6852383687535899
568 0.6850469079073329
569 0.6829408385985066
570 0.6883017422937009
571 0.6886846639862149
572 0.691365115833812
573 0.6995979322228604
574 0.7026613057629715
575 0.6984491671453188
576 0.6994064713766035
577 0.6973004020677771
578 0.6974918629140341
579 0.6969174803752632
580 0.6971089412215202
581 0.6988320888378327
582 0.6971089412215202
583 0.6969174803752632
584 0.6982577062990618
585 0.6932797242963814
586 0.6925138809113536
587 0.6894505073712426
588 0.6963430978364924
589 0.6967260195290064
590 0.6953857936052077
591 0.6936626459888953
592 0.6976833237602911
593 0.6984491671453188
594 0.6971089412215202
595 0.6963430978364924
596 0.694811411066437
597 0.691556576680069
598 0.6923224200650967
599 0.6982577062990618
600 0.6967260195290064
601 0.6990235496840896
602 0.6997893930691174
603 0.7034271491479992
604 0.7022783840704576
605 0.7005552364541451
606 0.6994064713766035
607 0.7062990618418533
608 0.7053417576105686
609 0.7013210798391729
610 0.7038100708405132
611 0.7024698449167145
612 0.7018954623779438
613 0.6988320888378327
614 0.6973004020677771
615 0.6973004020677771
616 0.7001723147616312
617 0.7026613057629715
618 0.7055332184568256
619 0.7003637756078882
620 0.7022783840704576
621 0.7032356883017423
622 0.7022783840704576
623 0.6986406279915757
624 0.7011296189929159
625 0.7043844533792839
626 0.7030442274554853
627 0.7032356883017423
628 0.7080222094581659
629 0.7066819835343672
630 0.7032356883017423
631 0.7036186099942562
632 0.7049588359180547
633 0.7028527666092285
634 0.7022783840704576
635 0.7015125406854298
636 0.6986406279915757
637 0.6957687152977217
638 0.6921309592188397
639 0.6888761248324717
640 0.6959601761439785
641 0.6919394983725828
642 0.6965345586827494
643 0.6976833237602911
644 0.6976833237602911
645 0.6988320888378327
646 0.697874784606548
647 0.6988320888378327
648 0.6995979322228604
649 0.6951943327589508
650 0.6951943327589508
651 0.6980662454528049
652 0.6959601761439785
653 0.6988320888378327
654 0.6984491671453188
655 0.6995979322228604
656 0.707447826919395
657 0.7068734443806242
658 0.7030442274554853
659 0.7017040015316868
660 0.6957687152977217
661 0.6925138809113536
662 0.6980662454528049
663 0.6988320888378327
664 0.6961516369902355
665 0.6984491671453188
666 0.6973004020677771
667 0.6930882634501244
668 0.6902163507562703
669 0.6955772544514647
670 0.6950028719126938
671 0.6938541068351523
672 0.6969174803752632
673 0.691365115833812
674 0.6961516369902355
675 0.6923224200650967
676 0.6976833237602911
677 0.6988320888378327
678 0.6925138809113536
679 0.6923224200650967
680 0.6942370285276661
681 0.6971089412215202
682 0.6963430978364924
683 0.6974918629140341
684 0.7022783840704576
685 0.707256366073138
686 0.7078307486119089
687 0.6995979322228604
688 0.6990235496840896
689 0.6971089412215202
690 0.6997893930691174
691 0.697874784606548
692 0.6934711851426383
693 0.700938158146659
694 0.7026613057629715
695 0.7068734443806242
696 0.7055332184568256
697 0.7076392877656519
698 0.7099368179207353
699 0.7057246793030825
700 0.7011296189929159
