1 0.0005743825387708214
2 0.0013402259237985832
3 0.0026804518475971664
4 0.003829216925138809
5 0.004977982002680452
6 0.006318207926479035
7 0.00842427723530538
8 0.010338885697874785
9 0.013019337545471951
10 0.015699789393069118
11 0.017614397855638522
12 0.018571702086923225
13 0.019529006318207927
14 0.021635075627034272
15 0.023549684089603676
16 0.026804518475971664
17 0.02986789201608271
18 0.032739804709936815
19 0.03714340417384645
20 0.04135554279149914
21 0.04422745548535324
22 0.04863105494926288
23 0.0511200459506031
24 0.053800497798200266
25 0.05571510626076967
26 0.057246793030825194
27 0.061076009955964
28 0.0652881485736167
29 0.06796860042121386
30 0.07064905226881103
31 0.07352096496266514
32 0.07600995596400537
33 0.07869040781160253
34 0.08271108558299828
35 0.08481715489182462
36 0.08634884166188014
37 0.09209266704958836
38 0.09400727551215776
39 0.09573042312847023
40 0.0961133448209841
41 0.09764503159103963
42 0.10109132682366456
43 0.10549492628757419
44 0.10798391728891442
45 0.10989852575148382
46 0.10970706490522689
47 0.11200459506031017
48 0.11659965537047674
49 0.11698257706299062
50 0.12004595060310166
51 0.12234348075818495
52 0.12521539345203905
53 0.128661688684664
54 0.13287382730231667
55 0.13708596591996935
56 0.1401493394600804
57 0.14302125215393452
58 0.14302125215393452
59 0.14704192992533027
60 0.15316867700555237
61 0.15718935477694812
62 0.15872104154700364
63 0.1614014933946008
64 0.16465632778096878
65 0.16523071031973963
66 0.16810262301359372
67 0.1723147616312464
68 0.1732720658625311
69 0.1759525177101283
70 0.17748420448018382
71 0.17863296955772545
72 0.18093049971280872
73 0.18284510817537813
74 0.18341949071414895
75 0.1860999425617461
76 0.1878230901780586
77 0.1874401684855447
78 0.18897185525560023
79 0.18954623779437105
80 0.19605590656710703
81 0.19854489756844726
82 0.19854489756844726
83 0.20237411449358605
84 0.20658625311123874
85 0.2125215393452039
86 0.21501053034654413
87 0.21807390388665518
88 0.22171165996553704
89 0.22630672027570362
90 0.22802986789201607
91 0.22726402450698832
92 0.23032739804709937
93 0.23415661497223816
94 0.2337736932797243
95 0.23511391920352287
96 0.23875167528240474
97 0.2427723530538005
98 0.24238943136128663
99 0.2433467355925713
100 0.2437296572850852
101 0.24775033505648095
102 0.24928202182653647
103 0.2517710128278767
104 0.2531112387516753
105 0.2569404556768141
106 0.260386750909439
107 0.2663220371434042
108 0.26574765460463334
109 0.2680451847597166
110 0.27110855829982766
111 0.27225732337736935
112 0.2730231667623971
113 0.273406088454911
114 0.27627800114876505
115 0.27742676622630674
116 0.27895845299636224
117 0.2785755313038484
118 0.28087306145893165
119 0.28699980853915374
120 0.28891441700172316
121 0.2915948688493203
122 0.2942753206969175
123 0.29676431169825773
124 0.295807007466973
125 0.2988703810070841
126 0.3015508328546812
127 0.30308251962473676
128 0.3061458931648478
129 0.3080605016274172
130 0.3095921883974727
131 0.311889718552556
132 0.3138043270151254
133 0.3109324143212713
134 0.31591039632395174
135 0.32165422171165997
136 0.3210798391728891
137 0.3210798391728891
138 0.32146276086540304
139 0.3256748994830557
140 0.33295041164081945
141 0.3327589507945625
142 0.33371625502584723
143 0.33639670687344436
144 0.3333333333333333
145 0.3318016465632778
146 0.33467355925713194
147 0.3383113153360138
148 0.34099176718361096
149 0.34175761056863874
150 0.34060884549109705
151 0.3448209841087498
152 0.344055140723722
153 0.3465441317250622
154 0.3492245835726594
155 0.344055140723722
156 0.3463526708788053
157 0.3469270534175761
158 0.3497989661114302
159 0.35133065288148574
160 0.35228795711277044
161 0.35133065288148574
162 0.3530538004977982
163 0.35324526134405515
164 0.35669155657668006
165 0.3565000957304231
166 0.3578403216542217
167 0.36186099942561745
168 0.36569021635075627
169 0.36607313804327013
170 0.36798774650583954
171 0.3668389814282979
172 0.366647520582041
173 0.36798774650583954
174 0.3685621290446104
175 0.3672219031208118
176 0.3685621290446104
177 0.3700938158146659
178 0.3668389814282979
179 0.37066819835343673
180 0.37526325866360327
181 0.3771778671261727
182 0.3714340417384645
183 0.3700938158146659
184 0.3687535898908673
185 0.37162550258472143
186 0.37181696343097836
187 0.37698640627991575
188 0.3833046142063948
189 0.38407045759142255
190 0.3878996745165614
191 0.3861765269002489
192 0.3852192226689642
193 0.38732529197779053
194 0.3898142829791308
195 0.38866551790158915
196 0.3915374305954432
197 0.38847405705533217
198 0.38675090943901974
199 0.39019720467164465
200 0.3913459697491863
201 0.39287765651924184
202 0.3974727168294084
203 0.39460080413555426
204 0.3980470993681792
205 0.3993873252919778
206 0.4005360903695194
207 0.40168485544706106
208 0.39862148190695
209 0.3993873252919778
210 0.4003446295232625
211 0.40532261152594296
212 0.405131150679686
213 0.4091518284510818
214 0.4125981236837067
215 0.414704192992533
216 0.4160444189163316
217 0.41393834960750525
218 0.4127895845299636
219 0.4064713766034846
220 0.4135554279149914
221 0.4154700363775608
222 0.41853340991767185
223 0.41681026230135937
224 0.4164273406088455
225 0.4189163316101857
226 0.4202565575339843
227 0.4258089220754356
228 0.42140532261152597
229 0.42619184376794944
230 0.42293700938158146
231 0.42427723530538003
232 0.43136128661688683
233 0.43231859084817154
234 0.4294466781543174
235 0.43155274746314376
236 0.4367221903120812
237 0.4338502776182271
238 0.43365881677197016
239 0.43423319931074095
240 0.43155274746314376
241 0.43174420830940075
242 0.43595634692705343
243 0.43595634692705343
244 0.43767949454336585
245 0.4417001723147616
246 0.443614780777331
247 0.44495500670112964
248 0.4445720850086157
249 0.446869615163699
250 0.44552938923990043
251 0.45012444955006703
252 0.4531878230901781
253 0.4604633352479418
254 0.45797434424660155
255 0.46084625694045567
256 0.4610377177867126
257 0.46927053417576103
258 0.4736741336396707
259 0.4732912119471568
260 0.47156806433084436
261 0.47386559448592763
262 0.4717595251771013
263 0.47214244686961515
264 0.47501435956346927
265 0.4765460463335248
266 0.4769289680260387
267 0.4798008807198928
268 0.4851617844150871
269 0.48477886272257326
270 0.48994830557151064
271 0.49071414895653837
272 0.4939689833429064
273 0.4932031399578786
274 0.4956921309592188
275 0.49856404365307294
276 0.4981811219605591
277 0.49856404365307294
278 0.4989469653455868
279 0.49626651349798967
280 0.4949262875741911
281 0.4893739230327398
282 0.4893739230327398
283 0.49588359180547575
284 0.4912885314953092
285 0.4930116791116217
286 0.49530920926670496
287 0.4999042695768715
288 0.5043078690407812
289 0.5075627034271492
290 0.5064139383496075
291 0.5052651732720659
292 0.5054566341183228
293 0.5054566341183228
294 0.5073712425808922
295 0.5100516944284894
296 0.5134979896611143
297 0.5087114685046908
298 0.511200459506031
299 0.5136894505073712
300 0.5136894505073712
301 0.5205820409726211
302 0.5194332758950795
303 0.5224966494351905
304 0.5282404748228987
305 0.5288148573616696
306 0.5345586827493778
307 0.5349416044418916
308 0.5318782309017805
309 0.5326440742868084
310 0.53379283936435
311 0.5334099176718361
312 0.5318782309017805
313 0.5322611525942945
314 0.5336013785180931
315 0.5343672219031208
316 0.5351330652881485
317 0.5326440742868084
318 0.5326440742868084
319 0.5330269959793222
320 0.5347501435956347
321 0.5383878996745166
322 0.5349416044418916
323 0.5322611525942945
324 0.5328355351330653
325 0.5355159869806625
326 0.5372391345969749
327 0.5358989086731764
328 0.5376220562894888
329 0.5378135171357458
330 0.5385793605207735
331 0.5408768906758568
332 0.5403025081370859
333 0.5422171165996553
334 0.5391537430595443
335 0.5393452039058013
336 0.5389622822132873
337 0.5380049779820026
338 0.5395366647520582
339 0.543365881677197
340 0.5456634118322803
341 0.5443231859084817
342 0.5445146467547387
343 0.5447061076009956
344 0.5483438636798774
345 0.5508328546812177
346 0.5537047673750718
347 0.5483438636798774
348 0.5493011679111621
349 0.5560022975301551
350 0.5529389239900441
351 0.5548535324526135
352 0.5586827493777522
353 0.5582998276852383
354 0.5581083668389815
355 0.5581083668389815
356 0.5558108366838982
357 0.556193758376412
358 0.5630863488416619
359 0.5617461229178633
360 0.5634692705341757
361 0.55944859276278
362 0.5588742102240092
363 0.5617461229178633
364 0.5605973578403216
365 0.5611717403790925
366 0.5602144361478077
367 0.5582998276852383
368 0.5582998276852383
369 0.5600229753015509
370 0.5634692705341757
371 0.5600229753015509
372 0.5672984874593145
373 0.5651924181504883
374 0.562894887995405
375 0.562511966302891
376 0.566149722381773
377 0.5636607313804327
378 0.5653838789967451
379 0.5680643308443424
380 0.5703618609994257
381 0.569404556768141
382 0.5655753398430021
383 0.5684472525368562
384 0.5619375837641203
385 0.5669155657668007
386 0.5671070266130577
387 0.5715106260769672
388 0.5728508520007658
389 0.5780202948497032
390 0.5814665900823281
391 0.5789775990809879
392 0.5833811985448976
393 0.5799349033122726
394 0.5805092858510434
395 0.58510434616121
396 0.5874018763162934
397 0.5904652498564044
398 0.5889335630863488
399 0.5914225540876891
400 0.5935286233965155
401 0.5914225540876891
402 0.5939115450890293
403 0.5895079456251197
404 0.5874018763162934
405 0.5900823281638905
406 0.594868849320314
407 0.5973578403216542
408 0.6015699789393069
409 0.6032931265556194
410 0.6017614397855638
411 0.6061650392494735
412 0.6117174037909248
413 0.6099942561746123
414 0.610951560405897
415 0.6073138043270151
416 0.6105686387133831
417 0.6034845874018763
418 0.6061650392494735
419 0.6084625694045568
420 0.6088454910970706
421 0.6103771778671262
422 0.6128661688684663
423 0.614014933946008
424 0.6132490905609803
425 0.6145893164847789
426 0.6166953857936052
427 0.6195672984874593
428 0.6165039249473483
429 0.617461229178633
430 0.620524602718744
431 0.6247367413363967
432 0.6258855064139384
433 0.6266513497989661
434 0.6283744974152786
435 0.6255025847214245
436 0.623970897951369
437 0.623970897951369
438 0.6279915757227647
439 0.6272257323377369
440 0.6310549492628758
441 0.6287574191077925
442 0.6377560788818687
443 0.6348841661880146
444 0.6350756270342715
445 0.6360329312655562
446 0.6354585487267854
447 0.6325866360329313
448 0.6339268619567299
449 0.6306720275703619
450 0.6318207926479035
451 0.6327780968791882
452 0.636798774650584
453 0.6346927053417576
454 0.6312464101091326
455 0.6364158529580701
456 0.6306720275703619
457 0.6308634884166188
458 0.6308634884166188
459 0.6323951751866743
460 0.6343097836492437
461 0.636798774650584
462 0.6358414704192993
463 0.643116982577063
464 0.6446486693471185
465 0.6477120428872296
466 0.6486693471185143
467 0.652881485736167
468 0.6511583381198545
469 0.6500095730423129
470 0.6547960941987364
471 0.659199693662646
472 0.6547960941987364
473 0.652498564043653
474 0.656136320122535
475 0.6517327206586253
476 0.6438828259620908
477 0.6385219222668964
478 0.6375646180356117
479 0.6389048439594103
480 0.6379475397281256
481 0.6423511391920352
482 0.643116982577063
483 0.6469461995022018
484 0.6467547386559449
485 0.6477120428872296
486 0.649435190503542
487 0.6488608079647712
488 0.652498564043653
489 0.65269002488991
490 0.6538387899674517
491 0.6553704767375071
492 0.6607313804327015
493 0.655944859276278
494 0.6630289105877848
495 0.6637947539728125
496 0.6691556576680069
497 0.6756653264407428
498 0.672027570361861
499 0.6748994830557151
500 0.6745165613632013
501 0.6756653264407428
502 0.6800689259046525
503 0.6833237602910205
504 0.6806433084434234
505 0.6821749952134788
506 0.678537239134597
507 0.6789201608271108
508 0.6775799349033123
509 0.6691556576680069
510 0.6659008232816389
511 0.6651349798966112
512 0.6614972238177292
513 0.662454528049014
514 0.6666666666666666
515 0.6683898142829792
516 0.6659008232816389
517 0.6643691365115834
518 0.6691556576680069
519 0.668581275129236
520 0.6737507179781734
521 0.6729848745931457
522 0.6716446486693471
523 0.6783457782883401
524 0.6802603867509094
525 0.6804518475971664
526 0.6838981428297913
527 0.6768140915182845
528 0.6756653264407428
529 0.6747080222094581
530 0.6760482481332567
531 0.6770055523645414
532 0.6727934137468887
533 0.6743251005169443
534 0.6756653264407428
535 0.6825579169059928
536 0.6823664560597358
537 0.6852383687535899
538 0.6779628565958261
539 0.6766226306720275
540 0.6758567872869998
541 0.6727934137468887
542 0.675282404748229
543 0.6775799349033123
544 0.6800689259046525
545 0.6806433084434234
546 0.6781543174420831
547 0.6733677962856596
548 0.672219031208118
549 0.6703044227455486
550 0.6672410492054375
551 0.6618801455102431
552 0.6628374497415278
553 0.6611143021252154
554 0.6607313804327015
555 0.6595826153551598
556 0.6636032931265556
557 0.662454528049014
558 0.6649435190503542
559 0.6620716063565001
560 0.6647520582040972
561 0.6651349798966112
562 0.6664752058204098
563 0.6676239708979513
564 0.6651349798966112
565 0.6622630672027571
566 0.6649435190503542
567 0.6636032931265556
568 0.6683898142829792
569 0.6674325100516945
570 0.6729848745931457
571 0.6771970132107984
572 0.672219031208118
573 0.6697300402067777
574 0.6745165613632013
575 0.6762397089795137
576 0.678537239134597
577 0.678537239134597
578 0.6779628565958261
579 0.6796860042121387
580 0.6756653264407428
581 0.675473865594486
582 0.6737507179781734
583 0.6747080222094581
584 0.6756653264407428
585 0.6743251005169443
586 0.6714531878230902
587 0.6733677962856596
588 0.6701129618992916
589 0.6726019529006318
590 0.6697300402067777
591 0.6697300402067777
592 0.6716446486693471
593 0.6714531878230902
594 0.6695385793605207
595 0.6703044227455486
596 0.6743251005169443
597 0.6829408385985066
598 0.6777713957495692
599 0.6793030825196248
600 0.6779628565958261
601 0.6835152211372775
602 0.6814091518284511
603 0.6827493777522496
604 0.6817920735209649
605 0.6748994830557151
606 0.675473865594486
607 0.6733677962856596
608 0.6735592571319166
609 0.6729848745931457
610 0.6766226306720275
611 0.6800689259046525
612 0.6712617269768333
613 0.6708788052843193
614 0.6714531878230902
615 0.6724104920543749
616 0.6710702661305763
617 0.675282404748229
618 0.6779628565958261
619 0.6779628565958261
620 0.6775799349033123
621 0.6768140915182845
622 0.671836109515604
623 0.6735592571319166
624 0.6737507179781734
625 0.6745165613632013
626 0.6701129618992916
627 0.6729848745931457
628 0.6748994830557151
629 0.6739421788244304
630 0.6704958835918055
631 0.6699215010530346
632 0.6727934137468887
633 0.6706873444380624
634 0.6741336396706873
635 0.6748994830557151
636 0.6743251005169443
637 0.678537239134597
638 0.6766226306720275
639 0.675090943901972
640 0.6766226306720275
641 0.6806433084434234
642 0.6798774650583955
643 0.6775799349033123
644 0.671836109515604
645 0.6712617269768333
646 0.6760482481332567
647 0.6768140915182845
648 0.6793030825196248
649 0.6762397089795137
650 0.6731763354394027
651 0.6748994830557151
652 0.6773884740570554
653 0.6777713957495692
654 0.6773884740570554
655 0.6775799349033123
656 0.6770055523645414
657 0.6726019529006318
658 0.6789201608271108
659 0.6850469079073329
660 0.6823664560597358
661 0.6840896036760482
662 0.6804518475971664
663 0.6800689259046525
664 0.6858127512923607
665 0.6844725253685622
666 0.6852383687535899
667 0.6835152211372775
668 0.6837066819835343
669 0.684663986214819
670 0.6810262301359372
671 0.684663986214819
672 0.6816006126747081
673 0.6877273597549302
674 0.6871529772161593
675 0.6842810645223052
676 0.6886846639862149
677 0.691365115833812
678 0.6869615163699023
679 0.6842810645223052
680 0.6819835343672219
681 0.6829408385985066
682 0.6810262301359372
683 0.6821749952134788
684 0.6829408385985066
685 0.6844725253685622
686 0.6898334290637564
687 0.691556576680069
688 0.6950028719126938
689 0.6927053417576106
690 0.6984491671453188
691 0.694428489373923
692 0.6963430978364924
693 0.6928968026038675
694 0.697874784606548
695 0.6969174803752632
696 0.7013210798391729
697 0.7024698449167145
698 0.7026613057629715
699 0.6982577062990618
700 0.697874784606548
