1 0.0007658433850277618
2 0.0022975301550832855
3 0.002871912693854107
4 0.0044035994639096306
5 0.006318207926479035
6 0.00861573808156232
7 0.010530346544131725
8 0.011679111621673368
9 0.013019337545471951
10 0.013785180930499713
11 0.016082711085583
12 0.017805858701895463
13 0.019529006318207927
14 0.019146084625694046
15 0.021826536473291212
16 0.02450698832088838
17 0.026038675090943902
18 0.027761822707256367
19 0.027570361860999426
20 0.030059352862339652
21 0.03331418724870764
22 0.03580317825004786
23 0.03771778671261727
24 0.04135554279149914
25 0.0430786904078116
26 0.04671644648669347
27 0.05092858510434616
28 0.052077350181887805
29 0.05456634118322803
30 0.05686387133831131
31 0.05858701895462378
32 0.060501627417193185
33 0.06165039249473483
34 0.06318207926479034
35 0.06701129618992915
36 0.06873444380624162
37 0.07026613057629714
38 0.07275512157763737
39 0.0762014168102623
40 0.077158721041547
41 0.07849894696534558
42 0.07945625119663029
43 0.08271108558299828
44 0.08807198927819261
45 0.08998659774076201
46 0.09304997128087306
47 0.0974535707447827
48 0.10204863105494927
49 0.10415470036377561
50 0.1064522305188589
51 0.10836683898142829
52 0.10970706490522689
53 0.11449358606165039
54 0.1183228029867892
55 0.12234348075818495
56 0.12502393260578212
57 0.1278958452996362
58 0.13210798391728892
59 0.13517135745739997
60 0.13593720084242772
61 0.14091518284510818
62 0.14225540876890677
63 0.14474439977024697
64 0.14838215584912887
65 0.14972238177292743
66 0.15393452039058012
67 0.15546620716063564
68 0.15986980662454528
69 0.16255025847214244
70 0.16791116216733679
71 0.1723147616312464
72 0.17288914417001724
73 0.17825004786521156
74 0.17901589125023934
75 0.17882443040398238
76 0.18322802986789202
77 0.18380241240666284
78 0.1874401684855447
79 0.19088646371816964
80 0.19337545471950987
81 0.1958644457208501
82 0.19816197587593337
83 0.19892781926096115
84 0.20409726210989854
85 0.2054374880336971
86 0.20658625311123874
87 0.20907524411257897
88 0.20926670495883593
89 0.21137277426766227
90 0.21424468696151636
91 0.21654221711659966
92 0.2199885123492246
93 0.22152019911928011
94 0.22420065096687727
95 0.22630672027570362
96 0.22745548535324525
97 0.23339077158721042
98 0.2328163890484396
99 0.23205054566341182
100 0.23492245835726594
101 0.2372199885123492
102 0.23970897951368944
103 0.24028336205246026
104 0.24392111813134215
105 0.2450698832088838
106 0.24583572659391154
107 0.24909056098027954
108 0.2523453953666475
109 0.25445146467547386
110 0.2531112387516753
111 0.25406854298296
112 0.25770629906184184
113 0.2598123683706682
114 0.26249282021826537
115 0.26670495883591805
116 0.26670495883591805
117 0.26842810645223053
118 0.26842810645223053
119 0.27187440168485544
120 0.2716829408385985
121 0.2743633926861957
122 0.27378901014742485
123 0.27378901014742485
124 0.27723530538004976
125 0.2812559831514455
126 0.2831705916140149
127 0.2839364349990427
128 0.2847022783840705
129 0.28527666092284126
130 0.2902546429255217
131 0.2971472333907716
132 0.30021060693088264
133 0.29848745931457016
134 0.2988703810070841
135 0.2996362243921118
136 0.30116791116216735
137 0.30116791116216735
138 0.30557151062607696
139 0.30825196247367415
140 0.30461420639479225
141 0.30920926670495885
142 0.30652881485736166
143 0.30557151062607696
144 0.30786904078116023
145 0.3084434233199311
146 0.3115067968600421
147 0.31169825770629905
148 0.30882634501244494
149 0.30729465824238944
150 0.31074095347501435
151 0.3155274746314379
152 0.31686770055523644
153 0.3212713000191461
154 0.3270151254068543
155 0.32873827302316677
156 0.32854681217690984
157 0.3296955772544515
158 0.32950411640819455
159 0.32873827302316677
160 0.32912119471568063
161 0.33007849894696534
162 0.3333333333333333
163 0.3367796285659583
164 0.33543940264215966
165 0.33486502010338887
166 0.3331418724870764
167 0.33543940264215966
168 0.3379283936434999
169 0.3379283936434999
170 0.3379283936434999
171 0.34080030633735403
172 0.34099176718361096
173 0.3411832280298679
174 0.3423319931074095
175 0.34156614972238175
176 0.3423319931074095
177 0.34865020103388855
178 0.3520964962665135
179 0.3540111047290829
180 0.35745739996170783
181 0.3578403216542217
182 0.360137851809305
183 0.35669155657668006
184 0.3591805475780203
185 0.35994639096304804
186 0.36128661688684666
187 0.3626268428106452
188 0.36454145127321463
189 0.36358414704192993
190 0.3668389814282979
191 0.36798774650583954
192 0.37258280681600614
193 0.3748803369710894
194 0.3739230327398047
195 0.37602910204863105
196 0.3758376412023741
197 0.37870955389622823
198 0.3800497798200268
199 0.3790924755887421
200 0.3775607888186866
201 0.3810070840513115
202 0.37890101474248516
203 0.38119854489756844
204 0.3819643882825962
205 0.3846448401301934
206 0.38139000574382537
207 0.3800497798200268
208 0.3829216925138809
209 0.3842619184376795
210 0.3856021443614781
211 0.3844533792839364
212 0.3894313612866169
213 0.392303273980471
214 0.39632395175186674
215 0.39996170783074864
216 0.4005360903695194
217 0.40340800306337354
218 0.4035994639096305
219 0.4070457591422554
220 0.4057055332184568
221 0.4074286808347693
222 0.4089603676048248
223 0.40953475014359564
224 0.4091518284510818
225 0.40436530729465825
226 0.4055140723721999
227 0.40436530729465825
228 0.40876890675856786
229 0.40953475014359564
230 0.4122152019911928
231 0.4127895845299636
232 0.414704192992533
233 0.41049205437488034
234 0.41240666283744976
235 0.41432127130001917
236 0.4189163316101857
237 0.4170017231476163
238 0.41815048822515793
239 0.4141298104537622
240 0.41432127130001917
241 0.41566149722381773
242 0.4173846448401302
243 0.4223626268428106
244 0.424468696151637
245 0.42389431361286617
246 0.42370285276660924
247 0.42619184376794944
248 0.4286808347692897
249 0.42753206969174806
250 0.4267662263067203
251 0.4279149913842619
252 0.43423319931074095
253 0.4353819643882826
254 0.4374880336971089
255 0.43978556385219225
256 0.4407428680834769
257 0.44572085008615736
258 0.4487842236262684
259 0.44993298870381004
260 0.4505073712425809
261 0.44993298870381004
262 0.4476354585487268
263 0.4478269193949837
264 0.44840130193375455
265 0.45280490139766416
266 0.4524219797051503
267 0.45203905801263644
268 0.4575914225540877
269 0.4612291786329696
270 0.45893164847788626
271 0.4610377177867126
272 0.46065479609419874
273 0.4637181696343098
274 0.46639862148190697
275 0.46505839555810835
276 0.46448401301933756
277 0.46927053417576103
278 0.4688876124832472
279 0.4719509860233582
280 0.4709936817920735
281 0.46965345586827495
282 0.4690790733295041
283 0.47156806433084436
284 0.47673750717978175
285 0.47578020294849704
286 0.4723339077158721
287 0.47214244686961515
288 0.47309975110089986
289 0.475971663794754
290 0.4784606547960942
291 0.48190695002871914
292 0.47922649818112195
293 0.4788435764886081
294 0.4817154891824622
295 0.47731188971855254
296 0.4778862722573234
297 0.47769481141106646
298 0.4840130193375455
299 0.48382155849128855
300 0.48458740187631627
301 0.48726785372391346
302 0.48975684472525366
303 0.49090560980279535
304 0.4947348267279341
305 0.49684089603676046
306 0.5018188780394409
307 0.501627417193184
308 0.49760673942178824
309 0.4935860616503925
310 0.4964579743442466
311 0.4989469653455868
312 0.4999042695768715
313 0.498372582806816
314 0.4991384261918438
315 0.5098602335822324
316 0.5083285468121769
317 0.5090943901972047
318 0.5087114685046908
319 0.5115833811985449
320 0.5148382155849129
321 0.5131150679686004
322 0.5150296764311698
323 0.5121577637373157
324 0.5131150679686004
325 0.514455293892399
326 0.5171357457399962
327 0.514646754738656
328 0.5198161975875933
329 0.5232624928202183
330 0.5232624928202183
331 0.5267087880528432
332 0.5336013785180931
333 0.5284319356691557
334 0.530538004977982
335 0.5343672219031208
336 0.5326440742868084
337 0.5309209266704958
338 0.5314953092092667
339 0.5349416044418916
340 0.5381964388282596
341 0.5353245261344055
342 0.5385793605207735
343 0.5404939689833429
344 0.5381964388282596
345 0.5393452039058013
346 0.540111047290829
347 0.5420256557533984
348 0.5366647520582041
349 0.5404939689833429
350 0.5445146467547387
351 0.5412598123683706
352 0.5414512732146276
353 0.5426000382921693
354 0.5429829599846832
355 0.5473865594485927
356 0.5447061076009956
357 0.5493011679111621
358 0.5517901589125024
359 0.5590656710702662
360 0.5569596017614398
361 0.5575339843002106
362 0.5579169059927245
363 0.5565766800689259
364 0.5596400536090369
365 0.5584912885314953
366 0.5579169059927245
367 0.5598315144552939
368 0.5609802795328356
369 0.5567681409151829
370 0.5581083668389815
371 0.5571510626076968
372 0.5636607313804327
373 0.5604058969940647
374 0.5672984874593145
375 0.5663411832280298
376 0.569213095921884
377 0.5738081562320505
378 0.5722764694619951
379 0.5734252345395366
380 0.5690216350756271
381 0.5674899483055715
382 0.5672984874593145
383 0.5650009573042313
384 0.5674899483055715
385 0.5724679303082519
386 0.5715106260769672
387 0.5717020869232242
388 0.5722764694619951
389 0.5749569213095922
390 0.5764886080796477
391 0.5743825387708213
392 0.5762971472333908
393 0.5780202948497032
394 0.5793605207735019
395 0.5738081562320505
396 0.5715106260769672
397 0.5720850086157381
398 0.5715106260769672
399 0.5699789393069118
400 0.5764886080796477
401 0.575531303848363
402 0.5774459123109325
403 0.585295807007467
404 0.5866360329312655
405 0.5874018763162934
406 0.5849128853149531
407 0.5826153551598698
408 0.5831897376986406
409 0.5868274937775225
410 0.5900823281638905
411 0.5925713191652308
412 0.5921883974727168
413 0.5975493011679112
414 0.5985066053991959
415 0.5950603101665709
416 0.5942944667815432
417 0.5906567107026613
418 0.5933371625502585
419 0.5933371625502585
420 0.5933371625502585
421 0.5937200842427723
422 0.6006126747080222
423 0.60137851809305
424 0.6052077350181888
425 0.6059735784032165
426 0.6025272831705916
427 0.6055906567107027
428 0.6050162741719318
429 0.6061650392494735
430 0.6042504307869041
431 0.6053991958644457
432 0.607696726019529
433 0.6136320122534942
434 0.6136320122534942
435 0.6121003254834386
436 0.6078881868657859
437 0.6122917863296956
438 0.6107600995596401
439 0.6099942561746123
440 0.6069308826345012
441 0.6038675090943902
442 0.6040589699406471
443 0.6069308826345012
444 0.6063565000957304
445 0.6063565000957304
446 0.6080796477120429
447 0.6103771778671262
448 0.6107600995596401
449 0.617461229178633
450 0.6163124641010913
451 0.6159295424085774
452 0.6191843767949454
453 0.6166953857936052
454 0.6230135937200842
455 0.6253111238751675
456 0.6279915757227647
457 0.6251196630289105
458 0.630097645031591
459 0.6341183228029867
460 0.633543940264216
461 0.6314378709553896
462 0.6329695577254452
463 0.6310549492628758
464 0.6318207926479035
465 0.6343097836492437
466 0.6327780968791882
467 0.6243538196438828
468 0.6232050545663412
469 0.6306720275703619
470 0.6360329312655562
471 0.6341183228029867
472 0.6360329312655562
473 0.6362243921118131
474 0.6350756270342715
475 0.6350756270342715
476 0.6291403408003063
477 0.6287574191077925
478 0.6360329312655562
479 0.636798774650584
480 0.6377560788818687
481 0.6383304614206394
482 0.6486693471185143
483 0.6509668772735976
484 0.6486693471185143
485 0.6469461995022018
486 0.6473291211947156
487 0.6509668772735976
488 0.6475205820409726
489 0.6465632778096879
490 0.6469461995022018
491 0.6461803561171741
492 0.6448401301933755
493 0.6450315910396324
494 0.6469461995022018
495 0.6471376603484588
496 0.6509668772735976
497 0.6538387899674517
498 0.6509668772735976
499 0.6567107026613057
500 0.655944859276278
501 0.6532644074286809
502 0.6486693471185143
503 0.6505839555810836
504 0.649435190503542
505 0.6505839555810836
506 0.6540302508137086
507 0.6549875550449933
508 0.6549875550449933
509 0.6538387899674517
510 0.6521156423511392
511 0.6477120428872296
512 0.6507754164273406
513 0.6482864254260003
514 0.6457974344246602
515 0.6502010338885698
516 0.6507754164273406
517 0.6486693471185143
518 0.6536473291211947
519 0.6534558682749377
520 0.6569021635075627
521 0.6553704767375071
522 0.655944859276278
523 0.6553704767375071
524 0.6590082328163891
525 0.6588167719701321
526 0.6651349798966112
527 0.6636032931265556
528 0.6613057629714724
529 0.6588167719701321
530 0.6605399195864445
531 0.655753398430021
532 0.6542217116599656
533 0.6580509285851044
534 0.6643691365115834
535 0.6651349798966112
536 0.662454528049014
537 0.6659008232816389
538 0.6697300402067777
539 0.6666666666666666
540 0.6626459888952709
541 0.6672410492054375
542 0.6697300402067777
543 0.6791116216733678
544 0.6802603867509094
545 0.6794945433658817
546 0.6768140915182845
547 0.6716446486693471
548 0.6726019529006318
549 0.6781543174420831
550 0.6794945433658817
551 0.6773884740570554
552 0.675090943901972
553 0.6748994830557151
554 0.6737507179781734
555 0.6689641968217499
556 0.6678154317442083
557 0.6668581275129236
558 0.6676239708979513
559 0.6708788052843193
560 0.6708788052843193
561 0.6695385793605207
562 0.6781543174420831
563 0.6706873444380624
564 0.6670495883591806
565 0.6662837449741528
566 0.6695385793605207
567 0.6726019529006318
568 0.6672410492054375
569 0.6699215010530346
570 0.6739421788244304
571 0.675090943901972
572 0.6733677962856596
573 0.6651349798966112
574 0.6660922841278959
575 0.6693471185142639
576 0.6703044227455486
577 0.6693471185142639
578 0.6703044227455486
579 0.668581275129236
580 0.6695385793605207
581 0.6729848745931457
582 0.6739421788244304
583 0.675090943901972
584 0.6695385793605207
585 0.6706873444380624
586 0.6733677962856596
587 0.6724104920543749
588 0.6724104920543749
589 0.6726019529006318
590 0.6662837449741528
591 0.6703044227455486
592 0.672219031208118
593 0.6743251005169443
594 0.6798774650583955
595 0.6794945433658817
596 0.6793030825196248
597 0.6777713957495692
598 0.6770055523645414
599 0.6747080222094581
600 0.6771970132107984
601 0.6781543174420831
602 0.6768140915182845
603 0.6773884740570554
604 0.6770055523645414
605 0.675473865594486
606 0.6791116216733678
607 0.6764311698257707
608 0.6756653264407428
609 0.6793030825196248
610 0.6794945433658817
611 0.6789201608271108
612 0.6768140915182845
613 0.6808347692896802
614 0.6871529772161593
615 0.6898334290637564
616 0.6959601761439785
617 0.6999808539153743
618 0.6982577062990618
619 0.6965345586827494
620 0.7003637756078882
621 0.6953857936052077
622 0.6995979322228604
623 0.704192992533027
624 0.6999808539153743
625 0.6999808539153743
626 0.6951943327589508
627 0.6900248899100134
628 0.6905992724487843
629 0.6967260195290064
630 0.6982577062990618
631 0.6905992724487843
632 0.6940455676814091
633 0.69461995022018
634 0.6957687152977217
635 0.6923224200650967
636 0.6955772544514647
637 0.6917480375263259
638 0.6877273597549302
639 0.6856212904461038
640 0.6858127512923607
641 0.6831322994447635
642 0.6850469079073329
643 0.6869615163699023
644 0.6867700555236455
645 0.6923224200650967
646 0.6904078116025273
647 0.6934711851426383
648 0.6883017422937009
649 0.6927053417576106
650 0.6955772544514647
651 0.6988320888378327
652 0.694811411066437
653 0.694811411066437
654 0.6957687152977217
655 0.7007466973004021
656 0.6990235496840896
657 0.6994064713766035
658 0.7030442274554853
659 0.7018954623779438
660 0.7024698449167145
661 0.7026613057629715
662 0.7018954623779438
663 0.6997893930691174
664 0.6997893930691174
665 0.7007466973004021
666 0.7015125406854298
667 0.6986406279915757
668 0.6984491671453188
669 0.6973004020677771
670 0.6902163507562703
671 0.6934711851426383
672 0.6919394983725828
673 0.6925138809113536
674 0.6892590465249856
675 0.6884932031399579
676 0.691556576680069
677 0.6873444380624162
678 0.6875358989086732
679 0.6829408385985066
680 0.6833237602910205
681 0.6863871338311315
682 0.6904078116025273
683 0.6860042121386176
684 0.6829408385985066
685 0.6789201608271108
686 0.6816006126747081
687 0.6808347692896802
688 0.678537239134597
689 0.6781543174420831
690 0.6829408385985066
691 0.6863871338311315
692 0.6829408385985066
693 0.6827493777522496
694 0.6825579169059928
695 0.6860042121386176
696 0.6804518475971664
697 0.6896419682174996
698 0.6806433084434234
699 0.6827493777522496
700 0.6861956729848746
