1 0.0003829216925138809
2 0.0009573042312847023
3 0.0015316867700555237
4 0.002106069308826345
5 0.002871912693854107
6 0.003254834386367988
7 0.003829216925138809
8 0.0044035994639096306
9 0.005935286233965154
10 0.006318207926479035
11 0.0072755121577637374
12 0.009381581466590082
13 0.010147424851617844
14 0.01225349416044419
15 0.013785180930499713
16 0.015125406854298296
17 0.01665709362435382
18 0.019337545471950986
19 0.018954623779437105
20 0.02029484970323569
21 0.022400919012062034
22 0.022783840704575915
23 0.026038675090943902
24 0.02852766609228413
25 0.02948497032356883
26 0.031016657093624354
27 0.03369710894122152
28 0.03637756078881869
29 0.03790924755887421
30 0.03963239517518667
31 0.04231284702278384
32 0.04422745548535324
33 0.04767375071797817
34 0.05035420256557534
35 0.05150296764311698
36 0.05054566341183228
37 0.05188588933563086
38 0.05322611525942945
39 0.055906567107026614
40 0.05992724487842236
41 0.060501627417193185
42 0.064330844342332
43 0.06605399195864446
44 0.0710319739613249
45 0.07122343480758185
46 0.07179781734635267
47 0.0742868083476929
48 0.0752441125789776
49 0.07677579934903313
50 0.07964771204288723
51 0.08175378135171357
52 0.0832854681217691
53 0.08673176335439403
54 0.08883783266322037
55 0.08979513689450508
56 0.09381581466590082
57 0.09841087497606739
58 0.09955964005360904
59 0.10166570936243538
60 0.10243155274746314
61 0.10396323951751867
62 0.10587784798008808
63 0.10702661305762971
64 0.1121960559065671
65 0.1164081945242198
66 0.11947156806433085
67 0.1225349416044419
68 0.12713000191460846
69 0.1278958452996362
70 0.12885314953092092
71 0.13172506222477504
72 0.13363967068734445
73 0.13459697491862915
74 0.13880911353628184
75 0.1420639479226498
76 0.14091518284510818
77 0.1420639479226498
78 0.14321271300019145
79 0.14493586061650393
80 0.14838215584912887
81 0.14914799923415661
82 0.14914799923415661
83 0.1504882251579552
84 0.15163699023549684
85 0.15393452039058012
86 0.15642351139192034
87 0.15814665900823283
88 0.16159295424085773
89 0.16389048439594103
90 0.1675282404748229
91 0.16963430978364924
92 0.1749952134788436
93 0.17518667432510052
94 0.17805858701895463
95 0.18016465632778098
96 0.18514263833046143
97 0.18763162933180164
98 0.19088646371816964
99 0.1954815240283362
100 0.19624736741336396
101 0.19758759333716255
102 0.1983534367221903
103 0.2016082711085583
104 0.20428872295615547
105 0.20850086157380815
106 0.21079839172889145
107 0.21520199119280106
108 0.21635075627034273
109 0.2247750335056481
110 0.22420065096687727
111 0.2253494160444189
112 0.22860425043078691
113 0.23032739804709937
114 0.23262492820218264
115 0.23453953666475205
116 0.23817729274363392
117 0.23741144935860617
118 0.2395175186674325
119 0.24794179590273788
120 0.24832471759525176
121 0.24909056098027954
122 0.2502393260578212
123 0.2511966302891059
124 0.2523453953666475
125 0.25674899483055713
126 0.25770629906184184
127 0.263641585295807
128 0.26498181121960557
129 0.26613057629714726
130 0.26498181121960557
131 0.2680451847597166
132 0.2682366456059736
133 0.2739804709936818
134 0.27627800114876505
135 0.2758950794562512
136 0.2785755313038484
137 0.27666092284127897
138 0.2822132873827302
139 0.28183036569021636
140 0.2856595826153552
141 0.28623396515412597
142 0.28355351330652884
143 0.28891441700172316
144 0.28853149530920924
145 0.29140340800306336
146 0.29312655561937584
147 0.29216925138809113
148 0.29504116408194525
149 0.2942753206969175
150 0.29944476354585486
151 0.30403982385602146
152 0.30499712808730617
153 0.30825196247367415
154 0.308634884166188
155 0.3130384836300976
156 0.3095921883974727
157 0.3122726402450699
158 0.3139957878613823
159 0.31610185717020867
160 0.3185908481715489
161 0.31973961324909056
162 0.32242006509668775
163 0.3256748994830557
164 0.3272065862531112
165 0.3314187248707639
166 0.32931265556193756
167 0.331227264024507
168 0.3323760291020486
169 0.331227264024507
170 0.3314187248707639
171 0.337545471950986
172 0.3411832280298679
173 0.34060884549109705
174 0.3402259237985832
175 0.3331418724870764
176 0.334290637564618
177 0.337736932797243
178 0.34080030633735403
179 0.3430978364924373
180 0.34348075818495116
181 0.3463526708788053
182 0.34960750526517326
183 0.3497989661114302
184 0.35152211372774267
185 0.3534367221903121
186 0.35420256557533986
187 0.35745739996170783
188 0.3607122343480758
189 0.36032931265556195
190 0.3595634692705342
191 0.3641585295807008
192 0.35937200842427725
193 0.36281830365690215
194 0.36703044227455484
195 0.3695194332758951
196 0.3733486502010339
197 0.3710511200459506
198 0.3695194332758951
199 0.37085965919969366
200 0.36990235496840895
201 0.37162550258472143
202 0.37354011104729085
203 0.37794371051120046
204 0.38062416235879765
205 0.3844533792839364
206 0.3836875358989087
207 0.38598506605399197
208 0.3856021443614781
209 0.38139000574382537
210 0.38866551790158915
211 0.3905801263641585
212 0.3959410300593529
213 0.39919586444572086
214 0.3980470993681792
215 0.4032165422171166
216 0.40340800306337354
217 0.40608845491097073
218 0.40723721998851237
219 0.4112578977599081
220 0.4108749760673942
221 0.4118322802986789
222 0.4103005935286234
223 0.4089603676048248
224 0.4089603676048248
225 0.4135554279149914
226 0.41949071414895656
227 0.4215967834577829
228 0.4217882443040398
229 0.421213861765269
230 0.42140532261152597
231 0.4231284702278384
232 0.42197970515029676
233 0.4248516178441509
234 0.42523453953666474
235 0.4296381390005744
236 0.4328929733869424
237 0.43174420830940075
238 0.4279149913842619
239 0.42753206969174806
240 0.4311698257706299
241 0.4353819643882826
242 0.4374880336971089
243 0.43863679877465056
244 0.43806241623587977
245 0.437296572850852
246 0.44131725062224775
247 0.44399770246984493
248 0.4461037717786713
249 0.4491671453187823
250 0.45108175378135174
251 0.45605973578403214
252 0.4547195098602336
253 0.45701704001531684
254 0.45605973578403214
255 0.4552938923990044
256 0.4558682749377752
257 0.4639096304805667
258 0.4602718744016849
259 0.4577828834003446
260 0.4595060310166571
261 0.4681217690982194
262 0.4704192992533027
263 0.46697300402067776
264 0.4717595251771013
265 0.4723339077158721
266 0.469461995022018
267 0.47156806433084436
268 0.4729082902546429
269 0.47309975110089986
270 0.4742485161784415
271 0.47769481141106646
272 0.4805667241049205
273 0.4780777331035803
274 0.48248133256748993
275 0.4840130193375455
276 0.4866934711851426
277 0.4874593145701704
278 0.48918246218648287
279 0.48822515795519816
280 0.4874593145701704
281 0.488799540493969
282 0.4876507754164273
283 0.4893739230327398
284 0.48726785372391346
285 0.4870763928776565
286 0.48822515795519816
287 0.4865020103388857
288 0.49052268811028144
289 0.4878422362626843
290 0.49071414895653837
291 0.4926287574191078
292 0.4930116791116217
293 0.4947348267279341
294 0.498372582806816
295 0.4945433658816772
296 0.49779820026804517
297 0.49875550449932987
298 0.4937775224966494
299 0.4989469653455868
300 0.4991384261918438
301 0.49798966111430215
302 0.5073712425808922
303 0.5066053991958644
304 0.5060310166570936
305 0.5062224775033506
306 0.5014359563469271
307 0.5035420256557533
308 0.5060310166570936
309 0.5102431552747463
310 0.5125406854298296
311 0.5119663028910588
312 0.5142638330461421
313 0.514646754738656
314 0.5148382155849129
315 0.5157955198161975
316 0.5140723721998851
317 0.5165613632012254
318 0.5188588933563086
319 0.5219222668964196
320 0.5230710319739613
321 0.5203905801263642
322 0.5261344055140724
323 0.5293892399004404
324 0.5339843002106069
325 0.5320696917480375
326 0.5360903695194332
327 0.5370476737507179
328 0.5330269959793222
329 0.5322611525942945
330 0.5288148573616696
331 0.5343672219031208
332 0.5395366647520582
333 0.540111047290829
334 0.5408768906758568
335 0.5427914991384262
336 0.5412598123683706
337 0.543365881677197
338 0.543557342523454
339 0.5510243155274747
340 0.5537047673750718
341 0.5538962282213288
342 0.5552364541451273
343 0.556193758376412
344 0.5598315144552939
345 0.55944859276278
346 0.5634692705341757
347 0.5617461229178633
348 0.5682557916905993
349 0.5651924181504883
350 0.5638521922266897
351 0.5648094964579743
352 0.5695960176143978
353 0.5695960176143978
354 0.5671070266130577
355 0.5646180356117174
356 0.565958261535516
357 0.5648094964579743
358 0.5667241049205437
359 0.5665326440742868
360 0.5676814091518284
361 0.562703427149148
362 0.5609802795328356
363 0.562511966302891
364 0.5630863488416619
365 0.5646180356117174
366 0.5653838789967451
367 0.5699789393069118
368 0.5722764694619951
369 0.5709362435381964
370 0.5741910779245645
371 0.5772544514646755
372 0.5807007466973004
373 0.5826153551598698
374 0.5881677197013211
375 0.5896994064713766
376 0.5828068160061267
377 0.5856787286999808
378 0.5937200842427723
379 0.5944859276278002
380 0.5967834577828834
381 0.6019529006318208
382 0.6036760482481333
383 0.6061650392494735
384 0.6023358223243347
385 0.5969749186291403
386 0.5918054757802029
387 0.597932222860425
388 0.5942944667815432
389 0.5983151445529389
390 0.6015699789393069
391 0.6027187440168486
392 0.6025272831705916
393 0.601187057246793
394 0.5990809879379667
395 0.5998468313229944
396 0.5975493011679112
397 0.5971663794753973
398 0.5908481715489182
399 0.5856787286999808
400 0.5872104154700364
401 0.5879762588550641
402 0.588550641393835
403 0.5891250239326058
404 0.5929542408577446
405 0.5904652498564044
406 0.5925713191652308
407 0.594868849320314
408 0.5950603101665709
409 0.5965919969366265
410 0.6027187440168486
411 0.6059735784032165
412 0.6059735784032165
413 0.6080796477120429
414 0.6161210032548344
415 0.6122917863296956
416 0.6189929159486884
417 0.6243538196438828
418 0.6245452804901398
419 0.6295232624928202
420 0.6276086540302508
421 0.6184185334099177
422 0.6210989852575148
423 0.6251196630289105
424 0.6266513497989661
425 0.6260769672601952
426 0.6299061841853341
427 0.6325866360329313
428 0.6352670878805284
429 0.630289105877848
430 0.6255025847214245
431 0.6299061841853341
432 0.6266513497989661
433 0.623970897951369
434 0.633161018571702
435 0.6327780968791882
436 0.6369902354968409
437 0.6358414704192993
438 0.6396706873444381
439 0.6448401301933755
440 0.6408194524219797
441 0.6394792264981811
442 0.6348841661880146
443 0.6394792264981811
444 0.6404365307294658
445 0.6452230518858894
446 0.6446486693471185
447 0.6369902354968409
448 0.6373731571893547
449 0.6375646180356117
450 0.6417767566532644
451 0.6438828259620908
452 0.6417767566532644
453 0.6433084434233199
454 0.6434999042695768
455 0.6463718169634309
456 0.6463718169634309
457 0.6471376603484588
458 0.6551790158912503
459 0.6609228412789585
460 0.6567107026613057
461 0.656136320122535
462 0.6649435190503542
463 0.6653264407428681
464 0.6748994830557151
465 0.6741336396706873
466 0.6691556576680069
467 0.6726019529006318
468 0.6739421788244304
469 0.6726019529006318
470 0.6727934137468887
471 0.6697300402067777
472 0.668581275129236
473 0.6695385793605207
474 0.6620716063565001
475 0.6643691365115834
476 0.6664752058204098
477 0.6670495883591806
478 0.6681983534367222
479 0.6637947539728125
480 0.6672410492054375
481 0.671836109515604
482 0.6741336396706873
483 0.6766226306720275
484 0.6770055523645414
485 0.675090943901972
486 0.6748994830557151
487 0.6743251005169443
488 0.6739421788244304
489 0.6674325100516945
490 0.6668581275129236
491 0.6664752058204098
492 0.6597740762014168
493 0.659199693662646
494 0.6609228412789585
495 0.6620716063565001
496 0.668581275129236
497 0.6706873444380624
498 0.6712617269768333
499 0.678728699980854
500 0.6771970132107984
501 0.6798774650583955
502 0.6817920735209649
503 0.6808347692896802
504 0.6789201608271108
505 0.6741336396706873
506 0.6781543174420831
507 0.6804518475971664
508 0.6860042121386176
509 0.6871529772161593
510 0.6890675856787287
511 0.691556576680069
512 0.691556576680069
513 0.691556576680069
514 0.6894505073712426
515 0.6842810645223052
516 0.6867700555236455
517 0.6905992724487843
518 0.6927053417576106
519 0.691556576680069
520 0.6927053417576106
521 0.6871529772161593
522 0.687918820601187
523 0.6861956729848746
524 0.6896419682174996
525 0.6850469079073329
526 0.6852383687535899
527 0.6831322994447635
528 0.6858127512923607
529 0.6923224200650967
530 0.6950028719126938
531 0.6997893930691174
532 0.7030442274554853
533 0.7018954623779438
534 0.6995979322228604
535 0.6953857936052077
536 0.6957687152977217
537 0.691556576680069
538 0.6863871338311315
539 0.6837066819835343
540 0.6817920735209649
541 0.6860042121386176
542 0.6831322994447635
543 0.6850469079073329
544 0.6865785946773885
545 0.6860042121386176
546 0.6867700555236455
547 0.687918820601187
548 0.6850469079073329
549 0.6861956729848746
550 0.6840896036760482
551 0.6838981428297913
552 0.6871529772161593
553 0.684663986214819
554 0.6817920735209649
555 0.6873444380624162
556 0.6894505073712426
557 0.69461995022018
558 0.6932797242963814
559 0.6867700555236455
560 0.684663986214819
561 0.6884932031399579
562 0.6888761248324717
563 0.6904078116025273
564 0.6919394983725828
565 0.6928968026038675
566 0.6965345586827494
567 0.6967260195290064
568 0.6938541068351523
569 0.6900248899100134
570 0.6898334290637564
571 0.6873444380624162
572 0.6877273597549302
573 0.6888761248324717
574 0.694428489373923
575 0.6927053417576106
576 0.6938541068351523
577 0.6932797242963814
578 0.6917480375263259
579 0.691556576680069
580 0.6930882634501244
581 0.6951943327589508
582 0.6896419682174996
583 0.6955772544514647
584 0.6951943327589508
585 0.6955772544514647
586 0.6974918629140341
587 0.7022783840704576
588 0.7022783840704576
589 0.7087880528431936
590 0.7049588359180547
591 0.7043844533792839
592 0.7053417576105686
593 0.7015125406854298
594 0.7020869232242006
595 0.7003637756078882
596 0.6990235496840896
597 0.6982577062990618
598 0.7011296189929159
599 0.7015125406854298
600 0.6994064713766035
601 0.700938158146659
602 0.7003637756078882
603 0.7034271491479992
604 0.7036186099942562
605 0.7047673750717978
606 0.697874784606548
607 0.7020869232242006
608 0.6973004020677771
609 0.7034271491479992
610 0.7045759142255409
611 0.7001723147616312
612 0.7038100708405132
613 0.7022783840704576
614 0.6999808539153743
615 0.69461995022018
616 0.6936626459888953
617 0.6980662454528049
618 0.6953857936052077
619 0.6986406279915757
620 0.6925138809113536
621 0.7024698449167145
622 0.7047673750717978
623 0.7064905226881103
624 0.7082136703044227
625 0.7085965919969366
626 0.707256366073138
627 0.7070649052268811
628 0.6995979322228604
629 0.6986406279915757
630 0.6965345586827494
631 0.6974918629140341
632 0.6980662454528049
633 0.6957687152977217
634 0.6917480375263259
635 0.6925138809113536
636 0.6925138809113536
637 0.6953857936052077
638 0.7005552364541451
639 0.7011296189929159
640 0.7005552364541451
641 0.7059161401493395
642 0.7034271491479992
643 0.7026613057629715
644 0.700938158146659
645 0.7028527666092285
646 0.7007466973004021
647 0.7038100708405132
648 0.7047673750717978
649 0.6982577062990618
650 0.7024698449167145
651 0.7030442274554853
652 0.7070649052268811
653 0.7051502967643117
654 0.7026613057629715
655 0.7007466973004021
656 0.7020869232242006
657 0.7038100708405132
658 0.6986406279915757
659 0.7051502967643117
660 0.7049588359180547
661 0.7026613057629715
662 0.6988320888378327
663 0.697874784606548
664 0.6992150105303465
665 0.7013210798391729
666 0.7059161401493395
667 0.7110855829982768
668 0.7108941221520199
669 0.7133831131533601
670 0.7070649052268811
671 0.7085965919969366
672 0.7089795136894506
673 0.7078307486119089
674 0.7101282787669921
675 0.7128087306145893
676 0.7116599655370477
677 0.7055332184568256
678 0.7076392877656519
679 0.7084051311506797
680 0.7053417576105686
681 0.7085965919969366
682 0.7053417576105686
683 0.7055332184568256
684 0.7070649052268811
685 0.7059161401493395
686 0.7005552364541451
687 0.7026613057629715
688 0.707447826919395
689 0.7045759142255409
690 0.7057246793030825
691 0.7066819835343672
692 0.7051502967643117
693 0.7017040015316868
694 0.7013210798391729
695 0.7099368179207353
696 0.7120428872295615
697 0.7093624353819644
698 0.7087880528431936
699 0.7057246793030825
700 0.7057246793030825
