1 0.00019146084625694046
2 0.0009573042312847023
3 0.0019146084625694046
4 0.0030633735401110473
5 0.0034462952326249283
6 0.002871912693854107
7 0.00402067777139575
8 0.004595060310166571
9 0.005935286233965154
10 0.006701129618992916
11 0.0068925904652498565
12 0.009190120620333142
13 0.008807198927819261
14 0.009764503159103963
15 0.011870572467930308
16 0.013210798391728892
17 0.014168102623013594
18 0.015891250239326058
19 0.018380241240666284
20 0.02086923224200651
21 0.021826536473291212
22 0.02450698832088838
23 0.02871912693854107
24 0.032165422171166
25 0.033122726402450696
26 0.035228795711277044
27 0.03810070840513115
28 0.040781160252728314
29 0.045376220562894885
30 0.04729082902546429
31 0.048248133256748996
32 0.05092858510434616
33 0.051694428489373924
34 0.05284319356691557
35 0.057629714723339075
36 0.060118705724679304
37 0.06299061841853341
38 0.06586253111238752
39 0.06586253111238752
40 0.0672027570361861
41 0.0700746697300402
42 0.07256366073138043
43 0.07543557342523453
44 0.07964771204288723
45 0.08347692896802604
46 0.08596591996936627
47 0.08979513689450508
48 0.09075244112578977
49 0.09285851043461613
50 0.09400727551215776
51 0.09573042312847023
52 0.09955964005360904
53 0.10358031782500479
54 0.10453762205628948
55 0.10760099559640053
56 0.1064522305188589
57 0.10836683898142829
58 0.10989852575148382
59 0.1102814474439977
60 0.11391920352287957
61 0.11506796860042122
62 0.11947156806433085
63 0.12176909821941413
64 0.12464101091326824
65 0.12770438445337928
66 0.13287382730231667
67 0.13459697491862915
68 0.13651158338119854
69 0.1405322611525943
70 0.14455293892399004
71 0.14551024315527475
72 0.14665900823281638
73 0.15029676431169825
74 0.15450890292935096
75 0.15489182462186482
76 0.15699789393069116
77 0.15891250239326057
78 0.16312464101091326
79 0.16389048439594103
80 0.17040015316867702
81 0.17537813517135745
82 0.17633543940264215
83 0.1797817346352671
84 0.18418533409917673
85 0.1860999425617461
86 0.1916523071031974
87 0.1922266896419682
88 0.1958644457208501
89 0.20333141872487076
90 0.20620333141872488
91 0.20964962665134979
92 0.21041547003637756
93 0.21271300019146083
94 0.21539345203905802
95 0.2173080605016274
96 0.22132873827302316
97 0.22266896419682175
98 0.2196055906567107
99 0.22362626842810646
100 0.22592379858318973
101 0.22879571127704385
102 0.22917863296955773
103 0.22898717212330078
104 0.22994447635458548
105 0.2276469461995022
106 0.23645414512732146
107 0.24028336205246026
108 0.2450698832088838
109 0.24775033505648095
110 0.2469844916714532
111 0.24794179590273788
112 0.2531112387516753
113 0.2556002297530155
114 0.25866360329312654
115 0.26517327206586255
116 0.26574765460463334
117 0.2653647329121195
118 0.2680451847597166
119 0.26957687152977217
120 0.27570361860999426
121 0.27895845299636224
122 0.2810645223051886
123 0.2810645223051886
124 0.28336205246027185
125 0.2812559831514455
126 0.28240474822898715
127 0.27972429638139
128 0.27838407045759145
129 0.28278766992150106
130 0.2806816006126747
131 0.28451081753781354
132 0.2820218265364733
133 0.28431935669155656
134 0.2864254260003829
135 0.2915948688493203
136 0.29216925138809113
137 0.29465824238943134
138 0.29925330269959793
139 0.2998276852383688
140 0.3051885889335631
141 0.31074095347501435
142 0.3105494926287574
143 0.3103580317825005
144 0.31016657093624356
145 0.31725062224775036
146 0.3176335439402642
147 0.32203714340417383
148 0.3228029867892016
149 0.3264407428680835
150 0.3270151254068543
151 0.3264407428680835
152 0.3327589507945625
153 0.33026995979322227
154 0.3314187248707639
155 0.33467355925713194
156 0.3327589507945625
157 0.33467355925713194
158 0.34003446295232626
159 0.3398430021060693
160 0.34175761056863874
161 0.34520390580126364
162 0.3430978364924373
163 0.3459697491862914
164 0.3448209841087498
165 0.3457782883400345
166 0.34711851426383306
167 0.34807581849511776
168 0.3494160444189163
169 0.3499904269576872
170 0.3526708788052843
171 0.3534367221903121
172 0.353628183036569
173 0.3545854872678537
174 0.3534367221903121
175 0.35841470419299254
176 0.35515986980662456
177 0.3591805475780203
178 0.3587976258855064
179 0.36032931265556195
180 0.3639670687344438
181 0.37028527666092287
182 0.37181696343097836
183 0.3737315718935478
184 0.376220562894888
185 0.37641202374114496
186 0.37775224966494353
187 0.37794371051120046
188 0.38119854489756844
189 0.38024124066628373
190 0.379283936434999
191 0.37794371051120046
192 0.3748803369710894
193 0.37277426766226307
194 0.37794371051120046
195 0.37794371051120046
196 0.3819643882825962
197 0.382730231667624
198 0.3836875358989087
199 0.38407045759142255
200 0.38158146659008235
201 0.3810070840513115
202 0.382730231667624
203 0.38215584912885314
204 0.38062416235879765
205 0.3823473099751101
206 0.3863679877465058
207 0.3905801263641585
208 0.3951751866743251
209 0.39479226498181125
210 0.3978556385219223
211 0.3980470993681792
212 0.3965154125981237
213 0.3974727168294084
214 0.3978556385219223
215 0.3967068734443806
216 0.39555810836683897
217 0.4005360903695194
218 0.40149339460080413
219 0.39460080413555426
220 0.3957495692130959
221 0.3974727168294084
222 0.3995787861382347
223 0.39919586444572086
224 0.401876316293318
225 0.4022592379858319
226 0.4030250813708597
227 0.40015316867700557
228 0.40168485544706106
229 0.4022592379858319
230 0.4074286808347693
231 0.40589699406471375
232 0.4108749760673942
233 0.41144935860616505
234 0.4055140723721999
235 0.408385985066054
236 0.4099176718361095
237 0.40972621098985257
238 0.4131725062224775
239 0.4183419490714149
240 0.4173846448401302
241 0.4152785755313039
242 0.4137468887612483
243 0.4145127321462761
244 0.41585295807007466
245 0.4198736358414704
246 0.4215967834577829
247 0.4231284702278384
248 0.42197970515029676
249 0.4231284702278384
250 0.43136128661688683
251 0.42906375646180356
252 0.4346161210032548
253 0.4355734252345395
254 0.44055140723721997
255 0.4401684855447061
256 0.44476354585487266
257 0.4462952326249282
258 0.4495500670112962
259 0.45127321462760867
260 0.4485927627800115
261 0.4480183802412407
262 0.4476354585487268
263 0.45261344055140723
264 0.45127321462760867
265 0.45012444955006703
266 0.45223051885889337
267 0.4539536664752058
268 0.45012444955006703
269 0.45184759716637946
270 0.45739996170783076
271 0.4585487267853724
272 0.4637181696343098
273 0.4652498564043653
274 0.46639862148190697
275 0.4671644648669347
276 0.46505839555810835
277 0.46965345586827495
278 0.46793030825196247
279 0.4704192992533027
280 0.4734826727934138
281 0.47578020294849704
282 0.472716829408386
283 0.4765460463335248
284 0.4752058204097262
285 0.4788435764886081
286 0.4798008807198928
287 0.4798008807198928
288 0.47386559448592763
289 0.4746314378709554
290 0.47252536856212907
291 0.47482289871721234
292 0.47826919394983725
293 0.48382155849128855
294 0.4842044801838024
295 0.4893739230327398
296 0.48956538387899673
297 0.49090560980279535
298 0.48803369710894123
299 0.4912885314953092
300 0.49090560980279535
301 0.49186291403408006
302 0.4868849320313996
303 0.4922458357265939
304 0.4964579743442466
305 0.49664943519050353
306 0.49607505265173274
307 0.49530920926670496
308 0.4926287574191078
309 0.49664943519050353
310 0.49664943519050353
311 0.49664943519050353
312 0.49779820026804517
313 0.5022017997319548
314 0.5089029293509477
315 0.5041164081945242
316 0.5064139383496075
317 0.5043078690407812
318 0.5071797817346353
319 0.5085200076584339
320 0.5069883208883783
321 0.5012444955006701
322 0.504499329887038
323 0.5060310166570936
324 0.5054566341183228
325 0.5073712425808922
326 0.5087114685046908
327 0.5119663028910588
328 0.514646754738656
329 0.5156040589699407
330 0.5175186674325101
331 0.520773501818878
332 0.5228795711277043
333 0.5190503542025656
334 0.5205820409726211
335 0.5150296764311698
336 0.5175186674325101
337 0.5179015891250239
338 0.5159869806624545
339 0.5200076584338503
340 0.524219797051503
341 0.5284319356691557
342 0.530538004977982
343 0.5343672219031208
344 0.5380049779820026
345 0.5364732912119472
346 0.5355159869806625
347 0.5364732912119472
348 0.540111047290829
349 0.5406854298295999
350 0.543365881677197
351 0.5391537430595443
352 0.5372391345969749
353 0.543557342523454
354 0.5487267853723914
355 0.546429255217308
356 0.546429255217308
357 0.5514072372199885
358 0.5567681409151829
359 0.5623205054566341
360 0.5630863488416619
361 0.562894887995405
362 0.5648094964579743
363 0.562894887995405
364 0.5632778096879189
365 0.5644265747654604
366 0.566149722381773
367 0.566149722381773
368 0.5638521922266897
369 0.5632778096879189
370 0.5650009573042313
371 0.5682557916905993
372 0.5736166953857936
373 0.5732337736932798
374 0.5717020869232242
375 0.5709362435381964
376 0.5730423128470228
377 0.5717020869232242
378 0.5739996170783075
379 0.5793605207735019
380 0.5828068160061267
381 0.5849128853149531
382 0.578594677388474
383 0.5843385027761823
384 0.578786138234731
385 0.5730423128470228
386 0.5709362435381964
387 0.5730423128470228
388 0.5715106260769672
389 0.5684472525368562
390 0.5695960176143978
391 0.5739996170783075
392 0.5766800689259046
393 0.5824238943136129
394 0.5845299636224393
395 0.5858701895462378
396 0.5839555810836684
397 0.5912310932414321
398 0.5875933371625502
399 0.5908481715489182
400 0.5877847980088072
401 0.5914225540876891
402 0.5923798583189738
403 0.5975493011679112
404 0.5985066053991959
405 0.5996553704767376
406 0.6063565000957304
407 0.604824813325675
408 0.6071223434807582
409 0.6059735784032165
410 0.6071223434807582
411 0.6027187440168486
412 0.6050162741719318
413 0.6094198736358415
414 0.6092284127895845
415 0.6143978556385219
416 0.6126747080222095
417 0.6166953857936052
418 0.6155466207160636
419 0.6165039249473483
420 0.6128661688684663
421 0.6117174037909248
422 0.610951560405897
423 0.6176526900248899
424 0.6186099942561746
425 0.6195672984874593
426 0.6168868466398622
427 0.6186099942561746
428 0.6157380815623205
429 0.6124832471759525
430 0.6107600995596401
431 0.6134405514072372
432 0.6149722381772927
433 0.6163124641010913
434 0.6153551598698066
435 0.617461229178633
436 0.6186099942561746
437 0.6249282021826537
438 0.6216733677962857
439 0.6253111238751675
440 0.6289488799540494
441 0.6278001148765078
442 0.6258855064139384
443 0.6281830365690216
444 0.6323951751866743
445 0.636607313804327
446 0.6394792264981811
447 0.6396706873444381
448 0.6360329312655562
449 0.6396706873444381
450 0.6385219222668964
451 0.633543940264216
452 0.6373731571893547
453 0.640053609036952
454 0.6440742868083477
455 0.6436913651158338
456 0.6329695577254452
457 0.6369902354968409
458 0.6402450698832088
459 0.6408194524219797
460 0.6410109132682367
461 0.6429255217308061
462 0.6419682174995214
463 0.6450315910396324
464 0.6454145127321462
465 0.6482864254260003
466 0.643116982577063
467 0.6469461995022018
468 0.6505839555810836
469 0.652498564043653
470 0.6523071031973962
471 0.6459888952709171
472 0.6461803561171741
473 0.6452230518858894
474 0.6429255217308061
475 0.6438828259620908
476 0.6417767566532644
477 0.6477120428872296
478 0.6500095730423129
479 0.6513497989661114
480 0.6523071031973962
481 0.6511583381198545
482 0.6503924947348267
483 0.6496266513497989
484 0.6486693471185143
485 0.6511583381198545
486 0.6530729465824239
487 0.6578594677388474
488 0.6576680068925904
489 0.6569021635075627
490 0.6574765460463335
491 0.6582423894313613
492 0.6603484587401877
493 0.6620716063565001
494 0.6616886846639862
495 0.6567107026613057
496 0.656136320122535
497 0.6547960941987364
498 0.6607313804327015
499 0.6639862148190695
500 0.6636032931265556
501 0.6607313804327015
502 0.6657093624353819
503 0.6659008232816389
504 0.6630289105877848
505 0.6653264407428681
506 0.6666666666666666
507 0.6683898142829792
508 0.6714531878230902
509 0.6743251005169443
510 0.6733677962856596
511 0.6710702661305763
512 0.6716446486693471
513 0.672219031208118
514 0.6653264407428681
515 0.6689641968217499
516 0.6697300402067777
517 0.6676239708979513
518 0.668772735975493
519 0.6643691365115834
520 0.6666666666666666
521 0.6649435190503542
522 0.6670495883591806
523 0.6634118322802987
524 0.668772735975493
525 0.6745165613632013
526 0.6701129618992916
527 0.6737507179781734
528 0.6766226306720275
529 0.675090943901972
530 0.6739421788244304
531 0.6739421788244304
532 0.6699215010530346
533 0.671836109515604
534 0.6727934137468887
535 0.6775799349033123
536 0.6770055523645414
537 0.6733677962856596
538 0.6727934137468887
539 0.6706873444380624
540 0.6678154317442083
541 0.6641776756653265
542 0.6672410492054375
543 0.6618801455102431
544 0.6674325100516945
545 0.6676239708979513
546 0.6703044227455486
547 0.6676239708979513
548 0.6697300402067777
549 0.6710702661305763
550 0.6683898142829792
551 0.6681983534367222
552 0.6712617269768333
553 0.6771970132107984
554 0.6745165613632013
555 0.6735592571319166
556 0.6735592571319166
557 0.6733677962856596
558 0.6741336396706873
559 0.6773884740570554
560 0.6814091518284511
561 0.6838981428297913
562 0.6840896036760482
563 0.6823664560597358
564 0.6817920735209649
565 0.6854298295998469
566 0.6886846639862149
567 0.6905992724487843
568 0.6898334290637564
569 0.688110281447444
570 0.6838981428297913
571 0.6863871338311315
572 0.6804518475971664
573 0.6726019529006318
574 0.6735592571319166
575 0.6689641968217499
576 0.675282404748229
577 0.6756653264407428
578 0.6731763354394027
579 0.6733677962856596
580 0.6703044227455486
581 0.6783457782883401
582 0.6766226306720275
583 0.6762397089795137
584 0.6760482481332567
585 0.6768140915182845
586 0.6733677962856596
587 0.6771970132107984
588 0.6783457782883401
589 0.6756653264407428
590 0.675090943901972
591 0.6804518475971664
592 0.6806433084434234
593 0.6865785946773885
594 0.6877273597549302
595 0.6858127512923607
596 0.6861956729848746
597 0.6873444380624162
598 0.6852383687535899
599 0.684663986214819
600 0.6873444380624162
601 0.6823664560597358
602 0.6747080222094581
603 0.671836109515604
604 0.6779628565958261
605 0.6766226306720275
606 0.6854298295998469
607 0.691556576680069
608 0.694428489373923
609 0.6976833237602911
610 0.6940455676814091
611 0.6888761248324717
612 0.688110281447444
613 0.6927053417576106
614 0.69461995022018
615 0.6934711851426383
616 0.694811411066437
617 0.694428489373923
618 0.6982577062990618
619 0.6940455676814091
620 0.6951943327589508
621 0.6902163507562703
622 0.6923224200650967
623 0.6957687152977217
624 0.6994064713766035
625 0.7018954623779438
626 0.6999808539153743
627 0.7013210798391729
628 0.7001723147616312
629 0.6997893930691174
630 0.6990235496840896
631 0.6973004020677771
632 0.7045759142255409
633 0.7032356883017423
634 0.7068734443806242
635 0.7059161401493395
636 0.7045759142255409
637 0.700938158146659
638 0.6999808539153743
639 0.7026613057629715
640 0.7045759142255409
641 0.6971089412215202
642 0.6904078116025273
643 0.6902163507562703
644 0.6921309592188397
645 0.6928968026038675
646 0.6938541068351523
647 0.6904078116025273
648 0.6894505073712426
649 0.6888761248324717
650 0.6892590465249856
651 0.6890675856787287
652 0.6894505073712426
653 0.6930882634501244
654 0.6917480375263259
655 0.6829408385985066
656 0.6856212904461038
657 0.6936626459888953
658 0.700938158146659
659 0.7018954623779438
660 0.7015125406854298
661 0.7047673750717978
662 0.70400153168677
663 0.7022783840704576
664 0.7038100708405132
665 0.694428489373923
666 0.6905992724487843
667 0.6934711851426383
668 0.69461995022018
669 0.6936626459888953
670 0.6909821941412981
671 0.6969174803752632
672 0.7003637756078882
673 0.6997893930691174
674 0.6973004020677771
675 0.6917480375263259
676 0.694811411066437
677 0.6930882634501244
678 0.6973004020677771
679 0.6953857936052077
680 0.6957687152977217
681 0.6973004020677771
682 0.6986406279915757
683 0.6959601761439785
684 0.6961516369902355
685 0.7049588359180547
686 0.7007466973004021
687 0.7059161401493395
688 0.7038100708405132
689 0.6974918629140341
690 0.6967260195290064
691 0.6980662454528049
692 0.7038100708405132
693 0.6992150105303465
694 0.7007466973004021
695 0.7051502967643117
696 0.7070649052268811
697 0.7122343480758185
698 0.7047673750717978
699 0.7062990618418533
700 0.7084051311506797
