1 0.00019146084625694046
2 0.00019146084625694046
3 0.0003829216925138809
4 0.0005743825387708214
5 0.0007658433850277618
6 0.0011487650775416428
7 0.0011487650775416428
8 0.0015316867700555237
9 0.0015316867700555237
10 0.0030633735401110473
11 0.0036377560788818687
12 0.0044035994639096306
13 0.005360903695194333
14 0.007084051311506797
15 0.008807198927819261
16 0.010530346544131725
17 0.013593720084242773
18 0.014933946008041356
19 0.01723147616312464
20 0.019529006318207927
21 0.022400919012062034
22 0.023932605782117557
23 0.026421596783457783
24 0.026804518475971664
25 0.028144744399770247
26 0.030250813708596593
27 0.03388856978747846
28 0.03676048248133257
29 0.03886655179015891
30 0.04135554279149914
31 0.04192992533026996
32 0.04556768140915183
33 0.049205437488033694
34 0.052460271874401686
35 0.05456634118322803
36 0.05648094964579743
37 0.05743825387708214
38 0.0591614014933946
39 0.06279915757227647
40 0.06471376603484587
41 0.06605399195864446
42 0.06892590465249857
43 0.07198927819260961
44 0.07390388665517901
45 0.07600995596400537
46 0.07792456442657476
47 0.07926479035037334
48 0.08041355542791499
49 0.08443423319931075
50 0.08596591996936627
51 0.08922075435573425
52 0.09017805858701895
53 0.09266704958835918
54 0.09841087497606739
55 0.10166570936243538
56 0.10472908290254643
57 0.10894122152019912
58 0.10970706490522689
59 0.11391920352287957
60 0.11564235113919204
61 0.1183228029867892
62 0.11793988129427532
63 0.11870572467930308
64 0.12081179398812943
65 0.12291786329695577
66 0.12598123683706683
67 0.1278958452996362
68 0.13000191460846258
69 0.1305762971472334
70 0.13076775799349033
71 0.1363201225349416
72 0.14187248707639288
73 0.14321271300019145
74 0.1476163124641011
75 0.15010530346544132
76 0.15029676431169825
77 0.15125406854298296
78 0.1533601378518093
79 0.15776373731571894
80 0.15929542408577446
81 0.16216733677962858
82 0.16465632778096878
83 0.167145318782309
84 0.17212330078498947
85 0.17040015316867702
86 0.17116599655370476
87 0.17576105686387133
88 0.17786712617269768
89 0.18495117748420448
90 0.19280107218073905
91 0.1949071414895654
92 0.1983534367221903
93 0.20045950603101664
94 0.20428872295615547
95 0.2086923224200651
96 0.21022400919012063
97 0.20907524411257897
98 0.2125215393452039
99 0.21405322611525943
100 0.2176909821941413
101 0.2173080605016274
102 0.2196055906567107
103 0.2257323377369328
104 0.23013593720084244
105 0.23224200650966878
106 0.23587976258855065
107 0.23875167528240474
108 0.24047482289871722
109 0.24545280490139768
110 0.24928202182653647
111 0.2548343863679877
112 0.25617461229178634
113 0.25674899483055713
114 0.2582806816006127
115 0.26134405514072373
116 0.26421596783457785
117 0.26670495883591805
118 0.26938541068351524
119 0.269959793222286
120 0.2753206969174804
121 0.27474631437870956
122 0.2760865403025081
123 0.27914991384261917
124 0.2793413746888761
125 0.28336205246027185
126 0.28527666092284126
127 0.2891058778479801
128 0.29063756461803564
129 0.2915948688493203
130 0.2912119471568064
131 0.29082902546429257
132 0.2942753206969175
133 0.2998276852383688
134 0.2977216159295424
135 0.3042312847022784
136 0.30920926670495885
137 0.3103580317825005
138 0.311889718552556
139 0.31246410109132683
140 0.3113153360137852
141 0.31208117939881297
142 0.31495309209266703
143 0.31265556193758376
144 0.3130384836300976
145 0.31246410109132683
146 0.3130384836300976
147 0.31342140532261153
148 0.31820792647903506
149 0.3212713000191461
150 0.32069691748037527
151 0.324717595251771
152 0.32318590848171547
153 0.32242006509668775
154 0.3212713000191461
155 0.3218456825579169
156 0.32222860425043076
157 0.3251005169442849
158 0.3256748994830557
159 0.327972429638139
160 0.3289297338694237
161 0.3325674899483056
162 0.3394600804135554
163 0.34328929733869423
164 0.344055140723722
165 0.3423319931074095
166 0.3465441317250622
167 0.3463526708788053
168 0.35228795711277044
169 0.35228795711277044
170 0.3530538004977982
171 0.35228795711277044
172 0.3545854872678537
173 0.35324526134405515
174 0.35860616503924947
175 0.3582232433467356
176 0.35937200842427725
177 0.3597549301167911
178 0.3626268428106452
179 0.3641585295807008
180 0.36703044227455484
181 0.37449741527857555
182 0.3700938158146659
183 0.3714340417384645
184 0.3721998851234922
185 0.3704767375071798
186 0.37602910204863105
187 0.3758376412023741
188 0.382730231667624
189 0.38139000574382537
190 0.38158146659008235
191 0.379475397281256
192 0.3771778671261727
193 0.3773693279724296
194 0.37794371051120046
195 0.37890101474248516
196 0.38253877082136706
197 0.38579360520773504
198 0.3894313612866169
199 0.39402642159678347
200 0.3974727168294084
201 0.39632395175186674
202 0.3934520390580126
203 0.3970897951368945
204 0.40493968983342904
205 0.39977024698449165
206 0.4066628374497415
207 0.4066628374497415
208 0.4070457591422554
209 0.4081945242197971
210 0.40723721998851237
211 0.41010913268236643
212 0.4135554279149914
213 0.4150871146850469
214 0.4198736358414704
215 0.42044801838024126
216 0.42389431361286617
217 0.4248516178441509
218 0.4304039823856021
219 0.4296381390005744
220 0.4321271300019146
221 0.4296381390005744
222 0.4286808347692897
223 0.4279149913842619
224 0.4235113919203523
225 0.42274554853532453
226 0.421213861765269
227 0.42906375646180356
228 0.4330844342331993
229 0.4330844342331993
230 0.4344246601569979
231 0.4382538770821367
232 0.43519050354202565
233 0.4357648860807965
234 0.4321271300019146
235 0.43231859084817154
236 0.43595634692705343
237 0.43365881677197016
238 0.44591231093241435
239 0.44572085008615736
240 0.45376220562894887
241 0.45184759716637946
242 0.4568255791690599
243 0.4618035611717404
244 0.46620716063565
245 0.4688876124832472
246 0.4708022209458166
247 0.4719509860233582
248 0.4746314378709554
249 0.4732912119471568
250 0.47539728125598313
251 0.47769481141106646
252 0.47578020294849704
253 0.47826919394983725
254 0.4761631246410109
255 0.47731188971855254
256 0.47501435956346927
257 0.47539728125598313
258 0.47922649818112195
259 0.47865211564235116
260 0.48248133256748993
261 0.47960941987363587
262 0.4865020103388857
263 0.4865020103388857
264 0.4926287574191078
265 0.4956921309592188
266 0.5027761822707256
267 0.504882251579552
268 0.5071797817346353
269 0.5077541642734061
270 0.5071797817346353
271 0.5060310166570936
272 0.5014359563469271
273 0.5066053991958644
274 0.5102431552747463
275 0.5123492245835727
276 0.514455293892399
277 0.5129236071223435
278 0.5108175378135171
279 0.5102431552747463
280 0.5117748420448018
281 0.5104346161210033
282 0.5110089986597741
283 0.5119663028910588
284 0.5125406854298296
285 0.5123492245835727
286 0.5133065288148574
287 0.5127321462760865
288 0.5133065288148574
289 0.5117748420448018
290 0.5071797817346353
291 0.5096687727359754
292 0.5104346161210033
293 0.5094773118897186
294 0.5117748420448018
295 0.5077541642734061
296 0.5159869806624545
297 0.5200076584338503
298 0.5228795711277043
299 0.5255600229753016
300 0.5261344055140724
301 0.530729465824239
302 0.5313038483630098
303 0.5320696917480375
304 0.5345586827493778
305 0.5322611525942945
306 0.53379283936435
307 0.5389622822132873
308 0.5328355351330653
309 0.5320696917480375
310 0.5347501435956347
311 0.5385793605207735
312 0.5353245261344055
313 0.5378135171357458
314 0.5353245261344055
315 0.5381964388282596
316 0.5393452039058013
317 0.5366647520582041
318 0.5385793605207735
319 0.540111047290829
320 0.5456634118322803
321 0.5473865594485927
322 0.5535133065288148
323 0.5517901589125024
324 0.5523645414512732
325 0.5470036377560789
326 0.5460463335247941
327 0.5506413938349608
328 0.5538962282213288
329 0.5546620716063565
330 0.5542791499138426
331 0.5542791499138426
332 0.5556193758376412
333 0.5573425234539536
334 0.5596400536090369
335 0.565958261535516
336 0.5619375837641203
337 0.5648094964579743
338 0.5642351139192036
339 0.5623205054566341
340 0.5686387133831131
341 0.5713191652307104
342 0.5728508520007658
343 0.5764886080796477
344 0.5791690599272449
345 0.5789775990809879
346 0.5791690599272449
347 0.5831897376986406
348 0.5881677197013211
349 0.5879762588550641
350 0.5849128853149531
351 0.5837641202374114
352 0.5843385027761823
353 0.582040972621099
354 0.588550641393835
355 0.5895079456251197
356 0.5925713191652308
357 0.5896994064713766
358 0.5906567107026613
359 0.5935286233965155
360 0.5973578403216542
361 0.5906567107026613
362 0.5918054757802029
363 0.5895079456251197
364 0.5877847980088072
365 0.5941030059352862
366 0.5921883974727168
367 0.5958261535515987
368 0.5975493011679112
369 0.6057821175569597
370 0.6080796477120429
371 0.6071223434807582
372 0.6059735784032165
373 0.6063565000957304
374 0.6055906567107027
375 0.6075052651732721
376 0.6034845874018763
377 0.6055906567107027
378 0.6078881868657859
379 0.6105686387133831
380 0.6040589699406471
381 0.6063565000957304
382 0.6073138043270151
383 0.604633352479418
384 0.6096113344820984
385 0.6071223434807582
386 0.604441891633161
387 0.6094198736358415
388 0.610951560405897
389 0.6103771778671262
390 0.6090369519433276
391 0.604633352479418
392 0.6038675090943902
393 0.604824813325675
394 0.6099942561746123
395 0.6126747080222095
396 0.617269768332376
397 0.620716063565001
398 0.6224392111813134
399 0.620716063565001
400 0.6220562894887995
401 0.6253111238751675
402 0.6260769672601952
403 0.6289488799540494
404 0.6276086540302508
405 0.633161018571702
406 0.6356500095730423
407 0.6350756270342715
408 0.6348841661880146
409 0.6341183228029867
410 0.6360329312655562
411 0.633161018571702
412 0.6387133831131534
413 0.6373731571893547
414 0.643116982577063
415 0.6479035037334865
416 0.6465632778096879
417 0.6450315910396324
418 0.6454145127321462
419 0.6413938349607505
420 0.6438828259620908
421 0.6503924947348267
422 0.6519241815048823
423 0.65269002488991
424 0.6521156423511392
425 0.6542217116599656
426 0.6509668772735976
427 0.6580509285851044
428 0.659199693662646
429 0.655753398430021
430 0.6546046333524794
431 0.6523071031973962
432 0.6588167719701321
433 0.6595826153551598
434 0.6578594677388474
435 0.6603484587401877
436 0.6576680068925904
437 0.6597740762014168
438 0.655944859276278
439 0.655753398430021
440 0.6530729465824239
441 0.652881485736167
442 0.6542217116599656
443 0.6521156423511392
444 0.6456059735784032
445 0.6465632778096879
446 0.6513497989661114
447 0.6523071031973962
448 0.6536473291211947
449 0.6500095730423129
450 0.6511583381198545
451 0.6477120428872296
452 0.6517327206586253
453 0.6534558682749377
454 0.6551790158912503
455 0.6616886846639862
456 0.6616886846639862
457 0.6657093624353819
458 0.6703044227455486
459 0.6739421788244304
460 0.6678154317442083
461 0.672027570361861
462 0.672027570361861
463 0.672219031208118
464 0.6691556576680069
465 0.6639862148190695
466 0.6616886846639862
467 0.6657093624353819
468 0.6659008232816389
469 0.6668581275129236
470 0.6641776756653265
471 0.6693471185142639
472 0.6712617269768333
473 0.6689641968217499
474 0.668772735975493
475 0.6691556576680069
476 0.6716446486693471
477 0.6712617269768333
478 0.6683898142829792
479 0.6745165613632013
480 0.6714531878230902
481 0.6662837449741528
482 0.6653264407428681
483 0.6651349798966112
484 0.6674325100516945
485 0.668772735975493
486 0.6697300402067777
487 0.6724104920543749
488 0.6735592571319166
489 0.6729848745931457
490 0.6810262301359372
491 0.6794945433658817
492 0.6748994830557151
493 0.6693471185142639
494 0.6680068925904652
495 0.6726019529006318
496 0.6747080222094581
497 0.6794945433658817
498 0.6789201608271108
499 0.6775799349033123
500 0.6733677962856596
501 0.6770055523645414
502 0.6816006126747081
503 0.6808347692896802
504 0.6821749952134788
505 0.6791116216733678
506 0.6821749952134788
507 0.688110281447444
508 0.6854298295998469
509 0.6854298295998469
510 0.6871529772161593
511 0.6900248899100134
512 0.6858127512923607
513 0.6863871338311315
514 0.6796860042121387
515 0.6819835343672219
516 0.6819835343672219
517 0.6856212904461038
518 0.6810262301359372
519 0.678537239134597
520 0.6760482481332567
521 0.6817920735209649
522 0.6907907332950411
523 0.6905992724487843
524 0.6863871338311315
525 0.6856212904461038
526 0.6877273597549302
527 0.6942370285276661
528 0.6923224200650967
529 0.6942370285276661
530 0.6928968026038675
531 0.6923224200650967
532 0.6976833237602911
533 0.6980662454528049
534 0.6930882634501244
535 0.6923224200650967
536 0.6852383687535899
537 0.6863871338311315
538 0.6816006126747081
539 0.6748994830557151
540 0.678537239134597
541 0.6739421788244304
542 0.6810262301359372
543 0.6791116216733678
544 0.6842810645223052
545 0.6833237602910205
546 0.6852383687535899
547 0.6844725253685622
548 0.6867700555236455
549 0.6905992724487843
550 0.6921309592188397
551 0.6904078116025273
552 0.684855447061076
553 0.6856212904461038
554 0.6888761248324717
555 0.687918820601187
556 0.6850469079073329
557 0.6831322994447635
558 0.6875358989086732
559 0.6886846639862149
560 0.691365115833812
561 0.6902163507562703
562 0.6930882634501244
563 0.691173654987555
564 0.6902163507562703
565 0.6863871338311315
566 0.6894505073712426
567 0.6861956729848746
568 0.6833237602910205
569 0.6896419682174996
570 0.6927053417576106
571 0.6886846639862149
572 0.6928968026038675
573 0.6869615163699023
574 0.6837066819835343
575 0.6829408385985066
576 0.6817920735209649
577 0.6819835343672219
578 0.6825579169059928
579 0.6858127512923607
580 0.687918820601187
581 0.694428489373923
582 0.6969174803752632
583 0.691365115833812
584 0.6909821941412981
585 0.6884932031399579
586 0.6825579169059928
587 0.6808347692896802
588 0.6808347692896802
589 0.6802603867509094
590 0.6791116216733678
591 0.6777713957495692
592 0.6800689259046525
593 0.6806433084434234
594 0.688110281447444
595 0.6865785946773885
596 0.6823664560597358
597 0.6808347692896802
598 0.6871529772161593
599 0.6869615163699023
600 0.6861956729848746
601 0.6873444380624162
602 0.691365115833812
603 0.6917480375263259
604 0.694811411066437
605 0.6923224200650967
606 0.6932797242963814
607 0.6892590465249856
608 0.688110281447444
609 0.6883017422937009
610 0.6934711851426383
611 0.6932797242963814
612 0.6905992724487843
613 0.6932797242963814
614 0.691173654987555
615 0.6917480375263259
616 0.6934711851426383
617 0.6930882634501244
618 0.6974918629140341
619 0.6973004020677771
620 0.6980662454528049
621 0.7011296189929159
622 0.6995979322228604
623 0.6986406279915757
624 0.6951943327589508
625 0.6942370285276661
626 0.6923224200650967
627 0.688110281447444
628 0.6869615163699023
629 0.6896419682174996
630 0.684855447061076
631 0.6919394983725828
632 0.6909821941412981
633 0.6890675856787287
634 0.691365115833812
635 0.6877273597549302
636 0.6971089412215202
637 0.6902163507562703
638 0.6917480375263259
639 0.6923224200650967
640 0.6936626459888953
641 0.6905992724487843
642 0.6955772544514647
643 0.6961516369902355
644 0.6965345586827494
645 0.697874784606548
646 0.6927053417576106
647 0.6883017422937009
648 0.6936626459888953
649 0.69461995022018
650 0.6984491671453188
651 0.6976833237602911
652 0.704192992533027
653 0.7064905226881103
654 0.7055332184568256
655 0.7064905226881103
656 0.7020869232242006
657 0.6999808539153743
658 0.6982577062990618
659 0.7001723147616312
660 0.6997893930691174
661 0.6961516369902355
662 0.697874784606548
663 0.6994064713766035
664 0.6992150105303465
665 0.6953857936052077
666 0.6928968026038675
667 0.6894505073712426
668 0.6861956729848746
669 0.6875358989086732
670 0.6883017422937009
671 0.6842810645223052
672 0.6835152211372775
673 0.6800689259046525
674 0.6844725253685622
675 0.691556576680069
676 0.6976833237602911
677 0.6988320888378327
678 0.6936626459888953
679 0.6907907332950411
680 0.688110281447444
681 0.6932797242963814
682 0.684855447061076
683 0.6865785946773885
684 0.6894505073712426
685 0.6928968026038675
686 0.6961516369902355
687 0.6940455676814091
688 0.6917480375263259
689 0.6934711851426383
690 0.6923224200650967
691 0.6967260195290064
692 0.69461995022018
693 0.6907907332950411
694 0.691556576680069
695 0.6974918629140341
696 0.6923224200650967
697 0.691365115833812
698 0.6888761248324717
699 0.684663986214819
700 0.688110281447444
