1 0.00019146084625694046
2 0.00019146084625694046
3 0.00019146084625694046
4 0.00019146084625694046
5 0.00019146084625694046
6 0.00019146084625694046
7 0.0003829216925138809
8 0.0005743825387708214
9 0.0005743825387708214
10 0.0005743825387708214
11 0.0005743825387708214
12 0.0005743825387708214
13 0.0005743825387708214
14 0.0005743825387708214
15 0.0003829216925138809
16 0.00019146084625694046
17 0.0003829216925138809
18 0.0003829216925138809
19 0.0003829216925138809
20 0.0005743825387708214
21 0.0007658433850277618
22 0.0009573042312847023
23 0.0007658433850277618
24 0.0013402259237985832
25 0.0013402259237985832
26 0.0011487650775416428
27 0.0011487650775416428
28 0.0013402259237985832
29 0.0011487650775416428
30 0.0011487650775416428
31 0.0011487650775416428
32 0.0011487650775416428
33 0.0011487650775416428
34 0.0011487650775416428
35 0.0011487650775416428
36 0.0011487650775416428
37 0.0013402259237985832
38 0.0009573042312847023
39 0.0009573042312847023
40 0.0009573042312847023
41 0.0011487650775416428
42 0.0011487650775416428
43 0.0011487650775416428
44 0.0013402259237985832
45 0.0019146084625694046
46 0.0019146084625694046
47 0.002106069308826345
48 0.0022975301550832855
49 0.0030633735401110473
50 0.002488991001340226
51 0.0026804518475971664
52 0.002488991001340226
53 0.0030633735401110473
54 0.003254834386367988
55 0.0030633735401110473
56 0.0034462952326249283
57 0.0034462952326249283
58 0.0034462952326249283
59 0.0030633735401110473
60 0.0030633735401110473
61 0.0036377560788818687
62 0.00402067777139575
63 0.0034462952326249283
64 0.0030633735401110473
65 0.0030633735401110473
66 0.0030633735401110473
67 0.003254834386367988
68 0.003829216925138809
69 0.003829216925138809
70 0.00402067777139575
71 0.0044035994639096306
72 0.00421213861765269
73 0.004977982002680452
74 0.005169442848937392
75 0.005743825387708214
76 0.004977982002680452
77 0.005743825387708214
78 0.006126747080222095
79 0.006318207926479035
80 0.006509668772735976
81 0.006509668772735976
82 0.006318207926479035
83 0.006318207926479035
84 0.0068925904652498565
85 0.006701129618992916
86 0.0072755121577637374
87 0.0068925904652498565
88 0.007084051311506797
89 0.0072755121577637374
90 0.007084051311506797
91 0.007658433850277618
92 0.00823281638904844
93 0.0080413555427915
94 0.008807198927819261
95 0.009573042312847023
96 0.009573042312847023
97 0.009190120620333142
98 0.009764503159103963
99 0.009764503159103963
100 0.009955964005360904
101 0.009764503159103963
102 0.009381581466590082
103 0.009764503159103963
104 0.009764503159103963
105 0.010338885697874785
106 0.009955964005360904
107 0.010530346544131725
108 0.010721807390388666
109 0.010913268236645606
110 0.011104729082902547
111 0.011104729082902547
112 0.011679111621673368
113 0.011870572467930308
114 0.013019337545471951
115 0.013019337545471951
116 0.013593720084242773
117 0.013210798391728892
118 0.013402259237985832
119 0.013402259237985832
120 0.01282787669921501
121 0.01244495500670113
122 0.01263641585295807
123 0.012062033314187249
124 0.01244495500670113
125 0.012062033314187249
126 0.01282787669921501
127 0.013210798391728892
128 0.013593720084242773
129 0.013593720084242773
130 0.013785180930499713
131 0.013785180930499713
132 0.014359563469270534
133 0.014168102623013594
134 0.013785180930499713
135 0.013593720084242773
136 0.013785180930499713
137 0.013210798391728892
138 0.01282787669921501
139 0.01282787669921501
140 0.01244495500670113
141 0.013019337545471951
142 0.01282787669921501
143 0.01282787669921501
144 0.01282787669921501
145 0.01282787669921501
146 0.01282787669921501
147 0.01263641585295807
148 0.01244495500670113
149 0.013019337545471951
150 0.013019337545471951
151 0.01282787669921501
152 0.013210798391728892
153 0.013593720084242773
154 0.013593720084242773
155 0.013593720084242773
156 0.013593720084242773
157 0.014168102623013594
158 0.014168102623013594
159 0.013976641776756654
160 0.014168102623013594
161 0.013976641776756654
162 0.014168102623013594
163 0.013402259237985832
164 0.013019337545471951
165 0.01282787669921501
166 0.01225349416044419
167 0.01225349416044419
168 0.01263641585295807
169 0.012062033314187249
170 0.012062033314187249
171 0.011296189929159487
172 0.01263641585295807
173 0.012062033314187249
174 0.013210798391728892
175 0.01282787669921501
176 0.013019337545471951
177 0.012062033314187249
178 0.01244495500670113
179 0.01282787669921501
180 0.013785180930499713
181 0.013593720084242773
182 0.013593720084242773
183 0.01263641585295807
184 0.01263641585295807
185 0.013019337545471951
186 0.013210798391728892
187 0.01282787669921501
188 0.012062033314187249
189 0.012062033314187249
190 0.012062033314187249
191 0.011870572467930308
192 0.010913268236645606
193 0.010913268236645606
194 0.011487650775416428
195 0.011104729082902547
196 0.011296189929159487
197 0.011487650775416428
198 0.01244495500670113
199 0.01282787669921501
200 0.013402259237985832
201 0.01282787669921501
202 0.01282787669921501
203 0.01282787669921501
204 0.013019337545471951
205 0.013402259237985832
206 0.01282787669921501
207 0.013210798391728892
208 0.013785180930499713
209 0.013210798391728892
210 0.013019337545471951
211 0.01263641585295807
212 0.01263641585295807
213 0.01244495500670113
214 0.01225349416044419
215 0.011870572467930308
216 0.011679111621673368
217 0.01225349416044419
218 0.01225349416044419
219 0.011487650775416428
220 0.011679111621673368
221 0.012062033314187249
222 0.01225349416044419
223 0.012062033314187249
224 0.01263641585295807
225 0.01263641585295807
226 0.01244495500670113
227 0.013019337545471951
228 0.01225349416044419
229 0.01263641585295807
230 0.013976641776756654
231 0.014168102623013594
232 0.014168102623013594
233 0.013976641776756654
234 0.013402259237985832
235 0.013019337545471951
236 0.013402259237985832
237 0.013593720084242773
238 0.013976641776756654
239 0.013402259237985832
240 0.013976641776756654
241 0.013402259237985832
242 0.013210798391728892
243 0.013593720084242773
244 0.013593720084242773
245 0.013210798391728892
246 0.01282787669921501
247 0.013019337545471951
248 0.013593720084242773
249 0.013976641776756654
250 0.013785180930499713
251 0.013593720084242773
252 0.013976641776756654
253 0.014359563469270534
254 0.013402259237985832
255 0.013402259237985832
256 0.013593720084242773
257 0.013785180930499713
258 0.013976641776756654
259 0.013785180930499713
260 0.013402259237985832
261 0.013593720084242773
262 0.013785180930499713
263 0.014359563469270534
264 0.013785180930499713
265 0.014359563469270534
266 0.014551024315527475
267 0.014742485161784415
268 0.014551024315527475
269 0.014742485161784415
270 0.014551024315527475
271 0.014168102623013594
272 0.013976641776756654
273 0.015508328546812177
274 0.015699789393069118
275 0.015699789393069118
276 0.015699789393069118
277 0.015891250239326058
278 0.015508328546812177
279 0.015699789393069118
280 0.015316867700555237
281 0.014933946008041356
282 0.014551024315527475
283 0.014359563469270534
284 0.014359563469270534
285 0.014933946008041356
286 0.015508328546812177
287 0.015699789393069118
288 0.015508328546812177
289 0.014933946008041356
290 0.015125406854298296
291 0.015125406854298296
292 0.015891250239326058
293 0.014933946008041356
294 0.014551024315527475
295 0.015316867700555237
296 0.016082711085583
297 0.015316867700555237
298 0.015125406854298296
299 0.014359563469270534
300 0.014933946008041356
301 0.014933946008041356
302 0.014933946008041356
303 0.015125406854298296
304 0.015508328546812177
305 0.015316867700555237
306 0.014551024315527475
307 0.014551024315527475
308 0.014551024315527475
309 0.014551024315527475
310 0.014551024315527475
311 0.014359563469270534
312 0.014168102623013594
313 0.014551024315527475
314 0.014933946008041356
315 0.013976641776756654
316 0.013785180930499713
317 0.013593720084242773
318 0.013593720084242773
319 0.013402259237985832
320 0.013593720084242773
321 0.013210798391728892
322 0.013402259237985832
323 0.013976641776756654
324 0.014168102623013594
325 0.014359563469270534
326 0.014359563469270534
327 0.013785180930499713
328 0.014742485161784415
329 0.014551024315527475
330 0.014551024315527475
331 0.014168102623013594
332 0.014168102623013594
333 0.015508328546812177
334 0.016082711085583
335 0.015316867700555237
336 0.015508328546812177
337 0.015125406854298296
338 0.014551024315527475
339 0.014359563469270534
340 0.014168102623013594
341 0.013785180930499713
342 0.013976641776756654
343 0.013976641776756654
344 0.014742485161784415
345 0.014551024315527475
346 0.014168102623013594
347 0.014359563469270534
348 0.013785180930499713
349 0.014742485161784415
350 0.014168102623013594
351 0.014359563469270534
352 0.014742485161784415
353 0.014551024315527475
354 0.014551024315527475
355 0.014933946008041356
356 0.015316867700555237
357 0.014742485161784415
358 0.015125406854298296
359 0.015125406854298296
360 0.015508328546812177
361 0.015699789393069118
362 0.014742485161784415
363 0.015125406854298296
364 0.015125406854298296
365 0.014933946008041356
366 0.013785180930499713
367 0.013402259237985832
368 0.013593720084242773
369 0.013593720084242773
370 0.013785180930499713
371 0.013593720084242773
372 0.013785180930499713
373 0.013593720084242773
374 0.013593720084242773
375 0.013976641776756654
376 0.014359563469270534
377 0.013976641776756654
378 0.013976641776756654
379 0.013593720084242773
380 0.013976641776756654
381 0.013402259237985832
382 0.013785180930499713
383 0.014168102623013594
384 0.013976641776756654
385 0.014168102623013594
386 0.013593720084242773
387 0.013593720084242773
388 0.013785180930499713
389 0.013593720084242773
390 0.013210798391728892
391 0.013210798391728892
392 0.013593720084242773
393 0.01282787669921501
394 0.013019337545471951
395 0.013210798391728892
396 0.013785180930499713
397 0.013976641776756654
398 0.014168102623013594
399 0.013593720084242773
400 0.013402259237985832
401 0.013210798391728892
402 0.013210798391728892
403 0.01263641585295807
404 0.013019337545471951
405 0.013210798391728892
406 0.01282787669921501
407 0.01263641585295807
408 0.013019337545471951
409 0.01263641585295807
410 0.01225349416044419
411 0.012062033314187249
412 0.01282787669921501
413 0.01282787669921501
414 0.01225349416044419
415 0.013210798391728892
416 0.013019337545471951
417 0.013402259237985832
418 0.013593720084242773
419 0.013976641776756654
420 0.013785180930499713
421 0.013593720084242773
422 0.013593720084242773
423 0.013976641776756654
424 0.013785180930499713
425 0.014168102623013594
426 0.013976641776756654
427 0.014551024315527475
428 0.014933946008041356
429 0.014551024315527475
430 0.015125406854298296
431 0.015125406854298296
432 0.014551024315527475
433 0.014551024315527475
434 0.014359563469270534
435 0.014742485161784415
436 0.014359563469270534
437 0.013785180930499713
438 0.013785180930499713
439 0.013402259237985832
440 0.013402259237985832
441 0.013019337545471951
442 0.01263641585295807
443 0.012062033314187249
444 0.011296189929159487
445 0.011487650775416428
446 0.011870572467930308
447 0.012062033314187249
448 0.011296189929159487
449 0.011870572467930308
450 0.01263641585295807
451 0.011679111621673368
452 0.01244495500670113
453 0.01244495500670113
454 0.013019337545471951
455 0.01263641585295807
456 0.01244495500670113
457 0.012062033314187249
458 0.01244495500670113
459 0.01225349416044419
460 0.013402259237985832
461 0.01263641585295807
462 0.01244495500670113
463 0.01225349416044419
464 0.01225349416044419
465 0.01263641585295807
466 0.013210798391728892
467 0.013593720084242773
468 0.013210798391728892
469 0.013785180930499713
470 0.013976641776756654
471 0.014933946008041356
472 0.015699789393069118
473 0.015125406854298296
474 0.014933946008041356
475 0.015125406854298296
476 0.01627417193183994
477 0.016082711085583
478 0.01665709362435382
479 0.01665709362435382
480 0.01665709362435382
481 0.01723147616312464
482 0.01665709362435382
483 0.01665709362435382
484 0.01627417193183994
485 0.015316867700555237
486 0.015891250239326058
487 0.01646563277809688
488 0.01665709362435382
489 0.015699789393069118
490 0.015316867700555237
491 0.015508328546812177
492 0.015316867700555237
493 0.01627417193183994
494 0.015699789393069118
495 0.015699789393069118
496 0.01627417193183994
497 0.0170400153168677
498 0.015891250239326058
499 0.015316867700555237
500 0.015125406854298296
501 0.015508328546812177
502 0.015508328546812177
503 0.015316867700555237
504 0.015316867700555237
505 0.015508328546812177
506 0.015125406854298296
507 0.014551024315527475
508 0.014742485161784415
509 0.013976641776756654
510 0.013976641776756654
511 0.013402259237985832
512 0.013593720084242773
513 0.013593720084242773
514 0.013593720084242773
515 0.013785180930499713
516 0.014168102623013594
517 0.014359563469270534
518 0.014359563469270534
519 0.014742485161784415
520 0.014551024315527475
521 0.014359563469270534
522 0.014742485161784415
523 0.013976641776756654
524 0.014359563469270534
525 0.014933946008041356
526 0.014742485161784415
527 0.014551024315527475
528 0.014551024315527475
529 0.014742485161784415
530 0.015125406854298296
531 0.014933946008041356
532 0.014359563469270534
533 0.014359563469270534
534 0.014742485161784415
535 0.014933946008041356
536 0.015508328546812177
537 0.015316867700555237
538 0.014933946008041356
539 0.014359563469270534
540 0.015699789393069118
541 0.015891250239326058
542 0.014742485161784415
543 0.014551024315527475
544 0.014933946008041356
545 0.015699789393069118
546 0.015508328546812177
547 0.015316867700555237
548 0.015508328546812177
549 0.015125406854298296
550 0.015508328546812177
551 0.015316867700555237
552 0.015125406854298296
553 0.015508328546812177
554 0.015699789393069118
555 0.014742485161784415
556 0.015699789393069118
557 0.015891250239326058
558 0.015316867700555237
559 0.015891250239326058
560 0.0170400153168677
561 0.01723147616312464
562 0.01723147616312464
563 0.01684855447061076
564 0.01684855447061076
565 0.01646563277809688
566 0.01665709362435382
567 0.01627417193183994
568 0.01665709362435382
569 0.015316867700555237
570 0.01627417193183994
571 0.015699789393069118
572 0.016082711085583
573 0.015316867700555237
574 0.014742485161784415
575 0.013976641776756654
576 0.013976641776756654
577 0.015125406854298296
578 0.015316867700555237
579 0.015316867700555237
580 0.014933946008041356
581 0.014742485161784415
582 0.014742485161784415
583 0.015891250239326058
584 0.015891250239326058
585 0.014742485161784415
586 0.014742485161784415
587 0.015699789393069118
588 0.016082711085583
589 0.015508328546812177
590 0.015699789393069118
591 0.015699789393069118
592 0.01627417193183994
593 0.01627417193183994
594 0.015699789393069118
595 0.015891250239326058
596 0.01646563277809688
597 0.016082711085583
598 0.016082711085583
599 0.016082711085583
600 0.015891250239326058
601 0.015508328546812177
602 0.015508328546812177
603 0.01646563277809688
604 0.016082711085583
605 0.01627417193183994
606 0.015316867700555237
607 0.015508328546812177
608 0.01627417193183994
609 0.015891250239326058
610 0.015891250239326058
611 0.015316867700555237
612 0.014742485161784415
613 0.014742485161784415
614 0.015125406854298296
615 0.015316867700555237
616 0.014933946008041356
617 0.015508328546812177
618 0.015891250239326058
619 0.015699789393069118
620 0.014933946008041356
621 0.015125406854298296
622 0.014742485161784415
623 0.014551024315527475
624 0.013785180930499713
625 0.013593720084242773
626 0.013593720084242773
627 0.013593720084242773
628 0.013785180930499713
629 0.013593720084242773
630 0.013210798391728892
631 0.01225349416044419
632 0.01225349416044419
633 0.011870572467930308
634 0.012062033314187249
635 0.01263641585295807
636 0.013210798391728892
637 0.013402259237985832
638 0.013402259237985832
639 0.013210798391728892
640 0.013402259237985832
641 0.013019337545471951
642 0.01225349416044419
643 0.01263641585295807
644 0.012062033314187249
645 0.012062033314187249
646 0.013019337545471951
647 0.013019337545471951
648 0.01263641585295807
649 0.013019337545471951
650 0.01244495500670113
651 0.01244495500670113
652 0.013210798391728892
653 0.013402259237985832
654 0.013402259237985832
655 0.013210798391728892
656 0.013210798391728892
657 0.013593720084242773
658 0.013593720084242773
659 0.013019337545471951
660 0.013210798391728892
661 0.01282787669921501
662 0.013210798391728892
663 0.013785180930499713
664 0.013785180930499713
665 0.014168102623013594
666 0.013593720084242773
667 0.013593720084242773
668 0.014168102623013594
669 0.014551024315527475
670 0.014933946008041356
671 0.015125406854298296
672 0.014742485161784415
673 0.014933946008041356
674 0.014933946008041356
675 0.014742485161784415
676 0.014933946008041356
677 0.014168102623013594
678 0.014359563469270534
679 0.013976641776756654
680 0.013976641776756654
681 0.013402259237985832
682 0.013019337545471951
683 0.013402259237985832
684 0.013593720084242773
685 0.013210798391728892
686 0.013210798391728892
687 0.013785180930499713
688 0.013976641776756654
689 0.014742485161784415
690 0.014551024315527475
691 0.013976641776756654
692 0.014551024315527475
693 0.014551024315527475
694 0.014742485161784415
695 0.014933946008041356
696 0.014933946008041356
697 0.014742485161784415
698 0.014359563469270534
699 0.014168102623013594
700 0.014551024315527475
