1 0.0003829216925138809
2 0.0003829216925138809
3 0.0009573042312847023
4 0.0013402259237985832
5 0.0022975301550832855
6 0.0026804518475971664
7 0.00421213861765269
8 0.0047865211564235115
9 0.004595060310166571
10 0.005935286233965154
11 0.0068925904652498565
12 0.007849894696534559
13 0.009381581466590082
14 0.009955964005360904
15 0.010721807390388666
16 0.011487650775416428
17 0.013402259237985832
18 0.014168102623013594
19 0.015125406854298296
20 0.016082711085583
21 0.01665709362435382
22 0.017614397855638522
23 0.018954623779437105
24 0.019529006318207927
25 0.02125215393452039
26 0.022592379858318974
27 0.023549684089603676
28 0.026613057629714724
29 0.028336205246027188
30 0.030059352862339652
31 0.03427149147999234
32 0.03752632586636033
33 0.04001531686770055
34 0.044035994639096306
35 0.047865211564235115
36 0.04939689833429064
37 0.05073712425808922
38 0.052460271874401686
39 0.05533218456825579
40 0.054183419490714146
41 0.056289488799540495
42 0.05877847980088072
43 0.06260769672601953
44 0.06452230518858894
45 0.07045759142255409
46 0.07294658242389432
47 0.07677579934903313
48 0.07792456442657476
49 0.08194524219797052
50 0.08366838981428298
51 0.08845491097070649
52 0.09324143212713
53 0.09687918820601187
54 0.09975110089986598
55 0.10377177867126172
56 0.10472908290254643
57 0.10874976067394218
58 0.11008998659774076
59 0.10989852575148382
60 0.11008998659774076
61 0.11047290829025465
62 0.11487650775416428
63 0.11947156806433085
64 0.12100325483438637
65 0.12483247175952518
66 0.12904461037717788
67 0.13076775799349033
68 0.13421405322611527
69 0.13268236645605974
70 0.13191652307103197
71 0.13191652307103197
72 0.13421405322611527
73 0.1353628183036569
74 0.13880911353628184
75 0.14072372199885125
76 0.1424468696151637
77 0.1434041738464484
78 0.1462760865403025
79 0.1499138426191844
80 0.15355159869806626
81 0.157572276469462
82 0.1585295807007467
83 0.16216733677962858
84 0.16580509285851044
85 0.17001723147616313
86 0.1726976833237603
87 0.17576105686387133
88 0.17920735209649627
89 0.18188780394409343
90 0.18533409917671836
91 0.1860999425617461
92 0.19184376794945435
93 0.1958644457208501
94 0.19797051502967644
95 0.1996936626459889
96 0.20045950603101664
97 0.19797051502967644
98 0.19911928010721808
99 0.20237411449358605
100 0.20199119280107217
101 0.20850086157380815
102 0.2125215393452039
103 0.21367030442274554
104 0.218648286425426
105 0.21922266896419682
106 0.21922266896419682
107 0.2209458165805093
108 0.21979705150296763
109 0.22496649435190502
110 0.22822132873827303
111 0.2324334673559257
112 0.237985831897377
113 0.24449550067011297
114 0.2456442657476546
115 0.24966494351905036
116 0.2536856212904461
117 0.2533026995979322
118 0.2513880911353628
119 0.25406854298296
120 0.2536856212904461
121 0.2531112387516753
122 0.2582806816006127
123 0.2594294466781543
124 0.263641585295807
125 0.2674708022209458
126 0.2697683323760291
127 0.26957687152977217
128 0.269959793222286
129 0.2730231667623971
130 0.27551215776373733
131 0.27646946199502204
132 0.27666092284127897
133 0.27551215776373733
134 0.27723530538004976
135 0.2778096879188206
136 0.27666092284127897
137 0.28183036569021636
138 0.28259620907524413
139 0.28336205246027185
140 0.2864254260003829
141 0.2875741910779246
142 0.28987172123300786
143 0.28948879954049395
144 0.28968026038675093
145 0.29331801646563277
146 0.29465824238943134
147 0.2938923990044036
148 0.3019337545471951
149 0.30365690216350755
150 0.3059544323185909
151 0.3044227455485353
152 0.3067202757036186
153 0.3094007275512158
154 0.30882634501244494
155 0.31112387516752826
156 0.3138043270151254
157 0.31629331801646565
158 0.31973961324909056
159 0.3210798391728891
160 0.3235688301742294
161 0.3262492820218265
162 0.3245261344055141
163 0.32854681217690984
164 0.32778096879188207
165 0.33390771587210416
166 0.334290637564618
167 0.33543940264215966
168 0.3333333333333333
169 0.33026995979322227
170 0.3331418724870764
171 0.33486502010338887
172 0.337736932797243
173 0.33486502010338887
174 0.3383113153360138
175 0.344055140723722
176 0.3475014359563469
177 0.34884166188014554
178 0.34769289680260385
179 0.34673559257131914
180 0.34616121003254835
181 0.3475014359563469
182 0.34673559257131914
183 0.34903312272640247
184 0.35228795711277044
185 0.35152211372774267
186 0.35477694811411065
187 0.35573425234539535
188 0.3607122343480758
189 0.3610951560405897
190 0.3641585295807008
191 0.36607313804327013
192 0.36377560788818686
193 0.3668389814282979
194 0.36837066819835346
195 0.36837066819835346
196 0.3676048248133257
197 0.36741336396706875
198 0.36894505073712425
199 0.3677962856595826
200 0.3721998851234922
201 0.37430595443231857
202 0.3773693279724296
203 0.3775607888186866
204 0.37545471950986026
205 0.3800497798200268
206 0.38675090943901974
207 0.3842619184376795
208 0.3844533792839364
209 0.38407045759142255
210 0.3817729274363393
211 0.37602910204863105
212 0.38062416235879765
213 0.38598506605399197
214 0.38751675282404746
215 0.3898142829791308
216 0.3924947348267279
217 0.39383496075052654
218 0.3978556385219223
219 0.3965154125981237
220 0.39823856021443615
221 0.3978556385219223
222 0.39460080413555426
223 0.3934520390580126
224 0.40111047290829027
225 0.39996170783074864
226 0.4028336205246027
227 0.4080030633735401
228 0.4080030633735401
229 0.4064713766034846
230 0.4064713766034846
231 0.4055140723721999
232 0.40532261152594296
233 0.4047482289871721
234 0.4081945242197971
235 0.4081945242197971
236 0.4164273406088455
237 0.4164273406088455
238 0.4208309400727551
239 0.41853340991767185
240 0.4225540876890676
241 0.4225540876890676
242 0.42466015699789394
243 0.4284893739230327
244 0.424468696151637
245 0.4305954432318591
246 0.43423319931074095
247 0.4344246601569979
248 0.4305954432318591
249 0.4346161210032548
250 0.4417001723147616
251 0.44131725062224775
252 0.44304039823856023
253 0.44323185908481716
254 0.4453379283936435
255 0.44572085008615736
256 0.4409343289297339
257 0.44323185908481716
258 0.4443806241623588
259 0.44744399770246984
260 0.44514646754738657
261 0.44744399770246984
262 0.45261344055140723
263 0.45280490139766416
264 0.4568255791690599
265 0.45893164847788626
266 0.4610377177867126
267 0.4652498564043653
268 0.46429255217308063
269 0.46410109132682364
270 0.4633352479417959
271 0.4648669347118514
272 0.4665900823281639
273 0.46505839555810835
274 0.46678154317442083
275 0.4688876124832472
276 0.4648669347118514
277 0.46448401301933756
278 0.4656327780968792
279 0.4681217690982194
280 0.4688876124832472
281 0.4675473865594486
282 0.4719509860233582
283 0.4729082902546429
284 0.4734826727934138
285 0.4736741336396707
286 0.47578020294849704
287 0.4752058204097262
288 0.4761631246410109
289 0.48477886272257326
290 0.49147999234156614
291 0.4956921309592188
292 0.49798966111430215
293 0.49607505265173274
294 0.5027761822707256
295 0.5041164081945242
296 0.5060310166570936
297 0.5087114685046908
298 0.5094773118897186
299 0.5089029293509477
300 0.5133065288148574
301 0.5096687727359754
302 0.5106260769672601
303 0.5125406854298296
304 0.511391920352288
305 0.5108175378135171
306 0.5094773118897186
307 0.5154125981236837
308 0.5165613632012254
309 0.5171357457399962
310 0.5142638330461421
311 0.5159869806624545
312 0.5228795711277043
313 0.524028336205246
314 0.5211564235113919
315 0.5269002488991001
316 0.5228795711277043
317 0.5173272065862531
318 0.5165613632012254
319 0.5184759716637948
320 0.5205820409726211
321 0.5186674325100517
322 0.520773501818878
323 0.524219797051503
324 0.524028336205246
325 0.5236454145127322
326 0.5282404748228987
327 0.5288148573616696
328 0.5288148573616696
329 0.5267087880528432
330 0.5291977790541834
331 0.5336013785180931
332 0.5364732912119472
333 0.5332184568255792
334 0.5313038483630098
335 0.5351330652881485
336 0.5389622822132873
337 0.5412598123683706
338 0.5429829599846832
339 0.5395366647520582
340 0.5403025081370859
341 0.5406854298295999
342 0.5414512732146276
343 0.5475780202948497
344 0.5452804901397664
345 0.5506413938349608
346 0.546812176909822
347 0.5491097070649053
348 0.5481524028336205
349 0.5550449932988704
350 0.5552364541451273
351 0.5550449932988704
352 0.5554279149913842
353 0.5605973578403216
354 0.5542791499138426
355 0.5605973578403216
356 0.5638521922266897
357 0.562894887995405
358 0.5680643308443424
359 0.5697874784606548
360 0.569213095921884
361 0.569404556768141
362 0.5711277043844534
363 0.5674899483055715
364 0.5707447826919395
365 0.5642351139192036
366 0.5644265747654604
367 0.5684472525368562
368 0.5711277043844534
369 0.5739996170783075
370 0.575531303848363
371 0.575339843002106
372 0.5812751292360713
373 0.5761056863871339
374 0.5728508520007658
375 0.5810836683898143
376 0.5812751292360713
377 0.5841470419299253
378 0.5835726593911545
379 0.5874018763162934
380 0.5835726593911545
381 0.5866360329312655
382 0.5864445720850087
383 0.5919969366264599
384 0.5929542408577446
385 0.5944859276278002
386 0.6021443614780777
387 0.6002297530155083
388 0.6000382921692514
389 0.6000382921692514
390 0.601187057246793
391 0.5998468313229944
392 0.6019529006318208
393 0.6027187440168486
394 0.604441891633161
395 0.6050162741719318
396 0.6092284127895845
397 0.6092284127895845
398 0.6115259429446678
399 0.6147807773310358
400 0.6178441508711469
401 0.6121003254834386
402 0.6134405514072372
403 0.6143978556385219
404 0.6105686387133831
405 0.613823473099751
406 0.6193758376412024
407 0.6249282021826537
408 0.6245452804901398
409 0.6256940455676814
410 0.6316293318016466
411 0.6320122534941605
412 0.633352479417959
413 0.6350756270342715
414 0.6419682174995214
415 0.6356500095730423
416 0.6358414704192993
417 0.640053609036952
418 0.6377560788818687
419 0.633543940264216
420 0.6364158529580701
421 0.6423511391920352
422 0.6387133831131534
423 0.6383304614206394
424 0.6389048439594103
425 0.6423511391920352
426 0.6434999042695768
427 0.6404365307294658
428 0.6419682174995214
429 0.6486693471185143
430 0.6433084434233199
431 0.6425426000382922
432 0.6475205820409726
433 0.6463718169634309
434 0.6448401301933755
435 0.6498181121960559
436 0.6442657476546046
437 0.6438828259620908
438 0.6452230518858894
439 0.6482864254260003
440 0.6540302508137086
441 0.6542217116599656
442 0.6540302508137086
443 0.6572850852000766
444 0.6580509285851044
445 0.6609228412789585
446 0.6636032931265556
447 0.6614972238177292
448 0.6595826153551598
449 0.652498564043653
450 0.6505839555810836
451 0.6507754164273406
452 0.652498564043653
453 0.6513497989661114
454 0.6544131725062224
455 0.659199693662646
456 0.6580509285851044
457 0.659199693662646
458 0.6659008232816389
459 0.6653264407428681
460 0.6618801455102431
461 0.6603484587401877
462 0.6618801455102431
463 0.6670495883591806
464 0.6634118322802987
465 0.6636032931265556
466 0.662454528049014
467 0.6657093624353819
468 0.6565192418150488
469 0.6599655370476738
470 0.6574765460463335
471 0.6563277809687919
472 0.6616886846639862
473 0.6603484587401877
474 0.6651349798966112
475 0.6670495883591806
476 0.6659008232816389
477 0.6680068925904652
478 0.6649435190503542
479 0.6613057629714724
480 0.655753398430021
481 0.6563277809687919
482 0.652498564043653
483 0.652881485736167
484 0.6565192418150488
485 0.6570936243538197
486 0.6549875550449933
487 0.6538387899674517
488 0.6563277809687919
489 0.6538387899674517
490 0.6551790158912503
491 0.6505839555810836
492 0.656136320122535
493 0.6586253111238751
494 0.6595826153551598
495 0.6582423894313613
496 0.6637947539728125
497 0.6668581275129236
498 0.6695385793605207
499 0.6770055523645414
500 0.675090943901972
501 0.6764311698257707
502 0.6779628565958261
503 0.6770055523645414
504 0.6745165613632013
505 0.6745165613632013
506 0.6731763354394027
507 0.6712617269768333
508 0.6670495883591806
509 0.6683898142829792
510 0.6678154317442083
511 0.6739421788244304
512 0.6731763354394027
513 0.6697300402067777
514 0.6668581275129236
515 0.668581275129236
516 0.6727934137468887
517 0.6816006126747081
518 0.6808347692896802
519 0.675090943901972
520 0.6743251005169443
521 0.6699215010530346
522 0.6726019529006318
523 0.6745165613632013
524 0.6758567872869998
525 0.6796860042121387
526 0.678537239134597
527 0.6802603867509094
528 0.678728699980854
529 0.6802603867509094
530 0.6861956729848746
531 0.6819835343672219
532 0.6829408385985066
533 0.6810262301359372
534 0.6808347692896802
535 0.6793030825196248
536 0.6804518475971664
537 0.6760482481332567
538 0.6796860042121387
539 0.6829408385985066
540 0.6777713957495692
541 0.6850469079073329
542 0.688110281447444
543 0.6957687152977217
544 0.6934711851426383
545 0.6921309592188397
546 0.6927053417576106
547 0.6886846639862149
548 0.6936626459888953
549 0.6905992724487843
550 0.6925138809113536
551 0.6925138809113536
552 0.687918820601187
553 0.6930882634501244
554 0.6909821941412981
555 0.6896419682174996
556 0.6888761248324717
557 0.688110281447444
558 0.6867700555236455
559 0.6819835343672219
560 0.6835152211372775
561 0.6904078116025273
562 0.6900248899100134
563 0.6867700555236455
564 0.6869615163699023
565 0.6884932031399579
566 0.6898334290637564
567 0.6934711851426383
568 0.700938158146659
569 0.7013210798391729
570 0.7032356883017423
571 0.7013210798391729
572 0.7020869232242006
573 0.6980662454528049
574 0.7059161401493395
575 0.704192992533027
576 0.7053417576105686
577 0.7055332184568256
578 0.7022783840704576
579 0.6953857936052077
580 0.6973004020677771
581 0.6963430978364924
582 0.6973004020677771
583 0.6967260195290064
584 0.6894505073712426
585 0.6927053417576106
586 0.6976833237602911
587 0.6969174803752632
588 0.6999808539153743
589 0.7007466973004021
590 0.7076392877656519
591 0.7110855829982768
592 0.7133831131533601
593 0.710702661305763
594 0.7147233390771587
595 0.7118514263833046
596 0.7103197396132491
597 0.7133831131533601
598 0.7133831131533601
599 0.7120428872295615
600 0.713766034845874
601 0.7112770438445338
602 0.70400153168677
603 0.7068734443806242
604 0.7089795136894506
605 0.7076392877656519
606 0.7066819835343672
607 0.6995979322228604
608 0.7066819835343672
609 0.7038100708405132
610 0.7076392877656519
611 0.7026613057629715
612 0.7001723147616312
613 0.6950028719126938
614 0.7018954623779438
615 0.7082136703044227
616 0.7059161401493395
617 0.7032356883017423
618 0.7043844533792839
619 0.7057246793030825
620 0.7049588359180547
621 0.7022783840704576
622 0.7057246793030825
623 0.7070649052268811
624 0.7080222094581659
625 0.6995979322228604
626 0.7026613057629715
627 0.6999808539153743
628 0.6986406279915757
629 0.6967260195290064
630 0.6942370285276661
631 0.7007466973004021
632 0.6992150105303465
633 0.6923224200650967
634 0.6969174803752632
635 0.6999808539153743
636 0.6990235496840896
637 0.6971089412215202
638 0.6995979322228604
639 0.6990235496840896
640 0.6999808539153743
641 0.7003637756078882
642 0.7024698449167145
643 0.7011296189929159
644 0.7047673750717978
645 0.7055332184568256
646 0.7034271491479992
647 0.6995979322228604
648 0.6990235496840896
649 0.6959601761439785
650 0.691556576680069
651 0.6919394983725828
652 0.6909821941412981
653 0.6886846639862149
654 0.6930882634501244
655 0.6930882634501244
656 0.6959601761439785
657 0.6969174803752632
658 0.6990235496840896
659 0.6928968026038675
660 0.6957687152977217
661 0.6955772544514647
662 0.7001723147616312
663 0.7020869232242006
664 0.7032356883017423
665 0.7036186099942562
666 0.7026613057629715
667 0.7110855829982768
668 0.7122343480758185
669 0.7130001914608463
670 0.7145318782309018
671 0.7128087306145893
672 0.7128087306145893
673 0.7093624353819644
674 0.710511200459506
675 0.7013210798391729
676 0.6995979322228604
677 0.7030442274554853
678 0.7057246793030825
679 0.6976833237602911
680 0.6973004020677771
681 0.7007466973004021
682 0.6950028719126938
683 0.6919394983725828
684 0.697874784606548
685 0.691365115833812
686 0.6852383687535899
687 0.6932797242963814
688 0.69461995022018
689 0.6953857936052077
690 0.6925138809113536
691 0.6959601761439785
692 0.7005552364541451
693 0.7003637756078882
694 0.7001723147616312
695 0.6976833237602911
696 0.6955772544514647
697 0.6950028719126938
698 0.6969174803752632
699 0.6963430978364924
700 0.7007466973004021
